Time;Seconds from start for linreg;Unix Time;ch1 po2;Uc;Ubl;Vc;
16:59:42;-2.0;1576083584;98.529;17.61162479334841;0.5031892798099545;-0.44189453125;
16:59:43;-1.0;1576083585;98.658;16.058371447583294;0.4588106127880941;-0.41259765625;
16:59:44;0.0;1576083586;98.208;17.61162479334841;0.5031892798099545;-0.44189453125;
16:59:45;1.0;1576083587;98.187;17.61162479334841;0.5031892798099545;-0.44189453125;
16:59:46;2.0;1576083588;98.037;19.294315917927282;0.5512661690836366;-0.4736328125;
16:59:47;3.0;1576083589;97.761;17.35274923572089;0.49579283530631113;-0.43701171875;
16:59:48;4.0;1576083590;97.867;17.999938129789687;0.5142839465654196;-0.44921875;
16:59:49;5.0;1576083591;97.739;16.576122562838332;0.4736035017953809;-0.42236328125;
16:59:50;6.0;1576083592;97.697;19.294315917927282;0.5512661690836366;-0.4736328125;
16:59:52;8.0;1576083593;97.846;16.70556034165209;0.4773017240472026;-0.4248046875;
16:59:53;9.0;1576083594;97.846;18.129375908603446;0.5179821688172414;-0.45166015625;
16:59:54;10.0;1576083595;97.931;15.022869217073218;0.4292248347735205;-0.39306640625;
16:59:55;11.0;1576083596;97.739;19.164878139113522;0.547567946831815;-0.47119140625;
16:59:56;12.0;1576083597;97.91;17.741062572162168;0.5068875020617762;-0.4443359375;
16:59:57;13.0;1576083598;97.782;17.09387367809337;0.4883963908026677;-0.43212890625;
16:59:58;14.0;1576083599;97.739;17.22331145690713;0.4920946130544894;-0.4345703125;
16:59:59;15.0;1576083600;97.718;17.61162479334841;0.5031892798099545;-0.44189453125;
17:00:00;16.0;1576083601;97.654;19.423753696741045;0.5549643913354584;-0.47607421875;
17:00:01;17.0;1576083602;97.676;16.187809226397054;0.4625088350399158;-0.4150390625;
17:00:02;18.0;1576083603;97.315;17.61162479334841;0.5031892798099545;-0.44189453125;
17:00:03;19.0;1576083604;97.569;17.61162479334841;0.5031892798099545;-0.44189453125;
17:00:04;20.0;1576083605;97.612;18.647127023858484;0.5327750578245282;-0.46142578125;
17:00:05;21.0;1576083606;97.739;16.576122562838332;0.4736035017953809;-0.42236328125;
17:00:06;22.0;1576083607;98.101;17.61162479334841;0.5031892798099545;-0.44189453125;
17:00:07;23.0;1576083608;97.91;16.317247005210813;0.4662070572917375;-0.41748046875;
17:00:08;24.0;1576083609;97.952;17.741062572162168;0.5068875020617762;-0.4443359375;
17:00:09;25.0;1576083610;97.654;19.035440360299763;0.5438697245799933;-0.46875;
17:00:10;26.0;1576083611;97.931;17.61162479334841;0.5031892798099545;-0.44189453125;
17:00:11;27.0;1576083612;98.037;17.999938129789687;0.5142839465654196;-0.44921875;
17:00:12;28.0;1576083613;98.08;16.058371447583294;0.4588106127880941;-0.41259765625;
17:00:13;29.0;1576083614;98.059;16.70556034165209;0.4773017240472026;-0.4248046875;
17:00:14;30.0;1576083615;97.995;18.647127023858484;0.5327750578245282;-0.46142578125;
17:00:15;31.0;1576083616;98.059;17.09387367809337;0.4883963908026677;-0.43212890625;
17:00:16;32.0;1576083617;97.697;17.999938129789687;0.5142839465654196;-0.44921875;
17:00:17;33.0;1576083618;97.995;18.906002581486003;0.5401715023281716;-0.46630859375;
17:00:18;34.0;1576083619;97.442;18.388251466230965;0.5253786133208848;-0.45654296875;
17:00:19;35.0;1576083620;97.273;17.09387367809337;0.4883963908026677;-0.43212890625;
17:00:20;36.0;1576083621;97.548;15.928933668769533;0.4551123905362724;-0.41015625;
17:00:21;37.0;1576083622;97.612;17.09387367809337;0.4883963908026677;-0.43212890625;
17:00:22;38.0;1576083623;97.931;17.09387367809337;0.4883963908026677;-0.43212890625;
17:00:23;39.0;1576083624;97.952;16.96443589927961;0.484698168550846;-0.4296875;
17:00:24;40.0;1576083625;97.654;17.870500350975927;0.5105857243135979;-0.44677734375;
17:00:25;41.0;1576083626;97.506;17.870500350975927;0.5105857243135979;-0.44677734375;
17:00:26;42.0;1576083627;97.506;18.129375908603446;0.5179821688172414;-0.45166015625;
17:00:27;43.0;1576083628;97.485;17.48218701453465;0.49949105755813283;-0.439453125;
17:00:28;44.0;1576083629;97.548;17.09387367809337;0.4883963908026677;-0.43212890625;
17:00:29;45.0;1576083630;97.294;18.258813687417206;0.521680391069063;-0.4541015625;
17:00:30;46.0;1576083631;97.273;16.317247005210813;0.4662070572917375;-0.41748046875;
17:00:31;47.0;1576083632;97.125;17.22331145690713;0.4920946130544894;-0.4345703125;
17:00:32;48.0;1576083633;97.421;17.22331145690713;0.4920946130544894;-0.4345703125;
17:00:33;49.0;1576083634;97.633;17.870500350975927;0.5105857243135979;-0.44677734375;
17:00:34;50.0;1576083635;97.761;18.258813687417206;0.521680391069063;-0.4541015625;
17:00:35;51.0;1576083636;97.782;16.96443589927961;0.484698168550846;-0.4296875;
17:00:36;52.0;1576083637;97.591;17.741062572162168;0.5068875020617762;-0.4443359375;
17:00:37;53.0;1576083638;97.676;19.294315917927282;0.5512661690836366;-0.4736328125;
17:00:38;54.0;1576083639;97.612;16.317247005210813;0.4662070572917375;-0.41748046875;
17:00:39;55.0;1576083640;97.633;16.83499812046585;0.4809999462990243;-0.42724609375;
17:00:40;56.0;1576083641;97.633;18.388251466230965;0.5253786133208848;-0.45654296875;
17:00:41;57.0;1576083640;97.442;16.70556034165209;0.4773017240472026;-0.4248046875;
17:00:40;56.0;1576083641;97.506;16.96443589927961;0.484698168550846;-0.4296875;
17:00:41;57.0;1576083642;97.591;17.22331145690713;0.4920946130544894;-0.4345703125;
17:00:42;58.0;1576083643;97.676;17.741062572162168;0.5068875020617762;-0.4443359375;
17:00:43;59.0;1576083644;97.633;16.96443589927961;0.484698168550846;-0.4296875;
17:00:44;60.0;1576083646;97.506;16.70556034165209;0.4773017240472026;-0.4248046875;
17:00:45;61.0;1576083647;97.548;18.129375908603446;0.5179821688172414;-0.45166015625;
17:00:46;62.0;1576083648;97.273;18.647127023858484;0.5327750578245282;-0.46142578125;
17:00:47;63.0;1576083649;97.4;17.61162479334841;0.5031892798099545;-0.44189453125;
17:00:48;64.0;1576083650;97.379;17.870500350975927;0.5105857243135979;-0.44677734375;
17:00:49;65.0;1576083651;97.379;17.870500350975927;0.5105857243135979;-0.44677734375;
17:00:50;66.0;1576083652;97.421;17.48218701453465;0.49949105755813283;-0.439453125;
17:00:51;67.0;1576083653;97.633;17.61162479334841;0.5031892798099545;-0.44189453125;
17:00:52;68.0;1576083654;97.527;17.48218701453465;0.49949105755813283;-0.439453125;
17:00:53;69.0;1576083655;97.654;17.61162479334841;0.5031892798099545;-0.44189453125;
17:00:54;70.0;1576083656;97.931;17.48218701453465;0.49949105755813283;-0.439453125;
17:00:55;71.0;1576083657;97.591;18.258813687417206;0.521680391069063;-0.4541015625;
17:00:56;72.0;1576083658;97.591;18.647127023858484;0.5327750578245282;-0.46142578125;
17:00:57;73.0;1576083659;97.336;17.61162479334841;0.5031892798099545;-0.44189453125;
17:00:58;74.0;1576083660;97.041;17.09387367809337;0.4883963908026677;-0.43212890625;
17:00:59;75.0;1576083661;96.872;18.776564802672244;0.5364732800763499;-0.4638671875;
17:01:00;76.0;1576083662;96.999;18.388251466230965;0.5253786133208848;-0.45654296875;
17:01:01;77.0;1576083663;97.104;16.576122562838332;0.4736035017953809;-0.42236328125;
17:01:02;78.0;1576083664;97.146;16.83499812046585;0.4809999462990243;-0.42724609375;
17:01:03;79.0;1576083665;97.463;19.164878139113522;0.547567946831815;-0.47119140625;
17:01:04;80.0;1576083666;97.315;16.576122562838332;0.4736035017953809;-0.42236328125;
17:01:05;81.0;1576083667;97.252;16.96443589927961;0.484698168550846;-0.4296875;
17:01:07;83.0;1576083668;97.358;17.48218701453465;0.49949105755813283;-0.439453125;
17:01:08;84.0;1576083669;97.21;16.96443589927961;0.484698168550846;-0.4296875;
17:01:09;85.0;1576083670;97.336;17.999938129789687;0.5142839465654196;-0.44921875;
17:01:10;86.0;1576083671;97.21;17.999938129789687;0.5142839465654196;-0.44921875;
17:01:11;87.0;1576083672;96.809;17.22331145690713;0.4920946130544894;-0.4345703125;
17:01:12;88.0;1576083673;96.977;17.61162479334841;0.5031892798099545;-0.44189453125;
17:01:13;89.0;1576083674;96.746;18.129375908603446;0.5179821688172414;-0.45166015625;
17:01:14;90.0;1576083675;96.809;16.83499812046585;0.4809999462990243;-0.42724609375;
17:01:15;91.0;1576083676;97.231;16.96443589927961;0.484698168550846;-0.4296875;
17:01:16;92.0;1576083677;97.252;18.129375908603446;0.5179821688172414;-0.45166015625;
17:01:17;93.0;1576083678;97.485;17.999938129789687;0.5142839465654196;-0.44921875;
17:01:18;94.0;1576083679;97.463;16.70556034165209;0.4773017240472026;-0.4248046875;
17:01:19;95.0;1576083680;97.485;14.893431438259457;0.42552661252169877;-0.390625;
17:01:20;96.0;1576083681;97.4;17.870500350975927;0.5105857243135979;-0.44677734375;
17:01:21;97.0;1576083682;97.421;17.35274923572089;0.49579283530631113;-0.43701171875;
17:01:22;98.0;1576083683;97.463;18.129375908603446;0.5179821688172414;-0.45166015625;
17:01:23;99.0;1576083684;97.167;17.22331145690713;0.4920946130544894;-0.4345703125;
17:01:24;100.0;1576083685;97.231;16.058371447583294;0.4588106127880941;-0.41259765625;
17:01:25;101.0;1576083686;97.167;17.09387367809337;0.4883963908026677;-0.43212890625;
17:01:26;102.0;1576083687;96.999;16.83499812046585;0.4809999462990243;-0.42724609375;
17:01:27;103.0;1576083688;97.294;17.35274923572089;0.49579283530631113;-0.43701171875;
17:01:28;104.0;1576083689;97.146;17.999938129789687;0.5142839465654196;-0.44921875;
17:01:29;105.0;1576083690;97.02;18.388251466230965;0.5253786133208848;-0.45654296875;
17:01:30;106.0;1576083691;97.315;17.61162479334841;0.5031892798099545;-0.44189453125;
17:01:31;107.0;1576083692;96.977;18.517689245044725;0.5290768355727065;-0.458984375;
17:01:32;108.0;1576083693;97.146;17.22331145690713;0.4920946130544894;-0.4345703125;
17:01:33;109.0;1576083694;97.041;15.799495889955777;0.45141416828445075;-0.40771484375;
17:01:34;110.0;1576083695;96.872;17.09387367809337;0.4883963908026677;-0.43212890625;
17:01:35;111.0;1576083696;97.062;17.870500350975927;0.5105857243135979;-0.44677734375;
17:01:36;112.0;1576083697;96.851;17.48218701453465;0.49949105755813283;-0.439453125;
17:01:37;113.0;1576083698;97.02;16.576122562838332;0.4736035017953809;-0.42236328125;
17:01:38;114.0;1576083699;97.083;17.61162479334841;0.5031892798099545;-0.44189453125;
17:01:39;115.0;1576083700;97.041;17.61162479334841;0.5031892798099545;-0.44189453125;
17:01:40;116.0;1576083701;96.956;17.870500350975927;0.5105857243135979;-0.44677734375;
17:01:41;117.0;1576083702;96.914;19.164878139113522;0.547567946831815;-0.47119140625;
17:01:42;118.0;1576083703;96.725;15.281744774700737;0.43662127927716393;-0.39794921875;
17:01:43;119.0;1576083704;96.746;17.48218701453465;0.49949105755813283;-0.439453125;
17:01:44;120.0;1576083705;96.872;18.906002581486003;0.5401715023281716;-0.46630859375;
17:01:45;121.0;1576083706;96.872;17.741062572162168;0.5068875020617762;-0.4443359375;
17:01:46;122.0;1576083707;96.746;17.35274923572089;0.49579283530631113;-0.43701171875;
17:01:47;123.0;1576083708;96.578;17.61162479334841;0.5031892798099545;-0.44189453125;
17:01:48;124.0;1576083709;96.473;18.258813687417206;0.521680391069063;-0.4541015625;
17:01:49;125.0;1576083710;96.201;21.883071494202472;0.6252306141200706;-0.5224609375;
17:01:50;126.0;1576083711;96.431;15.928933668769533;0.4551123905362724;-0.41015625;
17:01:51;127.0;1576083712;96.452;18.647127023858484;0.5327750578245282;-0.46142578125;
17:01:52;128.0;1576083713;96.515;17.48218701453465;0.49949105755813283;-0.439453125;
17:01:53;129.0;1576083714;96.683;15.928933668769533;0.4551123905362724;-0.41015625;
17:01:54;130.0;1576083715;96.369;18.258813687417206;0.521680391069063;-0.4541015625;
17:01:55;131.0;1576083716;96.557;18.776564802672244;0.5364732800763499;-0.4638671875;
17:01:56;132.0;1576083718;96.39;16.576122562838332;0.4736035017953809;-0.42236328125;
17:01:57;133.0;1576083719;96.222;16.70556034165209;0.4773017240472026;-0.4248046875;
17:01:58;134.0;1576083720;96.578;15.928933668769533;0.4551123905362724;-0.41015625;
17:01:59;135.0;1576083721;96.201;17.35274923572089;0.49579283530631113;-0.43701171875;
17:02:00;136.0;1576083722;96.264;18.129375908603446;0.5179821688172414;-0.45166015625;
17:02:01;137.0;1576083723;96.599;17.999938129789687;0.5142839465654196;-0.44921875;
17:02:02;138.0;1576083724;96.599;17.35274923572089;0.49579283530631113;-0.43701171875;
17:02:03;139.0;1576083725;96.83;17.35274923572089;0.49579283530631113;-0.43701171875;
17:02:04;140.0;1576083726;96.704;16.058371447583294;0.4588106127880941;-0.41259765625;
17:02:05;141.0;1576083727;96.662;17.35274923572089;0.49579283530631113;-0.43701171875;
17:02:06;142.0;1576083728;96.536;17.35274923572089;0.49579283530631113;-0.43701171875;
17:02:07;143.0;1576083729;96.641;17.09387367809337;0.4883963908026677;-0.43212890625;
17:02:08;144.0;1576083730;96.893;17.61162479334841;0.5031892798099545;-0.44189453125;
17:02:09;145.0;1576083731;96.725;18.647127023858484;0.5327750578245282;-0.46142578125;
17:02:11;147.0;1576083732;96.662;18.906002581486003;0.5401715023281716;-0.46630859375;
17:02:12;148.0;1576083733;96.641;17.870500350975927;0.5105857243135979;-0.44677734375;
17:02:13;149.0;1576083734;96.494;17.35274923572089;0.49579283530631113;-0.43701171875;
17:02:14;150.0;1576083735;96.683;19.035440360299763;0.5438697245799933;-0.46875;
17:02:15;151.0;1576083736;96.578;16.70556034165209;0.4773017240472026;-0.4248046875;
17:02:16;152.0;1576083737;96.222;18.258813687417206;0.521680391069063;-0.4541015625;
17:02:17;153.0;1576083738;96.18;16.83499812046585;0.4809999462990243;-0.42724609375;
17:02:18;154.0;1576083739;96.16;17.48218701453465;0.49949105755813283;-0.439453125;
17:02:19;155.0;1576083740;96.285;18.517689245044725;0.5290768355727065;-0.458984375;
17:02:20;156.0;1576083741;96.704;18.129375908603446;0.5179821688172414;-0.45166015625;
17:02:21;157.0;1576083742;96.851;19.682629254368564;0.5623608358391018;-0.48095703125;
17:02:22;158.0;1576083743;96.662;17.741062572162168;0.5068875020617762;-0.4443359375;
17:02:23;159.0;1576083744;96.641;16.96443589927961;0.484698168550846;-0.4296875;
17:02:24;160.0;1576083745;96.62;17.870500350975927;0.5105857243135979;-0.44677734375;
17:02:25;161.0;1576083746;96.557;16.058371447583294;0.4588106127880941;-0.41259765625;
17:02:26;162.0;1576083747;96.41;16.446684784024573;0.4699052795435592;-0.419921875;
17:02:27;163.0;1576083748;96.557;17.61162479334841;0.5031892798099545;-0.44189453125;
17:02:28;164.0;1576083749;96.348;16.187809226397054;0.4625088350399158;-0.4150390625;
17:02:29;165.0;1576083750;96.348;16.576122562838332;0.4736035017953809;-0.42236328125;
17:02:30;166.0;1576083751;96.536;17.35274923572089;0.49579283530631113;-0.43701171875;
17:02:31;167.0;1576083752;96.41;16.96443589927961;0.484698168550846;-0.4296875;
17:02:32;168.0;1576083753;96.306;17.999938129789687;0.5142839465654196;-0.44921875;
17:02:33;169.0;1576083754;96.097;17.22331145690713;0.4920946130544894;-0.4345703125;
17:02:34;170.0;1576083755;96.097;17.870500350975927;0.5105857243135979;-0.44677734375;
17:02:35;171.0;1576083756;95.972;19.682629254368564;0.5623608358391018;-0.48095703125;
17:02:36;172.0;1576083757;96.243;18.258813687417206;0.521680391069063;-0.4541015625;
17:02:37;173.0;1576083758;96.452;16.317247005210813;0.4662070572917375;-0.41748046875;
17:02:38;174.0;1576083759;96.578;16.83499812046585;0.4809999462990243;-0.42724609375;
17:02:39;175.0;1576083760;96.788;17.35274923572089;0.49579283530631113;-0.43701171875;
17:02:40;176.0;1576083761;96.662;16.058371447583294;0.4588106127880941;-0.41259765625;
17:02:41;177.0;1576083762;96.62;17.22331145690713;0.4920946130544894;-0.4345703125;
17:02:42;178.0;1576083763;96.473;16.83499812046585;0.4809999462990243;-0.42724609375;
17:02:43;179.0;1576083764;96.348;17.09387367809337;0.4883963908026677;-0.43212890625;
17:02:44;180.0;1576083765;96.264;17.870500350975927;0.5105857243135979;-0.44677734375;
17:02:45;181.0;1576083766;96.327;18.517689245044725;0.5290768355727065;-0.458984375;
17:02:46;182.0;1576083767;96.201;18.776564802672244;0.5364732800763499;-0.4638671875;
17:02:47;183.0;1576083768;95.93;18.388251466230965;0.5253786133208848;-0.45654296875;
17:02:48;184.0;1576083769;95.993;18.647127023858484;0.5327750578245282;-0.46142578125;
17:02:49;185.0;1576083770;95.764;17.61162479334841;0.5031892798099545;-0.44189453125;
17:02:50;186.0;1576083771;95.909;16.317247005210813;0.4662070572917375;-0.41748046875;
17:02:51;187.0;1576083772;96.243;16.96443589927961;0.484698168550846;-0.4296875;
17:02:52;188.0;1576083773;96.097;18.258813687417206;0.521680391069063;-0.4541015625;
17:02:53;189.0;1576083774;96.327;19.164878139113522;0.547567946831815;-0.47119140625;
17:02:54;190.0;1576083775;96.306;18.129375908603446;0.5179821688172414;-0.45166015625;
17:02:55;191.0;1576083776;96.076;18.129375908603446;0.5179821688172414;-0.45166015625;
17:02:56;192.0;1576083777;96.201;17.999938129789687;0.5142839465654196;-0.44921875;
17:02:57;193.0;1576083778;95.972;17.48218701453465;0.49949105755813283;-0.439453125;
17:02:58;194.0;1576083779;96.118;12.822426977239308;0.3663550564925517;-0.3515625;
17:02:59;195.0;1576083781;96.034;18.129375908603446;0.5179821688172414;-0.45166015625;
17:03:00;196.0;1576083782;96.034;18.647127023858484;0.5327750578245282;-0.46142578125;
17:03:01;197.0;1576083783;96.076;17.35274923572089;0.49579283530631113;-0.43701171875;
17:03:02;198.0;1576083784;95.826;16.576122562838332;0.4736035017953809;-0.42236328125;
17:03:03;199.0;1576083785;96.41;18.258813687417206;0.521680391069063;-0.4541015625;
17:03:04;200.0;1576083786;96.306;18.258813687417206;0.521680391069063;-0.4541015625;
17:03:05;201.0;1576083787;96.139;16.96443589927961;0.484698168550846;-0.4296875;
17:03:06;202.0;1576083788;96.014;18.776564802672244;0.5364732800763499;-0.4638671875;
17:03:07;203.0;1576083789;95.722;17.999938129789687;0.5142839465654196;-0.44921875;
17:03:08;204.0;1576083790;95.681;17.870500350975927;0.5105857243135979;-0.44677734375;
17:03:09;205.0;1576083791;95.826;16.70556034165209;0.4773017240472026;-0.4248046875;
17:03:10;206.0;1576083792;95.951;18.388251466230965;0.5253786133208848;-0.45654296875;
17:03:11;207.0;1576083793;95.639;16.576122562838332;0.4736035017953809;-0.42236328125;
17:03:12;208.0;1576083794;95.702;21.494758157761193;0.6141359473646055;-0.51513671875;
17:03:13;209.0;1576083795;95.681;17.22331145690713;0.4920946130544894;-0.4345703125;
17:03:15;211.0;1576083796;95.619;17.48218701453465;0.49949105755813283;-0.439453125;
17:03:16;212.0;1576083797;95.681;17.09387367809337;0.4883963908026677;-0.43212890625;
17:03:17;213.0;1576083798;95.66;18.776564802672244;0.5364732800763499;-0.4638671875;
17:03:18;214.0;1576083799;95.847;15.540620332328256;0.44401772378080734;-0.40283203125;
17:03:19;215.0;1576083800;95.764;18.129375908603446;0.5179821688172414;-0.45166015625;
17:03:20;216.0;1576083801;95.806;17.999938129789687;0.5142839465654196;-0.44921875;
17:03:21;217.0;1576083802;95.993;15.540620332328256;0.44401772378080734;-0.40283203125;
17:03:22;218.0;1576083803;95.951;15.799495889955777;0.45141416828445075;-0.40771484375;
17:03:23;219.0;1576083804;96.076;17.35274923572089;0.49579283530631113;-0.43701171875;
17:03:24;220.0;1576083805;96.201;17.61162479334841;0.5031892798099545;-0.44189453125;
17:03:25;221.0;1576083806;96.264;17.741062572162168;0.5068875020617762;-0.4443359375;
17:03:26;222.0;1576083807;95.972;17.09387367809337;0.4883963908026677;-0.43212890625;
17:03:27;223.0;1576083808;95.806;17.61162479334841;0.5031892798099545;-0.44189453125;
17:03:28;224.0;1576083809;95.951;17.09387367809337;0.4883963908026677;-0.43212890625;
17:03:29;225.0;1576083810;95.66;16.446684784024573;0.4699052795435592;-0.419921875;
17:03:30;226.0;1576083811;95.681;17.870500350975927;0.5105857243135979;-0.44677734375;
17:03:31;227.0;1576083812;95.702;17.35274923572089;0.49579283530631113;-0.43701171875;
17:03:32;228.0;1576083813;95.411;16.70556034165209;0.4773017240472026;-0.4248046875;
17:03:33;229.0;1576083814;95.329;19.035440360299763;0.5438697245799933;-0.46875;
17:03:34;230.0;1576083815;95.432;18.776564802672244;0.5364732800763499;-0.4638671875;
17:03:35;231.0;1576083816;95.598;17.741062572162168;0.5068875020617762;-0.4443359375;
17:03:36;232.0;1576083817;95.391;18.388251466230965;0.5253786133208848;-0.45654296875;
17:03:37;233.0;1576083818;95.411;18.388251466230965;0.5253786133208848;-0.45654296875;
17:03:38;234.0;1576083819;95.453;15.799495889955777;0.45141416828445075;-0.40771484375;
17:03:39;235.0;1576083820;95.556;16.576122562838332;0.4736035017953809;-0.42236328125;
17:03:40;236.0;1576083821;95.391;18.517689245044725;0.5290768355727065;-0.458984375;
17:03:41;237.0;1576083822;95.474;17.999938129789687;0.5142839465654196;-0.44921875;
17:03:42;238.0;1576083823;95.287;17.22331145690713;0.4920946130544894;-0.4345703125;
17:03:43;239.0;1576083824;95.164;20.07094259080984;0.5734555025945668;-0.48828125;
17:03:44;240.0;1576083825;95.639;17.741062572162168;0.5068875020617762;-0.4443359375;
17:03:45;241.0;1576083826;95.681;16.576122562838332;0.4736035017953809;-0.42236328125;
17:03:46;242.0;1576083827;95.847;19.035440360299763;0.5438697245799933;-0.46875;
17:03:47;243.0;1576083829;95.702;17.48218701453465;0.49949105755813283;-0.439453125;
17:03:48;244.0;1576083830;95.972;18.388251466230965;0.5253786133208848;-0.45654296875;
17:03:49;245.0;1576083831;95.93;17.35274923572089;0.49579283530631113;-0.43701171875;
17:03:50;246.0;1576083832;95.785;17.35274923572089;0.49579283530631113;-0.43701171875;
17:03:51;247.0;1576083833;95.972;18.129375908603446;0.5179821688172414;-0.45166015625;
17:03:52;248.0;1576083834;95.639;17.48218701453465;0.49949105755813283;-0.439453125;
17:03:53;249.0;1576083835;95.515;17.09387367809337;0.4883963908026677;-0.43212890625;
17:03:54;250.0;1576083836;95.37;17.48218701453465;0.49949105755813283;-0.439453125;
17:03:55;251.0;1576083837;95.184;16.058371447583294;0.4588106127880941;-0.41259765625;
17:03:56;252.0;1576083838;95.122;18.258813687417206;0.521680391069063;-0.4541015625;
17:03:57;253.0;1576083839;95.122;17.999938129789687;0.5142839465654196;-0.44921875;
17:03:58;254.0;1576083840;94.957;17.741062572162168;0.5068875020617762;-0.4443359375;
17:03:59;255.0;1576083841;94.916;17.741062572162168;0.5068875020617762;-0.4443359375;
17:04:00;256.0;1576083842;94.896;18.129375908603446;0.5179821688172414;-0.45166015625;
17:04:01;257.0;1576083843;95.019;17.870500350975927;0.5105857243135979;-0.44677734375;
17:04:02;258.0;1576083844;95.639;15.670058111142014;0.447715946032629;-0.4052734375;
17:04:03;259.0;1576083845;95.66;18.776564802672244;0.5364732800763499;-0.4638671875;
17:04:04;260.0;1576083846;95.764;17.741062572162168;0.5068875020617762;-0.4443359375;
17:04:05;261.0;1576083847;95.66;16.576122562838332;0.4736035017953809;-0.42236328125;
17:04:06;262.0;1576083848;95.04;15.928933668769533;0.4551123905362724;-0.41015625;
17:04:07;263.0;1576083849;94.916;17.61162479334841;0.5031892798099545;-0.44189453125;
17:04:08;264.0;1576083850;94.793;17.09387367809337;0.4883963908026677;-0.43212890625;
17:04:09;265.0;1576083851;94.793;17.09387367809337;0.4883963908026677;-0.43212890625;
17:04:10;266.0;1576083852;95.06;17.741062572162168;0.5068875020617762;-0.4443359375;
17:04:11;267.0;1576083853;95.225;17.22331145690713;0.4920946130544894;-0.4345703125;
17:04:12;268.0;1576083854;95.225;16.83499812046585;0.4809999462990243;-0.42724609375;
17:04:13;269.0;1576083855;95.205;22.01250927301623;0.6289288363718923;-0.52490234375;
17:04:14;270.0;1576083856;95.287;17.999938129789687;0.5142839465654196;-0.44921875;
17:04:15;271.0;1576083857;95.246;17.999938129789687;0.5142839465654196;-0.44921875;
17:04:16;272.0;1576083858;95.267;18.129375908603446;0.5179821688172414;-0.45166015625;
17:04:17;273.0;1576083859;95.143;18.776564802672244;0.5364732800763499;-0.4638671875;
17:04:19;275.0;1576083860;94.999;18.129375908603446;0.5179821688172414;-0.45166015625;
17:04:20;276.0;1576083861;94.855;22.65969816708503;0.6474199476310009;-0.537109375;
17:04:21;277.0;1576083862;94.957;17.22331145690713;0.4920946130544894;-0.4345703125;
17:04:22;278.0;1576083863;95.04;17.35274923572089;0.49579283530631113;-0.43701171875;
17:04:23;279.0;1576083864;95.329;16.576122562838332;0.4736035017953809;-0.42236328125;
17:04:24;280.0;1576083865;95.453;17.61162479334841;0.5031892798099545;-0.44189453125;
17:04:25;281.0;1576083866;95.164;18.129375908603446;0.5179821688172414;-0.45166015625;
17:04:26;282.0;1576083867;95.184;18.388251466230965;0.5253786133208848;-0.45654296875;
17:04:27;283.0;1576083868;94.978;17.48218701453465;0.49949105755813283;-0.439453125;
17:04:28;284.0;1576083869;95.04;18.258813687417206;0.521680391069063;-0.4541015625;
17:04:29;285.0;1576083870;95.081;16.96443589927961;0.484698168550846;-0.4296875;
17:04:30;286.0;1576083871;95.102;16.576122562838332;0.4736035017953809;-0.42236328125;
17:04:31;287.0;1576083872;95.267;18.129375908603446;0.5179821688172414;-0.45166015625;
17:04:32;288.0;1576083873;95.143;17.35274923572089;0.49579283530631113;-0.43701171875;
17:04:33;289.0;1576083874;95.308;17.999938129789687;0.5142839465654196;-0.44921875;
17:04:34;290.0;1576083875;95.329;16.83499812046585;0.4809999462990243;-0.42724609375;
17:04:35;291.0;1576083876;95.06;16.576122562838332;0.4736035017953809;-0.42236328125;
17:04:36;292.0;1576083877;95.184;18.129375908603446;0.5179821688172414;-0.45166015625;
17:04:37;293.0;1576083878;95.019;17.09387367809337;0.4883963908026677;-0.43212890625;
17:04:38;294.0;1576083879;95.019;17.741062572162168;0.5068875020617762;-0.4443359375;
17:04:39;295.0;1576083880;95.349;17.09387367809337;0.4883963908026677;-0.43212890625;
17:04:40;296.0;1576083881;95.556;15.670058111142014;0.447715946032629;-0.4052734375;
17:04:41;297.0;1576083882;95.66;17.999938129789687;0.5142839465654196;-0.44921875;
17:04:42;298.0;1576083883;95.764;17.22331145690713;0.4920946130544894;-0.4345703125;
17:04:43;299.0;1576083884;95.432;17.870500350975927;0.5105857243135979;-0.44677734375;
17:04:44;300.0;1576083885;95.205;15.799495889955777;0.45141416828445075;-0.40771484375;
17:04:45;301.0;1576083886;95.225;17.48218701453465;0.49949105755813283;-0.439453125;
17:04:46;302.0;1576083887;94.834;15.670058111142014;0.447715946032629;-0.4052734375;
17:04:47;303.0;1576083888;95.143;16.83499812046585;0.4809999462990243;-0.42724609375;
17:04:48;304.0;1576083889;94.957;17.35274923572089;0.49579283530631113;-0.43701171875;
17:04:49;305.0;1576083890;94.957;17.22331145690713;0.4920946130544894;-0.4345703125;
17:04:50;306.0;1576083891;94.916;16.317247005210813;0.4662070572917375;-0.41748046875;
17:04:51;307.0;1576083892;94.752;17.22331145690713;0.4920946130544894;-0.4345703125;
17:04:52;308.0;1576083893;94.875;17.48218701453465;0.49949105755813283;-0.439453125;
17:04:53;309.0;1576083894;94.999;16.96443589927961;0.484698168550846;-0.4296875;
17:04:54;310.0;1576083895;95.391;15.799495889955777;0.45141416828445075;-0.40771484375;
17:04:55;311.0;1576083896;95.246;17.741062572162168;0.5068875020617762;-0.4443359375;
17:04:56;312.0;1576083897;95.205;16.70556034165209;0.4773017240472026;-0.4248046875;
17:04:57;313.0;1576083898;95.019;18.129375908603446;0.5179821688172414;-0.45166015625;
17:04:58;314.0;1576083899;94.69;17.870500350975927;0.5105857243135979;-0.44677734375;
17:04:59;315.0;1576083900;94.772;17.870500350975927;0.5105857243135979;-0.44677734375;
17:05:00;316.0;1576083901;94.855;17.61162479334841;0.5031892798099545;-0.44189453125;
17:05:01;317.0;1576083902;94.608;18.388251466230965;0.5253786133208848;-0.45654296875;
17:05:02;318.0;1576083903;94.629;16.96443589927961;0.484698168550846;-0.4296875;
17:05:03;319.0;1576083904;94.629;17.09387367809337;0.4883963908026677;-0.43212890625;
17:05:04;320.0;1576083905;94.526;17.741062572162168;0.5068875020617762;-0.4443359375;
17:05:05;321.0;1576083906;94.69;17.35274923572089;0.49579283530631113;-0.43701171875;
17:05:06;322.0;1576083907;94.588;16.576122562838332;0.4736035017953809;-0.42236328125;
17:05:07;323.0;1576083908;94.526;17.35274923572089;0.49579283530631113;-0.43701171875;
17:05:08;324.0;1576083909;94.67;18.129375908603446;0.5179821688172414;-0.45166015625;
17:05:09;325.0;1576083910;94.834;17.48218701453465;0.49949105755813283;-0.439453125;
17:05:10;326.0;1576083911;94.834;17.870500350975927;0.5105857243135979;-0.44677734375;
17:05:11;327.0;1576083912;94.916;17.09387367809337;0.4883963908026677;-0.43212890625;
17:05:12;328.0;1576083913;94.649;17.22331145690713;0.4920946130544894;-0.4345703125;
17:05:13;329.0;1576083915;94.465;17.999938129789687;0.5142839465654196;-0.44921875;
17:05:14;330.0;1576083916;94.342;17.22331145690713;0.4920946130544894;-0.4345703125;
17:05:15;331.0;1576083917;94.057;17.870500350975927;0.5105857243135979;-0.44677734375;
17:05:16;332.0;1576083918;94.036;17.870500350975927;0.5105857243135979;-0.44677734375;
17:05:17;333.0;1576083919;94.036;17.870500350975927;0.5105857243135979;-0.44677734375;
17:05:18;334.0;1576083920;94.485;16.576122562838332;0.4736035017953809;-0.42236328125;
17:05:19;335.0;1576083921;94.567;13.210740313680585;0.37744972324801673;-0.35888671875;
17:05:20;336.0;1576083922;94.629;18.388251466230965;0.5253786133208848;-0.45654296875;
17:05:21;337.0;1576083923;94.813;17.870500350975927;0.5105857243135979;-0.44677734375;
17:05:23;339.0;1576083924;94.629;15.411182553514495;0.4403195015289856;-0.400390625;
17:05:24;340.0;1576083925;94.731;18.129375908603446;0.5179821688172414;-0.45166015625;
17:05:25;341.0;1576083926;94.834;17.48218701453465;0.49949105755813283;-0.439453125;
17:05:26;342.0;1576083927;94.813;17.48218701453465;0.49949105755813283;-0.439453125;
17:05:27;343.0;1576083928;94.834;17.09387367809337;0.4883963908026677;-0.43212890625;
17:05:28;344.0;1576083929;94.506;17.61162479334841;0.5031892798099545;-0.44189453125;
17:05:29;345.0;1576083930;94.424;17.09387367809337;0.4883963908026677;-0.43212890625;
17:05:30;346.0;1576083931;94.301;17.48218701453465;0.49949105755813283;-0.439453125;
17:05:31;347.0;1576083932;94.281;18.258813687417206;0.521680391069063;-0.4541015625;
17:05:32;348.0;1576083933;94.444;18.258813687417206;0.521680391069063;-0.4541015625;
17:05:33;349.0;1576083934;94.506;17.35274923572089;0.49579283530631113;-0.43701171875;
17:05:34;350.0;1576083935;94.444;17.35274923572089;0.49579283530631113;-0.43701171875;
17:05:35;351.0;1576083936;94.322;17.35274923572089;0.49579283530631113;-0.43701171875;
17:05:36;352.0;1576083937;94.118;17.48218701453465;0.49949105755813283;-0.439453125;
17:05:37;353.0;1576083938;94.057;16.058371447583294;0.4588106127880941;-0.41259765625;
17:05:38;354.0;1576083939;93.955;17.870500350975927;0.5105857243135979;-0.44677734375;
17:05:39;355.0;1576083940;93.975;16.96443589927961;0.484698168550846;-0.4296875;
17:05:40;356.0;1576083941;94.322;16.83499812046585;0.4809999462990243;-0.42724609375;
17:05:41;357.0;1576083942;94.036;16.576122562838332;0.4736035017953809;-0.42236328125;
17:05:42;358.0;1576083943;94.179;16.058371447583294;0.4588106127880941;-0.41259765625;
17:05:43;359.0;1576083944;94.179;17.35274923572089;0.49579283530631113;-0.43701171875;
17:05:44;360.0;1576083945;94.077;16.317247005210813;0.4662070572917375;-0.41748046875;
17:05:45;361.0;1576083946;94.526;18.129375908603446;0.5179821688172414;-0.45166015625;
17:05:46;362.0;1576083947;94.342;17.22331145690713;0.4920946130544894;-0.4345703125;
17:05:47;363.0;1576083948;94.506;16.446684784024573;0.4699052795435592;-0.419921875;
17:05:48;364.0;1576083949;94.526;17.870500350975927;0.5105857243135979;-0.44677734375;
17:05:49;365.0;1576083950;94.404;17.09387367809337;0.4883963908026677;-0.43212890625;
17:05:50;366.0;1576083951;94.444;17.61162479334841;0.5031892798099545;-0.44189453125;
17:05:51;367.0;1576083952;94.404;18.517689245044725;0.5290768355727065;-0.458984375;
17:05:52;368.0;1576083953;94.506;19.164878139113522;0.547567946831815;-0.47119140625;
17:05:53;369.0;1576083954;94.22;16.96443589927961;0.484698168550846;-0.4296875;
17:05:54;370.0;1576083955;94.26;15.799495889955777;0.45141416828445075;-0.40771484375;
17:05:55;371.0;1576083956;94.138;18.906002581486003;0.5401715023281716;-0.46630859375;
17:05:56;372.0;1576083957;93.671;17.870500350975927;0.5105857243135979;-0.44677734375;
17:05:57;373.0;1576083958;93.955;18.258813687417206;0.521680391069063;-0.4541015625;
17:05:58;374.0;1576083960;94.016;17.999938129789687;0.5142839465654196;-0.44921875;
17:05:59;375.0;1576083961;94.097;15.928933668769533;0.4551123905362724;-0.41015625;
17:06:00;376.0;1576083962;94.547;20.07094259080984;0.5734555025945668;-0.48828125;
17:06:01;377.0;1576083963;94.526;17.870500350975927;0.5105857243135979;-0.44677734375;
17:06:02;378.0;1576083964;94.424;17.35274923572089;0.49579283530631113;-0.43701171875;
17:06:03;379.0;1576083965;94.301;17.870500350975927;0.5105857243135979;-0.44677734375;
17:06:04;380.0;1576083966;94.138;18.776564802672244;0.5364732800763499;-0.4638671875;
17:06:05;381.0;1576083967;94.22;17.48218701453465;0.49949105755813283;-0.439453125;
17:06:07;383.0;1576083968;93.996;16.70556034165209;0.4773017240472026;-0.4248046875;
17:06:08;384.0;1576083970;93.996;17.22331145690713;0.4920946130544894;-0.4345703125;
17:06:09;385.0;1576083971;93.63;16.317247005210813;0.4662070572917375;-0.41748046875;
17:06:10;386.0;1576083972;93.873;17.48218701453465;0.49949105755813283;-0.439453125;
17:06:11;387.0;1576083973;93.813;16.058371447583294;0.4588106127880941;-0.41259765625;
17:06:12;388.0;1576083974;93.731;16.96443589927961;0.484698168550846;-0.4296875;
17:06:13;389.0;1576083975;93.853;17.741062572162168;0.5068875020617762;-0.4443359375;
17:06:14;390.0;1576083976;93.792;18.129375908603446;0.5179821688172414;-0.45166015625;
17:06:15;391.0;1576083977;93.671;22.918573724712548;0.6548163921346443;-0.5419921875;
17:06:16;392.0;1576083978;93.671;17.741062572162168;0.5068875020617762;-0.4443359375;
17:06:17;393.0;1576083979;93.975;18.258813687417206;0.521680391069063;-0.4541015625;
17:06:18;394.0;1576083980;94.097;19.035440360299763;0.5438697245799933;-0.46875;
17:06:19;395.0;1576083981;93.934;16.96443589927961;0.484698168550846;-0.4296875;
17:06:20;396.0;1576083982;94.057;17.35274923572089;0.49579283530631113;-0.43701171875;
17:06:21;397.0;1576083983;93.772;18.129375908603446;0.5179821688172414;-0.45166015625;
17:06:22;398.0;1576083984;93.873;18.129375908603446;0.5179821688172414;-0.45166015625;
17:06:23;399.0;1576083985;94.22;16.576122562838332;0.4736035017953809;-0.42236328125;
17:06:24;400.0;1576083986;94.465;18.129375908603446;0.5179821688172414;-0.45166015625;
17:06:25;401.0;1576083987;94.342;17.09387367809337;0.4883963908026677;-0.43212890625;
17:06:27;403.0;1576083988;94.26;16.446684784024573;0.4699052795435592;-0.419921875;
17:06:28;404.0;1576083989;94.22;17.48218701453465;0.49949105755813283;-0.439453125;
17:06:29;405.0;1576083990;93.955;17.999938129789687;0.5142839465654196;-0.44921875;
17:06:30;406.0;1576083991;93.975;17.09387367809337;0.4883963908026677;-0.43212890625;
17:06:31;407.0;1576083992;93.894;19.164878139113522;0.547567946831815;-0.47119140625;
17:06:32;408.0;1576083993;93.671;17.22331145690713;0.4920946130544894;-0.4345703125;
17:06:33;409.0;1576083994;93.508;18.258813687417206;0.521680391069063;-0.4541015625;
17:06:34;410.0;1576083995;93.752;16.446684784024573;0.4699052795435592;-0.419921875;
17:06:35;411.0;1576083996;93.63;17.741062572162168;0.5068875020617762;-0.4443359375;
17:06:36;412.0;1576083997;93.996;19.423753696741045;0.5549643913354584;-0.47607421875;
17:06:37;413.0;1576083998;94.036;17.61162479334841;0.5031892798099545;-0.44189453125;
17:06:38;414.0;1576083999;93.711;17.48218701453465;0.49949105755813283;-0.439453125;
17:06:39;415.0;1576084000;93.711;19.294315917927282;0.5512661690836366;-0.4736328125;
17:06:40;416.0;1576084001;93.428;17.09387367809337;0.4883963908026677;-0.43212890625;
17:06:41;417.0;1576084002;93.428;18.129375908603446;0.5179821688172414;-0.45166015625;
17:06:42;418.0;1576084003;93.508;17.61162479334841;0.5031892798099545;-0.44189453125;
17:06:43;419.0;1576084004;93.569;13.857929207749384;0.39594083450712525;-0.37109375;
17:06:44;420.0;1576084005;93.752;17.999938129789687;0.5142839465654196;-0.44921875;
17:06:45;421.0;1576084006;93.813;16.83499812046585;0.4809999462990243;-0.42724609375;
17:06:46;422.0;1576084007;93.914;17.741062572162168;0.5068875020617762;-0.4443359375;
17:06:47;423.0;1576084008;93.853;16.70556034165209;0.4773017240472026;-0.4248046875;
17:06:48;424.0;1576084009;93.61;16.70556034165209;0.4773017240472026;-0.4248046875;
17:06:49;425.0;1576084010;93.691;17.61162479334841;0.5031892798099545;-0.44189453125;
17:06:50;426.0;1576084011;93.589;17.999938129789687;0.5142839465654196;-0.44921875;
17:06:51;427.0;1576084012;93.589;18.647127023858484;0.5327750578245282;-0.46142578125;
17:06:52;428.0;1576084013;93.671;17.09387367809337;0.4883963908026677;-0.43212890625;
17:06:53;429.0;1576084014;93.529;17.61162479334841;0.5031892798099545;-0.44189453125;
17:06:54;430.0;1576084015;93.468;18.776564802672244;0.5364732800763499;-0.4638671875;
17:06:55;431.0;1576084016;93.327;17.999938129789687;0.5142839465654196;-0.44921875;
17:06:56;432.0;1576084017;93.367;18.647127023858484;0.5327750578245282;-0.46142578125;
17:06:57;433.0;1576084018;93.226;17.999938129789687;0.5142839465654196;-0.44921875;
17:06:58;434.0;1576084019;93.125;17.999938129789687;0.5142839465654196;-0.44921875;
17:06:59;435.0;1576084020;93.286;17.870500350975927;0.5105857243135979;-0.44677734375;
17:07:00;436.0;1576084021;93.185;16.446684784024573;0.4699052795435592;-0.419921875;
17:07:01;437.0;1576084022;93.327;18.129375908603446;0.5179821688172414;-0.45166015625;
17:07:02;438.0;1576084023;93.529;17.48218701453465;0.49949105755813283;-0.439453125;
17:07:03;439.0;1576084024;93.367;16.96443589927961;0.484698168550846;-0.4296875;
17:07:04;440.0;1576084025;93.226;16.96443589927961;0.484698168550846;-0.4296875;
17:07:06;442.0;1576084026;93.004;15.152306995886976;0.4329230570253422;-0.3955078125;
17:07:07;443.0;1576084028;93.185;18.388251466230965;0.5253786133208848;-0.45654296875;
17:07:08;444.0;1576084029;93.428;17.48218701453465;0.49949105755813283;-0.439453125;
17:07:09;445.0;1576084030;93.407;17.870500350975927;0.5105857243135979;-0.44677734375;
17:07:10;446.0;1576084031;93.569;17.22331145690713;0.4920946130544894;-0.4345703125;
17:07:11;447.0;1576084032;93.549;17.22331145690713;0.4920946130544894;-0.4345703125;
17:07:12;448.0;1576084033;93.671;17.61162479334841;0.5031892798099545;-0.44189453125;
17:07:13;449.0;1576084034;93.508;19.164878139113522;0.547567946831815;-0.47119140625;
17:07:14;450.0;1576084035;93.428;17.741062572162168;0.5068875020617762;-0.4443359375;
17:07:15;451.0;1576084036;93.407;16.576122562838332;0.4736035017953809;-0.42236328125;
17:07:16;452.0;1576084037;92.984;17.22331145690713;0.4920946130544894;-0.4345703125;
17:07:17;453.0;1576084038;93.004;18.129375908603446;0.5179821688172414;-0.45166015625;
17:07:18;454.0;1576084039;92.883;17.48218701453465;0.49949105755813283;-0.439453125;
17:07:19;455.0;1576084040;92.924;18.906002581486003;0.5401715023281716;-0.46630859375;
17:07:20;456.0;1576084041;93.226;17.741062572162168;0.5068875020617762;-0.4443359375;
17:07:21;457.0;1576084042;93.286;17.22331145690713;0.4920946130544894;-0.4345703125;
17:07:22;458.0;1576084043;93.165;17.09387367809337;0.4883963908026677;-0.43212890625;
17:07:23;459.0;1576084044;93.145;18.129375908603446;0.5179821688172414;-0.45166015625;
17:07:24;460.0;1576084045;93.064;16.83499812046585;0.4809999462990243;-0.42724609375;
17:07:25;461.0;1576084046;93.165;16.83499812046585;0.4809999462990243;-0.42724609375;
17:07:26;462.0;1576084047;93.306;17.09387367809337;0.4883963908026677;-0.43212890625;
17:07:27;463.0;1576084049;93.266;17.741062572162168;0.5068875020617762;-0.4443359375;
17:07:28;464.0;1576084050;93.165;17.999938129789687;0.5142839465654196;-0.44921875;
17:07:29;465.0;1576084051;93.064;17.61162479334841;0.5031892798099545;-0.44189453125;
17:07:30;466.0;1576084052;93.266;18.258813687417206;0.521680391069063;-0.4541015625;
17:07:32;468.0;1576084053;93.024;16.83499812046585;0.4809999462990243;-0.42724609375;
17:07:33;469.0;1576084054;93.085;18.258813687417206;0.521680391069063;-0.4541015625;
17:07:34;470.0;1576084055;93.367;17.870500350975927;0.5105857243135979;-0.44677734375;
17:07:35;471.0;1576084056;92.984;16.70556034165209;0.4773017240472026;-0.4248046875;
17:07:36;472.0;1576084057;93.266;15.928933668769533;0.4551123905362724;-0.41015625;
17:07:37;473.0;1576084058;93.044;16.96443589927961;0.484698168550846;-0.4296875;
17:07:38;474.0;1576084059;92.723;18.647127023858484;0.5327750578245282;-0.46142578125;
17:07:39;475.0;1576084060;92.944;17.35274923572089;0.49579283530631113;-0.43701171875;
17:07:40;476.0;1576084061;92.924;18.129375908603446;0.5179821688172414;-0.45166015625;
17:07:41;477.0;1576084062;93.125;17.09387367809337;0.4883963908026677;-0.43212890625;
17:07:42;478.0;1576084063;93.085;17.61162479334841;0.5031892798099545;-0.44189453125;
17:07:43;479.0;1576084064;93.185;18.388251466230965;0.5253786133208848;-0.45654296875;
17:07:44;480.0;1576084065;93.044;17.22331145690713;0.4920946130544894;-0.4345703125;
17:07:45;481.0;1576084066;92.984;18.258813687417206;0.521680391069063;-0.4541015625;
17:07:46;482.0;1576084067;93.024;18.388251466230965;0.5253786133208848;-0.45654296875;
17:07:47;483.0;1576084068;93.024;17.870500350975927;0.5105857243135979;-0.44677734375;
17:07:48;484.0;1576084069;92.743;17.870500350975927;0.5105857243135979;-0.44677734375;
17:07:49;485.0;1576084070;92.583;18.776564802672244;0.5364732800763499;-0.4638671875;
17:07:50;486.0;1576084071;92.623;17.61162479334841;0.5031892798099545;-0.44189453125;
17:07:51;487.0;1576084072;92.483;17.22331145690713;0.4920946130544894;-0.4345703125;
17:07:52;488.0;1576084073;92.783;17.61162479334841;0.5031892798099545;-0.44189453125;
17:07:53;489.0;1576084074;92.863;18.258813687417206;0.521680391069063;-0.4541015625;
17:07:54;490.0;1576084075;92.603;20.847569263692396;0.595644836105497;-0.5029296875;
17:07:55;491.0;1576084076;92.623;17.22331145690713;0.4920946130544894;-0.4345703125;
17:07:56;492.0;1576084077;92.503;17.35274923572089;0.49579283530631113;-0.43701171875;
17:07:57;493.0;1576084078;92.323;18.388251466230965;0.5253786133208848;-0.45654296875;
17:07:58;494.0;1576084079;92.803;15.799495889955777;0.45141416828445075;-0.40771484375;
17:07:59;495.0;1576084080;92.663;17.61162479334841;0.5031892798099545;-0.44189453125;
17:08:00;496.0;1576084081;92.643;16.446684784024573;0.4699052795435592;-0.419921875;
17:08:01;497.0;1576084082;92.883;17.61162479334841;0.5031892798099545;-0.44189453125;
17:08:02;498.0;1576084083;92.503;17.48218701453465;0.49949105755813283;-0.439453125;
17:08:03;499.0;1576084084;92.523;18.517689245044725;0.5290768355727065;-0.458984375;
17:08:04;500.0;1576084085;92.683;16.576122562838332;0.4736035017953809;-0.42236328125;
17:08:05;501.0;1576084086;92.443;16.70556034165209;0.4773017240472026;-0.4248046875;
17:08:06;502.0;1576084087;92.583;17.22331145690713;0.4920946130544894;-0.4345703125;
17:08:07;503.0;1576084088;92.563;18.647127023858484;0.5327750578245282;-0.46142578125;
17:08:08;504.0;1576084089;92.663;20.588693706064877;0.5882483916018536;-0.498046875;
17:08:09;505.0;1576084090;92.823;16.70556034165209;0.4773017240472026;-0.4248046875;
17:08:10;506.0;1576084091;92.783;17.999938129789687;0.5142839465654196;-0.44921875;
17:08:11;507.0;1576084092;92.803;16.70556034165209;0.4773017240472026;-0.4248046875;
17:08:12;508.0;1576084094;92.703;17.741062572162168;0.5068875020617762;-0.4443359375;
17:08:13;509.0;1576084095;92.783;16.96443589927961;0.484698168550846;-0.4296875;
17:08:14;510.0;1576084096;92.663;17.35274923572089;0.49579283530631113;-0.43701171875;
17:08:15;511.0;1576084097;92.643;17.09387367809337;0.4883963908026677;-0.43212890625;
17:08:16;512.0;1576084098;92.583;19.164878139113522;0.547567946831815;-0.47119140625;
17:08:17;513.0;1576084099;92.603;17.35274923572089;0.49579283530631113;-0.43701171875;
17:08:18;514.0;1576084100;92.643;12.175238083170509;0.3478639452334431;-0.33935546875;
17:08:19;515.0;1576084101;92.783;17.09387367809337;0.4883963908026677;-0.43212890625;
17:08:20;516.0;1576084102;92.403;18.647127023858484;0.5327750578245282;-0.46142578125;
17:08:21;517.0;1576084103;92.423;17.35274923572089;0.49579283530631113;-0.43701171875;
17:08:22;518.0;1576084104;92.423;16.058371447583294;0.4588106127880941;-0.41259765625;
17:08:23;519.0;1576084105;92.303;16.70556034165209;0.4773017240472026;-0.4248046875;
17:08:24;520.0;1576084106;92.563;17.22331145690713;0.4920946130544894;-0.4345703125;
17:08:25;521.0;1576084107;92.443;16.96443589927961;0.484698168550846;-0.4296875;
17:08:26;522.0;1576084108;92.663;16.058371447583294;0.4588106127880941;-0.41259765625;
17:08:27;523.0;1576084109;92.543;17.61162479334841;0.5031892798099545;-0.44189453125;
17:08:28;524.0;1576084110;92.563;17.35274923572089;0.49579283530631113;-0.43701171875;
17:08:29;525.0;1576084111;92.263;17.999938129789687;0.5142839465654196;-0.44921875;
17:08:30;526.0;1576084112;91.826;18.388251466230965;0.5253786133208848;-0.45654296875;
17:08:31;527.0;1576084113;92.064;17.61162479334841;0.5031892798099545;-0.44189453125;
17:08:32;528.0;1576084114;91.925;17.741062572162168;0.5068875020617762;-0.4443359375;
17:08:33;529.0;1576084115;92.303;15.152306995886976;0.4329230570253422;-0.3955078125;
17:08:34;530.0;1576084116;92.503;16.83499812046585;0.4809999462990243;-0.42724609375;
17:08:36;532.0;1576084117;92.363;18.258813687417206;0.521680391069063;-0.4541015625;
17:08:37;533.0;1576084118;92.483;17.35274923572089;0.49579283530631113;-0.43701171875;
17:08:38;534.0;1576084119;92.343;16.96443589927961;0.484698168550846;-0.4296875;
17:08:39;535.0;1576084120;92.363;18.388251466230965;0.5253786133208848;-0.45654296875;
17:08:40;536.0;1576084121;92.263;15.799495889955777;0.45141416828445075;-0.40771484375;
17:08:41;537.0;1576084122;92.403;16.317247005210813;0.4662070572917375;-0.41748046875;
17:08:42;538.0;1576084123;92.463;17.22331145690713;0.4920946130544894;-0.4345703125;
17:08:43;539.0;1576084124;92.243;17.61162479334841;0.5031892798099545;-0.44189453125;
17:08:44;540.0;1576084125;92.343;17.35274923572089;0.49579283530631113;-0.43701171875;
17:08:45;541.0;1576084126;91.945;17.741062572162168;0.5068875020617762;-0.4443359375;
17:08:46;542.0;1576084127;91.945;14.763993659445699;0.4218283902698771;-0.38818359375;
17:08:47;543.0;1576084128;92.124;17.22331145690713;0.4920946130544894;-0.4345703125;
17:08:48;544.0;1576084129;92.163;16.187809226397054;0.4625088350399158;-0.4150390625;
17:08:49;545.0;1576084130;92.423;17.61162479334841;0.5031892798099545;-0.44189453125;
17:08:50;546.0;1576084131;92.383;17.870500350975927;0.5105857243135979;-0.44677734375;
17:08:51;547.0;1576084132;92.383;18.647127023858484;0.5327750578245282;-0.46142578125;
17:08:52;548.0;1576084133;92.303;9999.0;9999.0;9999.0;
17:08:53;549.0;1576084134;92.483;17.999938129789687;0.5142839465654196;-0.44921875;
17:08:54;550.0;1576084135;92.543;18.517689245044725;0.5290768355727065;-0.458984375;
17:08:55;551.0;1576084136;92.563;17.61162479334841;0.5031892798099545;-0.44189453125;
17:08:56;552.0;1576084137;92.144;17.48218701453465;0.49949105755813283;-0.439453125;
17:08:57;553.0;1576084138;91.826;17.35274923572089;0.49579283530631113;-0.43701171875;
17:08:58;554.0;1576084139;91.766;18.776564802672244;0.5364732800763499;-0.4638671875;
17:08:59;555.0;1576084140;91.568;18.647127023858484;0.5327750578245282;-0.46142578125;
17:09:00;556.0;1576084141;91.826;16.317247005210813;0.4662070572917375;-0.41748046875;
17:09:01;557.0;1576084142;92.124;17.741062572162168;0.5068875020617762;-0.4443359375;
17:09:02;558.0;1576084143;91.984;17.09387367809337;0.4883963908026677;-0.43212890625;
17:09:04;560.0;1576084144;92.203;17.61162479334841;0.5031892798099545;-0.44189453125;
17:09:05;561.0;1576084146;91.826;17.48218701453465;0.49949105755813283;-0.439453125;
17:09:06;562.0;1576084147;91.965;17.09387367809337;0.4883963908026677;-0.43212890625;
17:09:07;563.0;1576084148;92.084;17.870500350975927;0.5105857243135979;-0.44677734375;
17:09:08;564.0;1576084149;91.905;17.09387367809337;0.4883963908026677;-0.43212890625;
17:09:09;565.0;1576084150;92.104;17.61162479334841;0.5031892798099545;-0.44189453125;
17:09:10;566.0;1576084151;92.104;18.647127023858484;0.5327750578245282;-0.46142578125;
17:09:11;567.0;1576084152;91.806;16.317247005210813;0.4662070572917375;-0.41748046875;
17:09:12;568.0;1576084153;91.667;17.999938129789687;0.5142839465654196;-0.44921875;
17:09:13;569.0;1576084154;91.45;17.999938129789687;0.5142839465654196;-0.44921875;
17:09:14;570.0;1576084155;91.469;18.388251466230965;0.5253786133208848;-0.45654296875;
17:09:15;571.0;1576084156;91.647;18.258813687417206;0.521680391069063;-0.4541015625;
17:09:16;572.0;1576084157;91.726;17.35274923572089;0.49579283530631113;-0.43701171875;
17:09:17;573.0;1576084158;91.905;17.09387367809337;0.4883963908026677;-0.43212890625;
17:09:18;574.0;1576084159;91.766;16.187809226397054;0.4625088350399158;-0.4150390625;
17:09:19;575.0;1576084160;91.509;16.317247005210813;0.4662070572917375;-0.41748046875;
17:09:20;576.0;1576084161;91.766;17.999938129789687;0.5142839465654196;-0.44921875;
17:09:21;577.0;1576084162;91.548;16.96443589927961;0.484698168550846;-0.4296875;
17:09:22;578.0;1576084163;91.627;17.741062572162168;0.5068875020617762;-0.4443359375;
17:09:23;579.0;1576084164;91.726;17.22331145690713;0.4920946130544894;-0.4345703125;
17:09:24;580.0;1576084165;91.568;17.48218701453465;0.49949105755813283;-0.439453125;
17:09:25;581.0;1576084166;91.687;17.741062572162168;0.5068875020617762;-0.4443359375;
17:09:26;582.0;1576084167;91.568;17.999938129789687;0.5142839465654196;-0.44921875;
17:09:27;583.0;1576084168;91.667;17.09387367809337;0.4883963908026677;-0.43212890625;
17:09:28;584.0;1576084169;91.707;16.058371447583294;0.4588106127880941;-0.41259765625;
17:09:29;585.0;1576084170;91.568;14.763993659445699;0.4218283902698771;-0.38818359375;
17:09:30;586.0;1576084171;91.746;17.48218701453465;0.49949105755813283;-0.439453125;
17:09:31;587.0;1576084173;91.667;15.670058111142014;0.447715946032629;-0.4052734375;
17:09:32;588.0;1576084174;91.529;16.96443589927961;0.484698168550846;-0.4296875;
17:09:33;589.0;1576084175;91.707;18.129375908603446;0.5179821688172414;-0.45166015625;
17:09:34;590.0;1576084176;91.311;16.317247005210813;0.4662070572917375;-0.41748046875;
17:09:35;591.0;1576084177;91.331;17.999938129789687;0.5142839465654196;-0.44921875;
17:09:36;592.0;1576084178;91.292;17.61162479334841;0.5031892798099545;-0.44189453125;
17:09:37;593.0;1576084179;91.252;18.776564802672244;0.5364732800763499;-0.4638671875;
17:09:38;594.0;1576084180;91.608;17.61162479334841;0.5031892798099545;-0.44189453125;
17:09:40;596.0;1576084181;91.746;17.741062572162168;0.5068875020617762;-0.4443359375;
17:09:41;597.0;1576084182;91.905;18.129375908603446;0.5179821688172414;-0.45166015625;
17:09:42;598.0;1576084183;91.925;18.776564802672244;0.5364732800763499;-0.4638671875;
17:09:43;599.0;1576084184;91.647;17.61162479334841;0.5031892798099545;-0.44189453125;
17:09:44;600.0;1576084185;91.548;18.258813687417206;0.521680391069063;-0.4541015625;
17:09:45;601.0;1576084186;91.351;18.258813687417206;0.521680391069063;-0.4541015625;
17:09:46;602.0;1576084187;91.41;17.35274923572089;0.49579283530631113;-0.43701171875;
17:09:47;603.0;1576084188;91.588;17.35274923572089;0.49579283530631113;-0.43701171875;
17:09:48;604.0;1576084189;91.529;17.48218701453465;0.49949105755813283;-0.439453125;
17:09:49;605.0;1576084190;91.845;18.258813687417206;0.521680391069063;-0.4541015625;
17:09:50;606.0;1576084191;91.667;17.09387367809337;0.4883963908026677;-0.43212890625;
17:09:51;607.0;1576084192;91.865;18.906002581486003;0.5401715023281716;-0.46630859375;
17:09:52;608.0;1576084193;91.965;17.09387367809337;0.4883963908026677;-0.43212890625;
17:09:53;609.0;1576084194;91.568;18.258813687417206;0.521680391069063;-0.4541015625;
17:09:54;610.0;1576084195;91.865;18.388251466230965;0.5253786133208848;-0.45654296875;
17:09:55;611.0;1576084196;91.548;17.22331145690713;0.4920946130544894;-0.4345703125;
17:09:56;612.0;1576084197;91.568;17.61162479334841;0.5031892798099545;-0.44189453125;
17:09:57;613.0;1576084198;91.687;16.187809226397054;0.4625088350399158;-0.4150390625;
17:09:58;614.0;1576084199;91.509;20.588693706064877;0.5882483916018536;-0.498046875;
17:09:59;615.0;1576084200;91.509;18.129375908603446;0.5179821688172414;-0.45166015625;
17:10:00;616.0;1576084201;91.588;13.210740313680585;0.37744972324801673;-0.35888671875;
17:10:01;617.0;1576084202;91.726;18.129375908603446;0.5179821688172414;-0.45166015625;
17:10:02;618.0;1576084203;91.45;17.741062572162168;0.5068875020617762;-0.4443359375;
17:10:03;619.0;1576084204;91.41;19.294315917927282;0.5512661690836366;-0.4736328125;
17:10:04;620.0;1576084205;91.469;19.035440360299763;0.5438697245799933;-0.46875;
17:10:05;621.0;1576084206;91.331;17.35274923572089;0.49579283530631113;-0.43701171875;
17:10:06;622.0;1576084207;91.726;16.446684784024573;0.4699052795435592;-0.419921875;
17:10:07;623.0;1576084208;91.766;17.870500350975927;0.5105857243135979;-0.44677734375;
17:10:08;624.0;1576084209;91.509;19.035440360299763;0.5438697245799933;-0.46875;
17:10:09;625.0;1576084210;91.707;17.999938129789687;0.5142839465654196;-0.44921875;
17:10:10;626.0;1576084211;91.331;18.517689245044725;0.5290768355727065;-0.458984375;
17:10:11;627.0;1576084212;91.41;18.647127023858484;0.5327750578245282;-0.46142578125;
17:10:12;628.0;1576084213;91.272;17.61162479334841;0.5031892798099545;-0.44189453125;
17:10:13;629.0;1576084214;91.213;16.317247005210813;0.4662070572917375;-0.41748046875;
17:10:14;630.0;1576084215;91.351;15.281744774700737;0.43662127927716393;-0.39794921875;
17:10:15;631.0;1576084216;91.233;17.09387367809337;0.4883963908026677;-0.43212890625;
17:10:16;632.0;1576084217;91.252;18.906002581486003;0.5401715023281716;-0.46630859375;
17:10:17;633.0;1576084218;91.134;17.22331145690713;0.4920946130544894;-0.4345703125;
17:10:18;634.0;1576084219;91.134;16.317247005210813;0.4662070572917375;-0.41748046875;
17:10:19;635.0;1576084220;91.115;17.22331145690713;0.4920946130544894;-0.4345703125;
17:10:20;636.0;1576084221;91.115;17.22331145690713;0.4920946130544894;-0.4345703125;
17:10:21;637.0;1576084222;91.075;18.776564802672244;0.5364732800763499;-0.4638671875;
17:10:22;638.0;1576084223;91.134;16.70556034165209;0.4773017240472026;-0.4248046875;
17:10:23;639.0;1576084224;91.154;17.870500350975927;0.5105857243135979;-0.44677734375;
17:10:24;640.0;1576084225;90.977;17.741062572162168;0.5068875020617762;-0.4443359375;
17:10:25;641.0;1576084226;91.174;17.61162479334841;0.5031892798099545;-0.44189453125;
17:10:26;642.0;1576084227;91.075;17.09387367809337;0.4883963908026677;-0.43212890625;
17:10:27;643.0;1576084229;90.938;17.741062572162168;0.5068875020617762;-0.4443359375;
17:10:28;644.0;1576084230;91.115;17.999938129789687;0.5142839465654196;-0.44921875;
17:10:29;645.0;1576084231;90.82;18.258813687417206;0.521680391069063;-0.4541015625;
17:10:30;646.0;1576084232;90.703;16.96443589927961;0.484698168550846;-0.4296875;
17:10:31;647.0;1576084233;90.859;17.22331145690713;0.4920946130544894;-0.4345703125;
17:10:32;648.0;1576084234;90.977;17.741062572162168;0.5068875020617762;-0.4443359375;
17:10:33;649.0;1576084235;90.957;17.741062572162168;0.5068875020617762;-0.4443359375;
17:10:34;650.0;1576084236;91.252;15.411182553514495;0.4403195015289856;-0.400390625;
17:10:35;651.0;1576084237;91.213;18.647127023858484;0.5327750578245282;-0.46142578125;
17:10:36;652.0;1576084238;91.115;16.96443589927961;0.484698168550846;-0.4296875;
17:10:37;653.0;1576084239;90.997;17.870500350975927;0.5105857243135979;-0.44677734375;
17:10:38;654.0;1576084240;90.781;18.388251466230965;0.5253786133208848;-0.45654296875;
17:10:39;655.0;1576084241;90.683;18.258813687417206;0.521680391069063;-0.4541015625;
17:10:40;656.0;1576084242;90.899;17.741062572162168;0.5068875020617762;-0.4443359375;
17:10:41;657.0;1576084243;91.311;16.96443589927961;0.484698168550846;-0.4296875;
17:10:42;658.0;1576084244;91.351;17.741062572162168;0.5068875020617762;-0.4443359375;
17:10:44;660.0;1576084245;91.489;18.258813687417206;0.521680391069063;-0.4541015625;
17:10:45;661.0;1576084246;91.134;17.999938129789687;0.5142839465654196;-0.44921875;
17:10:46;662.0;1576084247;90.859;16.70556034165209;0.4773017240472026;-0.4248046875;
17:10:47;663.0;1576084248;91.036;15.799495889955777;0.45141416828445075;-0.40771484375;
17:10:48;664.0;1576084249;90.84;16.70556034165209;0.4773017240472026;-0.4248046875;
17:10:49;665.0;1576084250;90.879;17.48218701453465;0.49949105755813283;-0.439453125;
17:10:50;666.0;1576084251;90.722;16.70556034165209;0.4773017240472026;-0.4248046875;
17:10:51;667.0;1576084252;90.312;16.83499812046585;0.4809999462990243;-0.42724609375;
17:10:52;668.0;1576084253;90.176;18.129375908603446;0.5179821688172414;-0.45166015625;
17:10:53;669.0;1576084254;90.41;18.129375908603446;0.5179821688172414;-0.45166015625;
17:10:54;670.0;1576084255;90.566;17.09387367809337;0.4883963908026677;-0.43212890625;
17:10:55;671.0;1576084256;90.683;17.870500350975927;0.5105857243135979;-0.44677734375;
17:10:56;672.0;1576084257;90.781;17.870500350975927;0.5105857243135979;-0.44677734375;
17:10:57;673.0;1576084258;90.566;17.61162479334841;0.5031892798099545;-0.44189453125;
17:10:58;674.0;1576084259;90.41;17.35274923572089;0.49579283530631113;-0.43701171875;
17:10:59;675.0;1576084260;90.293;20.07094259080984;0.5734555025945668;-0.48828125;
17:11:00;676.0;1576084261;90.624;18.647127023858484;0.5327750578245282;-0.46142578125;
17:11:01;677.0;1576084262;90.84;14.246242544190661;0.4070355012625903;-0.37841796875;
17:11:02;678.0;1576084262;91.095;17.35274923572089;0.49579283530631113;-0.43701171875;
17:11:03;679.0;1576084264;91.075;17.35274923572089;0.49579283530631113;-0.43701171875;
17:11:04;680.0;1576084265;90.977;16.317247005210813;0.4662070572917375;-0.41748046875;
17:11:05;681.0;1576084266;90.761;17.741062572162168;0.5068875020617762;-0.4443359375;
17:11:06;682.0;1576084267;90.801;17.870500350975927;0.5105857243135979;-0.44677734375;
17:11:07;683.0;1576084268;90.703;17.09387367809337;0.4883963908026677;-0.43212890625;
17:11:08;684.0;1576084269;90.507;18.388251466230965;0.5253786133208848;-0.45654296875;
17:11:09;685.0;1576084270;90.742;17.48218701453465;0.49949105755813283;-0.439453125;
17:11:10;686.0;1576084271;90.605;17.741062572162168;0.5068875020617762;-0.4443359375;
17:11:11;687.0;1576084272;90.938;17.61162479334841;0.5031892798099545;-0.44189453125;
17:11:12;688.0;1576084273;91.036;17.22331145690713;0.4920946130544894;-0.4345703125;
17:11:13;689.0;1576084274;90.605;16.96443589927961;0.484698168550846;-0.4296875;
17:11:14;690.0;1576084275;90.899;16.446684784024573;0.4699052795435592;-0.419921875;
17:11:15;691.0;1576084276;90.84;13.469615871308104;0.38484616775166014;-0.36376953125;
17:11:16;692.0;1576084277;90.644;18.517689245044725;0.5290768355727065;-0.458984375;
17:11:17;693.0;1576084278;90.761;17.741062572162168;0.5068875020617762;-0.4443359375;
17:11:18;694.0;1576084279;90.312;16.83499812046585;0.4809999462990243;-0.42724609375;
17:11:19;695.0;1576084280;90.293;17.35274923572089;0.49579283530631113;-0.43701171875;
17:11:20;696.0;1576084281;90.41;18.129375908603446;0.5179821688172414;-0.45166015625;
17:11:21;697.0;1576084282;90.624;16.058371447583294;0.4588106127880941;-0.41259765625;
17:11:22;698.0;1576084284;90.781;17.999938129789687;0.5142839465654196;-0.44921875;
17:11:23;699.0;1576084285;90.644;17.09387367809337;0.4883963908026677;-0.43212890625;
17:11:24;700.0;1576084286;90.585;17.35274923572089;0.49579283530631113;-0.43701171875;
17:11:25;701.0;1576084287;90.488;17.870500350975927;0.5105857243135979;-0.44677734375;
17:11:26;702.0;1576084288;90.332;16.70556034165209;0.4773017240472026;-0.4248046875;
17:11:27;703.0;1576084289;90.332;17.870500350975927;0.5105857243135979;-0.44677734375;
17:11:28;704.0;1576084290;90.449;16.317247005210813;0.4662070572917375;-0.41748046875;
17:11:29;705.0;1576084291;90.234;16.96443589927961;0.484698168550846;-0.4296875;
17:11:30;706.0;1576084292;90.273;16.576122562838332;0.4736035017953809;-0.42236328125;
17:11:31;707.0;1576084293;90.195;16.187809226397054;0.4625088350399158;-0.4150390625;
17:11:32;708.0;1576084294;89.885;16.83499812046585;0.4809999462990243;-0.42724609375;
17:11:33;709.0;1576084295;90.02;17.741062572162168;0.5068875020617762;-0.4443359375;
17:11:34;710.0;1576084296;89.943;18.258813687417206;0.521680391069063;-0.4541015625;
17:11:35;711.0;1576084297;90.176;18.517689245044725;0.5290768355727065;-0.458984375;
17:11:36;712.0;1576084298;90.312;17.48218701453465;0.49949105755813283;-0.439453125;
17:11:37;713.0;1576084299;90.156;17.22331145690713;0.4920946130544894;-0.4345703125;
17:11:38;714.0;1576084300;90.371;20.718131484878633;0.5919466138536752;-0.50048828125;
17:11:39;715.0;1576084301;90.351;15.928933668769533;0.4551123905362724;-0.41015625;
17:11:40;716.0;1576084302;90.449;17.999938129789687;0.5142839465654196;-0.44921875;
17:11:41;717.0;1576084303;90.683;16.187809226397054;0.4625088350399158;-0.4150390625;
17:11:42;718.0;1576084304;90.488;17.741062572162168;0.5068875020617762;-0.4443359375;
17:11:43;719.0;1576084305;90.429;17.35274923572089;0.49579283530631113;-0.43701171875;
17:11:44;720.0;1576084306;90.195;18.517689245044725;0.5290768355727065;-0.458984375;
17:11:45;721.0;1576084307;90.079;17.48218701453465;0.49949105755813283;-0.439453125;
17:11:46;722.0;1576084308;90.001;17.741062572162168;0.5068875020617762;-0.4443359375;
17:11:48;724.0;1576084309;90.04;16.317247005210813;0.4662070572917375;-0.41748046875;
17:11:49;725.0;1576084310;90.312;16.058371447583294;0.4588106127880941;-0.41259765625;
17:11:50;726.0;1576084311;90.332;14.763993659445699;0.4218283902698771;-0.38818359375;
17:11:51;727.0;1576084312;90.449;16.317247005210813;0.4662070572917375;-0.41748046875;
17:11:52;728.0;1576084313;90.429;17.999938129789687;0.5142839465654196;-0.44921875;
17:11:53;729.0;1576084314;90.449;18.129375908603446;0.5179821688172414;-0.45166015625;
17:11:54;730.0;1576084315;90.468;17.22331145690713;0.4920946130544894;-0.4345703125;
17:11:55;731.0;1576084316;90.488;16.70556034165209;0.4773017240472026;-0.4248046875;
17:11:56;732.0;1576084317;90.663;17.999938129789687;0.5142839465654196;-0.44921875;
17:11:57;733.0;1576084318;90.624;17.61162479334841;0.5031892798099545;-0.44189453125;
17:11:58;734.0;1576084319;90.429;17.09387367809337;0.4883963908026677;-0.43212890625;
17:11:59;735.0;1576084320;90.546;18.388251466230965;0.5253786133208848;-0.45654296875;
17:12:00;736.0;1576084321;90.312;15.411182553514495;0.4403195015289856;-0.400390625;
17:12:01;737.0;1576084322;90.195;17.35274923572089;0.49579283530631113;-0.43701171875;
17:12:02;738.0;1576084323;90.195;16.96443589927961;0.484698168550846;-0.4296875;
17:12:03;739.0;1576084324;89.923;17.741062572162168;0.5068875020617762;-0.4443359375;
17:12:04;740.0;1576084325;89.846;18.388251466230965;0.5253786133208848;-0.45654296875;
17:12:05;741.0;1576084326;89.865;18.129375908603446;0.5179821688172414;-0.45166015625;
17:12:06;742.0;1576084327;90.04;19.5531914755548;0.55866261358728;-0.478515625;
17:12:07;743.0;1576084328;90.429;18.388251466230965;0.5253786133208848;-0.45654296875;
17:12:08;744.0;1576084329;90.312;18.258813687417206;0.521680391069063;-0.4541015625;
17:12:09;745.0;1576084330;90.488;16.70556034165209;0.4773017240472026;-0.4248046875;
17:12:10;746.0;1576084331;90.507;19.423753696741045;0.5549643913354584;-0.47607421875;
17:12:11;747.0;1576084332;90.195;17.61162479334841;0.5031892798099545;-0.44189453125;
17:12:12;748.0;1576084333;90.449;16.83499812046585;0.4809999462990243;-0.42724609375;
17:12:13;749.0;1576084334;90.254;17.48218701453465;0.49949105755813283;-0.439453125;
17:12:14;750.0;1576084335;90.195;17.741062572162168;0.5068875020617762;-0.4443359375;
17:12:15;751.0;1576084336;90.293;18.647127023858484;0.5327750578245282;-0.46142578125;
17:12:16;752.0;1576084337;90.195;17.999938129789687;0.5142839465654196;-0.44921875;
17:12:17;753.0;1576084338;90.371;16.446684784024573;0.4699052795435592;-0.419921875;
17:12:18;754.0;1576084339;90.39;16.96443589927961;0.484698168550846;-0.4296875;
17:12:19;755.0;1576084340;90.195;18.647127023858484;0.5327750578245282;-0.46142578125;
17:12:20;756.0;1576084341;90.176;18.776564802672244;0.5364732800763499;-0.4638671875;
17:12:21;757.0;1576084342;90.001;20.07094259080984;0.5734555025945668;-0.48828125;
17:12:22;758.0;1576084343;90.001;17.22331145690713;0.4920946130544894;-0.4345703125;
17:12:23;759.0;1576084344;90.137;17.999938129789687;0.5142839465654196;-0.44921875;
17:12:24;760.0;1576084345;90.02;19.164878139113522;0.547567946831815;-0.47119140625;
17:12:25;761.0;1576084346;89.923;17.35274923572089;0.49579283530631113;-0.43701171875;
17:12:26;762.0;1576084347;89.885;15.540620332328256;0.44401772378080734;-0.40283203125;
17:12:27;763.0;1576084348;89.807;20.07094259080984;0.5734555025945668;-0.48828125;
17:12:28;764.0;1576084349;89.807;17.35274923572089;0.49579283530631113;-0.43701171875;
17:12:29;765.0;1576084350;89.769;17.61162479334841;0.5031892798099545;-0.44189453125;
17:12:30;766.0;1576084351;89.556;17.61162479334841;0.5031892798099545;-0.44189453125;
17:12:31;767.0;1576084352;89.653;17.999938129789687;0.5142839465654196;-0.44921875;
17:12:32;768.0;1576084353;89.498;16.317247005210813;0.4662070572917375;-0.41748046875;
17:12:33;769.0;1576084354;89.498;17.22331145690713;0.4920946130544894;-0.4345703125;
17:12:34;770.0;1576084355;89.749;17.870500350975927;0.5105857243135979;-0.44677734375;
17:12:35;771.0;1576084356;89.575;18.517689245044725;0.5290768355727065;-0.458984375;
17:12:36;772.0;1576084357;89.865;18.258813687417206;0.521680391069063;-0.4541015625;
17:12:37;773.0;1576084358;89.749;17.999938129789687;0.5142839465654196;-0.44921875;
17:12:38;774.0;1576084359;89.614;16.70556034165209;0.4773017240472026;-0.4248046875;
17:12:39;775.0;1576084360;89.769;17.999938129789687;0.5142839465654196;-0.44921875;
17:12:40;776.0;1576084361;89.73;17.22331145690713;0.4920946130544894;-0.4345703125;
17:12:41;777.0;1576084362;89.865;18.388251466230965;0.5253786133208848;-0.45654296875;
17:12:42;778.0;1576084364;89.865;18.776564802672244;0.5364732800763499;-0.4638671875;
17:12:43;779.0;1576084365;89.788;17.09387367809337;0.4883963908026677;-0.43212890625;
17:12:44;780.0;1576084366;89.517;17.999938129789687;0.5142839465654196;-0.44921875;
17:12:45;781.0;1576084367;89.537;19.682629254368564;0.5623608358391018;-0.48095703125;
17:12:46;782.0;1576084368;89.517;16.83499812046585;0.4809999462990243;-0.42724609375;
17:12:47;783.0;1576084369;89.633;17.61162479334841;0.5031892798099545;-0.44189453125;
17:12:48;784.0;1576084370;89.788;17.999938129789687;0.5142839465654196;-0.44921875;
17:12:49;785.0;1576084371;89.807;17.35274923572089;0.49579283530631113;-0.43701171875;
17:12:50;786.0;1576084372;90.001;17.22331145690713;0.4920946130544894;-0.4345703125;
17:12:52;788.0;1576084373;89.691;17.870500350975927;0.5105857243135979;-0.44677734375;
17:12:53;789.0;1576084374;89.575;17.48218701453465;0.49949105755813283;-0.439453125;
17:12:54;790.0;1576084375;89.421;17.61162479334841;0.5031892798099545;-0.44189453125;
17:12:55;791.0;1576084376;89.094;18.258813687417206;0.521680391069063;-0.4541015625;
17:12:56;792.0;1576084377;89.286;15.540620332328256;0.44401772378080734;-0.40283203125;
17:12:57;793.0;1576084378;89.402;15.670058111142014;0.447715946032629;-0.4052734375;
17:12:58;794.0;1576084379;89.363;18.129375908603446;0.5179821688172414;-0.45166015625;
17:12:59;795.0;1576084380;89.402;16.317247005210813;0.4662070572917375;-0.41748046875;
17:13:00;796.0;1576084380;89.152;18.258813687417206;0.521680391069063;-0.4541015625;
17:13:01;797.0;1576084382;89.036;17.35274923572089;0.49579283530631113;-0.43701171875;
17:13:02;798.0;1576084383;89.056;17.35274923572089;0.49579283530631113;-0.43701171875;
17:13:03;799.0;1576084384;89.094;17.999938129789687;0.5142839465654196;-0.44921875;
17:13:04;800.0;1576084385;89.325;17.22331145690713;0.4920946130544894;-0.4345703125;
17:13:05;801.0;1576084386;89.614;17.48218701453465;0.49949105755813283;-0.439453125;
17:13:06;802.0;1576084387;89.73;17.22331145690713;0.4920946130544894;-0.4345703125;
17:13:07;803.0;1576084388;90.118;17.61162479334841;0.5031892798099545;-0.44189453125;
17:13:08;804.0;1576084389;90.118;18.388251466230965;0.5253786133208848;-0.45654296875;
17:13:09;805.0;1576084390;89.846;16.70556034165209;0.4773017240472026;-0.4248046875;
17:13:10;806.0;1576084391;89.749;16.317247005210813;0.4662070572917375;-0.41748046875;
17:13:11;807.0;1576084392;89.479;19.423753696741045;0.5549643913354584;-0.47607421875;
17:13:12;808.0;1576084393;89.325;17.61162479334841;0.5031892798099545;-0.44189453125;
17:13:13;809.0;1576084394;89.19;17.61162479334841;0.5031892798099545;-0.44189453125;
17:13:14;810.0;1576084395;89.171;18.517689245044725;0.5290768355727065;-0.458984375;
17:13:15;811.0;1576084396;88.998;17.48218701453465;0.49949105755813283;-0.439453125;
17:13:16;812.0;1576084397;89.171;18.129375908603446;0.5179821688172414;-0.45166015625;
17:13:17;813.0;1576084398;89.382;18.517689245044725;0.5290768355727065;-0.458984375;
17:13:18;814.0;1576084399;89.113;18.258813687417206;0.521680391069063;-0.4541015625;
17:13:19;815.0;1576084400;89.094;16.83499812046585;0.4809999462990243;-0.42724609375;
17:13:20;816.0;1576084401;88.807;16.70556034165209;0.4773017240472026;-0.4248046875;
17:13:21;817.0;1576084402;88.673;16.576122562838332;0.4736035017953809;-0.42236328125;
17:13:22;818.0;1576084403;88.826;16.70556034165209;0.4773017240472026;-0.4248046875;
17:13:23;819.0;1576084404;88.845;17.61162479334841;0.5031892798099545;-0.44189453125;
17:13:24;820.0;1576084405;88.96;18.258813687417206;0.521680391069063;-0.4541015625;
17:13:25;821.0;1576084406;88.883;16.187809226397054;0.4625088350399158;-0.4150390625;
17:13:26;822.0;1576084407;89.152;16.576122562838332;0.4736035017953809;-0.42236328125;
17:13:27;823.0;1576084409;89.132;16.058371447583294;0.4588106127880941;-0.41259765625;
17:13:28;824.0;1576084410;89.229;16.576122562838332;0.4736035017953809;-0.42236328125;
17:13:29;825.0;1576084411;89.325;18.517689245044725;0.5290768355727065;-0.458984375;
17:13:30;826.0;1576084412;89.017;17.61162479334841;0.5031892798099545;-0.44189453125;
17:13:31;827.0;1576084413;88.922;17.48218701453465;0.49949105755813283;-0.439453125;
17:13:32;828.0;1576084414;88.807;16.70556034165209;0.4773017240472026;-0.4248046875;
17:13:33;829.0;1576084415;88.788;16.317247005210813;0.4662070572917375;-0.41748046875;
17:13:34;830.0;1576084416;88.845;17.22331145690713;0.4920946130544894;-0.4345703125;
17:13:35;831.0;1576084417;88.96;17.870500350975927;0.5105857243135979;-0.44677734375;
17:13:36;832.0;1576084418;88.941;19.164878139113522;0.547567946831815;-0.47119140625;
17:13:37;833.0;1576084419;88.845;9999.0;9999.0;9999.0;
17:13:38;834.0;1576084420;88.883;18.129375908603446;0.5179821688172414;-0.45166015625;
17:13:39;835.0;1576084421;88.711;18.129375908603446;0.5179821688172414;-0.45166015625;
17:13:40;836.0;1576084422;88.864;15.152306995886976;0.4329230570253422;-0.3955078125;
17:13:41;837.0;1576084423;88.998;18.906002581486003;0.5401715023281716;-0.46630859375;
17:13:42;838.0;1576084424;89.075;17.741062572162168;0.5068875020617762;-0.4443359375;
17:13:43;839.0;1576084425;89.094;17.22331145690713;0.4920946130544894;-0.4345703125;
17:13:44;840.0;1576084426;88.96;17.999938129789687;0.5142839465654196;-0.44921875;
17:13:45;841.0;1576084427;88.826;16.70556034165209;0.4773017240472026;-0.4248046875;
17:13:46;842.0;1576084428;88.788;17.999938129789687;0.5142839465654196;-0.44921875;
17:13:47;843.0;1576084429;88.826;18.129375908603446;0.5179821688172414;-0.45166015625;
17:13:48;844.0;1576084430;88.807;17.61162479334841;0.5031892798099545;-0.44189453125;
17:13:49;845.0;1576084431;88.711;17.61162479334841;0.5031892798099545;-0.44189453125;
17:13:50;846.0;1576084432;88.577;18.129375908603446;0.5179821688172414;-0.45166015625;
17:13:51;847.0;1576084433;88.826;17.870500350975927;0.5105857243135979;-0.44677734375;
17:13:52;848.0;1576084434;88.692;17.48218701453465;0.49949105755813283;-0.439453125;
17:13:53;849.0;1576084435;88.941;17.48218701453465;0.49949105755813283;-0.439453125;
17:13:54;850.0;1576084436;88.941;17.09387367809337;0.4883963908026677;-0.43212890625;
17:13:56;852.0;1576084437;88.673;17.09387367809337;0.4883963908026677;-0.43212890625;
17:13:57;853.0;1576084438;88.673;17.48218701453465;0.49949105755813283;-0.439453125;
17:13:58;854.0;1576084439;88.425;17.741062572162168;0.5068875020617762;-0.4443359375;
17:13:59;855.0;1576084440;88.311;18.776564802672244;0.5364732800763499;-0.4638671875;
17:14:00;856.0;1576084441;88.482;18.258813687417206;0.521680391069063;-0.4541015625;
17:14:01;857.0;1576084442;88.673;17.741062572162168;0.5068875020617762;-0.4443359375;
17:14:02;858.0;1576084443;88.998;17.09387367809337;0.4883963908026677;-0.43212890625;
17:14:03;859.0;1576084444;89.286;17.22331145690713;0.4920946130544894;-0.4345703125;
17:14:04;860.0;1576084445;89.286;17.999938129789687;0.5142839465654196;-0.44921875;
17:14:05;861.0;1576084446;89.036;19.035440360299763;0.5438697245799933;-0.46875;
17:14:06;862.0;1576084447;88.673;17.741062572162168;0.5068875020617762;-0.4443359375;
17:14:07;863.0;1576084448;88.692;16.70556034165209;0.4773017240472026;-0.4248046875;
17:14:08;864.0;1576084449;88.768;16.96443589927961;0.484698168550846;-0.4296875;
17:14:09;865.0;1576084450;88.979;17.35274923572089;0.49579283530631113;-0.43701171875;
17:14:10;866.0;1576084451;88.979;17.22331145690713;0.4920946130544894;-0.4345703125;
