Time;Seconds from start for linreg;Unix Time;ch1 po2;Uc;Ubl;Vc;
13:49:42;-1.0;1576158583;90.254;27.96664709844917;0.7990470599556906;-0.63720703125;
13:49:43;0.0;1576158584;90.118;26.672269310311574;0.7620648374374736;-0.61279296875;
13:49:44;1.0;1576158585;89.962;28.096084877262925;0.8027452822075122;-0.6396484375;
13:49:45;2.0;1576158586;89.962;28.096084877262925;0.8027452822075122;-0.6396484375;
13:49:46;3.0;1576158587;89.788;27.96664709844917;0.7990470599556906;-0.63720703125;
13:49:47;4.0;1576158588;90.118;28.354960434890444;0.8101417267111556;-0.64453125;
13:49:48;5.0;1576158589;90.39;27.44889598319413;0.7842541709484038;-0.62744140625;
13:49:49;6.0;1576158590;90.507;28.354960434890444;0.8101417267111556;-0.64453125;
13:49:50;7.0;1576158591;90.488;26.283955973870295;0.7509701706820084;-0.60546875;
13:49:51;8.0;1576158592;90.332;27.70777154082165;0.7916506154520472;-0.63232421875;
13:49:52;9.0;1576158593;90.254;27.96664709844917;0.7990470599556906;-0.63720703125;
13:49:53;10.0;1576158594;89.923;28.354960434890444;0.8101417267111556;-0.64453125;
13:49:54;11.0;1576158595;90.118;27.44889598319413;0.7842541709484038;-0.62744140625;
13:49:55;12.0;1576158596;90.507;27.44889598319413;0.7842541709484038;-0.62744140625;
13:49:56;13.0;1576158597;90.351;27.96664709844917;0.7990470599556906;-0.63720703125;
13:49:57;14.0;1576158598;90.546;28.096084877262925;0.8027452822075122;-0.6396484375;
13:49:58;15.0;1576158599;90.273;27.70777154082165;0.7916506154520472;-0.63232421875;
13:49:59;16.0;1576158600;90.098;28.096084877262925;0.8027452822075122;-0.6396484375;
13:50:00;17.0;1576158601;90.488;27.70777154082165;0.7916506154520472;-0.63232421875;
13:50:01;18.0;1576158602;90.371;27.578333762007887;0.7879523932002254;-0.6298828125;
13:50:02;19.0;1576158603;90.273;27.70777154082165;0.7916506154520472;-0.63232421875;
13:50:03;20.0;1576158604;90.234;27.70777154082165;0.7916506154520472;-0.63232421875;
13:50:04;21.0;1576158605;89.807;29.519900444214283;0.8434257269775509;-0.66650390625;
13:50:05;22.0;1576158606;89.749;27.70777154082165;0.7916506154520472;-0.63232421875;
13:50:06;23.0;1576158607;89.537;27.319458204380375;0.7805559486965822;-0.625;
13:50:07;24.0;1576158608;89.286;27.96664709844917;0.7990470599556906;-0.63720703125;
13:50:08;25.0;1576158609;89.537;27.70777154082165;0.7916506154520472;-0.63232421875;
13:50:09;26.0;1576158610;89.672;23.565762618781346;0.6733075033937528;-0.55419921875;
13:50:10;27.0;1576158611;90.215;27.96664709844917;0.7990470599556906;-0.63720703125;
13:50:11;28.0;1576158612;90.546;27.44889598319413;0.7842541709484038;-0.62744140625;
13:50:12;29.0;1576158613;90.507;27.837209319635406;0.7953488377038688;-0.634765625;
13:50:13;30.0;1576158614;90.703;28.484398213704207;0.8138399489629773;-0.64697265625;
13:50:14;31.0;1576158615;90.546;28.872711550145485;0.8249346157184424;-0.654296875;
13:50:15;32.0;1576158616;90.624;27.96664709844917;0.7990470599556906;-0.63720703125;
13:50:16;33.0;1576158618;90.624;28.096084877262925;0.8027452822075122;-0.6396484375;
13:50:17;34.0;1576158619;90.429;27.837209319635406;0.7953488377038688;-0.634765625;
13:50:18;35.0;1576158620;90.429;27.060582646752852;0.7731595041929387;-0.6201171875;
13:50:19;36.0;1576158621;90.118;27.96664709844917;0.7990470599556906;-0.63720703125;
13:50:20;37.0;1576158622;89.904;27.837209319635406;0.7953488377038688;-0.634765625;
13:50:21;38.0;1576158623;89.846;27.319458204380375;0.7805559486965822;-0.625;
13:50:22;39.0;1576158624;89.827;27.837209319635406;0.7953488377038688;-0.634765625;
13:50:23;40.0;1576158625;89.633;27.44889598319413;0.7842541709484038;-0.62744140625;
13:50:24;41.0;1576158626;89.982;28.743273771331726;0.8212363934666207;-0.65185546875;
13:50:25;42.0;1576158627;90.02;27.837209319635406;0.7953488377038688;-0.634765625;
13:50:26;43.0;1576158628;89.865;27.837209319635406;0.7953488377038688;-0.634765625;
13:50:27;44.0;1576158629;90.04;27.70777154082165;0.7916506154520472;-0.63232421875;
13:50:28;45.0;1576158630;89.885;27.837209319635406;0.7953488377038688;-0.634765625;
13:50:29;46.0;1576158631;89.885;27.44889598319413;0.7842541709484038;-0.62744140625;
13:50:30;47.0;1576158632;90.098;27.96664709844917;0.7990470599556906;-0.63720703125;
13:50:31;48.0;1576158633;90.059;27.70777154082165;0.7916506154520472;-0.63232421875;
13:50:32;49.0;1576158634;90.098;27.96664709844917;0.7990470599556906;-0.63720703125;
13:50:33;50.0;1576158635;89.943;28.354960434890444;0.8101417267111556;-0.64453125;
13:50:34;51.0;1576158636;89.885;25.895642637429017;0.7398755039265433;-0.59814453125;
13:50:35;52.0;1576158637;90.156;27.578333762007887;0.7879523932002254;-0.6298828125;
13:50:36;53.0;1576158638;89.923;28.354960434890444;0.8101417267111556;-0.64453125;
13:50:37;54.0;1576158639;90.118;27.44889598319413;0.7842541709484038;-0.62744140625;
13:50:38;55.0;1576158640;90.098;28.484398213704207;0.8138399489629773;-0.64697265625;
13:50:39;56.0;1576158641;90.273;28.354960434890444;0.8101417267111556;-0.64453125;
13:50:40;57.0;1576158642;90.449;27.96664709844917;0.7990470599556906;-0.63720703125;
13:50:41;58.0;1576158643;90.312;27.96664709844917;0.7990470599556906;-0.63720703125;
13:50:42;59.0;1576158644;90.156;27.44889598319413;0.7842541709484038;-0.62744140625;
13:50:43;60.0;1576158645;89.982;27.44889598319413;0.7842541709484038;-0.62744140625;
13:50:44;61.0;1576158646;90.02;27.190020425566612;0.7768577264447604;-0.62255859375;
13:50:46;63.0;1576158647;89.769;27.70777154082165;0.7916506154520472;-0.63232421875;
13:50:47;64.0;1576158648;89.827;27.96664709844917;0.7990470599556906;-0.63720703125;
13:50:48;65.0;1576158649;89.865;27.96664709844917;0.7990470599556906;-0.63720703125;
13:50:49;66.0;1576158650;89.653;27.96664709844917;0.7990470599556906;-0.63720703125;
13:50:50;67.0;1576158651;90.04;26.542831531497814;0.7583666151856518;-0.6103515625;
13:50:51;68.0;1576158652;89.962;27.44889598319413;0.7842541709484038;-0.62744140625;
13:50:52;69.0;1576158653;89.711;27.44889598319413;0.7842541709484038;-0.62744140625;
13:50:53;70.0;1576158654;89.962;28.225522656076688;0.806443504459334;-0.64208984375;
13:50:54;71.0;1576158655;89.788;27.96664709844917;0.7990470599556906;-0.63720703125;
13:50:55;72.0;1576158656;89.807;28.096084877262925;0.8027452822075122;-0.6396484375;
13:50:56;73.0;1576158657;90.156;27.837209319635406;0.7953488377038688;-0.634765625;
13:50:57;74.0;1576158658;90.098;28.484398213704207;0.8138399489629773;-0.64697265625;
13:50:58;75.0;1576158659;90.195;27.44889598319413;0.7842541709484038;-0.62744140625;
13:50:59;76.0;1576158660;90.254;27.190020425566612;0.7768577264447604;-0.62255859375;
13:51:00;77.0;1576158661;90.118;28.096084877262925;0.8027452822075122;-0.6396484375;
13:51:01;78.0;1576158662;89.982;27.96664709844917;0.7990470599556906;-0.63720703125;
13:51:02;79.0;1576158663;89.943;28.354960434890444;0.8101417267111556;-0.64453125;
13:51:03;80.0;1576158664;90.098;28.096084877262925;0.8027452822075122;-0.6396484375;
13:51:05;82.0;1576158665;89.614;27.837209319635406;0.7953488377038688;-0.634765625;
13:51:06;83.0;1576158667;89.711;27.060582646752852;0.7731595041929387;-0.6201171875;
13:51:07;84.0;1576158668;89.479;29.131587107773004;0.8323310602220858;-0.6591796875;
13:51:08;85.0;1576158669;89.517;27.060582646752852;0.7731595041929387;-0.6201171875;
13:51:09;86.0;1576158670;89.672;27.70777154082165;0.7916506154520472;-0.63232421875;
13:51:10;87.0;1576158671;89.286;27.70777154082165;0.7916506154520472;-0.63232421875;
13:51:11;88.0;1576158672;89.633;28.225522656076688;0.806443504459334;-0.64208984375;
13:51:12;89.0;1576158673;89.788;28.484398213704207;0.8138399489629773;-0.64697265625;
13:51:13;90.0;1576158674;89.846;27.70777154082165;0.7916506154520472;-0.63232421875;
13:51:14;91.0;1576158675;90.234;27.70777154082165;0.7916506154520472;-0.63232421875;
13:51:15;92.0;1576158676;90.156;27.70777154082165;0.7916506154520472;-0.63232421875;
13:51:16;93.0;1576158677;90.215;30.037651559469317;0.8582186159848376;-0.67626953125;
13:51:17;94.0;1576158678;90.195;29.519900444214283;0.8434257269775509;-0.66650390625;
13:51:18;95.0;1576158679;90.176;27.319458204380375;0.7805559486965822;-0.625;
13:51:19;96.0;1576158680;90.137;26.931144867939093;0.769461281941117;-0.61767578125;
13:51:20;97.0;1576158681;89.885;27.319458204380375;0.7805559486965822;-0.625;
13:51:21;98.0;1576158682;89.904;27.96664709844917;0.7990470599556906;-0.63720703125;
13:51:22;99.0;1576158683;89.788;27.44889598319413;0.7842541709484038;-0.62744140625;
13:51:23;100.0;1576158684;89.575;27.44889598319413;0.7842541709484038;-0.62744140625;
13:51:24;101.0;1576158685;89.614;27.190020425566612;0.7768577264447604;-0.62255859375;
13:51:25;102.0;1576158686;89.633;27.44889598319413;0.7842541709484038;-0.62744140625;
13:51:26;103.0;1576158687;89.421;28.096084877262925;0.8027452822075122;-0.6396484375;
13:51:27;104.0;1576158688;89.421;27.70777154082165;0.7916506154520472;-0.63232421875;
13:51:28;105.0;1576158689;89.769;27.70777154082165;0.7916506154520472;-0.63232421875;
13:51:29;106.0;1576158690;89.517;26.672269310311574;0.7620648374374736;-0.61279296875;
13:51:30;107.0;1576158691;89.846;27.837209319635406;0.7953488377038688;-0.634765625;
13:51:31;108.0;1576158692;89.788;27.319458204380375;0.7805559486965822;-0.625;
13:51:32;109.0;1576158693;89.267;26.931144867939093;0.769461281941117;-0.61767578125;
13:51:33;110.0;1576158694;89.267;26.025080416242776;0.743573726178365;-0.6005859375;
13:51:34;111.0;1576158695;89.113;27.70777154082165;0.7916506154520472;-0.63232421875;
13:51:35;112.0;1576158696;89.132;27.837209319635406;0.7953488377038688;-0.634765625;
13:51:36;113.0;1576158697;89.286;27.70777154082165;0.7916506154520472;-0.63232421875;
13:51:37;114.0;1576158698;89.691;27.060582646752852;0.7731595041929387;-0.6201171875;
13:51:38;115.0;1576158699;89.885;27.70777154082165;0.7916506154520472;-0.63232421875;
13:51:39;116.0;1576158700;89.904;27.060582646752852;0.7731595041929387;-0.6201171875;
13:51:40;117.0;1576158701;89.73;27.44889598319413;0.7842541709484038;-0.62744140625;
13:51:41;118.0;1576158702;89.421;27.837209319635406;0.7953488377038688;-0.634765625;
13:51:42;119.0;1576158703;89.036;23.695200397595105;0.6770057256455745;-0.556640625;
13:51:43;120.0;1576158704;89.075;27.319458204380375;0.7805559486965822;-0.625;
13:51:44;121.0;1576158706;89.248;27.70777154082165;0.7916506154520472;-0.63232421875;
13:51:45;122.0;1576158707;89.19;28.096084877262925;0.8027452822075122;-0.6396484375;
13:51:46;123.0;1576158708;89.575;27.96664709844917;0.7990470599556906;-0.63720703125;
13:51:47;124.0;1576158709;89.325;27.96664709844917;0.7990470599556906;-0.63720703125;
13:51:48;125.0;1576158710;89.113;28.484398213704207;0.8138399489629773;-0.64697265625;
13:51:49;126.0;1576158711;89.094;27.70777154082165;0.7916506154520472;-0.63232421875;
13:51:51;128.0;1576158712;88.864;27.060582646752852;0.7731595041929387;-0.6201171875;
13:51:52;129.0;1576158713;89.113;26.283955973870295;0.7509701706820084;-0.60546875;
13:51:53;130.0;1576158714;89.382;28.743273771331726;0.8212363934666207;-0.65185546875;
13:51:54;131.0;1576158715;89.807;27.190020425566612;0.7768577264447604;-0.62255859375;
13:51:55;132.0;1576158716;90.079;27.060582646752852;0.7731595041929387;-0.6201171875;
13:51:56;133.0;1576158717;89.711;27.96664709844917;0.7990470599556906;-0.63720703125;
13:51:57;134.0;1576158718;89.46;27.578333762007887;0.7879523932002254;-0.6298828125;
13:51:58;135.0;1576158719;89.017;27.319458204380375;0.7805559486965822;-0.625;
13:51:59;136.0;1576158720;88.826;27.44889598319413;0.7842541709484038;-0.62744140625;
13:52:00;137.0;1576158721;89.152;27.44889598319413;0.7842541709484038;-0.62744140625;
13:52:01;138.0;1576158722;89.382;28.484398213704207;0.8138399489629773;-0.64697265625;
13:52:02;139.0;1576158723;89.056;27.44889598319413;0.7842541709484038;-0.62744140625;
13:52:04;141.0;1576158724;88.902;27.96664709844917;0.7990470599556906;-0.63720703125;
13:52:05;142.0;1576158726;88.941;27.837209319635406;0.7953488377038688;-0.634765625;
13:52:06;143.0;1576158727;89.517;27.96664709844917;0.7990470599556906;-0.63720703125;
13:52:07;144.0;1576158728;89.517;30.29652711709684;0.8656150604884811;-0.68115234375;
13:52:08;145.0;1576158729;89.653;27.44889598319413;0.7842541709484038;-0.62744140625;
13:52:09;146.0;1576158730;89.614;27.44889598319413;0.7842541709484038;-0.62744140625;
13:52:10;147.0;1576158731;89.556;27.837209319635406;0.7953488377038688;-0.634765625;
13:52:11;148.0;1576158732;89.537;26.931144867939093;0.769461281941117;-0.61767578125;
13:52:12;149.0;1576158733;89.286;27.44889598319413;0.7842541709484038;-0.62744140625;
13:52:13;150.0;1576158734;89.286;27.837209319635406;0.7953488377038688;-0.634765625;
13:52:14;151.0;1576158735;89.056;27.44889598319413;0.7842541709484038;-0.62744140625;
13:52:15;152.0;1576158736;88.711;26.542831531497814;0.7583666151856518;-0.6103515625;
13:52:16;153.0;1576158737;88.807;27.44889598319413;0.7842541709484038;-0.62744140625;
13:52:17;154.0;1576158738;88.616;27.44889598319413;0.7842541709484038;-0.62744140625;
13:52:18;155.0;1576158739;88.673;27.96664709844917;0.7990470599556906;-0.63720703125;
13:52:19;156.0;1576158740;89.19;27.060582646752852;0.7731595041929387;-0.6201171875;
13:52:20;157.0;1576158741;89.171;27.96664709844917;0.7990470599556906;-0.63720703125;
13:52:21;158.0;1576158742;88.998;27.578333762007887;0.7879523932002254;-0.6298828125;
13:52:22;159.0;1576158743;89.229;27.44889598319413;0.7842541709484038;-0.62744140625;
13:52:23;160.0;1576158744;88.902;27.837209319635406;0.7953488377038688;-0.634765625;
13:52:24;161.0;1576158745;88.922;27.70777154082165;0.7916506154520472;-0.63232421875;
13:52:25;162.0;1576158746;88.941;27.96664709844917;0.7990470599556906;-0.63720703125;
13:52:26;163.0;1576158747;89.113;27.96664709844917;0.7990470599556906;-0.63720703125;
13:52:27;164.0;1576158748;89.094;28.096084877262925;0.8027452822075122;-0.6396484375;
13:52:28;165.0;1576158749;89.325;28.096084877262925;0.8027452822075122;-0.6396484375;
13:52:29;166.0;1576158750;89.653;27.96664709844917;0.7990470599556906;-0.63720703125;
13:52:30;167.0;1576158751;89.44;26.154518195056536;0.7472719484301867;-0.60302734375;
13:52:31;168.0;1576158753;89.46;27.96664709844917;0.7990470599556906;-0.63720703125;
13:52:32;169.0;1576158754;89.363;27.319458204380375;0.7805559486965822;-0.625;
13:52:33;170.0;1576158755;89.325;27.44889598319413;0.7842541709484038;-0.62744140625;
13:52:34;171.0;1576158756;89.19;27.44889598319413;0.7842541709484038;-0.62744140625;
13:52:35;172.0;1576158757;89.344;28.872711550145485;0.8249346157184424;-0.654296875;
13:52:36;173.0;1576158758;89.421;27.319458204380375;0.7805559486965822;-0.625;
13:52:37;174.0;1576158759;89.286;27.70777154082165;0.7916506154520472;-0.63232421875;
13:52:38;175.0;1576158760;89.421;28.096084877262925;0.8027452822075122;-0.6396484375;
13:52:39;176.0;1576158761;89.209;28.225522656076688;0.806443504459334;-0.64208984375;
13:52:40;177.0;1576158762;89.325;27.44889598319413;0.7842541709484038;-0.62744140625;
13:52:41;178.0;1576158763;89.325;28.096084877262925;0.8027452822075122;-0.6396484375;
13:52:42;179.0;1576158764;89.286;27.837209319635406;0.7953488377038688;-0.634765625;
13:52:43;180.0;1576158765;89.517;27.70777154082165;0.7916506154520472;-0.63232421875;
13:52:44;181.0;1576158766;89.171;28.225522656076688;0.806443504459334;-0.64208984375;
13:52:45;182.0;1576158767;89.325;27.319458204380375;0.7805559486965822;-0.625;
13:52:46;183.0;1576158768;89.19;27.70777154082165;0.7916506154520472;-0.63232421875;
13:52:47;184.0;1576158769;89.152;28.225522656076688;0.806443504459334;-0.64208984375;
13:52:48;185.0;1576158770;89.382;27.837209319635406;0.7953488377038688;-0.634765625;
13:52:49;186.0;1576158771;89.209;28.872711550145485;0.8249346157184424;-0.654296875;
13:52:50;187.0;1576158772;89.363;25.766204858615257;0.7361772816747216;-0.595703125;
13:52:51;188.0;1576158773;89.344;27.319458204380375;0.7805559486965822;-0.625;
13:52:52;189.0;1576158774;89.132;27.837209319635406;0.7953488377038688;-0.634765625;
13:52:53;190.0;1576158775;89.363;27.319458204380375;0.7805559486965822;-0.625;
13:52:55;192.0;1576158776;89.171;27.44889598319413;0.7842541709484038;-0.62744140625;
13:52:56;193.0;1576158777;89.017;27.578333762007887;0.7879523932002254;-0.6298828125;
13:52:57;194.0;1576158778;89.248;27.578333762007887;0.7879523932002254;-0.6298828125;
13:52:58;195.0;1576158779;89.248;27.70777154082165;0.7916506154520472;-0.63232421875;
13:52:59;196.0;1576158780;89.113;28.225522656076688;0.806443504459334;-0.64208984375;
13:53:00;197.0;1576158781;89.171;27.96664709844917;0.7990470599556906;-0.63720703125;
13:53:01;198.0;1576158782;88.768;29.002149328959245;0.8286328379702641;-0.65673828125;
13:53:02;199.0;1576158783;88.33;27.578333762007887;0.7879523932002254;-0.6298828125;
13:53:03;200.0;1576158783;88.482;28.225522656076688;0.806443504459334;-0.64208984375;
13:53:04;201.0;1576158785;88.444;27.44889598319413;0.7842541709484038;-0.62744140625;
13:53:05;202.0;1576158786;88.311;28.743273771331726;0.8212363934666207;-0.65185546875;
13:53:06;203.0;1576158787;88.368;29.002149328959245;0.8286328379702641;-0.65673828125;
13:53:07;204.0;1576158788;88.159;28.354960434890444;0.8101417267111556;-0.64453125;
13:53:08;205.0;1576158789;88.102;27.96664709844917;0.7990470599556906;-0.63720703125;
13:53:09;206.0;1576158790;88.597;27.96664709844917;0.7990470599556906;-0.63720703125;
13:53:10;207.0;1576158791;88.941;28.096084877262925;0.8027452822075122;-0.6396484375;
13:53:11;208.0;1576158792;88.979;27.44889598319413;0.7842541709484038;-0.62744140625;
13:53:12;209.0;1576158793;89.017;27.44889598319413;0.7842541709484038;-0.62744140625;
13:53:13;210.0;1576158794;88.635;27.190020425566612;0.7768577264447604;-0.62255859375;
13:53:14;211.0;1576158795;88.216;29.131587107773004;0.8323310602220858;-0.6591796875;
13:53:15;212.0;1576158796;88.406;27.837209319635406;0.7953488377038688;-0.634765625;
13:53:16;213.0;1576158797;88.254;27.96664709844917;0.7990470599556906;-0.63720703125;
13:53:17;214.0;1576158798;88.482;9999.0;9999.0;9999.0;
13:53:18;215.0;1576158799;88.711;27.96664709844917;0.7990470599556906;-0.63720703125;
13:53:19;216.0;1576158800;88.33;28.613835992517963;0.817538171214799;-0.6494140625;
13:53:20;217.0;1576158801;88.368;28.225522656076688;0.806443504459334;-0.64208984375;
13:53:21;218.0;1576158802;88.197;27.44889598319413;0.7842541709484038;-0.62744140625;
13:53:22;219.0;1576158803;88.197;28.354960434890444;0.8101417267111556;-0.64453125;
13:53:23;220.0;1576158804;88.558;27.837209319635406;0.7953488377038688;-0.634765625;
13:53:24;221.0;1576158805;88.845;27.190020425566612;0.7768577264447604;-0.62255859375;
13:53:25;222.0;1576158806;88.998;27.578333762007887;0.7879523932002254;-0.6298828125;
13:53:26;223.0;1576158807;89.017;27.44889598319413;0.7842541709484038;-0.62744140625;
13:53:27;224.0;1576158808;89.229;26.931144867939093;0.769461281941117;-0.61767578125;
13:53:28;225.0;1576158809;88.883;27.060582646752852;0.7731595041929387;-0.6201171875;
13:53:29;226.0;1576158810;88.692;28.096084877262925;0.8027452822075122;-0.6396484375;
13:53:30;227.0;1576158811;88.482;27.70777154082165;0.7916506154520472;-0.63232421875;
13:53:31;228.0;1576158812;88.121;27.70777154082165;0.7916506154520472;-0.63232421875;
13:53:32;229.0;1576158813;88.14;27.190020425566612;0.7768577264447604;-0.62255859375;
13:53:33;230.0;1576158814;88.349;28.484398213704207;0.8138399489629773;-0.64697265625;
13:53:34;231.0;1576158815;88.577;26.801707089125333;0.7657630596892953;-0.615234375;
13:53:35;232.0;1576158816;89.017;28.484398213704207;0.8138399489629773;-0.64697265625;
13:53:36;233.0;1576158818;89.171;27.44889598319413;0.7842541709484038;-0.62744140625;
13:53:37;234.0;1576158819;88.922;27.44889598319413;0.7842541709484038;-0.62744140625;
13:53:38;235.0;1576158820;89.305;27.70777154082165;0.7916506154520472;-0.63232421875;
13:53:39;236.0;1576158821;88.998;27.578333762007887;0.7879523932002254;-0.6298828125;
13:53:40;237.0;1576158822;89.017;27.319458204380375;0.7805559486965822;-0.625;
13:53:41;238.0;1576158823;89.113;27.70777154082165;0.7916506154520472;-0.63232421875;
13:53:42;239.0;1576158824;88.692;27.44889598319413;0.7842541709484038;-0.62744140625;
13:53:43;240.0;1576158825;88.501;27.44889598319413;0.7842541709484038;-0.62744140625;
13:53:44;241.0;1576158826;88.444;27.190020425566612;0.7768577264447604;-0.62255859375;
13:53:45;242.0;1576158827;88.444;32.367531578116996;0.9247866165176285;-0.72021484375;
13:53:46;243.0;1576158828;88.121;27.578333762007887;0.7879523932002254;-0.6298828125;
13:53:47;244.0;1576158829;88.368;28.096084877262925;0.8027452822075122;-0.6396484375;
13:53:48;245.0;1576158830;88.216;27.96664709844917;0.7990470599556906;-0.63720703125;
13:53:49;246.0;1576158831;88.197;26.413393752684055;0.7546683929338301;-0.60791015625;
13:53:50;247.0;1576158832;88.33;27.44889598319413;0.7842541709484038;-0.62744140625;
13:53:51;248.0;1576158833;88.102;24.86014040691894;0.7102897259119697;-0.57861328125;
13:53:52;249.0;1576158834;87.951;25.636767079801498;0.7324790594228999;-0.59326171875;
13:53:53;250.0;1576158835;87.951;27.44889598319413;0.7842541709484038;-0.62744140625;
13:53:54;251.0;1576158836;87.951;27.70777154082165;0.7916506154520472;-0.63232421875;
13:53:55;252.0;1576158837;88.159;28.354960434890444;0.8101417267111556;-0.64453125;
13:53:56;253.0;1576158838;88.33;27.837209319635406;0.7953488377038688;-0.634765625;
13:53:57;254.0;1576158839;88.463;28.096084877262925;0.8027452822075122;-0.6396484375;
13:53:59;256.0;1576158840;88.463;25.507329300987738;0.7287808371710782;-0.5908203125;
13:54:00;257.0;1576158841;88.368;27.70777154082165;0.7916506154520472;-0.63232421875;
13:54:01;258.0;1576158842;88.52;27.578333762007887;0.7879523932002254;-0.6298828125;
13:54:02;259.0;1576158842;88.539;27.578333762007887;0.7879523932002254;-0.6298828125;
13:54:03;260.0;1576158844;88.52;27.96664709844917;0.7990470599556906;-0.63720703125;
13:54:04;261.0;1576158845;88.577;27.96664709844917;0.7990470599556906;-0.63720703125;
13:54:05;262.0;1576158846;88.635;27.44889598319413;0.7842541709484038;-0.62744140625;
13:54:06;263.0;1576158847;88.616;27.96664709844917;0.7990470599556906;-0.63720703125;
13:54:07;264.0;1576158848;88.864;27.70777154082165;0.7916506154520472;-0.63232421875;
13:54:08;265.0;1576158849;88.673;27.060582646752852;0.7731595041929387;-0.6201171875;
13:54:09;266.0;1576158850;88.501;28.354960434890444;0.8101417267111556;-0.64453125;
13:54:10;267.0;1576158851;88.33;27.96664709844917;0.7990470599556906;-0.63720703125;
13:54:11;268.0;1576158852;88.159;27.44889598319413;0.7842541709484038;-0.62744140625;
13:54:12;269.0;1576158853;88.387;27.96664709844917;0.7990470599556906;-0.63720703125;
13:54:13;270.0;1576158854;88.711;27.70777154082165;0.7916506154520472;-0.63232421875;
13:54:14;271.0;1576158855;88.73;27.96664709844917;0.7990470599556906;-0.63720703125;
13:54:15;272.0;1576158856;88.673;29.131587107773004;0.8323310602220858;-0.6591796875;
13:54:16;273.0;1576158857;88.482;27.70777154082165;0.7916506154520472;-0.63232421875;
13:54:17;274.0;1576158858;88.33;26.931144867939093;0.769461281941117;-0.61767578125;
13:54:18;275.0;1576158859;88.425;28.225522656076688;0.806443504459334;-0.64208984375;
13:54:19;276.0;1576158860;88.273;28.096084877262925;0.8027452822075122;-0.6396484375;
13:54:20;277.0;1576158861;88.482;27.44889598319413;0.7842541709484038;-0.62744140625;
13:54:21;278.0;1576158862;88.273;27.44889598319413;0.7842541709484038;-0.62744140625;
13:54:22;279.0;1576158863;87.951;28.743273771331726;0.8212363934666207;-0.65185546875;
13:54:23;280.0;1576158864;88.311;30.68484045353812;0.8767097272439462;-0.6884765625;
13:54:24;281.0;1576158865;88.254;27.578333762007887;0.7879523932002254;-0.6298828125;
13:54:25;282.0;1576158866;88.254;27.837209319635406;0.7953488377038688;-0.634765625;
13:54:26;283.0;1576158867;88.692;27.837209319635406;0.7953488377038688;-0.634765625;
13:54:27;284.0;1576158868;88.692;28.484398213704207;0.8138399489629773;-0.64697265625;
13:54:28;285.0;1576158869;88.539;27.44889598319413;0.7842541709484038;-0.62744140625;
13:54:29;286.0;1576158870;88.577;27.96664709844917;0.7990470599556906;-0.63720703125;
13:54:30;287.0;1576158871;88.311;28.225522656076688;0.806443504459334;-0.64208984375;
13:54:31;288.0;1576158872;88.102;28.225522656076688;0.806443504459334;-0.64208984375;
13:54:32;289.0;1576158873;88.121;26.283955973870295;0.7509701706820084;-0.60546875;
13:54:33;290.0;1576158874;87.932;32.62640713574451;0.9321830610212717;-0.72509765625;
13:54:34;291.0;1576158875;87.969;28.484398213704207;0.8138399489629773;-0.64697265625;
13:54:35;292.0;1576158876;88.026;27.44889598319413;0.7842541709484038;-0.62744140625;
13:54:36;293.0;1576158877;88.007;28.225522656076688;0.806443504459334;-0.64208984375;
13:54:37;294.0;1576158878;88.349;27.060582646752852;0.7731595041929387;-0.6201171875;
13:54:38;295.0;1576158879;88.52;27.44889598319413;0.7842541709484038;-0.62744140625;
13:54:39;296.0;1576158880;88.635;25.11901596454646;0.7176861704156131;-0.58349609375;
13:54:40;297.0;1576158881;88.577;27.96664709844917;0.7990470599556906;-0.63720703125;
13:54:41;298.0;1576158882;88.368;27.578333762007887;0.7879523932002254;-0.6298828125;
13:54:42;299.0;1576158883;88.368;27.70777154082165;0.7916506154520472;-0.63232421875;
13:54:43;300.0;1576158884;88.026;29.131587107773004;0.8323310602220858;-0.6591796875;
13:54:44;301.0;1576158885;87.932;28.354960434890444;0.8101417267111556;-0.64453125;
13:54:45;302.0;1576158886;87.762;27.319458204380375;0.7805559486965822;-0.625;
13:54:46;303.0;1576158887;87.743;27.44889598319413;0.7842541709484038;-0.62744140625;
13:54:47;304.0;1576158888;88.102;27.837209319635406;0.7953488377038688;-0.634765625;
13:54:48;305.0;1576158889;88.121;23.695200397595105;0.6770057256455745;-0.556640625;
13:54:49;306.0;1576158890;88.083;27.70777154082165;0.7916506154520472;-0.63232421875;
13:54:50;307.0;1576158891;87.913;27.96664709844917;0.7990470599556906;-0.63720703125;
13:54:51;308.0;1576158892;87.951;27.837209319635406;0.7953488377038688;-0.634765625;
13:54:52;309.0;1576158893;87.951;27.96664709844917;0.7990470599556906;-0.63720703125;
13:54:53;310.0;1576158894;87.78;33.40303380862707;0.954372394532202;-0.73974609375;
13:54:54;311.0;1576158895;87.686;27.578333762007887;0.7879523932002254;-0.6298828125;
13:54:55;312.0;1576158897;87.328;27.319458204380375;0.7805559486965822;-0.625;
13:54:56;313.0;1576158898;87.479;26.025080416242776;0.743573726178365;-0.6005859375;
13:54:57;314.0;1576158899;87.667;28.096084877262925;0.8027452822075122;-0.6396484375;
13:54:58;315.0;1576158900;87.611;27.837209319635406;0.7953488377038688;-0.634765625;
13:55:00;317.0;1576158901;87.535;27.319458204380375;0.7805559486965822;-0.625;
13:55:01;318.0;1576158903;87.554;27.44889598319413;0.7842541709484038;-0.62744140625;
13:55:03;320.0;1576158904;87.667;27.44889598319413;0.7842541709484038;-0.62744140625;
13:55:04;321.0;1576158905;87.441;27.190020425566612;0.7768577264447604;-0.62255859375;
13:55:05;322.0;1576158906;87.479;27.44889598319413;0.7842541709484038;-0.62744140625;
13:55:06;323.0;1576158907;87.272;27.96664709844917;0.7990470599556906;-0.63720703125;
13:55:07;324.0;1576158908;86.954;27.96664709844917;0.7990470599556906;-0.63720703125;
13:55:08;325.0;1576158909;87.291;27.44889598319413;0.7842541709484038;-0.62744140625;
13:55:09;326.0;1576158910;87.291;27.70777154082165;0.7916506154520472;-0.63232421875;
13:55:10;327.0;1576158911;87.516;27.70777154082165;0.7916506154520472;-0.63232421875;
13:55:11;328.0;1576158912;87.535;27.44889598319413;0.7842541709484038;-0.62744140625;
13:55:12;329.0;1576158913;87.197;27.96664709844917;0.7990470599556906;-0.63720703125;
13:55:13;330.0;1576158914;87.16;27.837209319635406;0.7953488377038688;-0.634765625;
13:55:14;331.0;1576158915;87.01;28.484398213704207;0.8138399489629773;-0.64697265625;
13:55:15;332.0;1576158916;87.366;27.319458204380375;0.7805559486965822;-0.625;
13:55:16;333.0;1576158917;87.629;22.53026038827127;0.6437217253791792;-0.53466796875;
13:55:17;334.0;1576158918;87.479;26.025080416242776;0.743573726178365;-0.6005859375;
13:55:18;335.0;1576158919;87.799;27.70777154082165;0.7916506154520472;-0.63232421875;
13:55:19;336.0;1576158920;87.762;27.060582646752852;0.7731595041929387;-0.6201171875;
13:55:20;337.0;1576158921;87.875;28.225522656076688;0.806443504459334;-0.64208984375;
13:55:21;338.0;1576158922;87.894;30.037651559469317;0.8582186159848376;-0.67626953125;
13:55:22;339.0;1576158923;87.724;29.519900444214283;0.8434257269775509;-0.66650390625;
13:55:23;340.0;1576158924;87.611;27.319458204380375;0.7805559486965822;-0.625;
13:55:24;341.0;1576158925;87.667;27.44889598319413;0.7842541709484038;-0.62744140625;
13:55:25;342.0;1576158926;87.799;28.096084877262925;0.8027452822075122;-0.6396484375;
13:55:26;343.0;1576158927;87.762;27.190020425566612;0.7768577264447604;-0.62255859375;
13:55:27;344.0;1576158928;87.724;26.154518195056536;0.7472719484301867;-0.60302734375;
13:55:28;345.0;1576158929;87.554;26.283955973870295;0.7509701706820084;-0.60546875;
13:55:29;346.0;1576158930;87.46;28.096084877262925;0.8027452822075122;-0.6396484375;
13:55:30;347.0;1576158931;87.535;27.96664709844917;0.7990470599556906;-0.63720703125;
13:55:31;348.0;1576158932;87.516;27.96664709844917;0.7990470599556906;-0.63720703125;
13:55:32;349.0;1576158933;87.498;26.283955973870295;0.7509701706820084;-0.60546875;
13:55:33;350.0;1576158934;87.441;28.354960434890444;0.8101417267111556;-0.64453125;
13:55:34;351.0;1576158935;87.573;9999.0;9999.0;9999.0;
13:55:35;352.0;1576158936;87.592;27.44889598319413;0.7842541709484038;-0.62744140625;
13:55:36;353.0;1576158937;87.932;27.44889598319413;0.7842541709484038;-0.62744140625;
13:55:37;354.0;1576158938;88.064;28.354960434890444;0.8101417267111556;-0.64453125;
13:55:38;355.0;1576158939;87.875;27.578333762007887;0.7879523932002254;-0.6298828125;
13:55:39;356.0;1576158940;87.875;27.837209319635406;0.7953488377038688;-0.634765625;
13:55:40;357.0;1576158941;87.724;30.037651559469317;0.8582186159848376;-0.67626953125;
13:55:41;358.0;1576158942;87.837;28.096084877262925;0.8027452822075122;-0.6396484375;
13:55:42;359.0;1576158944;87.705;27.96664709844917;0.7990470599556906;-0.63720703125;
13:55:43;360.0;1576158945;87.894;28.225522656076688;0.806443504459334;-0.64208984375;
13:55:44;361.0;1576158946;87.648;26.154518195056536;0.7472719484301867;-0.60302734375;
13:55:45;362.0;1576158947;87.235;29.261024886586764;0.8360292824739075;-0.66162109375;
13:55:46;363.0;1576158948;87.347;28.225522656076688;0.806443504459334;-0.64208984375;
13:55:47;364.0;1576158949;87.122;27.837209319635406;0.7953488377038688;-0.634765625;
13:55:48;365.0;1576158950;87.122;27.96664709844917;0.7990470599556906;-0.63720703125;
13:55:49;366.0;1576158951;87.291;28.613835992517963;0.817538171214799;-0.6494140625;
13:55:50;367.0;1576158952;87.16;27.837209319635406;0.7953488377038688;-0.634765625;
13:55:51;368.0;1576158953;87.066;27.837209319635406;0.7953488377038688;-0.634765625;
13:55:52;369.0;1576158954;86.879;28.096084877262925;0.8027452822075122;-0.6396484375;
13:55:53;370.0;1576158955;87.066;28.096084877262925;0.8027452822075122;-0.6396484375;
13:55:54;371.0;1576158956;87.648;27.96664709844917;0.7990470599556906;-0.63720703125;
13:55:55;372.0;1576158957;87.667;27.70777154082165;0.7916506154520472;-0.63232421875;
13:55:56;373.0;1576158958;87.875;27.837209319635406;0.7953488377038688;-0.634765625;
13:55:57;374.0;1576158959;87.724;28.354960434890444;0.8101417267111556;-0.64453125;
13:55:58;375.0;1576158960;87.01;27.70777154082165;0.7916506154520472;-0.63232421875;
13:55:59;376.0;1576158960;87.066;27.70777154082165;0.7916506154520472;-0.63232421875;
13:56:00;377.0;1576158962;87.197;27.190020425566612;0.7768577264447604;-0.62255859375;
13:56:01;378.0;1576158963;87.047;28.096084877262925;0.8027452822075122;-0.6396484375;
13:56:02;379.0;1576158964;87.122;27.70777154082165;0.7916506154520472;-0.63232421875;
13:56:03;380.0;1576158965;87.328;26.931144867939093;0.769461281941117;-0.61767578125;
13:56:04;381.0;1576158966;87.253;27.96664709844917;0.7990470599556906;-0.63720703125;
13:56:05;382.0;1576158967;87.404;27.70777154082165;0.7916506154520472;-0.63232421875;
13:56:07;384.0;1576158968;87.611;28.225522656076688;0.806443504459334;-0.64208984375;
13:56:08;385.0;1576158969;87.686;27.060582646752852;0.7731595041929387;-0.6201171875;
13:56:09;386.0;1576158970;87.46;29.002149328959245;0.8286328379702641;-0.65673828125;
13:56:10;387.0;1576158971;87.422;27.319458204380375;0.7805559486965822;-0.625;
13:56:11;388.0;1576158972;87.272;27.44889598319413;0.7842541709484038;-0.62744140625;
13:56:12;389.0;1576158973;86.898;27.837209319635406;0.7953488377038688;-0.634765625;
13:56:13;390.0;1576158974;86.767;28.354960434890444;0.8101417267111556;-0.64453125;
13:56:14;391.0;1576158975;86.376;27.837209319635406;0.7953488377038688;-0.634765625;
13:56:15;392.0;1576158976;86.191;28.354960434890444;0.8101417267111556;-0.64453125;
13:56:16;393.0;1576158977;86.191;27.578333762007887;0.7879523932002254;-0.6298828125;
13:56:17;394.0;1576158978;86.525;27.96664709844917;0.7990470599556906;-0.63720703125;
13:56:18;395.0;1576158979;86.916;28.872711550145485;0.8249346157184424;-0.654296875;
13:56:19;396.0;1576158980;87.103;26.542831531497814;0.7583666151856518;-0.6103515625;
13:56:20;397.0;1576158981;87.235;29.002149328959245;0.8286328379702641;-0.65673828125;
13:56:21;398.0;1576158982;87.01;27.70777154082165;0.7916506154520472;-0.63232421875;
13:56:22;399.0;1576158983;87.028;28.096084877262925;0.8027452822075122;-0.6396484375;
13:56:23;400.0;1576158984;86.991;27.44889598319413;0.7842541709484038;-0.62744140625;
13:56:24;401.0;1576158985;86.804;25.507329300987738;0.7287808371710782;-0.5908203125;
13:56:25;402.0;1576158986;86.823;27.44889598319413;0.7842541709484038;-0.62744140625;
13:56:26;403.0;1576158987;86.655;26.801707089125333;0.7657630596892953;-0.615234375;
13:56:27;404.0;1576158988;86.73;27.578333762007887;0.7879523932002254;-0.6298828125;
13:56:28;405.0;1576158989;86.804;28.613835992517963;0.817538171214799;-0.6494140625;
13:56:29;406.0;1576158990;87.028;28.484398213704207;0.8138399489629773;-0.64697265625;
13:56:30;407.0;1576158991;86.954;27.96664709844917;0.7990470599556906;-0.63720703125;
13:56:31;408.0;1576158992;86.954;27.319458204380375;0.7805559486965822;-0.625;
13:56:32;409.0;1576158993;86.748;28.225522656076688;0.806443504459334;-0.64208984375;
13:56:33;410.0;1576158994;86.525;26.931144867939093;0.769461281941117;-0.61767578125;
13:56:34;411.0;1576158995;86.767;27.319458204380375;0.7805559486965822;-0.625;
13:56:35;412.0;1576158996;86.711;27.96664709844917;0.7990470599556906;-0.63720703125;
13:56:36;413.0;1576158997;86.86;25.24845374336022;0.7213843926674348;-0.5859375;
13:56:37;414.0;1576158998;87.066;27.44889598319413;0.7842541709484038;-0.62744140625;
13:56:38;415.0;1576158999;86.898;29.908213780655565;0.8545203937330161;-0.673828125;
13:56:39;416.0;1576159000;86.879;29.390462665400523;0.8397275047257292;-0.6640625;
13:56:40;417.0;1576159001;86.86;29.131587107773004;0.8323310602220858;-0.6591796875;
13:56:41;418.0;1576159002;86.655;27.319458204380375;0.7805559486965822;-0.625;
13:56:42;419.0;1576159003;86.581;27.578333762007887;0.7879523932002254;-0.6298828125;
13:56:43;420.0;1576159004;86.488;27.70777154082165;0.7916506154520472;-0.63232421875;
13:56:44;421.0;1576159005;86.692;27.44889598319413;0.7842541709484038;-0.62744140625;
13:56:45;422.0;1576159006;86.674;27.578333762007887;0.7879523932002254;-0.6298828125;
13:56:46;423.0;1576159007;86.543;27.44889598319413;0.7842541709484038;-0.62744140625;
13:56:47;424.0;1576159008;86.674;27.190020425566612;0.7768577264447604;-0.62255859375;
13:56:48;425.0;1576159009;86.525;27.44889598319413;0.7842541709484038;-0.62744140625;
13:56:49;426.0;1576159010;86.321;27.70777154082165;0.7916506154520472;-0.63232421875;
13:56:50;427.0;1576159011;86.73;28.096084877262925;0.8027452822075122;-0.6396484375;
13:56:51;428.0;1576159012;86.711;27.70777154082165;0.7916506154520472;-0.63232421875;
13:56:52;429.0;1576159014;86.339;25.507329300987738;0.7287808371710782;-0.5908203125;
13:56:53;430.0;1576159015;86.432;27.96664709844917;0.7990470599556906;-0.63720703125;
13:56:54;431.0;1576159016;86.246;27.44889598319413;0.7842541709484038;-0.62744140625;
13:56:55;432.0;1576159017;86.08;27.837209319635406;0.7953488377038688;-0.634765625;
13:56:56;433.0;1576159018;86.209;27.837209319635406;0.7953488377038688;-0.634765625;
13:56:57;434.0;1576159019;86.209;27.44889598319413;0.7842541709484038;-0.62744140625;
13:56:58;435.0;1576159019;86.006;27.96664709844917;0.7990470599556906;-0.63720703125;
13:56:59;436.0;1576159021;86.006;27.70777154082165;0.7916506154520472;-0.63232421875;
13:57:00;437.0;1576159022;86.599;28.354960434890444;0.8101417267111556;-0.64453125;
13:57:01;438.0;1576159023;86.581;27.837209319635406;0.7953488377038688;-0.634765625;
13:57:02;439.0;1576159024;86.73;27.70777154082165;0.7916506154520472;-0.63232421875;
13:57:03;440.0;1576159025;86.935;27.96664709844917;0.7990470599556906;-0.63720703125;
13:57:04;441.0;1576159026;86.562;28.484398213704207;0.8138399489629773;-0.64697265625;
13:57:05;442.0;1576159027;86.581;27.70777154082165;0.7916506154520472;-0.63232421875;
13:57:06;443.0;1576159028;86.246;27.190020425566612;0.7768577264447604;-0.62255859375;
13:57:07;444.0;1576159029;86.08;28.354960434890444;0.8101417267111556;-0.64453125;
13:57:08;445.0;1576159030;85.619;29.002149328959245;0.8286328379702641;-0.65673828125;
13:57:09;446.0;1576159031;85.784;29.649338223028042;0.8471239492293726;-0.6689453125;
13:57:11;448.0;1576159032;85.987;27.060582646752852;0.7731595041929387;-0.6201171875;
13:57:12;449.0;1576159033;86.135;27.44889598319413;0.7842541709484038;-0.62744140625;
13:57:13;450.0;1576159034;86.432;28.354960434890444;0.8101417267111556;-0.64453125;
13:57:14;451.0;1576159035;86.358;27.44889598319413;0.7842541709484038;-0.62744140625;
13:57:15;452.0;1576159036;86.692;27.96664709844917;0.7990470599556906;-0.63720703125;
13:57:16;453.0;1576159037;86.823;27.44889598319413;0.7842541709484038;-0.62744140625;
13:57:17;454.0;1576159038;86.748;26.931144867939093;0.769461281941117;-0.61767578125;
13:57:18;455.0;1576159039;86.674;27.060582646752852;0.7731595041929387;-0.6201171875;
13:57:19;456.0;1576159040;86.209;27.837209319635406;0.7953488377038688;-0.634765625;
13:57:20;457.0;1576159041;85.895;27.190020425566612;0.7768577264447604;-0.62255859375;
13:57:21;458.0;1576159042;86.339;27.319458204380375;0.7805559486965822;-0.625;
13:57:22;459.0;1576159043;86.45;27.70777154082165;0.7916506154520472;-0.63232421875;
13:57:23;460.0;1576159044;86.692;28.354960434890444;0.8101417267111556;-0.64453125;
13:57:24;461.0;1576159045;86.674;27.70777154082165;0.7916506154520472;-0.63232421875;
13:57:25;462.0;1576159046;86.135;27.578333762007887;0.7879523932002254;-0.6298828125;
13:57:26;463.0;1576159047;85.858;25.11901596454646;0.7176861704156131;-0.58349609375;
13:57:27;464.0;1576159048;85.729;27.70777154082165;0.7916506154520472;-0.63232421875;
13:57:28;465.0;1576159049;85.748;29.002149328959245;0.8286328379702641;-0.65673828125;
13:57:29;466.0;1576159050;86.061;26.672269310311574;0.7620648374374736;-0.61279296875;
13:57:30;467.0;1576159051;86.376;27.578333762007887;0.7879523932002254;-0.6298828125;
13:57:31;468.0;1576159052;86.358;30.425964895910603;0.869313282740303;-0.68359375;
13:57:32;469.0;1576159053;86.339;27.837209319635406;0.7953488377038688;-0.634765625;
13:57:33;470.0;1576159054;86.024;27.190020425566612;0.7768577264447604;-0.62255859375;
13:57:34;471.0;1576159055;86.191;28.743273771331726;0.8212363934666207;-0.65185546875;
13:57:35;472.0;1576159056;86.358;27.44889598319413;0.7842541709484038;-0.62744140625;
13:57:36;473.0;1576159057;86.172;27.44889598319413;0.7842541709484038;-0.62744140625;
13:57:37;474.0;1576159058;86.506;28.613835992517963;0.817538171214799;-0.6494140625;
13:57:38;475.0;1576159059;86.283;28.096084877262925;0.8027452822075122;-0.6396484375;
13:57:39;476.0;1576159060;86.154;27.190020425566612;0.7768577264447604;-0.62255859375;
13:57:40;477.0;1576159061;86.154;28.096084877262925;0.8027452822075122;-0.6396484375;
13:57:41;478.0;1576159062;86.154;28.096084877262925;0.8027452822075122;-0.6396484375;
13:57:42;479.0;1576159063;86.043;28.225522656076688;0.806443504459334;-0.64208984375;
13:57:43;480.0;1576159064;86.061;25.895642637429017;0.7398755039265433;-0.59814453125;
13:57:44;481.0;1576159065;86.265;28.484398213704207;0.8138399489629773;-0.64697265625;
13:57:45;482.0;1576159066;85.95;28.613835992517963;0.817538171214799;-0.6494140625;
13:57:46;483.0;1576159067;85.711;27.44889598319413;0.7842541709484038;-0.62744140625;
13:57:47;484.0;1576159068;85.858;27.44889598319413;0.7842541709484038;-0.62744140625;
13:57:48;485.0;1576159069;85.656;27.190020425566612;0.7768577264447604;-0.62255859375;
13:57:49;486.0;1576159070;85.656;27.96664709844917;0.7990470599556906;-0.63720703125;
13:57:50;487.0;1576159071;85.692;28.613835992517963;0.817538171214799;-0.6494140625;
13:57:51;488.0;1576159072;85.527;27.70777154082165;0.7916506154520472;-0.63232421875;
13:57:52;489.0;1576159073;85.729;27.96664709844917;0.7990470599556906;-0.63720703125;
13:57:53;490.0;1576159074;85.895;27.70777154082165;0.7916506154520472;-0.63232421875;
13:57:54;491.0;1576159075;86.117;27.44889598319413;0.7842541709484038;-0.62744140625;
13:57:55;492.0;1576159076;86.043;26.801707089125333;0.7657630596892953;-0.615234375;
13:57:56;493.0;1576159077;85.895;27.70777154082165;0.7916506154520472;-0.63232421875;
13:57:57;494.0;1576159078;85.858;28.096084877262925;0.8027452822075122;-0.6396484375;
13:57:58;495.0;1576159079;85.784;27.837209319635406;0.7953488377038688;-0.634765625;
13:57:59;496.0;1576159080;85.877;27.96664709844917;0.7990470599556906;-0.63720703125;
13:58:00;497.0;1576159081;85.895;26.672269310311574;0.7620648374374736;-0.61279296875;
13:58:01;498.0;1576159082;86.043;27.837209319635406;0.7953488377038688;-0.634765625;
13:58:02;499.0;1576159083;86.08;27.44889598319413;0.7842541709484038;-0.62744140625;
13:58:03;500.0;1576159084;86.043;22.65969816708503;0.6474199476310009;-0.537109375;
13:58:04;501.0;1576159085;86.154;27.70777154082165;0.7916506154520472;-0.63232421875;
13:58:05;502.0;1576159086;85.913;27.319458204380375;0.7805559486965822;-0.625;
13:58:06;503.0;1576159088;85.656;29.002149328959245;0.8286328379702641;-0.65673828125;
13:58:07;504.0;1576159089;85.803;28.096084877262925;0.8027452822075122;-0.6396484375;
13:58:08;505.0;1576159090;85.674;29.519900444214283;0.8434257269775509;-0.66650390625;
13:58:09;506.0;1576159091;85.821;27.44889598319413;0.7842541709484038;-0.62744140625;
13:58:10;507.0;1576159092;85.913;27.44889598319413;0.7842541709484038;-0.62744140625;
13:58:11;508.0;1576159093;85.748;27.96664709844917;0.7990470599556906;-0.63720703125;
13:58:12;509.0;1576159094;86.024;27.44889598319413;0.7842541709484038;-0.62744140625;
13:58:13;510.0;1576159095;85.987;27.060582646752852;0.7731595041929387;-0.6201171875;
13:58:15;512.0;1576159096;86.172;27.578333762007887;0.7879523932002254;-0.6298828125;
13:58:16;513.0;1576159097;86.246;27.44889598319413;0.7842541709484038;-0.62744140625;
13:58:17;514.0;1576159098;86.117;27.70777154082165;0.7916506154520472;-0.63232421875;
13:58:18;515.0;1576159099;86.135;28.225522656076688;0.806443504459334;-0.64208984375;
13:58:19;516.0;1576159100;86.172;30.68484045353812;0.8767097272439462;-0.6884765625;
13:58:20;517.0;1576159101;86.098;27.70777154082165;0.7916506154520472;-0.63232421875;
13:58:21;518.0;1576159102;85.913;27.70777154082165;0.7916506154520472;-0.63232421875;
13:58:22;519.0;1576159103;85.913;27.44889598319413;0.7842541709484038;-0.62744140625;
13:58:23;520.0;1576159104;85.637;27.44889598319413;0.7842541709484038;-0.62744140625;
13:58:24;521.0;1576159105;85.674;27.060582646752852;0.7731595041929387;-0.6201171875;
13:58:25;522.0;1576159106;85.84;27.578333762007887;0.7879523932002254;-0.6298828125;
13:58:26;523.0;1576159107;85.803;27.96664709844917;0.7990470599556906;-0.63720703125;
13:58:27;524.0;1576159108;85.84;27.190020425566612;0.7768577264447604;-0.62255859375;
13:58:28;525.0;1576159109;85.84;27.190020425566612;0.7768577264447604;-0.62255859375;
13:58:29;526.0;1576159110;85.674;27.96664709844917;0.7990470599556906;-0.63720703125;
13:58:30;527.0;1576159111;85.564;28.354960434890444;0.8101417267111556;-0.64453125;
13:58:31;528.0;1576159112;85.748;28.225522656076688;0.806443504459334;-0.64208984375;
13:58:32;529.0;1576159113;85.38;26.542831531497814;0.7583666151856518;-0.6103515625;
13:58:33;530.0;1576159114;85.343;27.190020425566612;0.7768577264447604;-0.62255859375;
13:58:34;531.0;1576159115;85.142;25.636767079801498;0.7324790594228999;-0.59326171875;
13:58:35;532.0;1576159116;85.069;28.096084877262925;0.8027452822075122;-0.6396484375;
13:58:36;533.0;1576159117;85.38;28.225522656076688;0.806443504459334;-0.64208984375;
13:58:37;534.0;1576159118;85.453;27.44889598319413;0.7842541709484038;-0.62744140625;
13:58:38;535.0;1576159119;85.95;27.96664709844917;0.7990470599556906;-0.63720703125;
13:58:39;536.0;1576159120;86.154;26.931144867939093;0.769461281941117;-0.61767578125;
13:58:40;537.0;1576159121;85.821;27.837209319635406;0.7953488377038688;-0.634765625;
13:58:41;538.0;1576159122;85.969;27.70777154082165;0.7916506154520472;-0.63232421875;
13:58:42;539.0;1576159123;85.656;26.672269310311574;0.7620648374374736;-0.61279296875;
13:58:43;540.0;1576159124;85.197;27.190020425566612;0.7768577264447604;-0.62255859375;
13:58:44;541.0;1576159125;85.417;27.837209319635406;0.7953488377038688;-0.634765625;
13:58:45;542.0;1576159126;85.417;28.096084877262925;0.8027452822075122;-0.6396484375;
13:58:46;543.0;1576159127;85.234;26.672269310311574;0.7620648374374736;-0.61279296875;
13:58:47;544.0;1576159128;85.197;27.44889598319413;0.7842541709484038;-0.62744140625;
13:58:48;545.0;1576159129;85.343;28.354960434890444;0.8101417267111556;-0.64453125;
13:58:49;546.0;1576159130;85.142;28.354960434890444;0.8101417267111556;-0.64453125;
13:58:50;547.0;1576159131;85.142;27.837209319635406;0.7953488377038688;-0.634765625;
13:58:51;548.0;1576159132;85.398;27.96664709844917;0.7990470599556906;-0.63720703125;
13:58:52;549.0;1576159133;85.252;28.743273771331726;0.8212363934666207;-0.65185546875;
13:58:53;550.0;1576159134;85.49;28.484398213704207;0.8138399489629773;-0.64697265625;
13:58:54;551.0;1576159136;85.545;27.190020425566612;0.7768577264447604;-0.62255859375;
13:58:55;552.0;1576159137;85.453;27.44889598319413;0.7842541709484038;-0.62744140625;
13:58:56;553.0;1576159137;85.234;27.96664709844917;0.7990470599556906;-0.63720703125;
13:58:57;554.0;1576159139;85.033;28.225522656076688;0.806443504459334;-0.64208984375;
13:58:58;555.0;1576159140;85.033;28.354960434890444;0.8101417267111556;-0.64453125;
13:58:59;556.0;1576159141;85.033;27.837209319635406;0.7953488377038688;-0.634765625;
13:59:00;557.0;1576159142;85.398;27.578333762007887;0.7879523932002254;-0.6298828125;
13:59:01;558.0;1576159143;85.234;27.44889598319413;0.7842541709484038;-0.62744140625;
13:59:02;559.0;1576159144;85.215;27.44889598319413;0.7842541709484038;-0.62744140625;
13:59:03;560.0;1576159145;85.453;27.70777154082165;0.7916506154520472;-0.63232421875;
13:59:04;561.0;1576159146;85.38;27.44889598319413;0.7842541709484038;-0.62744140625;
13:59:05;562.0;1576159147;85.307;27.060582646752852;0.7731595041929387;-0.6201171875;
13:59:06;563.0;1576159148;85.472;27.837209319635406;0.7953488377038688;-0.634765625;
13:59:07;564.0;1576159149;85.27;28.225522656076688;0.806443504459334;-0.64208984375;
13:59:08;565.0;1576159150;85.179;27.96664709844917;0.7990470599556906;-0.63720703125;
13:59:09;566.0;1576159151;85.27;27.190020425566612;0.7768577264447604;-0.62255859375;
13:59:10;567.0;1576159152;85.215;28.096084877262925;0.8027452822075122;-0.6396484375;
13:59:11;568.0;1576159153;85.197;28.096084877262925;0.8027452822075122;-0.6396484375;
13:59:12;569.0;1576159154;85.16;28.225522656076688;0.806443504459334;-0.64208984375;
13:59:13;570.0;1576159155;85.087;27.190020425566612;0.7768577264447604;-0.62255859375;
13:59:14;571.0;1576159156;84.96;26.283955973870295;0.7509701706820084;-0.60546875;
13:59:15;572.0;1576159157;84.941;28.225522656076688;0.806443504459334;-0.64208984375;
13:59:16;573.0;1576159158;84.777;28.484398213704207;0.8138399489629773;-0.64697265625;
13:59:17;574.0;1576159159;84.978;27.060582646752852;0.7731595041929387;-0.6201171875;
13:59:18;575.0;1576159160;84.941;27.70777154082165;0.7916506154520472;-0.63232421875;
13:59:20;577.0;1576159161;85.142;27.837209319635406;0.7953488377038688;-0.634765625;
13:59:21;578.0;1576159162;85.124;27.96664709844917;0.7990470599556906;-0.63720703125;
13:59:22;579.0;1576159163;84.941;26.542831531497814;0.7583666151856518;-0.6103515625;
13:59:23;580.0;1576159164;85.124;28.096084877262925;0.8027452822075122;-0.6396484375;
13:59:24;581.0;1576159165;85.106;27.70777154082165;0.7916506154520472;-0.63232421875;
13:59:25;582.0;1576159166;85.142;28.484398213704207;0.8138399489629773;-0.64697265625;
13:59:26;583.0;1576159167;85.343;27.190020425566612;0.7768577264447604;-0.62255859375;
13:59:27;584.0;1576159168;85.343;27.96664709844917;0.7990470599556906;-0.63720703125;
13:59:28;585.0;1576159169;85.179;29.002149328959245;0.8286328379702641;-0.65673828125;
13:59:29;586.0;1576159170;85.124;28.743273771331726;0.8212363934666207;-0.65185546875;
13:59:30;587.0;1576159171;85.307;27.70777154082165;0.7916506154520472;-0.63232421875;
13:59:31;588.0;1576159172;85.033;27.70777154082165;0.7916506154520472;-0.63232421875;
13:59:32;589.0;1576159173;84.978;27.44889598319413;0.7842541709484038;-0.62744140625;
13:59:33;590.0;1576159174;84.905;27.70777154082165;0.7916506154520472;-0.63232421875;
13:59:34;591.0;1576159175;84.814;27.578333762007887;0.7879523932002254;-0.6298828125;
13:59:35;592.0;1576159176;85.033;28.225522656076688;0.806443504459334;-0.64208984375;
13:59:36;593.0;1576159177;85.014;27.44889598319413;0.7842541709484038;-0.62744140625;
13:59:37;594.0;1576159178;85.179;27.837209319635406;0.7953488377038688;-0.634765625;
13:59:38;595.0;1576159179;85.106;27.319458204380375;0.7805559486965822;-0.625;
13:59:39;596.0;1576159180;85.142;28.225522656076688;0.806443504459334;-0.64208984375;
13:59:40;597.0;1576159181;85.197;27.70777154082165;0.7916506154520472;-0.63232421875;
13:59:41;598.0;1576159182;85.27;27.578333762007887;0.7879523932002254;-0.6298828125;
13:59:42;599.0;1576159183;85.38;27.190020425566612;0.7768577264447604;-0.62255859375;
13:59:43;600.0;1576159184;85.069;27.44889598319413;0.7842541709484038;-0.62744140625;
13:59:44;601.0;1576159185;84.796;26.931144867939093;0.769461281941117;-0.61767578125;
13:59:45;602.0;1576159186;84.723;27.44889598319413;0.7842541709484038;-0.62744140625;
13:59:46;603.0;1576159187;84.396;27.190020425566612;0.7768577264447604;-0.62255859375;
13:59:47;604.0;1576159188;84.559;27.837209319635406;0.7953488377038688;-0.634765625;
13:59:48;605.0;1576159189;84.523;27.44889598319413;0.7842541709484038;-0.62744140625;
13:59:49;606.0;1576159190;84.487;27.44889598319413;0.7842541709484038;-0.62744140625;
13:59:50;607.0;1576159191;84.505;27.319458204380375;0.7805559486965822;-0.625;
13:59:51;608.0;1576159192;84.306;27.70777154082165;0.7916506154520472;-0.63232421875;
13:59:52;609.0;1576159193;84.469;27.060582646752852;0.7731595041929387;-0.6201171875;
13:59:53;610.0;1576159194;84.814;27.578333762007887;0.7879523932002254;-0.6298828125;
13:59:54;611.0;1576159195;84.996;23.954075955222624;0.6844021701492178;-0.5615234375;
13:59:55;612.0;1576159196;85.38;27.70777154082165;0.7916506154520472;-0.63232421875;
13:59:56;613.0;1576159197;85.398;27.44889598319413;0.7842541709484038;-0.62744140625;
13:59:57;614.0;1576159198;85.234;28.225522656076688;0.806443504459334;-0.64208984375;
13:59:58;615.0;1576159199;85.087;27.70777154082165;0.7916506154520472;-0.63232421875;
13:59:59;616.0;1576159200;84.741;27.44889598319413;0.7842541709484038;-0.62744140625;
14:00:00;617.0;1576159201;84.705;27.578333762007887;0.7879523932002254;-0.6298828125;
14:00:01;618.0;1576159202;84.559;27.70777154082165;0.7916506154520472;-0.63232421875;
14:00:02;619.0;1576159203;84.705;28.743273771331726;0.8212363934666207;-0.65185546875;
14:00:03;620.0;1576159204;85.014;28.225522656076688;0.806443504459334;-0.64208984375;
14:00:04;621.0;1576159205;85.014;27.578333762007887;0.7879523932002254;-0.6298828125;
14:00:05;622.0;1576159206;84.868;27.44889598319413;0.7842541709484038;-0.62744140625;
14:00:06;623.0;1576159207;84.85;27.837209319635406;0.7953488377038688;-0.634765625;
14:00:07;624.0;1576159208;84.923;27.70777154082165;0.7916506154520472;-0.63232421875;
14:00:08;625.0;1576159209;84.923;27.96664709844917;0.7990470599556906;-0.63720703125;
14:00:09;626.0;1576159210;85.234;27.70777154082165;0.7916506154520472;-0.63232421875;
14:00:10;627.0;1576159211;84.887;27.96664709844917;0.7990470599556906;-0.63720703125;
14:00:11;628.0;1576159212;84.469;27.190020425566612;0.7768577264447604;-0.62255859375;
14:00:12;629.0;1576159214;84.414;28.484398213704207;0.8138399489629773;-0.64697265625;
14:00:13;630.0;1576159215;84.179;27.44889598319413;0.7842541709484038;-0.62744140625;
14:00:14;631.0;1576159216;84.179;29.002149328959245;0.8286328379702641;-0.65673828125;
14:00:15;632.0;1576159217;84.342;27.70777154082165;0.7916506154520472;-0.63232421875;
14:00:16;633.0;1576159218;84.541;27.319458204380375;0.7805559486965822;-0.625;
14:00:17;634.0;1576159219;84.432;27.96664709844917;0.7990470599556906;-0.63720703125;
14:00:18;635.0;1576159220;84.451;27.578333762007887;0.7879523932002254;-0.6298828125;
14:00:19;636.0;1576159221;84.469;32.23809379930323;0.9210883942658066;-0.7177734375;
14:00:20;637.0;1576159222;84.197;28.484398213704207;0.8138399489629773;-0.64697265625;
14:00:21;638.0;1576159223;84.342;27.44889598319413;0.7842541709484038;-0.62744140625;
14:00:22;639.0;1576159224;84.487;27.837209319635406;0.7953488377038688;-0.634765625;
14:00:24;641.0;1576159225;84.65;27.44889598319413;0.7842541709484038;-0.62744140625;
14:00:25;642.0;1576159226;84.996;28.484398213704207;0.8138399489629773;-0.64697265625;
14:00:26;643.0;1576159227;84.978;28.225522656076688;0.806443504459334;-0.64208984375;
14:00:27;644.0;1576159228;85.014;27.578333762007887;0.7879523932002254;-0.6298828125;
14:00:28;645.0;1576159229;84.686;27.837209319635406;0.7953488377038688;-0.634765625;
14:00:29;646.0;1576159230;84.324;27.190020425566612;0.7768577264447604;-0.62255859375;
14:00:30;647.0;1576159231;84.342;27.70777154082165;0.7916506154520472;-0.63232421875;
14:00:31;648.0;1576159232;84.36;27.319458204380375;0.7805559486965822;-0.625;
14:00:32;649.0;1576159233;84.342;23.565762618781346;0.6733075033937528;-0.55419921875;
14:00:33;650.0;1576159234;84.324;27.578333762007887;0.7879523932002254;-0.6298828125;
14:00:34;651.0;1576159235;84.342;27.44889598319413;0.7842541709484038;-0.62744140625;
14:00:35;652.0;1576159236;84.324;27.060582646752852;0.7731595041929387;-0.6201171875;
14:00:36;653.0;1576159237;84.324;28.484398213704207;0.8138399489629773;-0.64697265625;
14:00:37;654.0;1576159238;84.288;27.70777154082165;0.7916506154520472;-0.63232421875;
14:00:38;655.0;1576159239;84.125;27.837209319635406;0.7953488377038688;-0.634765625;
14:00:39;656.0;1576159240;84.161;27.060582646752852;0.7731595041929387;-0.6201171875;
14:00:40;657.0;1576159241;84.017;27.837209319635406;0.7953488377038688;-0.634765625;
14:00:41;658.0;1576159242;84.342;27.837209319635406;0.7953488377038688;-0.634765625;
14:00:42;659.0;1576159243;84.469;28.225522656076688;0.806443504459334;-0.64208984375;
14:00:43;660.0;1576159244;84.288;27.96664709844917;0.7990470599556906;-0.63720703125;
14:00:44;661.0;1576159245;84.523;27.96664709844917;0.7990470599556906;-0.63720703125;
14:00:45;662.0;1576159246;84.252;27.060582646752852;0.7731595041929387;-0.6201171875;
14:00:46;663.0;1576159247;84.161;26.931144867939093;0.769461281941117;-0.61767578125;
14:00:47;664.0;1576159248;84.107;27.837209319635406;0.7953488377038688;-0.634765625;
14:00:48;665.0;1576159249;84.179;27.44889598319413;0.7842541709484038;-0.62744140625;
14:00:49;666.0;1576159250;84.161;27.70777154082165;0.7916506154520472;-0.63232421875;
14:00:50;667.0;1576159251;84.306;27.190020425566612;0.7768577264447604;-0.62255859375;
14:00:51;668.0;1576159252;84.306;27.96664709844917;0.7990470599556906;-0.63720703125;
14:00:52;669.0;1576159253;84.179;27.190020425566612;0.7768577264447604;-0.62255859375;
14:00:53;670.0;1576159254;84.161;29.002149328959245;0.8286328379702641;-0.65673828125;
14:00:54;671.0;1576159255;83.909;27.70777154082165;0.7916506154520472;-0.63232421875;
14:00:55;672.0;1576159256;83.945;28.225522656076688;0.806443504459334;-0.64208984375;
14:00:56;673.0;1576159257;84.089;27.060582646752852;0.7731595041929387;-0.6201171875;
14:00:57;674.0;1576159258;84.143;28.225522656076688;0.806443504459334;-0.64208984375;
14:00:58;675.0;1576159259;84.179;28.225522656076688;0.806443504459334;-0.64208984375;
14:00:59;676.0;1576159260;84.233;28.354960434890444;0.8101417267111556;-0.64453125;
14:01:00;677.0;1576159261;84.143;27.44889598319413;0.7842541709484038;-0.62744140625;
14:01:01;678.0;1576159262;84.451;27.70777154082165;0.7916506154520472;-0.63232421875;
14:01:02;679.0;1576159263;84.469;26.931144867939093;0.769461281941117;-0.61767578125;
14:01:03;680.0;1576159264;84.469;28.225522656076688;0.806443504459334;-0.64208984375;
14:01:04;681.0;1576159265;84.396;27.319458204380375;0.7805559486965822;-0.625;
14:01:05;682.0;1576159266;84.107;28.096084877262925;0.8027452822075122;-0.6396484375;
14:01:06;683.0;1576159267;84.161;27.70777154082165;0.7916506154520472;-0.63232421875;
14:01:07;684.0;1576159268;84.288;27.44889598319413;0.7842541709484038;-0.62744140625;
14:01:08;685.0;1576159269;84.27;29.261024886586764;0.8360292824739075;-0.66162109375;
14:01:09;686.0;1576159270;84.215;27.837209319635406;0.7953488377038688;-0.634765625;
14:01:10;687.0;1576159271;84.161;29.002149328959245;0.8286328379702641;-0.65673828125;
14:01:11;688.0;1576159272;84.143;28.613835992517963;0.817538171214799;-0.6494140625;
14:01:12;689.0;1576159273;84.179;27.96664709844917;0.7990470599556906;-0.63720703125;
14:01:13;690.0;1576159275;84.36;27.44889598319413;0.7842541709484038;-0.62744140625;
14:01:14;691.0;1576159276;84.759;27.060582646752852;0.7731595041929387;-0.6201171875;
14:01:15;692.0;1576159277;84.541;27.190020425566612;0.7768577264447604;-0.62255859375;
14:01:16;693.0;1576159278;84.487;27.44889598319413;0.7842541709484038;-0.62744140625;
14:01:17;694.0;1576159279;84.27;28.613835992517963;0.817538171214799;-0.6494140625;
14:01:18;695.0;1576159280;84.053;28.484398213704207;0.8138399489629773;-0.64697265625;
14:01:19;696.0;1576159281;84.107;27.96664709844917;0.7990470599556906;-0.63720703125;
14:01:20;697.0;1576159282;84.125;26.542831531497814;0.7583666151856518;-0.6103515625;
14:01:21;698.0;1576159283;84.233;27.060582646752852;0.7731595041929387;-0.6201171875;
14:01:22;699.0;1576159284;84.089;27.70777154082165;0.7916506154520472;-0.63232421875;
14:01:23;700.0;1576159285;84.089;26.154518195056536;0.7472719484301867;-0.60302734375;
14:01:24;701.0;1576159286;83.963;28.096084877262925;0.8027452822075122;-0.6396484375;
14:01:25;702.0;1576159287;83.909;27.70777154082165;0.7916506154520472;-0.63232421875;
14:01:26;703.0;1576159288;83.891;28.872711550145485;0.8249346157184424;-0.654296875;
14:01:28;705.0;1576159289;83.873;27.96664709844917;0.7990470599556906;-0.63720703125;
14:01:29;706.0;1576159290;84.035;28.354960434890444;0.8101417267111556;-0.64453125;
14:01:30;707.0;1576159291;84.215;27.837209319635406;0.7953488377038688;-0.634765625;
14:01:31;708.0;1576159292;84.179;26.542831531497814;0.7583666151856518;-0.6103515625;
14:01:32;709.0;1576159293;84.179;28.484398213704207;0.8138399489629773;-0.64697265625;
14:01:33;710.0;1576159294;84.179;28.096084877262925;0.8027452822075122;-0.6396484375;
14:01:34;711.0;1576159295;83.945;28.354960434890444;0.8101417267111556;-0.64453125;
14:01:35;712.0;1576159296;83.927;29.002149328959245;0.8286328379702641;-0.65673828125;
14:01:36;713.0;1576159297;83.981;27.70777154082165;0.7916506154520472;-0.63232421875;
14:01:37;714.0;1576159298;84.017;27.190020425566612;0.7768577264447604;-0.62255859375;
14:01:38;715.0;1576159299;83.909;28.354960434890444;0.8101417267111556;-0.64453125;
14:01:39;716.0;1576159300;83.927;27.70777154082165;0.7916506154520472;-0.63232421875;
14:01:40;717.0;1576159301;83.909;27.96664709844917;0.7990470599556906;-0.63720703125;
14:01:41;718.0;1576159302;83.855;28.354960434890444;0.8101417267111556;-0.64453125;
14:01:42;719.0;1576159303;83.801;27.578333762007887;0.7879523932002254;-0.6298828125;
14:01:43;720.0;1576159304;83.855;26.801707089125333;0.7657630596892953;-0.615234375;
14:01:44;721.0;1576159305;83.837;27.44889598319413;0.7842541709484038;-0.62744140625;
14:01:45;722.0;1576159306;83.837;26.931144867939093;0.769461281941117;-0.61767578125;
14:01:46;723.0;1576159307;84.035;27.44889598319413;0.7842541709484038;-0.62744140625;
14:01:47;724.0;1576159308;84.035;27.190020425566612;0.7768577264447604;-0.62255859375;
14:01:48;725.0;1576159309;83.981;27.44889598319413;0.7842541709484038;-0.62744140625;
14:01:49;726.0;1576159310;83.981;27.70777154082165;0.7916506154520472;-0.63232421875;
14:01:50;727.0;1576159311;84.017;27.96664709844917;0.7990470599556906;-0.63720703125;
14:01:51;728.0;1576159312;83.873;24.342389291663903;0.6954968369046829;-0.56884765625;
14:01:52;729.0;1576159313;83.765;27.319458204380375;0.7805559486965822;-0.625;
14:01:53;730.0;1576159314;83.407;22.27138483064375;0.6363252808755357;-0.52978515625;
14:01:54;731.0;1576159315;83.389;27.837209319635406;0.7953488377038688;-0.634765625;
14:01:55;732.0;1576159316;83.496;27.578333762007887;0.7879523932002254;-0.6298828125;
14:01:56;733.0;1576159317;83.639;27.060582646752852;0.7731595041929387;-0.6201171875;
14:01:57;734.0;1576159318;83.999;27.70777154082165;0.7916506154520472;-0.63232421875;
14:01:58;735.0;1576159319;83.981;27.96664709844917;0.7990470599556906;-0.63720703125;
14:01:59;736.0;1576159320;83.999;26.801707089125333;0.7657630596892953;-0.615234375;
14:02:00;737.0;1576159322;83.963;27.319458204380375;0.7805559486965822;-0.625;
14:02:01;738.0;1576159323;83.945;28.872711550145485;0.8249346157184424;-0.654296875;
14:02:02;739.0;1576159324;83.909;27.578333762007887;0.7879523932002254;-0.6298828125;
14:02:03;740.0;1576159325;83.765;26.154518195056536;0.7472719484301867;-0.60302734375;
14:02:04;741.0;1576159326;83.855;27.44889598319413;0.7842541709484038;-0.62744140625;
14:02:05;742.0;1576159327;83.693;27.44889598319413;0.7842541709484038;-0.62744140625;
14:02:06;743.0;1576159328;83.747;27.44889598319413;0.7842541709484038;-0.62744140625;
14:02:07;744.0;1576159329;83.891;27.70777154082165;0.7916506154520472;-0.63232421875;
14:02:08;745.0;1576159330;83.873;27.837209319635406;0.7953488377038688;-0.634765625;
14:02:09;746.0;1576159331;83.801;27.44889598319413;0.7842541709484038;-0.62744140625;
14:02:10;747.0;1576159332;83.819;28.225522656076688;0.806443504459334;-0.64208984375;
14:02:11;748.0;1576159333;83.819;30.037651559469317;0.8582186159848376;-0.67626953125;
14:02:12;749.0;1576159334;83.783;28.225522656076688;0.806443504459334;-0.64208984375;
14:02:13;750.0;1576159335;84.017;27.44889598319413;0.7842541709484038;-0.62744140625;
14:02:14;751.0;1576159336;83.999;28.354960434890444;0.8101417267111556;-0.64453125;
14:02:15;752.0;1576159337;83.981;26.542831531497814;0.7583666151856518;-0.6103515625;
14:02:16;753.0;1576159338;83.945;27.319458204380375;0.7805559486965822;-0.625;
14:02:17;754.0;1576159339;83.819;27.44889598319413;0.7842541709484038;-0.62744140625;
14:02:18;755.0;1576159340;83.819;27.70777154082165;0.7916506154520472;-0.63232421875;
14:02:19;756.0;1576159341;83.801;28.484398213704207;0.8138399489629773;-0.64697265625;
14:02:20;757.0;1576159342;83.639;28.096084877262925;0.8027452822075122;-0.6396484375;
14:02:21;758.0;1576159343;83.783;28.613835992517963;0.817538171214799;-0.6494140625;
14:02:22;759.0;1576159344;83.855;28.096084877262925;0.8027452822075122;-0.6396484375;
14:02:23;760.0;1576159345;83.855;27.44889598319413;0.7842541709484038;-0.62744140625;
14:02:24;761.0;1576159346;83.909;27.578333762007887;0.7879523932002254;-0.6298828125;
14:02:25;762.0;1576159347;83.765;27.44889598319413;0.7842541709484038;-0.62744140625;
14:02:26;763.0;1576159348;83.657;27.44889598319413;0.7842541709484038;-0.62744140625;
14:02:27;764.0;1576159349;83.55;27.70777154082165;0.7916506154520472;-0.63232421875;
14:02:28;765.0;1576159350;83.747;26.801707089125333;0.7657630596892953;-0.615234375;
14:02:29;766.0;1576159351;83.693;27.96664709844917;0.7990470599556906;-0.63720703125;
14:02:30;767.0;1576159352;83.604;25.37789152217398;0.7250826149192565;-0.58837890625;
14:02:32;769.0;1576159353;83.442;28.484398213704207;0.8138399489629773;-0.64697265625;
14:02:33;770.0;1576159354;83.407;27.44889598319413;0.7842541709484038;-0.62744140625;
14:02:34;771.0;1576159355;83.442;27.44889598319413;0.7842541709484038;-0.62744140625;
14:02:35;772.0;1576159356;83.568;28.096084877262925;0.8027452822075122;-0.6396484375;
14:02:36;773.0;1576159357;83.855;27.837209319635406;0.7953488377038688;-0.634765625;
14:02:37;774.0;1576159358;83.909;27.70777154082165;0.7916506154520472;-0.63232421875;
14:02:38;775.0;1576159359;84.089;28.096084877262925;0.8027452822075122;-0.6396484375;
14:02:39;776.0;1576159360;83.891;27.578333762007887;0.7879523932002254;-0.6298828125;
14:02:40;777.0;1576159361;83.891;27.190020425566612;0.7768577264447604;-0.62255859375;
14:02:41;778.0;1576159362;83.891;27.578333762007887;0.7879523932002254;-0.6298828125;
14:02:42;779.0;1576159363;83.586;27.578333762007887;0.7879523932002254;-0.6298828125;
14:02:43;780.0;1576159364;83.604;28.613835992517963;0.817538171214799;-0.6494140625;
14:02:44;781.0;1576159365;83.317;28.484398213704207;0.8138399489629773;-0.64697265625;
14:02:45;782.0;1576159366;83.228;28.096084877262925;0.8027452822075122;-0.6396484375;
14:02:46;783.0;1576159367;83.353;28.484398213704207;0.8138399489629773;-0.64697265625;
14:02:47;784.0;1576159368;83.586;28.096084877262925;0.8027452822075122;-0.6396484375;
14:02:48;785.0;1576159369;83.783;27.578333762007887;0.7879523932002254;-0.6298828125;
14:02:49;786.0;1576159370;83.675;27.44889598319413;0.7842541709484038;-0.62744140625;
14:02:50;787.0;1576159371;83.837;22.918573724712548;0.6548163921346443;-0.5419921875;
14:02:51;788.0;1576159372;83.783;26.542831531497814;0.7583666151856518;-0.6103515625;
14:02:53;790.0;1576159373;83.891;28.354960434890444;0.8101417267111556;-0.64453125;
14:02:54;791.0;1576159375;83.891;28.225522656076688;0.806443504459334;-0.64208984375;
14:02:55;792.0;1576159376;83.909;30.16708933828308;0.8619168382366594;-0.6787109375;
14:02:56;793.0;1576159377;83.927;27.96664709844917;0.7990470599556906;-0.63720703125;
14:02:57;794.0;1576159378;84.035;27.837209319635406;0.7953488377038688;-0.634765625;
14:02:58;795.0;1576159379;83.909;28.613835992517963;0.817538171214799;-0.6494140625;
14:02:59;796.0;1576159380;83.891;28.225522656076688;0.806443504459334;-0.64208984375;
14:03:00;797.0;1576159381;83.568;27.319458204380375;0.7805559486965822;-0.625;
14:03:01;798.0;1576159382;83.586;27.44889598319413;0.7842541709484038;-0.62744140625;
14:03:02;799.0;1576159383;83.389;27.837209319635406;0.7953488377038688;-0.634765625;
14:03:03;800.0;1576159384;83.103;27.96664709844917;0.7990470599556906;-0.63720703125;
14:03:04;801.0;1576159385;83.264;27.319458204380375;0.7805559486965822;-0.625;
14:03:05;802.0;1576159386;83.282;27.578333762007887;0.7879523932002254;-0.6298828125;
14:03:06;803.0;1576159387;83.55;27.837209319635406;0.7953488377038688;-0.634765625;
14:03:07;804.0;1576159388;83.639;27.319458204380375;0.7805559486965822;-0.625;
14:03:08;805.0;1576159389;83.604;28.484398213704207;0.8138399489629773;-0.64697265625;
14:03:09;806.0;1576159390;83.442;27.70777154082165;0.7916506154520472;-0.63232421875;
14:03:10;807.0;1576159391;83.21;28.225522656076688;0.806443504459334;-0.64208984375;
14:03:11;808.0;1576159392;83.389;27.44889598319413;0.7842541709484038;-0.62744140625;
14:03:12;809.0;1576159393;83.407;27.837209319635406;0.7953488377038688;-0.634765625;
14:03:13;810.0;1576159394;83.532;27.70777154082165;0.7916506154520472;-0.63232421875;
14:03:14;811.0;1576159395;83.604;28.484398213704207;0.8138399489629773;-0.64697265625;
14:03:15;812.0;1576159396;83.568;27.319458204380375;0.7805559486965822;-0.625;
14:03:16;813.0;1576159397;83.246;27.70777154082165;0.7916506154520472;-0.63232421875;
14:03:17;814.0;1576159398;83.139;27.060582646752852;0.7731595041929387;-0.6201171875;
14:03:18;815.0;1576159399;83.192;27.96664709844917;0.7990470599556906;-0.63720703125;
14:03:19;816.0;1576159400;83.246;27.96664709844917;0.7990470599556906;-0.63720703125;
14:03:20;817.0;1576159401;83.371;27.70777154082165;0.7916506154520472;-0.63232421875;
14:03:21;818.0;1576159402;83.371;27.837209319635406;0.7953488377038688;-0.634765625;
14:03:22;819.0;1576159403;83.389;28.354960434890444;0.8101417267111556;-0.64453125;
14:03:23;820.0;1576159404;83.246;27.060582646752852;0.7731595041929387;-0.6201171875;
14:03:24;821.0;1576159405;83.103;27.578333762007887;0.7879523932002254;-0.6298828125;
14:03:25;822.0;1576159406;82.908;27.70777154082165;0.7916506154520472;-0.63232421875;
14:03:26;823.0;1576159407;82.89;28.484398213704207;0.8138399489629773;-0.64697265625;
14:03:27;824.0;1576159408;82.73;27.060582646752852;0.7731595041929387;-0.6201171875;
14:03:28;825.0;1576159409;83.085;27.70777154082165;0.7916506154520472;-0.63232421875;
14:03:29;826.0;1576159410;83.139;28.225522656076688;0.806443504459334;-0.64208984375;
14:03:30;827.0;1576159411;82.836;27.44889598319413;0.7842541709484038;-0.62744140625;
14:03:31;828.0;1576159412;82.943;27.44889598319413;0.7842541709484038;-0.62744140625;
14:03:32;829.0;1576159414;82.765;27.70777154082165;0.7916506154520472;-0.63232421875;
14:03:33;830.0;1576159415;82.908;27.44889598319413;0.7842541709484038;-0.62744140625;
14:03:34;831.0;1576159416;83.228;27.319458204380375;0.7805559486965822;-0.625;
14:03:36;833.0;1576159417;83.121;27.96664709844917;0.7990470599556906;-0.63720703125;
14:03:37;834.0;1576159418;83.264;28.096084877262925;0.8027452822075122;-0.6396484375;
14:03:38;835.0;1576159419;82.943;27.96664709844917;0.7990470599556906;-0.63720703125;
14:03:39;836.0;1576159420;82.943;27.44889598319413;0.7842541709484038;-0.62744140625;
14:03:40;837.0;1576159421;82.908;28.225522656076688;0.806443504459334;-0.64208984375;
14:03:41;838.0;1576159422;82.908;27.70777154082165;0.7916506154520472;-0.63232421875;
14:03:42;839.0;1576159423;82.908;26.672269310311574;0.7620648374374736;-0.61279296875;
14:03:43;840.0;1576159424;82.872;27.96664709844917;0.7990470599556906;-0.63720703125;
14:03:44;841.0;1576159425;82.854;27.578333762007887;0.7879523932002254;-0.6298828125;
14:03:45;842.0;1576159426;83.014;27.44889598319413;0.7842541709484038;-0.62744140625;
14:03:46;843.0;1576159427;83.353;27.319458204380375;0.7805559486965822;-0.625;
14:03:47;844.0;1576159428;83.228;27.837209319635406;0.7953488377038688;-0.634765625;
14:03:48;845.0;1576159429;83.228;23.695200397595105;0.6770057256455745;-0.556640625;
14:03:49;846.0;1576159430;82.908;29.390462665400523;0.8397275047257292;-0.6640625;
14:03:50;847.0;1576159431;82.535;27.70777154082165;0.7916506154520472;-0.63232421875;
14:03:52;849.0;1576159432;82.482;27.837209319635406;0.7953488377038688;-0.634765625;
14:03:53;850.0;1576159434;82.535;27.44889598319413;0.7842541709484038;-0.62744140625;
14:03:54;851.0;1576159435;82.872;29.390462665400523;0.8397275047257292;-0.6640625;
14:03:55;852.0;1576159436;83.282;25.24845374336022;0.7213843926674348;-0.5859375;
14:03:56;853.0;1576159437;83.05;27.578333762007887;0.7879523932002254;-0.6298828125;
14:03:57;854.0;1576159438;83.032;28.225522656076688;0.806443504459334;-0.64208984375;
14:03:58;855.0;1576159439;82.908;28.225522656076688;0.806443504459334;-0.64208984375;
14:03:59;856.0;1576159440;82.712;27.578333762007887;0.7879523932002254;-0.6298828125;
14:04:00;857.0;1576159441;82.801;27.70777154082165;0.7916506154520472;-0.63232421875;
14:04:01;858.0;1576159442;82.801;26.801707089125333;0.7657630596892953;-0.615234375;
14:04:02;859.0;1576159443;82.943;28.613835992517963;0.817538171214799;-0.6494140625;
14:04:03;860.0;1576159444;83.085;27.96664709844917;0.7990470599556906;-0.63720703125;
14:04:04;861.0;1576159445;83.282;28.484398213704207;0.8138399489629773;-0.64697265625;
14:04:05;862.0;1576159446;83.264;26.672269310311574;0.7620648374374736;-0.61279296875;
14:04:06;863.0;1576159447;82.765;27.837209319635406;0.7953488377038688;-0.634765625;
14:04:07;864.0;1576159448;82.606;27.060582646752852;0.7731595041929387;-0.6201171875;
14:04:08;865.0;1576159449;82.465;27.319458204380375;0.7805559486965822;-0.625;
14:04:09;866.0;1576159450;82.429;27.060582646752852;0.7731595041929387;-0.6201171875;
14:04:10;867.0;1576159451;82.748;27.70777154082165;0.7916506154520472;-0.63232421875;
14:04:11;868.0;1576159452;82.872;27.190020425566612;0.7768577264447604;-0.62255859375;
