Time;Seconds from start for linreg;Unix Time;ch1 po2;Uc;Ubl;Vc;
18:24:43;-1.0;1576175084;90.429;27.837209319635406;0.7953488377038688;-0.634765625;
18:24:44;0.0;1576175085;90.41;27.96664709844917;0.7990470599556906;-0.63720703125;
18:24:45;1.0;1576175086;90.488;27.44889598319413;0.7842541709484038;-0.62744140625;
18:24:46;2.0;1576175087;90.488;28.225522656076688;0.806443504459334;-0.64208984375;
18:24:47;3.0;1576175088;90.527;27.319458204380375;0.7805559486965822;-0.625;
18:24:48;4.0;1576175089;90.312;27.837209319635406;0.7953488377038688;-0.634765625;
18:24:49;5.0;1576175090;90.429;26.283955973870295;0.7509701706820084;-0.60546875;
18:24:50;6.0;1576175091;90.429;27.060582646752852;0.7731595041929387;-0.6201171875;
18:24:51;7.0;1576175092;90.546;28.354960434890444;0.8101417267111556;-0.64453125;
18:24:52;8.0;1576175093;90.585;27.44889598319413;0.7842541709484038;-0.62744140625;
18:24:53;9.0;1576175094;90.41;28.225522656076688;0.806443504459334;-0.64208984375;
18:24:54;10.0;1576175095;90.39;27.578333762007887;0.7879523932002254;-0.6298828125;
18:24:55;11.0;1576175096;90.04;27.96664709844917;0.7990470599556906;-0.63720703125;
18:24:56;12.0;1576175097;90.04;27.70777154082165;0.7916506154520472;-0.63232421875;
18:24:57;13.0;1576175098;89.923;27.44889598319413;0.7842541709484038;-0.62744140625;
18:24:58;14.0;1576175099;89.827;27.96664709844917;0.7990470599556906;-0.63720703125;
18:24:59;15.0;1576175100;90.02;27.44889598319413;0.7842541709484038;-0.62744140625;
18:25:00;16.0;1576175101;90.001;27.578333762007887;0.7879523932002254;-0.6298828125;
18:25:01;17.0;1576175102;90.098;27.578333762007887;0.7879523932002254;-0.6298828125;
18:25:02;18.0;1576175103;90.215;28.096084877262925;0.8027452822075122;-0.6396484375;
18:25:03;19.0;1576175104;90.371;27.96664709844917;0.7990470599556906;-0.63720703125;
18:25:04;20.0;1576175105;90.742;27.70777154082165;0.7916506154520472;-0.63232421875;
18:25:05;21.0;1576175106;90.585;27.70777154082165;0.7916506154520472;-0.63232421875;
18:25:06;22.0;1576175107;90.429;28.096084877262925;0.8027452822075122;-0.6396484375;
18:25:07;23.0;1576175108;90.703;27.70777154082165;0.7916506154520472;-0.63232421875;
18:25:08;24.0;1576175109;90.527;27.44889598319413;0.7842541709484038;-0.62744140625;
18:25:09;25.0;1576175110;90.663;27.190020425566612;0.7768577264447604;-0.62255859375;
18:25:10;26.0;1576175111;90.585;27.190020425566612;0.7768577264447604;-0.62255859375;
18:25:11;27.0;1576175112;90.371;27.319458204380375;0.7805559486965822;-0.625;
18:25:12;28.0;1576175114;90.351;27.96664709844917;0.7990470599556906;-0.63720703125;
18:25:13;29.0;1576175115;90.195;28.354960434890444;0.8101417267111556;-0.64453125;
18:25:14;30.0;1576175116;90.098;27.70777154082165;0.7916506154520472;-0.63232421875;
18:25:15;31.0;1576175117;89.575;29.002149328959245;0.8286328379702641;-0.65673828125;
18:25:16;32.0;1576175118;89.248;27.96664709844917;0.7990470599556906;-0.63720703125;
18:25:17;33.0;1576175119;89.421;27.44889598319413;0.7842541709484038;-0.62744140625;
18:25:18;34.0;1576175120;89.363;29.519900444214283;0.8434257269775509;-0.66650390625;
18:25:19;35.0;1576175121;89.672;27.44889598319413;0.7842541709484038;-0.62744140625;
18:25:20;36.0;1576175122;89.865;27.70777154082165;0.7916506154520472;-0.63232421875;
18:25:21;37.0;1576175123;89.691;28.354960434890444;0.8101417267111556;-0.64453125;
18:25:22;38.0;1576175124;90.098;27.44889598319413;0.7842541709484038;-0.62744140625;
18:25:23;39.0;1576175125;89.923;27.70777154082165;0.7916506154520472;-0.63232421875;
18:25:24;40.0;1576175126;90.079;27.578333762007887;0.7879523932002254;-0.6298828125;
18:25:25;41.0;1576175127;90.312;27.837209319635406;0.7953488377038688;-0.634765625;
18:25:26;42.0;1576175128;89.943;27.96664709844917;0.7990470599556906;-0.63720703125;
18:25:27;43.0;1576175129;90.137;25.895642637429017;0.7398755039265433;-0.59814453125;
18:25:28;44.0;1576175130;89.788;29.261024886586764;0.8360292824739075;-0.66162109375;
18:25:29;45.0;1576175131;89.537;26.931144867939093;0.769461281941117;-0.61767578125;
18:25:30;46.0;1576175132;89.498;28.872711550145485;0.8249346157184424;-0.654296875;
18:25:32;48.0;1576175133;89.517;27.578333762007887;0.7879523932002254;-0.6298828125;
18:25:33;49.0;1576175134;90.098;27.70777154082165;0.7916506154520472;-0.63232421875;
18:25:34;50.0;1576175135;90.468;28.225522656076688;0.806443504459334;-0.64208984375;
18:25:35;51.0;1576175136;90.703;28.354960434890444;0.8101417267111556;-0.64453125;
18:25:36;52.0;1576175137;90.507;27.578333762007887;0.7879523932002254;-0.6298828125;
18:25:37;53.0;1576175138;90.098;27.060582646752852;0.7731595041929387;-0.6201171875;
18:25:38;54.0;1576175139;89.769;27.319458204380375;0.7805559486965822;-0.625;
18:25:39;55.0;1576175140;89.923;27.578333762007887;0.7879523932002254;-0.6298828125;
18:25:40;56.0;1576175141;89.923;27.70777154082165;0.7916506154520472;-0.63232421875;
18:25:41;57.0;1576175142;90.254;28.613835992517963;0.817538171214799;-0.6494140625;
18:25:42;58.0;1576175143;90.371;28.225522656076688;0.806443504459334;-0.64208984375;
18:25:43;59.0;1576175144;89.982;26.931144867939093;0.769461281941117;-0.61767578125;
18:25:44;60.0;1576175145;90.156;27.578333762007887;0.7879523932002254;-0.6298828125;
18:25:45;61.0;1576175146;89.885;27.70777154082165;0.7916506154520472;-0.63232421875;
18:25:46;62.0;1576175147;89.982;27.70777154082165;0.7916506154520472;-0.63232421875;
18:25:47;63.0;1576175148;90.04;30.29652711709684;0.8656150604884811;-0.68115234375;
18:25:48;64.0;1576175149;89.923;26.931144867939093;0.769461281941117;-0.61767578125;
18:25:49;65.0;1576175150;89.846;27.319458204380375;0.7805559486965822;-0.625;
18:25:50;66.0;1576175151;89.807;28.096084877262925;0.8027452822075122;-0.6396484375;
18:25:51;67.0;1576175152;89.827;27.70777154082165;0.7916506154520472;-0.63232421875;
18:25:52;68.0;1576175153;89.769;27.96664709844917;0.7990470599556906;-0.63720703125;
18:25:53;69.0;1576175154;89.633;26.542831531497814;0.7583666151856518;-0.6103515625;
18:25:54;70.0;1576175155;89.229;27.70777154082165;0.7916506154520472;-0.63232421875;
18:25:55;71.0;1576175156;89.344;27.319458204380375;0.7805559486965822;-0.625;
18:25:56;72.0;1576175157;89.537;28.096084877262925;0.8027452822075122;-0.6396484375;
18:25:57;73.0;1576175158;89.633;28.484398213704207;0.8138399489629773;-0.64697265625;
18:25:58;74.0;1576175159;90.234;28.743273771331726;0.8212363934666207;-0.65185546875;
18:25:59;75.0;1576175160;90.118;28.096084877262925;0.8027452822075122;-0.6396484375;
18:26:00;76.0;1576175161;90.234;27.837209319635406;0.7953488377038688;-0.634765625;
18:26:01;77.0;1576175162;90.429;27.578333762007887;0.7879523932002254;-0.6298828125;
18:26:02;78.0;1576175163;90.254;28.613835992517963;0.817538171214799;-0.6494140625;
18:26:03;79.0;1576175164;90.234;27.44889598319413;0.7842541709484038;-0.62744140625;
18:26:04;80.0;1576175165;90.137;28.225522656076688;0.806443504459334;-0.64208984375;
18:26:05;81.0;1576175166;90.176;27.44889598319413;0.7842541709484038;-0.62744140625;
18:26:06;82.0;1576175167;90.332;23.177449282340067;0.6622128366382877;-0.546875;
18:26:07;83.0;1576175168;90.293;28.484398213704207;0.8138399489629773;-0.64697265625;
18:26:08;84.0;1576175169;89.885;27.44889598319413;0.7842541709484038;-0.62744140625;
18:26:09;85.0;1576175170;89.537;27.44889598319413;0.7842541709484038;-0.62744140625;
18:26:10;86.0;1576175171;89.575;27.44889598319413;0.7842541709484038;-0.62744140625;
18:26:11;87.0;1576175172;89.614;28.225522656076688;0.806443504459334;-0.64208984375;
18:26:12;88.0;1576175173;89.827;28.354960434890444;0.8101417267111556;-0.64453125;
18:26:13;89.0;1576175174;90.176;27.578333762007887;0.7879523932002254;-0.6298828125;
18:26:14;90.0;1576175175;89.788;27.44889598319413;0.7842541709484038;-0.62744140625;
18:26:15;91.0;1576175176;89.595;27.70777154082165;0.7916506154520472;-0.63232421875;
18:26:16;92.0;1576175177;89.769;27.837209319635406;0.7953488377038688;-0.634765625;
18:26:17;93.0;1576175178;89.73;28.484398213704207;0.8138399489629773;-0.64697265625;
18:26:18;94.0;1576175179;89.923;27.44889598319413;0.7842541709484038;-0.62744140625;
18:26:19;95.0;1576175180;90.312;26.672269310311574;0.7620648374374736;-0.61279296875;
18:26:20;96.0;1576175181;90.371;28.096084877262925;0.8027452822075122;-0.6396484375;
18:26:21;97.0;1576175182;90.04;27.578333762007887;0.7879523932002254;-0.6298828125;
18:26:22;98.0;1576175183;90.04;27.96664709844917;0.7990470599556906;-0.63720703125;
18:26:23;99.0;1576175184;89.962;27.319458204380375;0.7805559486965822;-0.625;
18:26:24;100.0;1576175185;89.537;27.837209319635406;0.7953488377038688;-0.634765625;
18:26:25;101.0;1576175186;89.885;32.75584491455827;0.9358812832730934;-0.7275390625;
18:26:26;102.0;1576175187;90.098;27.96664709844917;0.7990470599556906;-0.63720703125;
18:26:27;103.0;1576175189;90.215;28.225522656076688;0.806443504459334;-0.64208984375;
18:26:28;104.0;1576175190;90.234;29.002149328959245;0.8286328379702641;-0.65673828125;
18:26:29;105.0;1576175191;89.865;24.86014040691894;0.7102897259119697;-0.57861328125;
18:26:30;106.0;1576175192;89.267;27.44889598319413;0.7842541709484038;-0.62744140625;
18:26:31;107.0;1576175193;88.979;27.44889598319413;0.7842541709484038;-0.62744140625;
18:26:32;108.0;1576175194;89.094;27.319458204380375;0.7805559486965822;-0.625;
18:26:33;109.0;1576175195;89.517;27.70777154082165;0.7916506154520472;-0.63232421875;
18:26:34;110.0;1576175196;89.711;27.70777154082165;0.7916506154520472;-0.63232421875;
18:26:36;112.0;1576175197;89.711;28.354960434890444;0.8101417267111556;-0.64453125;
18:26:37;113.0;1576175198;89.575;27.70777154082165;0.7916506154520472;-0.63232421875;
18:26:38;114.0;1576175199;89.363;28.225522656076688;0.806443504459334;-0.64208984375;
18:26:39;115.0;1576175200;89.344;27.96664709844917;0.7990470599556906;-0.63720703125;
18:26:40;116.0;1576175201;89.267;31.202591568793157;0.8915026162512331;-0.6982421875;
18:26:41;117.0;1576175202;89.19;29.519900444214283;0.8434257269775509;-0.66650390625;
18:26:42;118.0;1576175203;88.998;27.96664709844917;0.7990470599556906;-0.63720703125;
18:26:43;119.0;1576175204;89.017;28.354960434890444;0.8101417267111556;-0.64453125;
18:26:44;120.0;1576175205;89.152;27.578333762007887;0.7879523932002254;-0.6298828125;
18:26:45;121.0;1576175206;89.19;28.225522656076688;0.806443504459334;-0.64208984375;
18:26:46;122.0;1576175207;89.363;24.083513734036384;0.6881003924010395;-0.56396484375;
18:26:47;123.0;1576175208;89.344;27.578333762007887;0.7879523932002254;-0.6298828125;
18:26:48;124.0;1576175209;89.325;27.319458204380375;0.7805559486965822;-0.625;
18:26:49;125.0;1576175210;89.382;28.225522656076688;0.806443504459334;-0.64208984375;
18:26:50;126.0;1576175211;89.344;28.096084877262925;0.8027452822075122;-0.6396484375;
18:26:51;127.0;1576175212;89.344;27.70777154082165;0.7916506154520472;-0.63232421875;
18:26:52;128.0;1576175213;89.344;28.096084877262925;0.8027452822075122;-0.6396484375;
18:26:53;129.0;1576175214;89.344;28.613835992517963;0.817538171214799;-0.6494140625;
18:26:54;130.0;1576175215;89.402;28.613835992517963;0.817538171214799;-0.6494140625;
18:26:55;131.0;1576175216;89.614;29.002149328959245;0.8286328379702641;-0.65673828125;
18:26:56;132.0;1576175217;89.653;27.70777154082165;0.7916506154520472;-0.63232421875;
18:26:57;133.0;1576175218;89.633;29.002149328959245;0.8286328379702641;-0.65673828125;
18:26:58;134.0;1576175219;89.421;27.96664709844917;0.7990470599556906;-0.63720703125;
18:26:59;135.0;1576175220;89.19;28.872711550145485;0.8249346157184424;-0.654296875;
18:27:00;136.0;1576175221;88.96;28.354960434890444;0.8101417267111556;-0.64453125;
18:27:01;137.0;1576175222;88.96;27.44889598319413;0.7842541709484038;-0.62744140625;
18:27:02;138.0;1576175223;89.229;27.060582646752852;0.7731595041929387;-0.6201171875;
18:27:03;139.0;1576175224;89.402;27.319458204380375;0.7805559486965822;-0.625;
18:27:04;140.0;1576175225;89.595;27.837209319635406;0.7953488377038688;-0.634765625;
18:27:05;141.0;1576175226;89.788;27.70777154082165;0.7916506154520472;-0.63232421875;
18:27:06;142.0;1576175227;89.691;27.70777154082165;0.7916506154520472;-0.63232421875;
18:27:07;143.0;1576175228;89.344;27.44889598319413;0.7842541709484038;-0.62744140625;
18:27:08;144.0;1576175229;89.498;28.484398213704207;0.8138399489629773;-0.64697265625;
18:27:09;145.0;1576175230;89.479;26.025080416242776;0.743573726178365;-0.6005859375;
18:27:10;146.0;1576175231;89.517;28.354960434890444;0.8101417267111556;-0.64453125;
18:27:11;147.0;1576175232;89.672;27.190020425566612;0.7768577264447604;-0.62255859375;
18:27:12;148.0;1576175233;89.498;27.70777154082165;0.7916506154520472;-0.63232421875;
18:27:13;149.0;1576175234;89.305;28.872711550145485;0.8249346157184424;-0.654296875;
18:27:14;150.0;1576175235;89.094;27.578333762007887;0.7879523932002254;-0.6298828125;
18:27:15;151.0;1576175236;89.132;28.743273771331726;0.8212363934666207;-0.65185546875;
18:27:16;152.0;1576175237;89.113;26.672269310311574;0.7620648374374736;-0.61279296875;
18:27:17;153.0;1576175238;89.344;27.319458204380375;0.7805559486965822;-0.625;
18:27:18;154.0;1576175239;89.595;27.44889598319413;0.7842541709484038;-0.62744140625;
18:27:19;155.0;1576175240;89.46;28.096084877262925;0.8027452822075122;-0.6396484375;
18:27:20;156.0;1576175241;89.113;27.70777154082165;0.7916506154520472;-0.63232421875;
18:27:21;157.0;1576175242;88.673;27.96664709844917;0.7990470599556906;-0.63720703125;
18:27:22;158.0;1576175243;88.673;27.060582646752852;0.7731595041929387;-0.6201171875;
18:27:23;159.0;1576175244;88.597;26.672269310311574;0.7620648374374736;-0.61279296875;
18:27:24;160.0;1576175245;88.941;27.578333762007887;0.7879523932002254;-0.6298828125;
18:27:25;161.0;1576175246;89.344;27.70777154082165;0.7916506154520472;-0.63232421875;
18:27:26;162.0;1576175247;89.305;27.44889598319413;0.7842541709484038;-0.62744140625;
18:27:27;163.0;1576175248;89.575;28.872711550145485;0.8249346157184424;-0.654296875;
18:27:28;164.0;1576175249;89.595;27.70777154082165;0.7916506154520472;-0.63232421875;
18:27:29;165.0;1576175250;89.421;28.354960434890444;0.8101417267111556;-0.64453125;
18:27:30;166.0;1576175251;89.248;28.225522656076688;0.806443504459334;-0.64208984375;
18:27:31;167.0;1576175252;88.845;27.578333762007887;0.7879523932002254;-0.6298828125;
18:27:32;168.0;1576175253;88.673;27.70777154082165;0.7916506154520472;-0.63232421875;
18:27:33;169.0;1576175254;88.673;27.96664709844917;0.7990470599556906;-0.63720703125;
18:27:34;170.0;1576175256;88.826;27.70777154082165;0.7916506154520472;-0.63232421875;
18:27:35;171.0;1576175257;89.19;27.578333762007887;0.7879523932002254;-0.6298828125;
18:27:36;172.0;1576175258;89.614;27.70777154082165;0.7916506154520472;-0.63232421875;
18:27:37;173.0;1576175259;89.556;27.837209319635406;0.7953488377038688;-0.634765625;
18:27:38;174.0;1576175260;89.421;27.70777154082165;0.7916506154520472;-0.63232421875;
18:27:40;176.0;1576175261;89.248;27.96664709844917;0.7990470599556906;-0.63720703125;
18:27:41;177.0;1576175262;89.075;26.413393752684055;0.7546683929338301;-0.60791015625;
18:27:42;178.0;1576175263;88.979;28.354960434890444;0.8101417267111556;-0.64453125;
18:27:43;179.0;1576175264;88.922;27.837209319635406;0.7953488377038688;-0.634765625;
18:27:44;180.0;1576175265;89.094;33.79134714506834;0.9654670612876669;-0.7470703125;
18:27:45;181.0;1576175266;89.209;27.70777154082165;0.7916506154520472;-0.63232421875;
18:27:46;182.0;1576175267;89.363;28.096084877262925;0.8027452822075122;-0.6396484375;
18:27:47;183.0;1576175268;89.382;27.837209319635406;0.7953488377038688;-0.634765625;
18:27:48;184.0;1576175269;89.171;25.895642637429017;0.7398755039265433;-0.59814453125;
18:27:49;185.0;1576175270;88.616;28.225522656076688;0.806443504459334;-0.64208984375;
18:27:50;186.0;1576175271;88.539;27.96664709844917;0.7990470599556906;-0.63720703125;
18:27:51;187.0;1576175272;88.73;28.872711550145485;0.8249346157184424;-0.654296875;
18:27:52;188.0;1576175273;88.902;27.96664709844917;0.7990470599556906;-0.63720703125;
18:27:53;189.0;1576175274;89.056;28.354960434890444;0.8101417267111556;-0.64453125;
18:27:54;190.0;1576175275;88.96;29.261024886586764;0.8360292824739075;-0.66162109375;
18:27:55;191.0;1576175276;88.768;27.96664709844917;0.7990470599556906;-0.63720703125;
18:27:56;192.0;1576175277;88.597;26.283955973870295;0.7509701706820084;-0.60546875;
18:27:57;193.0;1576175278;88.482;27.70777154082165;0.7916506154520472;-0.63232421875;
18:27:58;194.0;1576175279;88.788;27.190020425566612;0.7768577264447604;-0.62255859375;
18:27:59;195.0;1576175280;88.616;29.131587107773004;0.8323310602220858;-0.6591796875;
18:28:00;196.0;1576175281;88.635;27.70777154082165;0.7916506154520472;-0.63232421875;
18:28:01;197.0;1576175282;88.616;28.225522656076688;0.806443504459334;-0.64208984375;
18:28:02;198.0;1576175283;88.254;28.484398213704207;0.8138399489629773;-0.64697265625;
18:28:03;199.0;1576175284;88.197;27.96664709844917;0.7990470599556906;-0.63720703125;
18:28:04;200.0;1576175285;88.216;28.613835992517963;0.817538171214799;-0.6494140625;
18:28:05;201.0;1576175286;88.577;27.319458204380375;0.7805559486965822;-0.625;
18:28:06;202.0;1576175287;88.425;26.672269310311574;0.7620648374374736;-0.61279296875;
18:28:07;203.0;1576175288;88.864;27.70777154082165;0.7916506154520472;-0.63232421875;
18:28:08;204.0;1576175289;88.635;27.70777154082165;0.7916506154520472;-0.63232421875;
18:28:09;205.0;1576175290;88.463;27.837209319635406;0.7953488377038688;-0.634765625;
18:28:10;206.0;1576175291;88.501;26.672269310311574;0.7620648374374736;-0.61279296875;
18:28:11;207.0;1576175292;88.311;27.96664709844917;0.7990470599556906;-0.63720703125;
18:28:12;208.0;1576175293;88.52;27.190020425566612;0.7768577264447604;-0.62255859375;
18:28:13;209.0;1576175294;88.52;28.354960434890444;0.8101417267111556;-0.64453125;
18:28:14;210.0;1576175295;88.902;27.70777154082165;0.7916506154520472;-0.63232421875;
18:28:15;211.0;1576175296;88.711;27.319458204380375;0.7805559486965822;-0.625;
18:28:16;212.0;1576175297;88.692;27.319458204380375;0.7805559486965822;-0.625;
18:28:17;213.0;1576175298;88.692;24.212951512850143;0.6917986146528612;-0.56640625;
18:28:18;214.0;1576175299;88.654;27.578333762007887;0.7879523932002254;-0.6298828125;
18:28:19;215.0;1576175300;88.807;27.319458204380375;0.7805559486965822;-0.625;
18:28:20;216.0;1576175301;88.845;27.578333762007887;0.7879523932002254;-0.6298828125;
18:28:21;217.0;1576175302;88.463;27.837209319635406;0.7953488377038688;-0.634765625;
18:28:22;218.0;1576175304;88.635;27.96664709844917;0.7990470599556906;-0.63720703125;
18:28:23;219.0;1576175305;88.463;27.060582646752852;0.7731595041929387;-0.6201171875;
18:28:24;220.0;1576175306;88.406;28.613835992517963;0.817538171214799;-0.6494140625;
18:28:25;221.0;1576175307;88.425;27.96664709844917;0.7990470599556906;-0.63720703125;
18:28:26;222.0;1576175308;88.007;28.613835992517963;0.817538171214799;-0.6494140625;
18:28:27;223.0;1576175309;88.007;27.96664709844917;0.7990470599556906;-0.63720703125;
18:28:28;224.0;1576175310;87.837;27.96664709844917;0.7990470599556906;-0.63720703125;
18:28:29;225.0;1576175311;87.951;30.29652711709684;0.8656150604884811;-0.68115234375;
18:28:30;226.0;1576175312;88.178;27.96664709844917;0.7990470599556906;-0.63720703125;
18:28:31;227.0;1576175313;88.349;27.319458204380375;0.7805559486965822;-0.625;
18:28:32;228.0;1576175314;88.425;27.44889598319413;0.7842541709484038;-0.62744140625;
18:28:33;229.0;1576175315;88.463;27.837209319635406;0.7953488377038688;-0.634765625;
18:28:34;230.0;1576175316;88.406;27.96664709844917;0.7990470599556906;-0.63720703125;
18:28:35;231.0;1576175317;88.235;28.613835992517963;0.817538171214799;-0.6494140625;
18:28:36;232.0;1576175318;88.007;27.70777154082165;0.7916506154520472;-0.63232421875;
18:28:37;233.0;1576175319;88.197;26.672269310311574;0.7620648374374736;-0.61279296875;
18:28:38;234.0;1576175320;88.026;27.837209319635406;0.7953488377038688;-0.634765625;
18:28:39;235.0;1576175321;88.178;27.578333762007887;0.7879523932002254;-0.6298828125;
18:28:40;236.0;1576175322;88.045;27.44889598319413;0.7842541709484038;-0.62744140625;
18:28:41;237.0;1576175323;88.026;26.801707089125333;0.7657630596892953;-0.615234375;
18:28:42;238.0;1576175324;87.913;27.44889598319413;0.7842541709484038;-0.62744140625;
18:28:44;240.0;1576175325;87.573;28.613835992517963;0.817538171214799;-0.6494140625;
18:28:45;241.0;1576175326;88.007;27.96664709844917;0.7990470599556906;-0.63720703125;
18:28:46;242.0;1576175327;88.045;28.872711550145485;0.8249346157184424;-0.654296875;
18:28:47;243.0;1576175328;88.007;28.225522656076688;0.806443504459334;-0.64208984375;
18:28:48;244.0;1576175329;88.197;27.44889598319413;0.7842541709484038;-0.62744140625;
18:28:49;245.0;1576175330;88.064;27.70777154082165;0.7916506154520472;-0.63232421875;
18:28:50;246.0;1576175331;87.837;27.319458204380375;0.7805559486965822;-0.625;
18:28:51;247.0;1576175332;88.026;27.319458204380375;0.7805559486965822;-0.625;
18:28:52;248.0;1576175333;87.705;27.060582646752852;0.7731595041929387;-0.6201171875;
18:28:53;249.0;1576175334;87.667;27.319458204380375;0.7805559486965822;-0.625;
18:28:54;250.0;1576175335;87.498;27.96664709844917;0.7990470599556906;-0.63720703125;
18:28:55;251.0;1576175336;87.498;27.578333762007887;0.7879523932002254;-0.6298828125;
18:28:56;252.0;1576175337;87.818;26.931144867939093;0.769461281941117;-0.61767578125;
18:28:57;253.0;1576175338;87.837;28.484398213704207;0.8138399489629773;-0.64697265625;
18:28:58;254.0;1576175339;88.064;29.002149328959245;0.8286328379702641;-0.65673828125;
18:28:59;255.0;1576175340;87.951;27.96664709844917;0.7990470599556906;-0.63720703125;
18:29:00;256.0;1576175341;87.78;27.578333762007887;0.7879523932002254;-0.6298828125;
18:29:01;257.0;1576175342;87.629;27.70777154082165;0.7916506154520472;-0.63232421875;
18:29:02;258.0;1576175343;87.762;27.96664709844917;0.7990470599556906;-0.63720703125;
18:29:03;259.0;1576175344;88.083;26.025080416242776;0.743573726178365;-0.6005859375;
18:29:04;260.0;1576175345;88.216;26.542831531497814;0.7583666151856518;-0.6103515625;
18:29:05;261.0;1576175346;88.026;27.837209319635406;0.7953488377038688;-0.634765625;
18:29:06;262.0;1576175347;87.875;27.44889598319413;0.7842541709484038;-0.62744140625;
18:29:07;263.0;1576175348;87.724;26.542831531497814;0.7583666151856518;-0.6103515625;
18:29:08;264.0;1576175349;87.554;27.96664709844917;0.7990470599556906;-0.63720703125;
18:29:09;265.0;1576175350;88.064;28.484398213704207;0.8138399489629773;-0.64697265625;
18:29:10;266.0;1576175351;87.856;28.354960434890444;0.8101417267111556;-0.64453125;
18:29:11;267.0;1576175352;87.724;25.895642637429017;0.7398755039265433;-0.59814453125;
18:29:12;268.0;1576175353;88.159;29.131587107773004;0.8323310602220858;-0.6591796875;
18:29:13;269.0;1576175354;88.026;27.96664709844917;0.7990470599556906;-0.63720703125;
18:29:14;270.0;1576175355;88.406;27.837209319635406;0.7953488377038688;-0.634765625;
18:29:15;271.0;1576175356;88.482;28.613835992517963;0.817538171214799;-0.6494140625;
18:29:16;272.0;1576175357;88.254;27.96664709844917;0.7990470599556906;-0.63720703125;
18:29:17;273.0;1576175358;88.597;27.70777154082165;0.7916506154520472;-0.63232421875;
18:29:18;274.0;1576175359;88.387;27.96664709844917;0.7990470599556906;-0.63720703125;
18:29:19;275.0;1576175360;88.368;29.390462665400523;0.8397275047257292;-0.6640625;
18:29:20;276.0;1576175361;88.749;27.578333762007887;0.7879523932002254;-0.6298828125;
18:29:21;277.0;1576175362;88.216;27.96664709844917;0.7990470599556906;-0.63720703125;
18:29:22;278.0;1576175363;88.235;27.44889598319413;0.7842541709484038;-0.62744140625;
18:29:23;279.0;1576175364;88.235;30.68484045353812;0.8767097272439462;-0.6884765625;
18:29:25;281.0;1576175365;88.026;27.060582646752852;0.7731595041929387;-0.6201171875;
18:29:26;282.0;1576175367;88.064;28.484398213704207;0.8138399489629773;-0.64697265625;
18:29:27;283.0;1576175368;88.064;28.743273771331726;0.8212363934666207;-0.65185546875;
18:29:28;284.0;1576175369;87.743;27.44889598319413;0.7842541709484038;-0.62744140625;
18:29:29;285.0;1576175371;87.554;26.413393752684055;0.7546683929338301;-0.60791015625;
18:29:30;286.0;1576175372;87.291;27.70777154082165;0.7916506154520472;-0.63232421875;
18:29:31;287.0;1576175373;87.366;27.70777154082165;0.7916506154520472;-0.63232421875;
18:29:32;288.0;1576175374;87.479;29.778776001841802;0.8508221714811943;-0.67138671875;
18:29:33;289.0;1576175375;87.724;28.484398213704207;0.8138399489629773;-0.64697265625;
18:29:34;290.0;1576175376;87.799;27.96664709844917;0.7990470599556906;-0.63720703125;
18:29:35;291.0;1576175377;87.762;27.578333762007887;0.7879523932002254;-0.6298828125;
18:29:36;292.0;1576175378;87.762;27.837209319635406;0.7953488377038688;-0.634765625;
18:29:37;293.0;1576175379;87.535;27.44889598319413;0.7842541709484038;-0.62744140625;
18:29:38;294.0;1576175380;87.648;27.70777154082165;0.7916506154520472;-0.63232421875;
18:29:39;295.0;1576175381;87.441;29.002149328959245;0.8286328379702641;-0.65673828125;
18:29:40;296.0;1576175382;87.404;27.96664709844917;0.7990470599556906;-0.63720703125;
18:29:41;297.0;1576175383;87.272;27.190020425566612;0.7768577264447604;-0.62255859375;
18:29:42;298.0;1576175384;87.122;27.578333762007887;0.7879523932002254;-0.6298828125;
18:29:43;299.0;1576175385;87.31;27.70777154082165;0.7916506154520472;-0.63232421875;
18:29:44;300.0;1576175386;87.498;27.70777154082165;0.7916506154520472;-0.63232421875;
18:29:45;301.0;1576175387;87.856;26.672269310311574;0.7620648374374736;-0.61279296875;
18:29:46;302.0;1576175388;88.007;27.70777154082165;0.7916506154520472;-0.63232421875;
18:29:48;304.0;1576175389;88.026;29.519900444214283;0.8434257269775509;-0.66650390625;
18:29:49;305.0;1576175390;88.102;27.70777154082165;0.7916506154520472;-0.63232421875;
18:29:50;306.0;1576175391;87.724;27.837209319635406;0.7953488377038688;-0.634765625;
18:29:51;307.0;1576175392;87.611;26.801707089125333;0.7657630596892953;-0.615234375;
18:29:52;308.0;1576175393;87.611;27.96664709844917;0.7990470599556906;-0.63720703125;
18:29:53;309.0;1576175394;87.422;28.484398213704207;0.8138399489629773;-0.64697265625;
18:29:54;310.0;1576175395;87.554;27.837209319635406;0.7953488377038688;-0.634765625;
18:29:55;311.0;1576175396;87.498;27.70777154082165;0.7916506154520472;-0.63232421875;
18:29:56;312.0;1576175397;87.479;27.44889598319413;0.7842541709484038;-0.62744140625;
18:29:57;313.0;1576175398;87.479;28.613835992517963;0.817538171214799;-0.6494140625;
18:29:58;314.0;1576175399;87.705;27.837209319635406;0.7953488377038688;-0.634765625;
18:29:59;315.0;1576175400;87.743;27.060582646752852;0.7731595041929387;-0.6201171875;
18:30:00;316.0;1576175401;87.743;27.44889598319413;0.7842541709484038;-0.62744140625;
18:30:01;317.0;1576175402;87.724;27.70777154082165;0.7916506154520472;-0.63232421875;
18:30:02;318.0;1576175403;87.573;28.225522656076688;0.806443504459334;-0.64208984375;
18:30:03;319.0;1576175404;87.385;27.44889598319413;0.7842541709484038;-0.62744140625;
18:30:04;320.0;1576175405;87.216;27.44889598319413;0.7842541709484038;-0.62744140625;
18:30:05;321.0;1576175406;87.291;28.354960434890444;0.8101417267111556;-0.64453125;
18:30:06;322.0;1576175407;87.216;27.578333762007887;0.7879523932002254;-0.6298828125;
18:30:07;323.0;1576175408;87.366;24.212951512850143;0.6917986146528612;-0.56640625;
18:30:08;324.0;1576175409;87.178;27.44889598319413;0.7842541709484038;-0.62744140625;
18:30:09;325.0;1576175410;87.122;28.354960434890444;0.8101417267111556;-0.64453125;
18:30:10;326.0;1576175411;87.328;27.837209319635406;0.7953488377038688;-0.634765625;
18:30:11;327.0;1576175412;87.366;27.96664709844917;0.7990470599556906;-0.63720703125;
18:30:12;328.0;1576175413;87.385;28.096084877262925;0.8027452822075122;-0.6396484375;
18:30:13;329.0;1576175414;87.385;28.354960434890444;0.8101417267111556;-0.64453125;
18:30:14;330.0;1576175415;87.235;27.70777154082165;0.7916506154520472;-0.63232421875;
18:30:15;331.0;1576175416;87.197;27.44889598319413;0.7842541709484038;-0.62744140625;
18:30:16;332.0;1576175417;87.347;28.225522656076688;0.806443504459334;-0.64208984375;
18:30:17;333.0;1576175418;87.366;27.319458204380375;0.7805559486965822;-0.625;
18:30:18;334.0;1576175419;87.16;27.70777154082165;0.7916506154520472;-0.63232421875;
18:30:19;335.0;1576175420;86.972;27.96664709844917;0.7990470599556906;-0.63720703125;
18:30:20;336.0;1576175421;87.197;27.70777154082165;0.7916506154520472;-0.63232421875;
18:30:21;337.0;1576175422;86.954;27.44889598319413;0.7842541709484038;-0.62744140625;
18:30:22;338.0;1576175423;87.366;29.131587107773004;0.8323310602220858;-0.6591796875;
18:30:23;339.0;1576175424;87.592;27.70777154082165;0.7916506154520472;-0.63232421875;
18:30:24;340.0;1576175425;87.422;27.96664709844917;0.7990470599556906;-0.63720703125;
18:30:25;341.0;1576175426;87.837;27.44889598319413;0.7842541709484038;-0.62744140625;
18:30:26;342.0;1576175427;87.554;29.519900444214283;0.8434257269775509;-0.66650390625;
18:30:27;343.0;1576175428;87.366;28.354960434890444;0.8101417267111556;-0.64453125;
18:30:28;344.0;1576175429;87.178;28.484398213704207;0.8138399489629773;-0.64697265625;
18:30:29;345.0;1576175430;87.047;27.96664709844917;0.7990470599556906;-0.63720703125;
18:30:30;346.0;1576175431;87.122;27.837209319635406;0.7953488377038688;-0.634765625;
18:30:31;347.0;1576175432;87.253;28.096084877262925;0.8027452822075122;-0.6396484375;
18:30:32;348.0;1576175433;87.085;27.319458204380375;0.7805559486965822;-0.625;
18:30:33;349.0;1576175434;86.636;27.44889598319413;0.7842541709484038;-0.62744140625;
18:30:34;350.0;1576175435;86.618;27.96664709844917;0.7990470599556906;-0.63720703125;
18:30:35;351.0;1576175436;86.562;28.354960434890444;0.8101417267111556;-0.64453125;
18:30:36;352.0;1576175437;86.879;28.096084877262925;0.8027452822075122;-0.6396484375;
18:30:37;353.0;1576175438;87.253;26.931144867939093;0.769461281941117;-0.61767578125;
18:30:38;354.0;1576175439;87.01;27.70777154082165;0.7916506154520472;-0.63232421875;
18:30:39;355.0;1576175440;86.935;27.96664709844917;0.7990470599556906;-0.63720703125;
18:30:40;356.0;1576175441;86.972;27.319458204380375;0.7805559486965822;-0.625;
18:30:41;357.0;1576175442;86.767;27.44889598319413;0.7842541709484038;-0.62744140625;
18:30:42;358.0;1576175443;86.636;27.319458204380375;0.7805559486965822;-0.625;
18:30:43;359.0;1576175444;86.991;26.413393752684055;0.7546683929338301;-0.60791015625;
18:30:44;360.0;1576175445;87.01;27.44889598319413;0.7842541709484038;-0.62744140625;
18:30:45;361.0;1576175446;87.216;27.837209319635406;0.7953488377038688;-0.634765625;
18:30:46;362.0;1576175447;87.441;27.319458204380375;0.7805559486965822;-0.625;
18:30:47;363.0;1576175449;87.253;27.190020425566612;0.7768577264447604;-0.62255859375;
18:30:48;364.0;1576175450;87.235;28.096084877262925;0.8027452822075122;-0.6396484375;
18:30:49;365.0;1576175451;86.655;27.319458204380375;0.7805559486965822;-0.625;
18:30:50;366.0;1576175452;86.599;28.096084877262925;0.8027452822075122;-0.6396484375;
18:30:52;368.0;1576175453;86.432;27.578333762007887;0.7879523932002254;-0.6298828125;
18:30:53;369.0;1576175454;86.191;28.096084877262925;0.8027452822075122;-0.6396484375;
18:30:54;370.0;1576175455;86.599;27.578333762007887;0.7879523932002254;-0.6298828125;
18:30:55;371.0;1576175456;86.636;28.613835992517963;0.817538171214799;-0.6494140625;
18:30:56;372.0;1576175457;87.01;27.44889598319413;0.7842541709484038;-0.62744140625;
18:30:57;373.0;1576175458;87.01;27.96664709844917;0.7990470599556906;-0.63720703125;
18:30:58;374.0;1576175459;87.141;28.225522656076688;0.806443504459334;-0.64208984375;
18:30:59;375.0;1576175460;87.141;28.096084877262925;0.8027452822075122;-0.6396484375;
18:31:00;376.0;1576175461;86.954;28.354960434890444;0.8101417267111556;-0.64453125;
18:31:01;377.0;1576175462;87.16;27.96664709844917;0.7990470599556906;-0.63720703125;
18:31:02;378.0;1576175463;87.216;27.319458204380375;0.7805559486965822;-0.625;
18:31:03;379.0;1576175464;87.066;28.354960434890444;0.8101417267111556;-0.64453125;
18:31:04;380.0;1576175465;86.692;27.319458204380375;0.7805559486965822;-0.625;
18:31:05;381.0;1576175466;86.581;27.44889598319413;0.7842541709484038;-0.62744140625;
18:31:06;382.0;1576175467;86.358;27.837209319635406;0.7953488377038688;-0.634765625;
18:31:07;383.0;1576175468;86.674;25.636767079801498;0.7324790594228999;-0.59326171875;
00:00:00;-66284.0;1576175469;-9999.0;27.96664709844917;0.7990470599556906;-0.63720703125;
18:31:08;384.0;1576175469;86.45;27.837209319635406;0.7953488377038688;-0.634765625;
18:31:09;385.0;1576175470;86.098;27.44889598319413;0.7842541709484038;-0.62744140625;
18:31:10;386.0;1576175471;86.283;27.190020425566612;0.7768577264447604;-0.62255859375;
18:31:11;387.0;1576175472;86.246;27.70777154082165;0.7916506154520472;-0.63232421875;
18:31:12;388.0;1576175473;86.599;26.931144867939093;0.769461281941117;-0.61767578125;
18:31:13;389.0;1576175474;87.066;32.496969356930755;0.9284848387694501;-0.72265625;
18:31:14;390.0;1576175475;86.916;28.096084877262925;0.8027452822075122;-0.6396484375;
18:31:15;391.0;1576175476;86.804;27.70777154082165;0.7916506154520472;-0.63232421875;
18:31:16;392.0;1576175477;87.028;28.484398213704207;0.8138399489629773;-0.64697265625;
18:31:17;393.0;1576175478;86.655;28.096084877262925;0.8027452822075122;-0.6396484375;
18:31:18;394.0;1576175479;86.636;27.837209319635406;0.7953488377038688;-0.634765625;
18:31:19;395.0;1576175480;86.562;27.70777154082165;0.7916506154520472;-0.63232421875;
18:31:20;396.0;1576175481;86.265;28.096084877262925;0.8027452822075122;-0.6396484375;
18:31:21;397.0;1576175482;86.488;28.096084877262925;0.8027452822075122;-0.6396484375;
18:31:23;399.0;1576175483;86.916;27.70777154082165;0.7916506154520472;-0.63232421875;
18:31:24;400.0;1576175485;86.655;27.319458204380375;0.7805559486965822;-0.625;
18:31:25;401.0;1576175486;86.469;27.96664709844917;0.7990470599556906;-0.63720703125;
18:31:26;402.0;1576175487;86.321;28.484398213704207;0.8138399489629773;-0.64697265625;
18:31:27;403.0;1576175488;85.969;27.96664709844917;0.7990470599556906;-0.63720703125;
18:31:28;404.0;1576175489;86.358;27.060582646752852;0.7731595041929387;-0.6201171875;
18:31:29;405.0;1576175490;86.321;27.44889598319413;0.7842541709484038;-0.62744140625;
18:31:30;406.0;1576175491;86.265;27.96664709844917;0.7990470599556906;-0.63720703125;
18:31:31;407.0;1576175493;86.469;27.837209319635406;0.7953488377038688;-0.634765625;
18:31:32;408.0;1576175494;86.45;28.225522656076688;0.806443504459334;-0.64208984375;
18:31:33;409.0;1576175495;86.618;27.319458204380375;0.7805559486965822;-0.625;
18:31:34;410.0;1576175496;86.655;27.44889598319413;0.7842541709484038;-0.62744140625;
18:31:35;411.0;1576175497;86.469;24.73070262810518;0.706591503660148;-0.576171875;
18:31:36;412.0;1576175498;86.636;27.44889598319413;0.7842541709484038;-0.62744140625;
18:31:37;413.0;1576175499;86.339;27.70777154082165;0.7916506154520472;-0.63232421875;
18:31:38;414.0;1576175500;86.674;27.70777154082165;0.7916506154520472;-0.63232421875;
18:31:39;415.0;1576175501;86.636;26.931144867939093;0.769461281941117;-0.61767578125;
18:31:40;416.0;1576175502;86.469;28.096084877262925;0.8027452822075122;-0.6396484375;
18:31:41;417.0;1576175503;86.618;27.578333762007887;0.7879523932002254;-0.6298828125;
18:31:42;418.0;1576175504;86.413;27.70777154082165;0.7916506154520472;-0.63232421875;
18:31:43;419.0;1576175505;86.45;28.096084877262925;0.8027452822075122;-0.6396484375;
18:31:44;420.0;1576175506;86.432;9999.0;9999.0;9999.0;
18:31:45;421.0;1576175507;86.413;27.70777154082165;0.7916506154520472;-0.63232421875;
18:31:46;422.0;1576175508;86.395;27.70777154082165;0.7916506154520472;-0.63232421875;
18:31:47;423.0;1576175509;86.283;26.542831531497814;0.7583666151856518;-0.6103515625;
18:31:48;424.0;1576175510;86.154;27.70777154082165;0.7916506154520472;-0.63232421875;
18:31:49;425.0;1576175511;86.358;28.484398213704207;0.8138399489629773;-0.64697265625;
18:31:50;426.0;1576175512;86.228;29.390462665400523;0.8397275047257292;-0.6640625;
18:31:51;427.0;1576175513;86.321;27.578333762007887;0.7879523932002254;-0.6298828125;
18:31:52;428.0;1576175514;86.135;27.70777154082165;0.7916506154520472;-0.63232421875;
18:31:53;429.0;1576175515;86.098;24.9895781857327;0.7139879481637914;-0.5810546875;
18:31:54;430.0;1576175516;86.08;27.578333762007887;0.7879523932002254;-0.6298828125;
18:31:56;432.0;1576175517;86.135;28.484398213704207;0.8138399489629773;-0.64697265625;
18:31:57;433.0;1576175518;86.469;27.319458204380375;0.7805559486965822;-0.625;
18:31:58;434.0;1576175519;86.469;29.519900444214283;0.8434257269775509;-0.66650390625;
18:31:59;435.0;1576175520;86.636;29.649338223028042;0.8471239492293726;-0.6689453125;
18:32:00;436.0;1576175521;86.228;27.96664709844917;0.7990470599556906;-0.63720703125;
18:32:01;437.0;1576175522;86.265;28.096084877262925;0.8027452822075122;-0.6396484375;
18:32:02;438.0;1576175523;86.358;27.44889598319413;0.7842541709484038;-0.62744140625;
18:32:03;439.0;1576175524;86.358;27.578333762007887;0.7879523932002254;-0.6298828125;
18:32:04;440.0;1576175525;86.711;27.44889598319413;0.7842541709484038;-0.62744140625;
18:32:05;441.0;1576175526;86.674;27.837209319635406;0.7953488377038688;-0.634765625;
18:32:06;442.0;1576175527;86.45;29.002149328959245;0.8286328379702641;-0.65673828125;
18:32:07;443.0;1576175528;86.413;28.484398213704207;0.8138399489629773;-0.64697265625;
18:32:08;444.0;1576175529;86.08;27.70777154082165;0.7916506154520472;-0.63232421875;
18:32:09;445.0;1576175530;85.932;27.70777154082165;0.7916506154520472;-0.63232421875;
18:32:10;446.0;1576175531;85.895;28.096084877262925;0.8027452822075122;-0.6396484375;
18:32:11;447.0;1576175532;86.098;27.70777154082165;0.7916506154520472;-0.63232421875;
18:32:12;448.0;1576175533;86.246;23.436324839967586;0.6696092811419311;-0.5517578125;
18:32:13;449.0;1576175534;86.265;27.70777154082165;0.7916506154520472;-0.63232421875;
18:32:14;450.0;1576175535;86.117;27.578333762007887;0.7879523932002254;-0.6298828125;
18:32:15;451.0;1576175536;85.969;26.801707089125333;0.7657630596892953;-0.615234375;
18:32:16;452.0;1576175537;86.172;28.096084877262925;0.8027452822075122;-0.6396484375;
18:32:17;453.0;1576175538;86.172;26.413393752684055;0.7546683929338301;-0.60791015625;
18:32:18;454.0;1576175539;86.358;22.918573724712548;0.6548163921346443;-0.5419921875;
18:32:19;455.0;1576175540;86.339;26.931144867939093;0.769461281941117;-0.61767578125;
18:32:20;456.0;1576175541;85.932;27.319458204380375;0.7805559486965822;-0.625;
18:32:21;457.0;1576175542;85.895;28.613835992517963;0.817538171214799;-0.6494140625;
18:32:22;458.0;1576175543;85.987;27.96664709844917;0.7990470599556906;-0.63720703125;
18:32:23;459.0;1576175544;85.674;27.44889598319413;0.7842541709484038;-0.62744140625;
18:32:24;460.0;1576175545;85.692;27.190020425566612;0.7768577264447604;-0.62255859375;
18:32:25;461.0;1576175546;85.582;28.225522656076688;0.806443504459334;-0.64208984375;
18:32:26;462.0;1576175547;85.252;27.70777154082165;0.7916506154520472;-0.63232421875;
18:32:27;463.0;1576175548;85.398;27.44889598319413;0.7842541709484038;-0.62744140625;
18:32:28;464.0;1576175549;85.637;27.44889598319413;0.7842541709484038;-0.62744140625;
18:32:29;465.0;1576175550;85.619;27.70777154082165;0.7916506154520472;-0.63232421875;
18:32:30;466.0;1576175551;85.84;27.060582646752852;0.7731595041929387;-0.6201171875;
18:32:31;467.0;1576175552;85.729;27.70777154082165;0.7916506154520472;-0.63232421875;
18:32:32;468.0;1576175553;85.674;28.096084877262925;0.8027452822075122;-0.6396484375;
18:32:33;469.0;1576175554;85.619;27.70777154082165;0.7916506154520472;-0.63232421875;
18:32:34;470.0;1576175555;85.435;27.190020425566612;0.7768577264447604;-0.62255859375;
18:32:35;471.0;1576175556;85.564;28.225522656076688;0.806443504459334;-0.64208984375;
18:32:36;472.0;1576175557;85.6;27.70777154082165;0.7916506154520472;-0.63232421875;
18:32:37;473.0;1576175558;85.803;27.190020425566612;0.7768577264447604;-0.62255859375;
18:32:38;474.0;1576175559;85.821;27.44889598319413;0.7842541709484038;-0.62744140625;
18:32:39;475.0;1576175560;85.803;27.190020425566612;0.7768577264447604;-0.62255859375;
18:32:40;476.0;1576175561;85.784;26.801707089125333;0.7657630596892953;-0.615234375;
18:32:41;477.0;1576175562;85.582;27.837209319635406;0.7953488377038688;-0.634765625;
18:32:42;478.0;1576175563;85.748;27.96664709844917;0.7990470599556906;-0.63720703125;
18:32:43;479.0;1576175564;85.564;27.44889598319413;0.7842541709484038;-0.62744140625;
18:32:44;480.0;1576175565;85.527;27.578333762007887;0.7879523932002254;-0.6298828125;
18:32:45;481.0;1576175566;85.343;28.096084877262925;0.8027452822075122;-0.6396484375;
18:32:46;482.0;1576175567;85.545;28.484398213704207;0.8138399489629773;-0.64697265625;
18:32:47;483.0;1576175568;85.913;28.225522656076688;0.806443504459334;-0.64208984375;
18:32:48;484.0;1576175569;86.154;27.70777154082165;0.7916506154520472;-0.63232421875;
18:32:49;485.0;1576175570;86.209;27.319458204380375;0.7805559486965822;-0.625;
18:32:50;486.0;1576175571;85.821;27.96664709844917;0.7990470599556906;-0.63720703125;
18:32:51;487.0;1576175572;85.656;27.837209319635406;0.7953488377038688;-0.634765625;
18:32:52;488.0;1576175573;85.435;27.44889598319413;0.7842541709484038;-0.62744140625;
18:32:53;489.0;1576175575;85.84;28.096084877262925;0.8027452822075122;-0.6396484375;
18:32:54;490.0;1576175576;85.858;27.190020425566612;0.7768577264447604;-0.62255859375;
18:32:55;491.0;1576175577;85.821;28.354960434890444;0.8101417267111556;-0.64453125;
18:32:56;492.0;1576175578;85.656;26.413393752684055;0.7546683929338301;-0.60791015625;
18:32:57;493.0;1576175579;85.453;27.70777154082165;0.7916506154520472;-0.63232421875;
18:32:58;494.0;1576175580;85.637;26.931144867939093;0.769461281941117;-0.61767578125;
18:32:59;495.0;1576175581;85.619;27.70777154082165;0.7916506154520472;-0.63232421875;
18:33:01;497.0;1576175582;85.692;27.44889598319413;0.7842541709484038;-0.62744140625;
18:33:02;498.0;1576175583;85.435;28.484398213704207;0.8138399489629773;-0.64697265625;
18:33:03;499.0;1576175584;85.435;28.096084877262925;0.8027452822075122;-0.6396484375;
18:33:04;500.0;1576175585;85.435;27.70777154082165;0.7916506154520472;-0.63232421875;
18:33:05;501.0;1576175586;85.252;28.613835992517963;0.817538171214799;-0.6494140625;
18:33:06;502.0;1576175587;85.619;28.096084877262925;0.8027452822075122;-0.6396484375;
18:33:07;503.0;1576175588;85.453;27.060582646752852;0.7731595041929387;-0.6201171875;
18:33:08;504.0;1576175589;85.325;27.96664709844917;0.7990470599556906;-0.63720703125;
18:33:09;505.0;1576175590;85.417;27.837209319635406;0.7953488377038688;-0.634765625;
18:33:10;506.0;1576175591;85.472;26.801707089125333;0.7657630596892953;-0.615234375;
18:33:11;507.0;1576175592;85.49;27.578333762007887;0.7879523932002254;-0.6298828125;
18:33:12;508.0;1576175593;85.545;27.70777154082165;0.7916506154520472;-0.63232421875;
18:33:13;509.0;1576175594;85.398;27.578333762007887;0.7879523932002254;-0.6298828125;
18:33:14;510.0;1576175595;85.179;27.70777154082165;0.7916506154520472;-0.63232421875;
18:33:15;511.0;1576175596;85.453;27.70777154082165;0.7916506154520472;-0.63232421875;
18:33:16;512.0;1576175597;85.545;28.225522656076688;0.806443504459334;-0.64208984375;
18:33:17;513.0;1576175598;85.895;27.060582646752852;0.7731595041929387;-0.6201171875;
18:33:18;514.0;1576175599;85.895;29.131587107773004;0.8323310602220858;-0.6591796875;
18:33:19;515.0;1576175600;85.748;27.578333762007887;0.7879523932002254;-0.6298828125;
18:33:20;516.0;1576175601;85.472;27.44889598319413;0.7842541709484038;-0.62744140625;
18:33:21;517.0;1576175602;85.509;23.824638176408865;0.6807039478973961;-0.55908203125;
18:33:22;518.0;1576175603;85.527;28.096084877262925;0.8027452822075122;-0.6396484375;
18:33:23;519.0;1576175604;85.38;27.96664709844917;0.7990470599556906;-0.63720703125;
18:33:24;520.0;1576175605;85.38;28.743273771331726;0.8212363934666207;-0.65185546875;
18:33:25;521.0;1576175606;85.398;28.354960434890444;0.8101417267111556;-0.64453125;
18:33:26;522.0;1576175607;85.6;27.70777154082165;0.7916506154520472;-0.63232421875;
18:33:27;523.0;1576175608;85.545;27.70777154082165;0.7916506154520472;-0.63232421875;
18:33:28;524.0;1576175609;85.692;26.931144867939093;0.769461281941117;-0.61767578125;
18:33:29;525.0;1576175610;85.435;27.96664709844917;0.7990470599556906;-0.63720703125;
18:33:30;526.0;1576175611;85.362;26.672269310311574;0.7620648374374736;-0.61279296875;
18:33:31;527.0;1576175612;85.582;27.44889598319413;0.7842541709484038;-0.62744140625;
18:33:32;528.0;1576175613;85.656;32.23809379930323;0.9210883942658066;-0.7177734375;
18:33:33;529.0;1576175614;85.711;27.44889598319413;0.7842541709484038;-0.62744140625;
18:33:34;530.0;1576175615;85.748;29.131587107773004;0.8323310602220858;-0.6591796875;
18:33:35;531.0;1576175616;85.435;28.354960434890444;0.8101417267111556;-0.64453125;
18:33:36;532.0;1576175617;85.49;27.70777154082165;0.7916506154520472;-0.63232421875;
18:33:37;533.0;1576175618;85.288;27.70777154082165;0.7916506154520472;-0.63232421875;
18:33:38;534.0;1576175619;85.325;25.895642637429017;0.7398755039265433;-0.59814453125;
18:33:39;535.0;1576175620;85.527;27.96664709844917;0.7990470599556906;-0.63720703125;
18:33:40;536.0;1576175621;85.362;27.44889598319413;0.7842541709484038;-0.62744140625;
18:33:41;537.0;1576175622;85.509;29.390462665400523;0.8397275047257292;-0.6640625;
18:33:42;538.0;1576175623;85.16;27.96664709844917;0.7990470599556906;-0.63720703125;
18:33:43;539.0;1576175624;85.087;27.060582646752852;0.7731595041929387;-0.6201171875;
18:33:44;540.0;1576175625;84.941;27.44889598319413;0.7842541709484038;-0.62744140625;
18:33:45;541.0;1576175626;84.796;27.190020425566612;0.7768577264447604;-0.62255859375;
18:33:46;542.0;1576175627;84.941;27.578333762007887;0.7879523932002254;-0.6298828125;
18:33:47;543.0;1576175628;84.96;28.096084877262925;0.8027452822075122;-0.6396484375;
18:33:48;544.0;1576175629;84.868;27.44889598319413;0.7842541709484038;-0.62744140625;
18:33:49;545.0;1576175630;85.051;28.096084877262925;0.8027452822075122;-0.6396484375;
18:33:50;546.0;1576175631;84.905;27.96664709844917;0.7990470599556906;-0.63720703125;
18:33:51;547.0;1576175632;85.252;28.096084877262925;0.8027452822075122;-0.6396484375;
18:33:52;548.0;1576175633;85.179;28.096084877262925;0.8027452822075122;-0.6396484375;
18:33:53;549.0;1576175634;84.996;27.578333762007887;0.7879523932002254;-0.6298828125;
18:33:54;550.0;1576175635;84.96;28.225522656076688;0.806443504459334;-0.64208984375;
18:33:55;551.0;1576175636;84.614;28.613835992517963;0.817538171214799;-0.6494140625;
18:33:56;552.0;1576175637;84.923;27.578333762007887;0.7879523932002254;-0.6298828125;
18:33:57;553.0;1576175639;84.941;27.70777154082165;0.7916506154520472;-0.63232421875;
18:33:58;554.0;1576175640;85.124;28.225522656076688;0.806443504459334;-0.64208984375;
18:33:59;555.0;1576175641;84.887;25.24845374336022;0.7213843926674348;-0.5859375;
18:34:00;556.0;1576175642;84.759;28.225522656076688;0.806443504459334;-0.64208984375;
18:34:01;557.0;1576175643;84.723;27.70777154082165;0.7916506154520472;-0.63232421875;
18:34:02;558.0;1576175644;84.541;27.44889598319413;0.7842541709484038;-0.62744140625;
18:34:03;559.0;1576175645;84.414;28.096084877262925;0.8027452822075122;-0.6396484375;
18:34:05;561.0;1576175646;84.578;27.70777154082165;0.7916506154520472;-0.63232421875;
18:34:06;562.0;1576175647;84.596;27.96664709844917;0.7990470599556906;-0.63720703125;
18:34:07;563.0;1576175648;84.85;27.96664709844917;0.7990470599556906;-0.63720703125;
18:34:08;564.0;1576175649;84.996;27.70777154082165;0.7916506154520472;-0.63232421875;
18:34:09;565.0;1576175650;84.96;27.96664709844917;0.7990470599556906;-0.63720703125;
18:34:10;566.0;1576175651;84.96;28.354960434890444;0.8101417267111556;-0.64453125;
18:34:11;567.0;1576175652;85.069;28.225522656076688;0.806443504459334;-0.64208984375;
18:34:12;568.0;1576175653;85.142;28.354960434890444;0.8101417267111556;-0.64453125;
18:34:13;569.0;1576175654;85.16;27.190020425566612;0.7768577264447604;-0.62255859375;
18:34:14;570.0;1576175655;85.215;27.837209319635406;0.7953488377038688;-0.634765625;
18:34:15;571.0;1576175656;84.905;27.96664709844917;0.7990470599556906;-0.63720703125;
18:34:16;572.0;1576175657;84.705;27.837209319635406;0.7953488377038688;-0.634765625;
18:34:17;573.0;1576175658;84.342;28.096084877262925;0.8027452822075122;-0.6396484375;
18:34:18;574.0;1576175659;84.523;27.70777154082165;0.7916506154520472;-0.63232421875;
18:34:19;575.0;1576175660;84.65;26.801707089125333;0.7657630596892953;-0.615234375;
18:34:20;576.0;1576175660;84.777;27.96664709844917;0.7990470599556906;-0.63720703125;
18:34:21;577.0;1576175662;84.941;28.096084877262925;0.8027452822075122;-0.6396484375;
18:34:22;578.0;1576175663;84.887;27.060582646752852;0.7731595041929387;-0.6201171875;
18:34:23;579.0;1576175664;85.033;28.096084877262925;0.8027452822075122;-0.6396484375;
18:34:24;580.0;1576175665;85.069;28.354960434890444;0.8101417267111556;-0.64453125;
18:34:25;581.0;1576175666;85.124;27.578333762007887;0.7879523932002254;-0.6298828125;
18:34:26;582.0;1576175667;84.978;27.319458204380375;0.7805559486965822;-0.625;
18:34:27;583.0;1576175668;84.487;27.70777154082165;0.7916506154520472;-0.63232421875;
18:34:28;584.0;1576175669;84.469;27.96664709844917;0.7990470599556906;-0.63720703125;
18:34:29;585.0;1576175670;84.65;27.44889598319413;0.7842541709484038;-0.62744140625;
18:34:30;586.0;1576175671;84.378;27.96664709844917;0.7990470599556906;-0.63720703125;
18:34:31;587.0;1576175672;84.723;23.824638176408865;0.6807039478973961;-0.55908203125;
18:34:32;588.0;1576175673;84.905;27.96664709844917;0.7990470599556906;-0.63720703125;
18:34:33;589.0;1576175674;84.832;27.96664709844917;0.7990470599556906;-0.63720703125;
18:34:34;590.0;1576175675;85.033;28.096084877262925;0.8027452822075122;-0.6396484375;
18:34:35;591.0;1576175676;84.905;28.613835992517963;0.817538171214799;-0.6494140625;
18:34:36;592.0;1576175677;84.905;28.484398213704207;0.8138399489629773;-0.64697265625;
18:34:37;593.0;1576175678;84.596;27.837209319635406;0.7953488377038688;-0.634765625;
18:34:38;594.0;1576175679;84.668;9999.0;9999.0;9999.0;
18:34:39;595.0;1576175680;84.596;28.613835992517963;0.817538171214799;-0.6494140625;
18:34:40;596.0;1576175681;84.451;27.578333762007887;0.7879523932002254;-0.6298828125;
18:34:41;597.0;1576175682;84.777;27.96664709844917;0.7990470599556906;-0.63720703125;
18:34:42;598.0;1576175683;84.723;27.44889598319413;0.7842541709484038;-0.62744140625;
18:34:43;599.0;1576175684;84.578;27.70777154082165;0.7916506154520472;-0.63232421875;
18:34:44;600.0;1576175685;84.759;27.319458204380375;0.7805559486965822;-0.625;
18:34:45;601.0;1576175686;84.432;27.96664709844917;0.7990470599556906;-0.63720703125;
18:34:46;602.0;1576175687;84.451;28.096084877262925;0.8027452822075122;-0.6396484375;
18:34:47;603.0;1576175688;84.796;23.824638176408865;0.6807039478973961;-0.55908203125;
18:34:48;604.0;1576175689;84.759;26.542831531497814;0.7583666151856518;-0.6103515625;
18:34:49;605.0;1576175690;84.759;27.70777154082165;0.7916506154520472;-0.63232421875;
18:34:50;606.0;1576175691;84.596;27.837209319635406;0.7953488377038688;-0.634765625;
18:34:51;607.0;1576175692;84.65;27.70777154082165;0.7916506154520472;-0.63232421875;
18:34:52;608.0;1576175693;84.668;27.96664709844917;0.7990470599556906;-0.63720703125;
18:34:53;609.0;1576175694;84.868;27.96664709844917;0.7990470599556906;-0.63720703125;
18:34:54;610.0;1576175695;85.033;27.44889598319413;0.7842541709484038;-0.62744140625;
18:34:55;611.0;1576175696;84.632;27.837209319635406;0.7953488377038688;-0.634765625;
18:34:56;612.0;1576175697;84.288;28.484398213704207;0.8138399489629773;-0.64697265625;
18:34:57;613.0;1576175698;84.306;27.837209319635406;0.7953488377038688;-0.634765625;
18:34:58;614.0;1576175699;84.125;25.895642637429017;0.7398755039265433;-0.59814453125;
18:34:59;615.0;1576175700;84.414;27.837209319635406;0.7953488377038688;-0.634765625;
18:35:00;616.0;1576175701;84.414;28.354960434890444;0.8101417267111556;-0.64453125;
18:35:01;617.0;1576175702;84.179;26.542831531497814;0.7583666151856518;-0.6103515625;
18:35:02;618.0;1576175704;84.215;27.44889598319413;0.7842541709484038;-0.62744140625;
18:35:03;619.0;1576175705;83.909;27.837209319635406;0.7953488377038688;-0.634765625;
18:35:04;620.0;1576175706;84.053;27.44889598319413;0.7842541709484038;-0.62744140625;
18:35:05;621.0;1576175707;84.233;27.70777154082165;0.7916506154520472;-0.63232421875;
18:35:06;622.0;1576175708;84.36;27.578333762007887;0.7879523932002254;-0.6298828125;
18:35:07;623.0;1576175709;84.378;28.225522656076688;0.806443504459334;-0.64208984375;
18:35:09;625.0;1576175710;84.27;27.319458204380375;0.7805559486965822;-0.625;
18:35:10;626.0;1576175711;83.981;28.096084877262925;0.8027452822075122;-0.6396484375;
18:35:11;627.0;1576175712;83.873;28.225522656076688;0.806443504459334;-0.64208984375;
18:35:12;628.0;1576175713;84.035;27.70777154082165;0.7916506154520472;-0.63232421875;
18:35:13;629.0;1576175714;84.053;26.801707089125333;0.7657630596892953;-0.615234375;
18:35:14;630.0;1576175715;84.197;28.484398213704207;0.8138399489629773;-0.64697265625;
18:35:15;631.0;1576175716;84.324;27.70777154082165;0.7916506154520472;-0.63232421875;
18:35:16;632.0;1576175717;84.342;29.261024886586764;0.8360292824739075;-0.66162109375;
18:35:17;633.0;1576175718;84.306;27.44889598319413;0.7842541709484038;-0.62744140625;
18:35:18;634.0;1576175719;84.396;27.319458204380375;0.7805559486965822;-0.625;
18:35:19;635.0;1576175720;84.432;27.578333762007887;0.7879523932002254;-0.6298828125;
18:35:20;636.0;1576175721;84.27;27.96664709844917;0.7990470599556906;-0.63720703125;
18:35:21;637.0;1576175722;84.614;29.261024886586764;0.8360292824739075;-0.66162109375;
18:35:22;638.0;1576175723;84.541;27.70777154082165;0.7916506154520472;-0.63232421875;
18:35:23;639.0;1576175724;84.36;26.154518195056536;0.7472719484301867;-0.60302734375;
18:35:24;640.0;1576175725;84.324;28.484398213704207;0.8138399489629773;-0.64697265625;
18:35:25;641.0;1576175726;84.125;26.672269310311574;0.7620648374374736;-0.61279296875;
18:35:26;642.0;1576175727;84.089;27.837209319635406;0.7953488377038688;-0.634765625;
18:35:27;643.0;1576175728;84.27;27.44889598319413;0.7842541709484038;-0.62744140625;
18:35:28;644.0;1576175729;84.469;28.354960434890444;0.8101417267111556;-0.64453125;
18:35:29;645.0;1576175730;84.342;27.190020425566612;0.7768577264447604;-0.62255859375;
18:35:30;646.0;1576175731;84.578;27.70777154082165;0.7916506154520472;-0.63232421875;
18:35:31;647.0;1576175732;84.396;28.096084877262925;0.8027452822075122;-0.6396484375;
18:35:32;648.0;1576175733;84.179;27.060582646752852;0.7731595041929387;-0.6201171875;
18:35:33;649.0;1576175734;84.288;27.578333762007887;0.7879523932002254;-0.6298828125;
18:35:34;650.0;1576175735;84.071;27.837209319635406;0.7953488377038688;-0.634765625;
18:35:35;651.0;1576175736;84.125;27.70777154082165;0.7916506154520472;-0.63232421875;
18:35:36;652.0;1576175737;84.179;27.96664709844917;0.7990470599556906;-0.63720703125;
18:35:37;653.0;1576175738;84.017;27.837209319635406;0.7953488377038688;-0.634765625;
18:35:38;654.0;1576175739;84.017;28.096084877262925;0.8027452822075122;-0.6396484375;
18:35:39;655.0;1576175740;84.306;27.319458204380375;0.7805559486965822;-0.625;
18:35:40;656.0;1576175741;84.288;27.060582646752852;0.7731595041929387;-0.6201171875;
18:35:41;657.0;1576175742;84.306;27.837209319635406;0.7953488377038688;-0.634765625;
18:35:42;658.0;1576175743;84.342;28.354960434890444;0.8101417267111556;-0.64453125;
18:35:43;659.0;1576175744;84.035;27.44889598319413;0.7842541709484038;-0.62744140625;
18:35:44;660.0;1576175745;84.053;29.390462665400523;0.8397275047257292;-0.6640625;
18:35:45;661.0;1576175746;84.035;27.837209319635406;0.7953488377038688;-0.634765625;
18:35:46;662.0;1576175747;84.017;28.096084877262925;0.8027452822075122;-0.6396484375;
18:35:47;663.0;1576175748;84.179;27.96664709844917;0.7990470599556906;-0.63720703125;
18:35:48;664.0;1576175749;84.179;27.190020425566612;0.7768577264447604;-0.62255859375;
18:35:49;665.0;1576175750;84.233;27.578333762007887;0.7879523932002254;-0.6298828125;
18:35:50;666.0;1576175751;84.36;27.190020425566612;0.7768577264447604;-0.62255859375;
18:35:51;667.0;1576175752;84.342;27.70777154082165;0.7916506154520472;-0.63232421875;
18:35:52;668.0;1576175753;84.306;27.44889598319413;0.7842541709484038;-0.62744140625;
18:35:53;669.0;1576175754;84.252;27.319458204380375;0.7805559486965822;-0.625;
18:35:54;670.0;1576175755;84.071;27.578333762007887;0.7879523932002254;-0.6298828125;
18:35:55;671.0;1576175756;83.927;27.44889598319413;0.7842541709484038;-0.62744140625;
18:35:56;672.0;1576175757;83.945;28.096084877262925;0.8027452822075122;-0.6396484375;
18:35:57;673.0;1576175758;83.999;27.44889598319413;0.7842541709484038;-0.62744140625;
18:35:58;674.0;1576175759;84.197;27.44889598319413;0.7842541709484038;-0.62744140625;
18:35:59;675.0;1576175760;84.143;27.578333762007887;0.7879523932002254;-0.6298828125;
18:36:00;676.0;1576175761;84.161;27.70777154082165;0.7916506154520472;-0.63232421875;
18:36:01;677.0;1576175762;84.125;27.96664709844917;0.7990470599556906;-0.63720703125;
18:36:02;678.0;1576175763;84.125;27.96664709844917;0.7990470599556906;-0.63720703125;
18:36:03;679.0;1576175764;83.999;28.872711550145485;0.8249346157184424;-0.654296875;
18:36:04;680.0;1576175765;84.179;27.44889598319413;0.7842541709484038;-0.62744140625;
18:36:05;681.0;1576175766;84.36;27.44889598319413;0.7842541709484038;-0.62744140625;
18:36:06;682.0;1576175767;84.215;27.96664709844917;0.7990470599556906;-0.63720703125;
18:36:07;683.0;1576175768;84.378;27.837209319635406;0.7953488377038688;-0.634765625;
18:36:08;684.0;1576175770;84.197;27.837209319635406;0.7953488377038688;-0.634765625;
18:36:09;685.0;1576175771;84.197;28.872711550145485;0.8249346157184424;-0.654296875;
18:36:10;686.0;1576175772;84.197;27.319458204380375;0.7805559486965822;-0.625;
18:36:11;687.0;1576175773;84.143;22.65969816708503;0.6474199476310009;-0.537109375;
18:36:13;689.0;1576175774;84.125;27.190020425566612;0.7768577264447604;-0.62255859375;
18:36:14;690.0;1576175775;83.801;27.44889598319413;0.7842541709484038;-0.62744140625;
18:36:15;691.0;1576175776;83.819;28.743273771331726;0.8212363934666207;-0.65185546875;
18:36:16;692.0;1576175777;83.837;28.354960434890444;0.8101417267111556;-0.64453125;
18:36:17;693.0;1576175778;83.837;27.96664709844917;0.7990470599556906;-0.63720703125;
18:36:18;694.0;1576175779;84.017;27.70777154082165;0.7916506154520472;-0.63232421875;
18:36:19;695.0;1576175780;83.981;24.9895781857327;0.7139879481637914;-0.5810546875;
18:36:20;696.0;1576175781;83.693;27.837209319635406;0.7953488377038688;-0.634765625;
18:36:21;697.0;1576175782;83.532;27.578333762007887;0.7879523932002254;-0.6298828125;
18:36:22;698.0;1576175783;83.353;27.578333762007887;0.7879523932002254;-0.6298828125;
18:36:23;699.0;1576175784;83.353;27.44889598319413;0.7842541709484038;-0.62744140625;
18:36:24;700.0;1576175785;83.639;28.354960434890444;0.8101417267111556;-0.64453125;
18:36:25;701.0;1576175786;83.999;28.096084877262925;0.8027452822075122;-0.6396484375;
18:36:26;702.0;1576175787;84.161;27.190020425566612;0.7768577264447604;-0.62255859375;
18:36:27;703.0;1576175788;84.179;28.354960434890444;0.8101417267111556;-0.64453125;
18:36:28;704.0;1576175789;84.215;27.70777154082165;0.7916506154520472;-0.63232421875;
18:36:29;705.0;1576175790;84.053;27.96664709844917;0.7990470599556906;-0.63720703125;
18:36:30;706.0;1576175791;83.999;28.354960434890444;0.8101417267111556;-0.64453125;
18:36:31;707.0;1576175792;83.981;26.413393752684055;0.7546683929338301;-0.60791015625;
18:36:32;708.0;1576175793;83.819;27.96664709844917;0.7990470599556906;-0.63720703125;
18:36:33;709.0;1576175794;83.783;26.542831531497814;0.7583666151856518;-0.6103515625;
18:36:34;710.0;1576175795;83.819;27.96664709844917;0.7990470599556906;-0.63720703125;
18:36:35;711.0;1576175796;83.675;27.319458204380375;0.7805559486965822;-0.625;
18:36:36;712.0;1576175797;83.765;27.44889598319413;0.7842541709484038;-0.62744140625;
18:36:37;713.0;1576175798;83.819;27.837209319635406;0.7953488377038688;-0.634765625;
18:36:38;714.0;1576175799;83.837;27.060582646752852;0.7731595041929387;-0.6201171875;
18:36:39;715.0;1576175800;83.837;27.70777154082165;0.7916506154520472;-0.63232421875;
18:36:40;716.0;1576175801;83.909;28.225522656076688;0.806443504459334;-0.64208984375;
18:36:41;717.0;1576175802;83.855;27.319458204380375;0.7805559486965822;-0.625;
18:36:42;718.0;1576175803;83.801;28.872711550145485;0.8249346157184424;-0.654296875;
18:36:43;719.0;1576175804;83.945;27.837209319635406;0.7953488377038688;-0.634765625;
18:36:44;720.0;1576175805;83.783;27.060582646752852;0.7731595041929387;-0.6201171875;
18:36:45;721.0;1576175806;83.442;27.70777154082165;0.7916506154520472;-0.63232421875;
18:36:46;722.0;1576175807;83.496;27.44889598319413;0.7842541709484038;-0.62744140625;
18:36:47;723.0;1576175808;83.335;27.44889598319413;0.7842541709484038;-0.62744140625;
18:36:48;724.0;1576175809;83.299;26.931144867939093;0.769461281941117;-0.61767578125;
18:36:49;725.0;1576175810;83.621;27.70777154082165;0.7916506154520472;-0.63232421875;
18:36:50;726.0;1576175811;83.604;23.695200397595105;0.6770057256455745;-0.556640625;
18:36:51;727.0;1576175812;83.639;27.70777154082165;0.7916506154520472;-0.63232421875;
18:36:52;728.0;1576175813;83.801;27.319458204380375;0.7805559486965822;-0.625;
18:36:53;729.0;1576175814;83.837;27.70777154082165;0.7916506154520472;-0.63232421875;
18:36:54;730.0;1576175815;83.855;27.190020425566612;0.7768577264447604;-0.62255859375;
18:36:55;731.0;1576175816;83.963;27.578333762007887;0.7879523932002254;-0.6298828125;
18:36:56;732.0;1576175817;83.945;26.542831531497814;0.7583666151856518;-0.6103515625;
18:36:57;733.0;1576175818;83.945;28.484398213704207;0.8138399489629773;-0.64697265625;
18:36:58;734.0;1576175819;83.765;27.44889598319413;0.7842541709484038;-0.62744140625;
18:36:59;735.0;1576175820;83.604;27.96664709844917;0.7990470599556906;-0.63720703125;
18:37:00;736.0;1576175821;83.621;27.44889598319413;0.7842541709484038;-0.62744140625;
18:37:01;737.0;1576175822;83.407;27.837209319635406;0.7953488377038688;-0.634765625;
18:37:02;738.0;1576175823;83.604;28.484398213704207;0.8138399489629773;-0.64697265625;
18:37:03;739.0;1576175824;83.819;27.190020425566612;0.7768577264447604;-0.62255859375;
18:37:04;740.0;1576175825;83.801;27.837209319635406;0.7953488377038688;-0.634765625;
18:37:05;741.0;1576175826;83.891;27.319458204380375;0.7805559486965822;-0.625;
18:37:06;742.0;1576175827;83.873;27.190020425566612;0.7768577264447604;-0.62255859375;
18:37:07;743.0;1576175828;83.693;27.96664709844917;0.7990470599556906;-0.63720703125;
18:37:08;744.0;1576175829;83.442;27.96664709844917;0.7990470599556906;-0.63720703125;
18:37:09;745.0;1576175830;83.424;28.613835992517963;0.817538171214799;-0.6494140625;
18:37:10;746.0;1576175831;83.407;27.837209319635406;0.7953488377038688;-0.634765625;
18:37:11;747.0;1576175832;83.496;27.44889598319413;0.7842541709484038;-0.62744140625;
18:37:12;748.0;1576175834;83.621;27.44889598319413;0.7842541709484038;-0.62744140625;
18:37:13;749.0;1576175835;83.783;28.225522656076688;0.806443504459334;-0.64208984375;
18:37:14;750.0;1576175836;83.783;28.743273771331726;0.8212363934666207;-0.65185546875;
18:37:15;751.0;1576175837;83.693;32.10865602048947;0.9173901720139849;-0.71533203125;
18:37:17;753.0;1576175838;83.657;26.801707089125333;0.7657630596892953;-0.615234375;
18:37:18;754.0;1576175839;83.604;27.837209319635406;0.7953488377038688;-0.634765625;
18:37:19;755.0;1576175840;83.639;27.96664709844917;0.7990470599556906;-0.63720703125;
18:37:20;756.0;1576175841;83.586;28.096084877262925;0.8027452822075122;-0.6396484375;
18:37:21;757.0;1576175842;83.604;27.96664709844917;0.7990470599556906;-0.63720703125;
18:37:22;758.0;1576175843;83.693;27.578333762007887;0.7879523932002254;-0.6298828125;
18:37:23;759.0;1576175844;83.621;28.484398213704207;0.8138399489629773;-0.64697265625;
18:37:24;760.0;1576175845;83.855;27.060582646752852;0.7731595041929387;-0.6201171875;
18:37:25;761.0;1576175846;83.837;28.096084877262925;0.8027452822075122;-0.6396484375;
18:37:26;762.0;1576175847;83.783;27.70777154082165;0.7916506154520472;-0.63232421875;
18:37:27;763.0;1576175848;83.783;27.837209319635406;0.7953488377038688;-0.634765625;
18:37:28;764.0;1576175849;83.568;28.354960434890444;0.8101417267111556;-0.64453125;
18:37:29;765.0;1576175850;83.532;27.060582646752852;0.7731595041929387;-0.6201171875;
18:37:30;766.0;1576175851;83.371;27.70777154082165;0.7916506154520472;-0.63232421875;
18:37:31;767.0;1576175852;83.371;27.837209319635406;0.7953488377038688;-0.634765625;
18:37:32;768.0;1576175853;83.389;28.354960434890444;0.8101417267111556;-0.64453125;
18:37:33;769.0;1576175854;83.442;28.225522656076688;0.806443504459334;-0.64208984375;
18:37:34;770.0;1576175855;83.424;27.96664709844917;0.7990470599556906;-0.63720703125;
18:37:35;771.0;1576175856;83.157;27.96664709844917;0.7990470599556906;-0.63720703125;
18:37:36;772.0;1576175857;83.157;28.225522656076688;0.806443504459334;-0.64208984375;
18:37:37;773.0;1576175858;83.299;28.613835992517963;0.817538171214799;-0.6494140625;
18:37:38;774.0;1576175859;83.335;27.44889598319413;0.7842541709484038;-0.62744140625;
18:37:39;775.0;1576175860;83.478;28.613835992517963;0.817538171214799;-0.6494140625;
18:37:40;776.0;1576175861;83.442;27.837209319635406;0.7953488377038688;-0.634765625;
18:37:41;777.0;1576175862;83.139;27.70777154082165;0.7916506154520472;-0.63232421875;
18:37:42;778.0;1576175863;82.961;26.931144867939093;0.769461281941117;-0.61767578125;
18:37:43;779.0;1576175864;83.103;27.70777154082165;0.7916506154520472;-0.63232421875;
18:37:44;780.0;1576175865;83.157;28.354960434890444;0.8101417267111556;-0.64453125;
18:37:45;781.0;1576175866;83.299;28.225522656076688;0.806443504459334;-0.64208984375;
18:37:46;782.0;1576175867;83.586;27.44889598319413;0.7842541709484038;-0.62744140625;
18:37:47;783.0;1576175868;83.299;27.96664709844917;0.7990470599556906;-0.63720703125;
18:37:48;784.0;1576175869;83.264;28.225522656076688;0.806443504459334;-0.64208984375;
18:37:49;785.0;1576175870;83.282;26.154518195056536;0.7472719484301867;-0.60302734375;
18:37:50;786.0;1576175871;83.174;27.70777154082165;0.7916506154520472;-0.63232421875;
18:37:51;787.0;1576175872;83.299;27.96664709844917;0.7990470599556906;-0.63720703125;
18:37:52;788.0;1576175873;83.442;27.44889598319413;0.7842541709484038;-0.62744140625;
18:37:53;789.0;1576175874;83.442;27.44889598319413;0.7842541709484038;-0.62744140625;
18:37:54;790.0;1576175875;83.228;27.190020425566612;0.7768577264447604;-0.62255859375;
18:37:55;791.0;1576175876;83.121;27.319458204380375;0.7805559486965822;-0.625;
18:37:56;792.0;1576175877;82.979;26.154518195056536;0.7472719484301867;-0.60302734375;
18:37:57;793.0;1576175878;82.836;28.354960434890444;0.8101417267111556;-0.64453125;
18:37:58;794.0;1576175879;83.192;27.96664709844917;0.7990470599556906;-0.63720703125;
18:37:59;795.0;1576175880;83.335;28.354960434890444;0.8101417267111556;-0.64453125;
18:38:00;796.0;1576175881;83.174;27.319458204380375;0.7805559486965822;-0.625;
18:38:01;797.0;1576175882;83.478;27.837209319635406;0.7953488377038688;-0.634765625;
18:38:02;798.0;1576175883;83.299;27.96664709844917;0.7990470599556906;-0.63720703125;
18:38:03;799.0;1576175884;83.264;28.096084877262925;0.8027452822075122;-0.6396484375;
18:38:04;800.0;1576175885;83.407;24.86014040691894;0.7102897259119697;-0.57861328125;
18:38:05;801.0;1576175886;83.228;28.872711550145485;0.8249346157184424;-0.654296875;
18:38:06;802.0;1576175887;83.246;28.354960434890444;0.8101417267111556;-0.64453125;
18:38:07;803.0;1576175888;83.264;27.319458204380375;0.7805559486965822;-0.625;
18:38:08;804.0;1576175889;83.103;27.70777154082165;0.7916506154520472;-0.63232421875;
18:38:09;805.0;1576175890;83.103;27.837209319635406;0.7953488377038688;-0.634765625;
18:38:10;806.0;1576175891;82.943;27.70777154082165;0.7916506154520472;-0.63232421875;
18:38:11;807.0;1576175892;82.925;28.484398213704207;0.8138399489629773;-0.64697265625;
18:38:12;808.0;1576175893;83.282;28.872711550145485;0.8249346157184424;-0.654296875;
18:38:13;809.0;1576175894;83.317;27.96664709844917;0.7990470599556906;-0.63720703125;
18:38:14;810.0;1576175895;83.586;27.837209319635406;0.7953488377038688;-0.634765625;
18:38:15;811.0;1576175897;83.765;27.70777154082165;0.7916506154520472;-0.63232421875;
18:38:16;812.0;1576175898;83.621;27.578333762007887;0.7879523932002254;-0.6298828125;
18:38:17;813.0;1576175899;83.621;28.484398213704207;0.8138399489629773;-0.64697265625;
18:38:18;814.0;1576175900;83.675;27.578333762007887;0.7879523932002254;-0.6298828125;
18:38:19;815.0;1576175901;83.514;27.837209319635406;0.7953488377038688;-0.634765625;
18:38:21;817.0;1576175902;83.532;28.743273771331726;0.8212363934666207;-0.65185546875;
18:38:22;818.0;1576175903;83.514;26.931144867939093;0.769461281941117;-0.61767578125;
18:38:23;819.0;1576175904;83.174;27.837209319635406;0.7953488377038688;-0.634765625;
18:38:24;820.0;1576175905;83.032;27.44889598319413;0.7842541709484038;-0.62744140625;
18:38:25;821.0;1576175906;82.872;27.96664709844917;0.7990470599556906;-0.63720703125;
18:38:26;822.0;1576175907;82.73;27.44889598319413;0.7842541709484038;-0.62744140625;
18:38:27;823.0;1576175908;82.925;27.70777154082165;0.7916506154520472;-0.63232421875;
18:38:28;824.0;1576175909;83.068;27.44889598319413;0.7842541709484038;-0.62744140625;
18:38:29;825.0;1576175910;83.174;27.837209319635406;0.7953488377038688;-0.634765625;
18:38:30;826.0;1576175911;83.192;27.44889598319413;0.7842541709484038;-0.62744140625;
18:38:31;827.0;1576175912;83.317;27.837209319635406;0.7953488377038688;-0.634765625;
18:38:32;828.0;1576175913;83.157;27.319458204380375;0.7805559486965822;-0.625;
18:38:33;829.0;1576175914;83.174;27.319458204380375;0.7805559486965822;-0.625;
18:38:34;830.0;1576175915;83.317;27.44889598319413;0.7842541709484038;-0.62744140625;
18:38:35;831.0;1576175916;82.979;27.96664709844917;0.7990470599556906;-0.63720703125;
18:38:36;832.0;1576175917;83.174;28.484398213704207;0.8138399489629773;-0.64697265625;
18:38:37;833.0;1576175918;83.174;27.96664709844917;0.7990470599556906;-0.63720703125;
18:38:38;834.0;1576175919;83.157;27.44889598319413;0.7842541709484038;-0.62744140625;
18:38:39;835.0;1576175920;83.371;27.578333762007887;0.7879523932002254;-0.6298828125;
18:38:40;836.0;1576175921;83.157;28.225522656076688;0.806443504459334;-0.64208984375;
18:38:41;837.0;1576175922;83.192;27.319458204380375;0.7805559486965822;-0.625;
18:38:42;838.0;1576175923;83.407;27.44889598319413;0.7842541709484038;-0.62744140625;
18:38:43;839.0;1576175924;83.389;27.319458204380375;0.7805559486965822;-0.625;
18:38:44;840.0;1576175925;83.371;28.484398213704207;0.8138399489629773;-0.64697265625;
18:38:45;841.0;1576175926;83.192;28.743273771331726;0.8212363934666207;-0.65185546875;
18:38:46;842.0;1576175927;82.872;27.70777154082165;0.7916506154520472;-0.63232421875;
18:38:47;843.0;1576175928;82.588;27.96664709844917;0.7990470599556906;-0.63720703125;
18:38:48;844.0;1576175929;82.588;27.44889598319413;0.7842541709484038;-0.62744140625;
18:38:49;845.0;1576175930;82.606;27.96664709844917;0.7990470599556906;-0.63720703125;
18:38:50;846.0;1576175931;82.659;28.096084877262925;0.8027452822075122;-0.6396484375;
18:38:51;847.0;1576175932;82.606;27.70777154082165;0.7916506154520472;-0.63232421875;
18:38:52;848.0;1576175933;82.979;26.801707089125333;0.7657630596892953;-0.615234375;
18:38:53;849.0;1576175934;83.139;30.94371601116564;0.8841061717475898;-0.693359375;
18:38:54;850.0;1576175935;83.05;27.70777154082165;0.7916506154520472;-0.63232421875;
18:38:55;851.0;1576175936;83.192;27.96664709844917;0.7990470599556906;-0.63720703125;
18:38:56;852.0;1576175937;82.854;28.354960434890444;0.8101417267111556;-0.64453125;
18:38:57;853.0;1576175938;82.801;29.519900444214283;0.8434257269775509;-0.66650390625;
18:38:58;854.0;1576175939;83.085;27.96664709844917;0.7990470599556906;-0.63720703125;
18:38:59;855.0;1576175940;83.032;28.354960434890444;0.8101417267111556;-0.64453125;
18:39:00;856.0;1576175941;83.192;27.837209319635406;0.7953488377038688;-0.634765625;
18:39:01;857.0;1576175942;83.21;27.44889598319413;0.7842541709484038;-0.62744140625;
18:39:02;858.0;1576175943;82.783;27.44889598319413;0.7842541709484038;-0.62744140625;
18:39:03;859.0;1576175944;82.872;26.672269310311574;0.7620648374374736;-0.61279296875;
18:39:04;860.0;1576175945;82.712;28.872711550145485;0.8249346157184424;-0.654296875;
18:39:05;861.0;1576175946;82.695;27.578333762007887;0.7879523932002254;-0.6298828125;
18:39:06;862.0;1576175947;82.659;27.44889598319413;0.7842541709484038;-0.62744140625;
18:39:07;863.0;1576175948;82.801;28.354960434890444;0.8101417267111556;-0.64453125;
18:39:08;864.0;1576175949;82.571;27.70777154082165;0.7916506154520472;-0.63232421875;
18:39:09;865.0;1576175950;82.323;27.190020425566612;0.7768577264447604;-0.62255859375;
18:39:10;866.0;1576175951;82.482;27.190020425566612;0.7768577264447604;-0.62255859375;
18:39:11;867.0;1576175952;82.341;27.578333762007887;0.7879523932002254;-0.6298828125;
18:39:12;868.0;1576175953;82.27;26.542831531497814;0.7583666151856518;-0.6103515625;
