Time;Seconds from start for linreg;Unix Time;ch1 po2;Uc;Ubl;Vc;
03:15:38;-1.0;1571361339;103.684;16.45748939217133;0.48547166348587995;-0.4296875;
03:15:39;0.0;1571361340;103.981;16.45748939217133;0.48547166348587995;-0.4296875;
03:15:40;1.0;1571361341;104.026;16.45748939217133;0.48547166348587995;-0.4296875;
03:15:41;2.0;1571361343;104.026;16.45748939217133;0.48547166348587995;-0.4296875;
03:15:42;3.0;1571361343;103.684;16.45748939217133;0.48547166348587995;-0.4296875;
03:15:43;4.0;1571361344;103.661;16.45748939217133;0.48547166348587995;-0.4296875;
03:15:44;5.0;1571361345;103.593;16.45748939217133;0.48547166348587995;-0.4296875;
03:15:45;6.0;1571361346;103.433;16.45748939217133;0.48547166348587995;-0.4296875;
03:15:46;7.0;1571361348;103.821;16.45748939217133;0.48547166348587995;-0.4296875;
03:15:47;8.0;1571361348;103.707;16.45748939217133;0.48547166348587995;-0.4296875;
03:15:48;9.0;1571361349;103.729;16.45748939217133;0.48547166348587995;-0.4296875;
03:15:49;10.0;1571361351;103.798;16.45748939217133;0.48547166348587995;-0.4296875;
03:15:50;11.0;1571361351;103.707;16.45748939217133;0.48547166348587995;-0.4296875;
03:15:51;12.0;1571361352;103.752;16.45748939217133;0.48547166348587995;-0.4296875;
03:15:52;13.0;1571361353;103.912;16.45748939217133;0.48547166348587995;-0.4296875;
03:15:53;14.0;1571361354;103.935;16.45748939217133;0.48547166348587995;-0.4296875;
03:15:54;15.0;1571361356;104.232;16.45748939217133;0.48547166348587995;-0.4296875;
03:15:55;16.0;1571361356;103.935;16.45748939217133;0.48547166348587995;-0.4296875;
03:15:56;17.0;1571361357;103.912;16.45748939217133;0.48547166348587995;-0.4296875;
03:15:57;18.0;1571361359;103.775;16.45748939217133;0.48547166348587995;-0.4296875;
03:15:58;19.0;1571361359;103.433;16.45748939217133;0.48547166348587995;-0.4296875;
03:15:59;20.0;1571361361;103.707;16.45748939217133;0.48547166348587995;-0.4296875;
03:16:00;21.0;1571361362;103.388;16.45748939217133;0.48547166348587995;-0.4296875;
03:16:01;22.0;1571361362;103.433;16.45748939217133;0.48547166348587995;-0.4296875;
03:16:02;23.0;1571361364;103.547;16.45748939217133;0.48547166348587995;-0.4296875;
03:16:03;24.0;1571361364;103.707;16.45748939217133;0.48547166348587995;-0.4296875;
03:16:04;25.0;1571361366;103.798;16.45748939217133;0.48547166348587995;-0.4296875;
03:16:05;26.0;1571361367;103.889;16.45748939217133;0.48547166348587995;-0.4296875;
03:16:06;27.0;1571361368;103.752;16.45748939217133;0.48547166348587995;-0.4296875;
03:16:07;28.0;1571361369;103.502;16.45748939217133;0.48547166348587995;-0.4296875;
03:16:08;29.0;1571361370;103.411;16.45748939217133;0.48547166348587995;-0.4296875;
03:16:09;30.0;1571361370;103.297;16.45748939217133;0.48547166348587995;-0.4296875;
03:16:10;31.0;1571361372;103.456;16.45748939217133;0.48547166348587995;-0.4296875;
03:16:11;32.0;1571361373;103.615;16.45748939217133;0.48547166348587995;-0.4296875;
03:16:12;33.0;1571361373;103.775;16.45748939217133;0.48547166348587995;-0.4296875;
03:16:13;34.0;1571361375;103.707;16.45748939217133;0.48547166348587995;-0.4296875;
03:16:14;35.0;1571361376;103.889;16.45748939217133;0.48547166348587995;-0.4296875;
03:16:15;36.0;1571361377;103.524;16.45748939217133;0.48547166348587995;-0.4296875;
03:16:16;37.0;1571361378;103.456;16.45748939217133;0.48547166348587995;-0.4296875;
03:16:17;38.0;1571361378;103.707;16.45748939217133;0.48547166348587995;-0.4296875;
03:16:18;39.0;1571361380;103.093;16.45748939217133;0.48547166348587995;-0.4296875;
03:16:19;40.0;1571361381;103.479;16.45748939217133;0.48547166348587995;-0.4296875;
03:16:20;41.0;1571361382;103.57;16.45748939217133;0.48547166348587995;-0.4296875;
03:16:21;42.0;1571361383;103.297;16.45748939217133;0.48547166348587995;-0.4296875;
03:16:22;43.0;1571361384;103.661;16.45748939217133;0.48547166348587995;-0.4296875;
03:16:23;44.0;1571361385;103.547;16.45748939217133;0.48547166348587995;-0.4296875;
03:16:25;46.0;1571361386;103.547;16.45748939217133;0.48547166348587995;-0.4296875;
03:16:26;47.0;1571361387;103.798;16.45748939217133;0.48547166348587995;-0.4296875;
03:16:27;48.0;1571361388;103.912;16.45748939217133;0.48547166348587995;-0.4296875;
03:16:28;49.0;1571361389;103.57;16.45748939217133;0.48547166348587995;-0.4296875;
03:16:29;50.0;1571361390;103.57;16.45748939217133;0.48547166348587995;-0.4296875;
03:16:30;51.0;1571361391;103.388;16.45748939217133;0.48547166348587995;-0.4296875;
03:16:31;52.0;1571361392;103.139;16.45748939217133;0.48547166348587995;-0.4296875;
03:16:32;53.0;1571361393;103.388;16.45748939217133;0.48547166348587995;-0.4296875;
03:16:33;54.0;1571361394;103.32;16.45748939217133;0.48547166348587995;-0.4296875;
03:16:34;55.0;1571361395;103.502;16.45748939217133;0.48547166348587995;-0.4296875;
03:16:35;56.0;1571361396;103.821;16.45748939217133;0.48547166348587995;-0.4296875;
03:16:36;57.0;1571361397;103.843;16.45748939217133;0.48547166348587995;-0.4296875;
03:16:37;58.0;1571361398;104.003;16.45748939217133;0.48547166348587995;-0.4296875;
03:16:38;59.0;1571361399;103.866;16.45748939217133;0.48547166348587995;-0.4296875;
03:16:39;60.0;1571361400;103.798;16.45748939217133;0.48547166348587995;-0.4296875;
03:16:40;61.0;1571361401;103.912;16.45748939217133;0.48547166348587995;-0.4296875;
03:16:41;62.0;1571361402;104.049;16.45748939217133;0.48547166348587995;-0.4296875;
03:16:42;63.0;1571361403;104.232;16.45748939217133;0.48547166348587995;-0.4296875;
03:16:43;64.0;1571361404;103.981;16.45748939217133;0.48547166348587995;-0.4296875;
03:16:44;65.0;1571361405;103.752;16.45748939217133;0.48547166348587995;-0.4296875;
03:16:45;66.0;1571361407;103.524;16.45748939217133;0.48547166348587995;-0.4296875;
03:16:46;67.0;1571361407;103.524;16.45748939217133;0.48547166348587995;-0.4296875;
03:16:47;68.0;1571361408;103.752;16.45748939217133;0.48547166348587995;-0.4296875;
03:16:48;69.0;1571361410;103.889;16.45748939217133;0.48547166348587995;-0.4296875;
03:16:49;70.0;1571361410;103.958;16.45748939217133;0.48547166348587995;-0.4296875;
03:16:50;71.0;1571361411;103.57;16.45748939217133;0.48547166348587995;-0.4296875;
03:16:51;72.0;1571361413;103.343;16.45748939217133;0.48547166348587995;-0.4296875;
03:16:52;73.0;1571361413;103.411;16.45748939217133;0.48547166348587995;-0.4296875;
03:16:53;74.0;1571361414;103.252;16.45748939217133;0.48547166348587995;-0.4296875;
03:16:54;75.0;1571361415;103.502;16.45748939217133;0.48547166348587995;-0.4296875;
03:16:55;76.0;1571361416;103.456;16.45748939217133;0.48547166348587995;-0.4296875;
03:16:56;77.0;1571361418;103.456;16.45748939217133;0.48547166348587995;-0.4296875;
03:16:57;78.0;1571361418;103.502;16.45748939217133;0.48547166348587995;-0.4296875;
03:16:58;79.0;1571361419;103.456;16.45748939217133;0.48547166348587995;-0.4296875;
03:16:59;80.0;1571361421;103.547;16.45748939217133;0.48547166348587995;-0.4296875;
03:17:00;81.0;1571361421;103.411;16.45748939217133;0.48547166348587995;-0.4296875;
03:17:01;82.0;1571361423;103.524;16.45748939217133;0.48547166348587995;-0.4296875;
03:17:02;83.0;1571361424;103.502;16.45748939217133;0.48547166348587995;-0.4296875;
03:17:03;84.0;1571361424;103.479;16.45748939217133;0.48547166348587995;-0.4296875;
03:17:04;85.0;1571361426;103.593;16.45748939217133;0.48547166348587995;-0.4296875;
03:17:05;86.0;1571361427;103.57;16.45748939217133;0.48547166348587995;-0.4296875;
03:17:06;87.0;1571361427;103.411;16.45748939217133;0.48547166348587995;-0.4296875;
03:17:07;88.0;1571361429;103.479;16.45748939217133;0.48547166348587995;-0.4296875;
03:17:08;89.0;1571361429;103.411;16.45748939217133;0.48547166348587995;-0.4296875;
03:17:09;90.0;1571361431;103.365;16.45748939217133;0.48547166348587995;-0.4296875;
03:17:10;91.0;1571361432;103.411;16.45748939217133;0.48547166348587995;-0.4296875;
03:17:11;92.0;1571361432;103.388;16.45748939217133;0.48547166348587995;-0.4296875;
03:17:12;93.0;1571361434;103.365;16.45748939217133;0.48547166348587995;-0.4296875;
03:17:13;94.0;1571361435;103.502;16.45748939217133;0.48547166348587995;-0.4296875;
03:17:14;95.0;1571361435;103.479;16.45748939217133;0.48547166348587995;-0.4296875;
03:17:15;96.0;1571361437;103.547;16.45748939217133;0.48547166348587995;-0.4296875;
03:17:16;97.0;1571361438;103.684;16.45748939217133;0.48547166348587995;-0.4296875;
03:17:17;98.0;1571361438;103.32;16.45748939217133;0.48547166348587995;-0.4296875;
03:17:18;99.0;1571361440;103.297;16.45748939217133;0.48547166348587995;-0.4296875;
03:17:19;100.0;1571361441;103.161;16.45748939217133;0.48547166348587995;-0.4296875;
03:17:20;101.0;1571361442;103.071;16.45748939217133;0.48547166348587995;-0.4296875;
03:17:21;102.0;1571361443;103.071;16.45748939217133;0.48547166348587995;-0.4296875;
03:17:22;103.0;1571361444;103.139;16.45748939217133;0.48547166348587995;-0.4296875;
03:17:23;104.0;1571361445;103.297;16.45748939217133;0.48547166348587995;-0.4296875;
03:17:24;105.0;1571361446;103.32;16.45748939217133;0.48547166348587995;-0.4296875;
03:17:25;106.0;1571361447;103.456;16.45748939217133;0.48547166348587995;-0.4296875;
03:17:26;107.0;1571361448;103.456;16.45748939217133;0.48547166348587995;-0.4296875;
03:17:27;108.0;1571361449;103.275;16.45748939217133;0.48547166348587995;-0.4296875;
03:17:29;110.0;1571361449;103.139;16.45748939217133;0.48547166348587995;-0.4296875;
03:17:30;111.0;1571361451;103.229;16.45748939217133;0.48547166348587995;-0.4296875;
03:17:31;112.0;1571361452;103.252;16.45748939217133;0.48547166348587995;-0.4296875;
03:17:32;113.0;1571361453;103.252;16.45748939217133;0.48547166348587995;-0.4296875;
03:17:33;114.0;1571361454;103.365;16.45748939217133;0.48547166348587995;-0.4296875;
03:17:34;115.0;1571361455;103.252;16.45748939217133;0.48547166348587995;-0.4296875;
03:17:35;116.0;1571361456;103.071;16.45748939217133;0.48547166348587995;-0.4296875;
03:17:36;117.0;1571361457;103.003;16.45748939217133;0.48547166348587995;-0.4296875;
03:17:37;118.0;1571361458;103.025;16.45748939217133;0.48547166348587995;-0.4296875;
03:17:38;119.0;1571361459;103.025;16.45748939217133;0.48547166348587995;-0.4296875;
03:17:39;120.0;1571361460;103.207;16.45748939217133;0.48547166348587995;-0.4296875;
03:17:40;121.0;1571361461;103.433;16.45748939217133;0.48547166348587995;-0.4296875;
03:17:41;122.0;1571361462;103.593;16.45748939217133;0.48547166348587995;-0.4296875;
03:17:42;123.0;1571361463;103.547;16.45748939217133;0.48547166348587995;-0.4296875;
03:17:43;124.0;1571361464;103.638;16.45748939217133;0.48547166348587995;-0.4296875;
03:17:44;125.0;1571361465;103.502;16.45748939217133;0.48547166348587995;-0.4296875;
03:17:45;126.0;1571361466;103.229;16.45748939217133;0.48547166348587995;-0.4296875;
03:17:46;127.0;1571361467;103.161;16.45748939217133;0.48547166348587995;-0.4296875;
03:17:47;128.0;1571361468;103.003;16.45748939217133;0.48547166348587995;-0.4296875;
03:17:48;129.0;1571361469;102.912;16.45748939217133;0.48547166348587995;-0.4296875;
03:17:49;130.0;1571361470;102.935;16.45748939217133;0.48547166348587995;-0.4296875;
03:17:50;131.0;1571361471;103.025;16.45748939217133;0.48547166348587995;-0.4296875;
03:17:51;132.0;1571361472;103.297;16.45748939217133;0.48547166348587995;-0.4296875;
03:17:52;133.0;1571361473;103.57;16.45748939217133;0.48547166348587995;-0.4296875;
03:17:53;134.0;1571361474;103.547;16.45748939217133;0.48547166348587995;-0.4296875;
03:17:54;135.0;1571361476;103.365;16.45748939217133;0.48547166348587995;-0.4296875;
03:17:55;136.0;1571361476;102.98;16.45748939217133;0.48547166348587995;-0.4296875;
03:17:56;137.0;1571361477;102.664;16.45748939217133;0.48547166348587995;-0.4296875;
03:17:57;138.0;1571361479;102.551;16.45748939217133;0.48547166348587995;-0.4296875;
03:17:58;139.0;1571361479;102.799;16.45748939217133;0.48547166348587995;-0.4296875;
03:17:59;140.0;1571361480;103.093;16.45748939217133;0.48547166348587995;-0.4296875;
03:18:00;141.0;1571361482;103.184;16.45748939217133;0.48547166348587995;-0.4296875;
03:18:01;142.0;1571361482;103.275;16.45748939217133;0.48547166348587995;-0.4296875;
03:18:02;143.0;1571361484;103.229;16.45748939217133;0.48547166348587995;-0.4296875;
03:18:03;144.0;1571361484;103.048;16.45748939217133;0.48547166348587995;-0.4296875;
03:18:04;145.0;1571361485;103.343;16.45748939217133;0.48547166348587995;-0.4296875;
03:18:05;146.0;1571361487;103.252;16.45748939217133;0.48547166348587995;-0.4296875;
03:18:06;147.0;1571361487;103.229;16.45748939217133;0.48547166348587995;-0.4296875;
03:18:07;148.0;1571361488;103.388;16.45748939217133;0.48547166348587995;-0.4296875;
03:18:08;149.0;1571361490;103.229;16.45748939217133;0.48547166348587995;-0.4296875;
03:18:09;150.0;1571361490;103.207;16.45748939217133;0.48547166348587995;-0.4296875;
03:18:10;151.0;1571361492;103.184;16.45748939217133;0.48547166348587995;-0.4296875;
03:18:11;152.0;1571361493;103.207;16.45748939217133;0.48547166348587995;-0.4296875;
03:18:12;153.0;1571361493;103.184;16.45748939217133;0.48547166348587995;-0.4296875;
03:18:13;154.0;1571361495;103.297;16.45748939217133;0.48547166348587995;-0.4296875;
03:18:14;155.0;1571361495;103.456;16.45748939217133;0.48547166348587995;-0.4296875;
03:18:15;156.0;1571361497;103.32;16.45748939217133;0.48547166348587995;-0.4296875;
03:18:16;157.0;1571361498;103.229;16.45748939217133;0.48547166348587995;-0.4296875;
03:18:17;158.0;1571361498;103.252;16.45748939217133;0.48547166348587995;-0.4296875;
03:18:18;159.0;1571361500;102.822;16.45748939217133;0.48547166348587995;-0.4296875;
03:18:19;160.0;1571361501;102.619;16.45748939217133;0.48547166348587995;-0.4296875;
03:18:20;161.0;1571361501;102.596;16.45748939217133;0.48547166348587995;-0.4296875;
03:18:21;162.0;1571361503;102.506;16.45748939217133;0.48547166348587995;-0.4296875;
03:18:22;163.0;1571361504;102.777;16.45748939217133;0.48547166348587995;-0.4296875;
03:18:23;164.0;1571361505;103.161;16.45748939217133;0.48547166348587995;-0.4296875;
03:18:24;165.0;1571361506;103.343;16.45748939217133;0.48547166348587995;-0.4296875;
03:18:25;166.0;1571361507;103.638;16.45748939217133;0.48547166348587995;-0.4296875;
03:18:26;167.0;1571361508;103.752;16.45748939217133;0.48547166348587995;-0.4296875;
03:18:28;169.0;1571361509;103.615;16.45748939217133;0.48547166348587995;-0.4296875;
03:18:29;170.0;1571361511;103.32;16.45748939217133;0.48547166348587995;-0.4296875;
03:18:30;171.0;1571361512;103.184;16.45748939217133;0.48547166348587995;-0.4296875;
03:18:31;172.0;1571361513;103.048;16.45748939217133;0.48547166348587995;-0.4296875;
03:18:33;174.0;1571361514;102.822;16.45748939217133;0.48547166348587995;-0.4296875;
03:18:34;175.0;1571361515;102.822;16.45748939217133;0.48547166348587995;-0.4296875;
03:18:35;176.0;1571361516;102.935;16.45748939217133;0.48547166348587995;-0.4296875;
03:18:36;177.0;1571361517;103.161;16.45748939217133;0.48547166348587995;-0.4296875;
03:18:37;178.0;1571361518;103.297;16.45748939217133;0.48547166348587995;-0.4296875;
03:18:38;179.0;1571361519;103.411;16.45748939217133;0.48547166348587995;-0.4296875;
03:18:39;180.0;1571361520;103.433;16.45748939217133;0.48547166348587995;-0.4296875;
03:18:40;181.0;1571361521;103.184;16.45748939217133;0.48547166348587995;-0.4296875;
03:18:41;182.0;1571361522;103.116;16.45748939217133;0.48547166348587995;-0.4296875;
03:18:42;183.0;1571361523;103.048;16.45748939217133;0.48547166348587995;-0.4296875;
03:18:43;184.0;1571361524;102.664;16.45748939217133;0.48547166348587995;-0.4296875;
03:18:44;185.0;1571361525;102.709;16.45748939217133;0.48547166348587995;-0.4296875;
03:18:45;186.0;1571361526;102.799;16.45748939217133;0.48547166348587995;-0.4296875;
03:18:46;187.0;1571361527;102.664;16.45748939217133;0.48547166348587995;-0.4296875;
03:18:47;188.0;1571361528;102.912;16.45748939217133;0.48547166348587995;-0.4296875;
03:18:48;189.0;1571361529;102.687;16.45748939217133;0.48547166348587995;-0.4296875;
03:18:49;190.0;1571361530;102.349;16.45748939217133;0.48547166348587995;-0.4296875;
03:18:50;191.0;1571361531;102.506;16.45748939217133;0.48547166348587995;-0.4296875;
03:18:51;192.0;1571361532;102.687;16.45748939217133;0.48547166348587995;-0.4296875;
03:18:52;193.0;1571361533;102.845;16.45748939217133;0.48547166348587995;-0.4296875;
03:18:53;194.0;1571361534;102.799;16.45748939217133;0.48547166348587995;-0.4296875;
03:18:54;195.0;1571361536;102.642;16.45748939217133;0.48547166348587995;-0.4296875;
03:18:55;196.0;1571361536;102.349;16.45748939217133;0.48547166348587995;-0.4296875;
03:18:56;197.0;1571361537;102.259;16.45748939217133;0.48547166348587995;-0.4296875;
03:18:57;198.0;1571361539;102.551;16.45748939217133;0.48547166348587995;-0.4296875;
03:18:58;199.0;1571361539;102.799;16.45748939217133;0.48547166348587995;-0.4296875;
03:18:59;200.0;1571361540;103.071;16.45748939217133;0.48547166348587995;-0.4296875;
03:19:00;201.0;1571361541;103.116;16.45748939217133;0.48547166348587995;-0.4296875;
03:19:01;202.0;1571361542;103.32;16.45748939217133;0.48547166348587995;-0.4296875;
03:19:02;203.0;1571361544;103.184;16.45748939217133;0.48547166348587995;-0.4296875;
03:19:03;204.0;1571361544;102.867;16.45748939217133;0.48547166348587995;-0.4296875;
03:19:04;205.0;1571361545;102.98;16.45748939217133;0.48547166348587995;-0.4296875;
03:19:05;206.0;1571361547;102.709;16.45748939217133;0.48547166348587995;-0.4296875;
03:19:06;207.0;1571361547;102.642;16.45748939217133;0.48547166348587995;-0.4296875;
03:19:07;208.0;1571361548;102.822;16.45748939217133;0.48547166348587995;-0.4296875;
03:19:08;209.0;1571361550;102.709;16.45748939217133;0.48547166348587995;-0.4296875;
03:19:09;210.0;1571361550;102.687;16.45748939217133;0.48547166348587995;-0.4296875;
03:19:10;211.0;1571361551;102.732;16.45748939217133;0.48547166348587995;-0.4296875;
03:19:11;212.0;1571361553;102.754;16.45748939217133;0.48547166348587995;-0.4296875;
03:19:12;213.0;1571361553;102.732;16.45748939217133;0.48547166348587995;-0.4296875;
03:19:13;214.0;1571361555;102.642;16.45748939217133;0.48547166348587995;-0.4296875;
03:19:14;215.0;1571361556;102.439;16.45748939217133;0.48547166348587995;-0.4296875;
03:19:15;216.0;1571361556;102.237;16.45748939217133;0.48547166348587995;-0.4296875;
03:19:16;217.0;1571361558;102.304;16.45748939217133;0.48547166348587995;-0.4296875;
03:19:17;218.0;1571361559;102.237;16.45748939217133;0.48547166348587995;-0.4296875;
03:19:18;219.0;1571361560;102.372;16.45748939217133;0.48547166348587995;-0.4296875;
03:19:19;220.0;1571361561;102.439;16.45748939217133;0.48547166348587995;-0.4296875;
03:19:20;221.0;1571361561;102.394;16.45748939217133;0.48547166348587995;-0.4296875;
03:19:21;222.0;1571361563;102.529;16.45748939217133;0.48547166348587995;-0.4296875;
03:19:22;223.0;1571361564;102.642;16.45748939217133;0.48547166348587995;-0.4296875;
03:19:23;224.0;1571361564;102.484;16.45748939217133;0.48547166348587995;-0.4296875;
03:19:24;225.0;1571361566;102.619;16.45748939217133;0.48547166348587995;-0.4296875;
03:19:25;226.0;1571361567;102.709;16.45748939217133;0.48547166348587995;-0.4296875;
03:19:27;228.0;1571361568;102.799;16.45748939217133;0.48547166348587995;-0.4296875;
03:19:28;229.0;1571361570;102.845;16.45748939217133;0.48547166348587995;-0.4296875;
03:19:29;230.0;1571361571;102.799;16.45748939217133;0.48547166348587995;-0.4296875;
03:19:30;231.0;1571361572;102.732;16.45748939217133;0.48547166348587995;-0.4296875;
03:19:31;232.0;1571361573;102.642;16.45748939217133;0.48547166348587995;-0.4296875;
03:19:32;233.0;1571361574;102.394;16.45748939217133;0.48547166348587995;-0.4296875;
03:19:33;234.0;1571361575;102.551;16.45748939217133;0.48547166348587995;-0.4296875;
03:19:34;235.0;1571361576;102.642;16.45748939217133;0.48547166348587995;-0.4296875;
03:19:35;236.0;1571361577;102.912;16.45748939217133;0.48547166348587995;-0.4296875;
03:19:36;237.0;1571361578;103.048;16.45748939217133;0.48547166348587995;-0.4296875;
03:19:38;239.0;1571361579;102.799;16.45748939217133;0.48547166348587995;-0.4296875;
03:19:39;240.0;1571361580;102.732;16.45748939217133;0.48547166348587995;-0.4296875;
03:19:40;241.0;1571361581;102.777;16.45748939217133;0.48547166348587995;-0.4296875;
03:19:41;242.0;1571361582;102.732;16.45748939217133;0.48547166348587995;-0.4296875;
03:19:42;243.0;1571361583;102.957;16.45748939217133;0.48547166348587995;-0.4296875;
03:19:43;244.0;1571361584;102.912;16.45748939217133;0.48547166348587995;-0.4296875;
03:19:44;245.0;1571361585;102.89;16.45748939217133;0.48547166348587995;-0.4296875;
03:19:45;246.0;1571361586;102.799;16.45748939217133;0.48547166348587995;-0.4296875;
03:19:46;247.0;1571361587;102.822;16.45748939217133;0.48547166348587995;-0.4296875;
03:19:47;248.0;1571361588;102.642;16.45748939217133;0.48547166348587995;-0.4296875;
03:19:48;249.0;1571361589;102.439;16.45748939217133;0.48547166348587995;-0.4296875;
03:19:49;250.0;1571361590;102.327;16.45748939217133;0.48547166348587995;-0.4296875;
03:19:50;251.0;1571361591;102.237;16.45748939217133;0.48547166348587995;-0.4296875;
03:19:51;252.0;1571361592;102.259;16.45748939217133;0.48547166348587995;-0.4296875;
03:19:52;253.0;1571361593;102.08;16.45748939217133;0.48547166348587995;-0.4296875;
03:19:53;254.0;1571361594;102.192;16.45748939217133;0.48547166348587995;-0.4296875;
03:19:54;255.0;1571361596;102.237;16.45748939217133;0.48547166348587995;-0.4296875;
03:19:55;256.0;1571361596;102.506;16.45748939217133;0.48547166348587995;-0.4296875;
03:19:56;257.0;1571361597;102.777;16.45748939217133;0.48547166348587995;-0.4296875;
03:19:57;258.0;1571361599;102.912;16.45748939217133;0.48547166348587995;-0.4296875;
03:19:58;259.0;1571361599;102.822;16.45748939217133;0.48547166348587995;-0.4296875;
03:19:59;260.0;1571361600;102.799;16.45748939217133;0.48547166348587995;-0.4296875;
03:20:00;261.0;1571361601;102.574;16.45748939217133;0.48547166348587995;-0.4296875;
03:20:01;262.0;1571361602;102.551;16.45748939217133;0.48547166348587995;-0.4296875;
03:20:02;263.0;1571361603;102.506;16.45748939217133;0.48547166348587995;-0.4296875;
03:20:03;264.0;1571361604;102.394;16.45748939217133;0.48547166348587995;-0.4296875;
03:20:04;265.0;1571361605;102.687;16.45748939217133;0.48547166348587995;-0.4296875;
03:20:05;266.0;1571361606;102.596;16.45748939217133;0.48547166348587995;-0.4296875;
03:20:06;267.0;1571361608;102.912;16.45748939217133;0.48547166348587995;-0.4296875;
03:20:07;268.0;1571361608;102.845;16.45748939217133;0.48547166348587995;-0.4296875;
03:20:08;269.0;1571361609;102.664;16.45748939217133;0.48547166348587995;-0.4296875;
03:20:09;270.0;1571361611;102.664;16.45748939217133;0.48547166348587995;-0.4296875;
03:20:10;271.0;1571361611;102.327;16.45748939217133;0.48547166348587995;-0.4296875;
03:20:11;272.0;1571361613;102.439;16.45748939217133;0.48547166348587995;-0.4296875;
03:20:12;273.0;1571361613;102.529;16.45748939217133;0.48547166348587995;-0.4296875;
03:20:13;274.0;1571361614;102.439;16.45748939217133;0.48547166348587995;-0.4296875;
03:20:14;275.0;1571361616;102.327;16.45748939217133;0.48547166348587995;-0.4296875;
03:20:15;276.0;1571361616;102.102;16.45748939217133;0.48547166348587995;-0.4296875;
03:20:16;277.0;1571361618;101.879;16.45748939217133;0.48547166348587995;-0.4296875;
03:20:17;278.0;1571361619;101.834;16.45748939217133;0.48547166348587995;-0.4296875;
03:20:18;279.0;1571361619;101.924;16.45748939217133;0.48547166348587995;-0.4296875;
03:20:19;280.0;1571361621;102.282;16.45748939217133;0.48547166348587995;-0.4296875;
03:20:20;281.0;1571361621;102.664;16.45748939217133;0.48547166348587995;-0.4296875;
03:20:21;282.0;1571361623;102.822;16.45748939217133;0.48547166348587995;-0.4296875;
03:20:22;283.0;1571361624;103.048;16.45748939217133;0.48547166348587995;-0.4296875;
03:20:23;284.0;1571361624;103.003;16.45748939217133;0.48547166348587995;-0.4296875;
03:20:24;285.0;1571361626;102.777;16.45748939217133;0.48547166348587995;-0.4296875;
03:20:26;287.0;1571361627;102.461;16.45748939217133;0.48547166348587995;-0.4296875;
03:20:27;288.0;1571361629;102.394;16.45748939217133;0.48547166348587995;-0.4296875;
03:20:28;289.0;1571361629;102.259;16.45748939217133;0.48547166348587995;-0.4296875;
03:20:29;290.0;1571361631;102.102;16.45748939217133;0.48547166348587995;-0.4296875;
03:20:30;291.0;1571361632;102.461;16.45748939217133;0.48547166348587995;-0.4296875;
03:20:31;292.0;1571361633;102.349;16.45748939217133;0.48547166348587995;-0.4296875;
03:20:32;293.0;1571361634;102.327;16.45748939217133;0.48547166348587995;-0.4296875;
03:20:33;294.0;1571361635;102.327;16.45748939217133;0.48547166348587995;-0.4296875;
03:20:34;295.0;1571361636;102.215;16.45748939217133;0.48547166348587995;-0.4296875;
03:20:35;296.0;1571361637;102.372;16.45748939217133;0.48547166348587995;-0.4296875;
03:20:36;297.0;1571361637;102.574;16.45748939217133;0.48547166348587995;-0.4296875;
03:20:37;298.0;1571361639;102.664;16.45748939217133;0.48547166348587995;-0.4296875;
03:20:38;299.0;1571361640;102.506;16.45748939217133;0.48547166348587995;-0.4296875;
03:20:39;300.0;1571361641;102.327;16.45748939217133;0.48547166348587995;-0.4296875;
03:20:40;301.0;1571361642;102.192;16.45748939217133;0.48547166348587995;-0.4296875;
03:20:42;303.0;1571361643;102.215;16.45748939217133;0.48547166348587995;-0.4296875;
03:20:43;304.0;1571361644;102.349;16.45748939217133;0.48547166348587995;-0.4296875;
03:20:44;305.0;1571361645;102.282;16.45748939217133;0.48547166348587995;-0.4296875;
03:20:45;306.0;1571361646;102.259;16.45748939217133;0.48547166348587995;-0.4296875;
03:20:46;307.0;1571361647;102.102;16.45748939217133;0.48547166348587995;-0.4296875;
03:20:47;308.0;1571361648;102.035;16.45748939217133;0.48547166348587995;-0.4296875;
03:20:48;309.0;1571361649;102.259;16.45748939217133;0.48547166348587995;-0.4296875;
03:20:49;310.0;1571361650;102.551;16.45748939217133;0.48547166348587995;-0.4296875;
03:20:50;311.0;1571361651;102.709;16.45748939217133;0.48547166348587995;-0.4296875;
03:20:51;312.0;1571361652;102.642;16.45748939217133;0.48547166348587995;-0.4296875;
03:20:52;313.0;1571361653;102.439;16.45748939217133;0.48547166348587995;-0.4296875;
03:20:53;314.0;1571361654;102.484;16.45748939217133;0.48547166348587995;-0.4296875;
03:20:54;315.0;1571361655;102.506;16.45748939217133;0.48547166348587995;-0.4296875;
03:20:55;316.0;1571361656;102.417;16.45748939217133;0.48547166348587995;-0.4296875;
03:20:56;317.0;1571361657;102.461;16.45748939217133;0.48547166348587995;-0.4296875;
03:20:57;318.0;1571361658;102.349;16.45748939217133;0.48547166348587995;-0.4296875;
03:20:58;319.0;1571361659;102.304;16.45748939217133;0.48547166348587995;-0.4296875;
03:20:59;320.0;1571361660;102.304;16.45748939217133;0.48547166348587995;-0.4296875;
03:21:00;321.0;1571361661;102.439;16.45748939217133;0.48547166348587995;-0.4296875;
03:21:01;322.0;1571361662;102.237;16.45748939217133;0.48547166348587995;-0.4296875;
03:21:02;323.0;1571361663;102.035;16.45748939217133;0.48547166348587995;-0.4296875;
03:21:03;324.0;1571361665;102.237;16.45748939217133;0.48547166348587995;-0.4296875;
03:21:04;325.0;1571361665;102.147;16.45748939217133;0.48547166348587995;-0.4296875;
03:21:05;326.0;1571361666;102.349;16.45748939217133;0.48547166348587995;-0.4296875;
03:21:06;327.0;1571361668;102.551;16.45748939217133;0.48547166348587995;-0.4296875;
03:21:07;328.0;1571361668;102.709;16.45748939217133;0.48547166348587995;-0.4296875;
03:21:08;329.0;1571361669;102.799;16.45748939217133;0.48547166348587995;-0.4296875;
03:21:09;330.0;1571361671;102.529;16.45748939217133;0.48547166348587995;-0.4296875;
03:21:10;331.0;1571361671;102.417;16.45748939217133;0.48547166348587995;-0.4296875;
03:21:11;332.0;1571361673;102.058;16.45748939217133;0.48547166348587995;-0.4296875;
03:21:12;333.0;1571361673;101.745;16.45748939217133;0.48547166348587995;-0.4296875;
03:21:13;334.0;1571361674;101.924;16.45748939217133;0.48547166348587995;-0.4296875;
03:21:14;335.0;1571361676;102.058;16.45748939217133;0.48547166348587995;-0.4296875;
03:21:15;336.0;1571361676;102.08;16.45748939217133;0.48547166348587995;-0.4296875;
03:21:16;337.0;1571361677;102.282;16.45748939217133;0.48547166348587995;-0.4296875;
03:21:17;338.0;1571361679;102.102;16.45748939217133;0.48547166348587995;-0.4296875;
03:21:18;339.0;1571361679;102.147;16.45748939217133;0.48547166348587995;-0.4296875;
03:21:19;340.0;1571361681;102.215;16.45748939217133;0.48547166348587995;-0.4296875;
03:21:20;341.0;1571361682;102.125;16.45748939217133;0.48547166348587995;-0.4296875;
03:21:21;342.0;1571361682;102.125;16.45748939217133;0.48547166348587995;-0.4296875;
03:21:22;343.0;1571361684;102.013;16.45748939217133;0.48547166348587995;-0.4296875;
03:21:23;344.0;1571361685;102.304;16.45748939217133;0.48547166348587995;-0.4296875;
03:21:24;345.0;1571361685;102.664;16.45748939217133;0.48547166348587995;-0.4296875;
03:21:25;346.0;1571361686;102.822;16.45748939217133;0.48547166348587995;-0.4296875;
03:21:26;347.0;1571361687;102.89;16.45748939217133;0.48547166348587995;-0.4296875;
03:21:27;348.0;1571361689;102.484;16.45748939217133;0.48547166348587995;-0.4296875;
03:21:28;349.0;1571361690;102.058;16.45748939217133;0.48547166348587995;-0.4296875;
03:21:29;350.0;1571361690;102.013;16.45748939217133;0.48547166348587995;-0.4296875;
03:21:30;351.0;1571361692;101.767;16.45748939217133;0.48547166348587995;-0.4296875;
03:21:31;352.0;1571361693;101.991;16.45748939217133;0.48547166348587995;-0.4296875;
03:21:32;353.0;1571361694;102.17;16.45748939217133;0.48547166348587995;-0.4296875;
03:21:33;354.0;1571361695;102.327;16.45748939217133;0.48547166348587995;-0.4296875;
03:21:34;355.0;1571361696;102.282;16.45748939217133;0.48547166348587995;-0.4296875;
03:21:35;356.0;1571361697;102.192;16.45748939217133;0.48547166348587995;-0.4296875;
03:21:36;357.0;1571361698;102.282;16.45748939217133;0.48547166348587995;-0.4296875;
03:21:37;358.0;1571361698;102.035;16.45748939217133;0.48547166348587995;-0.4296875;
03:21:38;359.0;1571361700;102.259;16.45748939217133;0.48547166348587995;-0.4296875;
03:21:39;360.0;1571361701;102.282;16.45748939217133;0.48547166348587995;-0.4296875;
03:21:40;361.0;1571361702;102.125;16.45748939217133;0.48547166348587995;-0.4296875;
03:21:41;362.0;1571361703;102.058;16.45748939217133;0.48547166348587995;-0.4296875;
03:21:42;363.0;1571361704;101.991;16.45748939217133;0.48547166348587995;-0.4296875;
03:21:43;364.0;1571361705;102.08;16.45748939217133;0.48547166348587995;-0.4296875;
03:21:45;366.0;1571361706;102.102;16.45748939217133;0.48547166348587995;-0.4296875;
03:21:46;367.0;1571361707;102.259;16.45748939217133;0.48547166348587995;-0.4296875;
03:21:47;368.0;1571361708;102.394;16.45748939217133;0.48547166348587995;-0.4296875;
03:21:48;369.0;1571361709;102.215;16.45748939217133;0.48547166348587995;-0.4296875;
03:21:49;370.0;1571361710;102.17;16.45748939217133;0.48547166348587995;-0.4296875;
03:21:50;371.0;1571361711;102.147;16.45748939217133;0.48547166348587995;-0.4296875;
03:21:51;372.0;1571361712;102.08;16.45748939217133;0.48547166348587995;-0.4296875;
03:21:52;373.0;1571361713;102.237;16.45748939217133;0.48547166348587995;-0.4296875;
03:21:53;374.0;1571361714;102.417;16.45748939217133;0.48547166348587995;-0.4296875;
03:21:54;375.0;1571361715;102.125;16.45748939217133;0.48547166348587995;-0.4296875;
03:21:55;376.0;1571361716;102.013;16.45748939217133;0.48547166348587995;-0.4296875;
03:21:56;377.0;1571361717;101.946;16.45748939217133;0.48547166348587995;-0.4296875;
03:21:57;378.0;1571361718;101.834;16.45748939217133;0.48547166348587995;-0.4296875;
03:21:58;379.0;1571361719;102.17;16.45748939217133;0.48547166348587995;-0.4296875;
03:21:59;380.0;1571361720;102.372;16.45748939217133;0.48547166348587995;-0.4296875;
03:22:00;381.0;1571361721;102.461;16.45748939217133;0.48547166348587995;-0.4296875;
03:22:01;382.0;1571361722;102.417;16.45748939217133;0.48547166348587995;-0.4296875;
03:22:02;383.0;1571361723;102.461;16.45748939217133;0.48547166348587995;-0.4296875;
03:22:03;384.0;1571361724;102.461;16.45748939217133;0.48547166348587995;-0.4296875;
03:22:04;385.0;1571361725;102.372;16.45748939217133;0.48547166348587995;-0.4296875;
03:22:05;386.0;1571361726;102.237;16.45748939217133;0.48547166348587995;-0.4296875;
03:22:06;387.0;1571361728;102.102;16.45748939217133;0.48547166348587995;-0.4296875;
03:22:07;388.0;1571361728;102.08;16.45748939217133;0.48547166348587995;-0.4296875;
03:22:08;389.0;1571361729;102.058;16.45748939217133;0.48547166348587995;-0.4296875;
03:22:09;390.0;1571361731;102.259;16.45748939217133;0.48547166348587995;-0.4296875;
03:22:10;391.0;1571361731;102.304;16.45748939217133;0.48547166348587995;-0.4296875;
03:22:11;392.0;1571361732;102.08;16.45748939217133;0.48547166348587995;-0.4296875;
03:22:12;393.0;1571361734;102.192;16.45748939217133;0.48547166348587995;-0.4296875;
03:22:13;394.0;1571361734;102.102;16.45748939217133;0.48547166348587995;-0.4296875;
03:22:14;395.0;1571361735;101.991;16.45748939217133;0.48547166348587995;-0.4296875;
03:22:15;396.0;1571361737;102.147;16.45748939217133;0.48547166348587995;-0.4296875;
03:22:16;397.0;1571361737;101.991;16.45748939217133;0.48547166348587995;-0.4296875;
03:22:17;398.0;1571361739;101.767;16.45748939217133;0.48547166348587995;-0.4296875;
03:22:18;399.0;1571361740;101.745;16.45748939217133;0.48547166348587995;-0.4296875;
03:22:19;400.0;1571361740;101.522;16.45748939217133;0.48547166348587995;-0.4296875;
03:22:20;401.0;1571361741;101.79;16.45748939217133;0.48547166348587995;-0.4296875;
03:22:21;402.0;1571361743;101.879;16.45748939217133;0.48547166348587995;-0.4296875;
03:22:22;403.0;1571361743;101.924;16.45748939217133;0.48547166348587995;-0.4296875;
03:22:24;405.0;1571361745;101.633;16.45748939217133;0.48547166348587995;-0.4296875;
03:22:25;406.0;1571361746;101.7;16.45748939217133;0.48547166348587995;-0.4296875;
03:22:26;407.0;1571361748;101.79;16.45748939217133;0.48547166348587995;-0.4296875;
03:22:27;408.0;1571361749;102.035;16.45748939217133;0.48547166348587995;-0.4296875;
03:22:28;409.0;1571361749;102.17;16.45748939217133;0.48547166348587995;-0.4296875;
03:22:29;410.0;1571361751;102.215;16.45748939217133;0.48547166348587995;-0.4296875;
03:22:30;411.0;1571361751;102.237;16.45748939217133;0.48547166348587995;-0.4296875;
03:22:31;412.0;1571361753;102.17;16.45748939217133;0.48547166348587995;-0.4296875;
03:22:32;413.0;1571361754;101.901;16.45748939217133;0.48547166348587995;-0.4296875;
03:22:33;414.0;1571361754;101.879;16.45748939217133;0.48547166348587995;-0.4296875;
03:22:34;415.0;1571361756;101.856;16.45748939217133;0.48547166348587995;-0.4296875;
03:22:35;416.0;1571361756;102.058;16.45748939217133;0.48547166348587995;-0.4296875;
03:22:36;417.0;1571361758;102.08;16.45748939217133;0.48547166348587995;-0.4296875;
03:22:37;418.0;1571361759;102.08;16.45748939217133;0.48547166348587995;-0.4296875;
03:22:38;419.0;1571361759;101.745;16.45748939217133;0.48547166348587995;-0.4296875;
03:22:39;420.0;1571361761;101.278;16.45748939217133;0.48547166348587995;-0.4296875;
03:22:40;421.0;1571361762;101.123;16.45748939217133;0.48547166348587995;-0.4296875;
03:22:41;422.0;1571361763;101.078;16.45748939217133;0.48547166348587995;-0.4296875;
03:22:42;423.0;1571361764;101.278;16.45748939217133;0.48547166348587995;-0.4296875;
03:22:43;424.0;1571361765;101.611;16.45748939217133;0.48547166348587995;-0.4296875;
03:22:44;425.0;1571361766;101.611;16.45748939217133;0.48547166348587995;-0.4296875;
03:22:45;426.0;1571361767;101.767;16.45748939217133;0.48547166348587995;-0.4296875;
03:22:46;427.0;1571361768;101.7;16.45748939217133;0.48547166348587995;-0.4296875;
03:22:47;428.0;1571361769;101.478;16.45748939217133;0.48547166348587995;-0.4296875;
03:22:48;429.0;1571361770;101.946;16.45748939217133;0.48547166348587995;-0.4296875;
03:22:50;431.0;1571361771;101.924;16.45748939217133;0.48547166348587995;-0.4296875;
03:22:51;432.0;1571361772;102.08;16.45748939217133;0.48547166348587995;-0.4296875;
03:22:53;434.0;1571361773;102.058;16.45748939217133;0.48547166348587995;-0.4296875;
03:22:54;435.0;1571361775;101.924;16.45748939217133;0.48547166348587995;-0.4296875;
03:22:55;436.0;1571361776;101.991;16.45748939217133;0.48547166348587995;-0.4296875;
03:22:56;437.0;1571361778;101.767;16.45748939217133;0.48547166348587995;-0.4296875;
03:22:57;438.0;1571361778;101.633;16.45748939217133;0.48547166348587995;-0.4296875;
03:22:58;439.0;1571361779;101.5;16.45748939217133;0.48547166348587995;-0.4296875;
03:22:59;440.0;1571361781;101.567;16.45748939217133;0.48547166348587995;-0.4296875;
03:23:00;441.0;1571361781;101.344;16.45748939217133;0.48547166348587995;-0.4296875;
03:23:01;442.0;1571361783;101.367;16.45748939217133;0.48547166348587995;-0.4296875;
03:23:02;443.0;1571361784;101.455;16.45748939217133;0.48547166348587995;-0.4296875;
03:23:03;444.0;1571361784;101.167;16.45748939217133;0.48547166348587995;-0.4296875;
03:23:04;445.0;1571361786;101.478;16.45748939217133;0.48547166348587995;-0.4296875;
03:23:05;446.0;1571361787;101.633;16.45748939217133;0.48547166348587995;-0.4296875;
03:23:06;447.0;1571361788;101.834;16.45748939217133;0.48547166348587995;-0.4296875;
03:23:07;448.0;1571361788;102.058;16.45748939217133;0.48547166348587995;-0.4296875;
03:23:08;449.0;1571361790;102.058;16.45748939217133;0.48547166348587995;-0.4296875;
03:23:09;450.0;1571361791;101.879;16.45748939217133;0.48547166348587995;-0.4296875;
03:23:10;451.0;1571361792;101.633;16.45748939217133;0.48547166348587995;-0.4296875;
03:23:11;452.0;1571361793;101.656;16.45748939217133;0.48547166348587995;-0.4296875;
03:23:12;453.0;1571361794;101.633;16.45748939217133;0.48547166348587995;-0.4296875;
03:23:13;454.0;1571361795;101.455;16.45748939217133;0.48547166348587995;-0.4296875;
03:23:14;455.0;1571361796;101.544;16.45748939217133;0.48547166348587995;-0.4296875;
03:23:15;456.0;1571361797;101.478;16.45748939217133;0.48547166348587995;-0.4296875;
03:23:16;457.0;1571361798;101.189;16.45748939217133;0.48547166348587995;-0.4296875;
03:23:17;458.0;1571361799;101.589;16.45748939217133;0.48547166348587995;-0.4296875;
03:23:18;459.0;1571361800;101.611;16.45748939217133;0.48547166348587995;-0.4296875;
03:23:19;460.0;1571361801;101.389;16.45748939217133;0.48547166348587995;-0.4296875;
03:23:21;462.0;1571361802;101.7;16.45748939217133;0.48547166348587995;-0.4296875;
03:23:22;463.0;1571361803;101.611;16.45748939217133;0.48547166348587995;-0.4296875;
03:23:23;464.0;1571361804;101.656;16.45748939217133;0.48547166348587995;-0.4296875;
03:23:24;465.0;1571361805;101.946;16.45748939217133;0.48547166348587995;-0.4296875;
03:23:25;466.0;1571361806;101.901;16.45748939217133;0.48547166348587995;-0.4296875;
03:23:26;467.0;1571361807;101.767;16.45748939217133;0.48547166348587995;-0.4296875;
03:23:27;468.0;1571361808;101.834;16.45748939217133;0.48547166348587995;-0.4296875;
03:23:28;469.0;1571361809;101.856;16.45748939217133;0.48547166348587995;-0.4296875;
03:23:29;470.0;1571361810;101.656;16.45748939217133;0.48547166348587995;-0.4296875;
03:23:30;471.0;1571361811;101.7;16.45748939217133;0.48547166348587995;-0.4296875;
03:23:31;472.0;1571361812;101.5;16.45748939217133;0.48547166348587995;-0.4296875;
03:23:32;473.0;1571361813;101.233;16.45748939217133;0.48547166348587995;-0.4296875;
03:23:33;474.0;1571361814;101.1;16.45748939217133;0.48547166348587995;-0.4296875;
03:23:34;475.0;1571361815;101.012;16.45748939217133;0.48547166348587995;-0.4296875;
03:23:35;476.0;1571361816;100.968;16.45748939217133;0.48547166348587995;-0.4296875;
03:23:36;477.0;1571361817;100.879;16.45748939217133;0.48547166348587995;-0.4296875;
03:23:37;478.0;1571361818;101.389;16.45748939217133;0.48547166348587995;-0.4296875;
03:23:38;479.0;1571361819;101.344;16.45748939217133;0.48547166348587995;-0.4296875;
03:23:39;480.0;1571361820;101.589;16.45748939217133;0.48547166348587995;-0.4296875;
03:23:40;481.0;1571361821;101.856;16.45748939217133;0.48547166348587995;-0.4296875;
03:23:41;482.0;1571361822;101.633;16.45748939217133;0.48547166348587995;-0.4296875;
03:23:42;483.0;1571361823;101.7;16.45748939217133;0.48547166348587995;-0.4296875;
03:23:43;484.0;1571361824;101.544;16.45748939217133;0.48547166348587995;-0.4296875;
03:23:44;485.0;1571361825;101.389;16.45748939217133;0.48547166348587995;-0.4296875;
03:23:45;486.0;1571361826;101.522;16.45748939217133;0.48547166348587995;-0.4296875;
03:23:46;487.0;1571361827;101.567;16.45748939217133;0.48547166348587995;-0.4296875;
03:23:47;488.0;1571361829;101.745;16.45748939217133;0.48547166348587995;-0.4296875;
03:23:48;489.0;1571361829;101.901;16.45748939217133;0.48547166348587995;-0.4296875;
03:23:49;490.0;1571361830;101.478;16.45748939217133;0.48547166348587995;-0.4296875;
03:23:50;491.0;1571361832;101.478;16.45748939217133;0.48547166348587995;-0.4296875;
03:23:51;492.0;1571361832;101.278;16.45748939217133;0.48547166348587995;-0.4296875;
03:23:52;493.0;1571361834;101.367;16.45748939217133;0.48547166348587995;-0.4296875;
03:23:53;494.0;1571361834;101.611;16.45748939217133;0.48547166348587995;-0.4296875;
03:23:54;495.0;1571361835;101.678;16.45748939217133;0.48547166348587995;-0.4296875;
03:23:55;496.0;1571361837;101.723;16.45748939217133;0.48547166348587995;-0.4296875;
03:23:56;497.0;1571361837;101.522;16.45748939217133;0.48547166348587995;-0.4296875;
03:23:57;498.0;1571361839;101.567;16.45748939217133;0.48547166348587995;-0.4296875;
03:23:58;499.0;1571361840;101.389;16.45748939217133;0.48547166348587995;-0.4296875;
03:23:59;500.0;1571361840;101.5;16.45748939217133;0.48547166348587995;-0.4296875;
03:24:00;501.0;1571361842;101.411;16.45748939217133;0.48547166348587995;-0.4296875;
03:24:01;502.0;1571361842;101.478;16.45748939217133;0.48547166348587995;-0.4296875;
03:24:02;503.0;1571361843;101.5;16.45748939217133;0.48547166348587995;-0.4296875;
03:24:03;504.0;1571361845;101.256;16.45748939217133;0.48547166348587995;-0.4296875;
03:24:04;505.0;1571361845;101.123;16.45748939217133;0.48547166348587995;-0.4296875;
03:24:05;506.0;1571361847;100.901;16.45748939217133;0.48547166348587995;-0.4296875;
03:24:06;507.0;1571361848;100.835;16.45748939217133;0.48547166348587995;-0.4296875;
03:24:07;508.0;1571361848;100.968;16.45748939217133;0.48547166348587995;-0.4296875;
03:24:08;509.0;1571361850;101.411;16.45748939217133;0.48547166348587995;-0.4296875;
03:24:09;510.0;1571361851;101.522;16.45748939217133;0.48547166348587995;-0.4296875;
03:24:10;511.0;1571361851;101.433;16.45748939217133;0.48547166348587995;-0.4296875;
03:24:11;512.0;1571361853;101.3;16.45748939217133;0.48547166348587995;-0.4296875;
03:24:12;513.0;1571361854;101.056;16.45748939217133;0.48547166348587995;-0.4296875;
03:24:13;514.0;1571361854;100.923;16.45748939217133;0.48547166348587995;-0.4296875;
03:24:14;515.0;1571361856;101.034;16.45748939217133;0.48547166348587995;-0.4296875;
03:24:15;516.0;1571361857;101.012;16.45748939217133;0.48547166348587995;-0.4296875;
03:24:16;517.0;1571361858;101.145;16.45748939217133;0.48547166348587995;-0.4296875;
03:24:17;518.0;1571361859;101.145;16.45748939217133;0.48547166348587995;-0.4296875;
03:24:18;519.0;1571361860;101.367;16.45748939217133;0.48547166348587995;-0.4296875;
03:24:19;520.0;1571361861;101.389;16.45748939217133;0.48547166348587995;-0.4296875;
03:24:20;521.0;1571361862;101.389;16.45748939217133;0.48547166348587995;-0.4296875;
03:24:22;523.0;1571361863;101.478;16.45748939217133;0.48547166348587995;-0.4296875;
03:24:23;524.0;1571361865;101.656;16.45748939217133;0.48547166348587995;-0.4296875;
03:24:25;526.0;1571361866;101.589;16.45748939217133;0.48547166348587995;-0.4296875;
03:24:26;527.0;1571361867;101.411;16.45748939217133;0.48547166348587995;-0.4296875;
03:24:27;528.0;1571361868;101.256;16.45748939217133;0.48547166348587995;-0.4296875;
03:24:28;529.0;1571361869;101.078;16.45748939217133;0.48547166348587995;-0.4296875;
03:24:29;530.0;1571361870;101.1;16.45748939217133;0.48547166348587995;-0.4296875;
03:24:30;531.0;1571361871;101.1;16.45748939217133;0.48547166348587995;-0.4296875;
03:24:31;532.0;1571361872;101.167;16.45748939217133;0.48547166348587995;-0.4296875;
03:24:32;533.0;1571361873;101.056;16.45748939217133;0.48547166348587995;-0.4296875;
03:24:33;534.0;1571361874;100.725;16.45748939217133;0.48547166348587995;-0.4296875;
03:24:34;535.0;1571361875;100.857;16.45748939217133;0.48547166348587995;-0.4296875;
03:24:35;536.0;1571361876;101.034;16.45748939217133;0.48547166348587995;-0.4296875;
03:24:36;537.0;1571361877;101.367;16.45748939217133;0.48547166348587995;-0.4296875;
03:24:37;538.0;1571361878;101.678;16.45748939217133;0.48547166348587995;-0.4296875;
03:24:38;539.0;1571361879;101.678;16.45748939217133;0.48547166348587995;-0.4296875;
03:24:39;540.0;1571361880;101.344;16.45748939217133;0.48547166348587995;-0.4296875;
03:24:40;541.0;1571361881;101.233;16.45748939217133;0.48547166348587995;-0.4296875;
03:24:41;542.0;1571361882;101.278;16.45748939217133;0.48547166348587995;-0.4296875;
03:24:42;543.0;1571361883;101.256;16.45748939217133;0.48547166348587995;-0.4296875;
03:24:43;544.0;1571361884;101.455;16.45748939217133;0.48547166348587995;-0.4296875;
03:24:44;545.0;1571361885;101.322;16.45748939217133;0.48547166348587995;-0.4296875;
03:24:45;546.0;1571361886;101.367;16.45748939217133;0.48547166348587995;-0.4296875;
03:24:46;547.0;1571361887;101.256;16.45748939217133;0.48547166348587995;-0.4296875;
03:24:47;548.0;1571361888;101.278;16.45748939217133;0.48547166348587995;-0.4296875;
03:24:48;549.0;1571361889;101.3;16.45748939217133;0.48547166348587995;-0.4296875;
03:24:49;550.0;1571361891;101.1;16.45748939217133;0.48547166348587995;-0.4296875;
03:24:50;551.0;1571361891;101.1;16.45748939217133;0.48547166348587995;-0.4296875;
03:24:51;552.0;1571361893;100.99;16.45748939217133;0.48547166348587995;-0.4296875;
03:24:52;553.0;1571361893;101.056;16.45748939217133;0.48547166348587995;-0.4296875;
03:24:53;554.0;1571361894;101.233;16.45748939217133;0.48547166348587995;-0.4296875;
03:24:54;555.0;1571361896;101.322;16.45748939217133;0.48547166348587995;-0.4296875;
03:24:55;556.0;1571361896;101.389;16.45748939217133;0.48547166348587995;-0.4296875;
03:24:56;557.0;1571361897;101.367;16.45748939217133;0.48547166348587995;-0.4296875;
03:24:57;558.0;1571361899;101.211;16.45748939217133;0.48547166348587995;-0.4296875;
03:24:58;559.0;1571361899;101.012;16.45748939217133;0.48547166348587995;-0.4296875;
03:24:59;560.0;1571361901;100.857;16.45748939217133;0.48547166348587995;-0.4296875;
03:25:00;561.0;1571361901;100.769;16.45748939217133;0.48547166348587995;-0.4296875;
03:25:01;562.0;1571361902;100.637;16.45748939217133;0.48547166348587995;-0.4296875;
03:25:02;563.0;1571361904;100.637;16.45748939217133;0.48547166348587995;-0.4296875;
03:25:03;564.0;1571361904;100.57;16.45748939217133;0.48547166348587995;-0.4296875;
03:25:04;565.0;1571361905;100.725;16.45748939217133;0.48547166348587995;-0.4296875;
03:25:05;566.0;1571361907;100.769;16.45748939217133;0.48547166348587995;-0.4296875;
03:25:06;567.0;1571361907;100.835;16.45748939217133;0.48547166348587995;-0.4296875;
03:25:07;568.0;1571361909;100.968;16.45748939217133;0.48547166348587995;-0.4296875;
03:25:08;569.0;1571361910;101.034;16.45748939217133;0.48547166348587995;-0.4296875;
03:25:09;570.0;1571361910;101.145;16.45748939217133;0.48547166348587995;-0.4296875;
03:25:10;571.0;1571361912;101.189;16.45748939217133;0.48547166348587995;-0.4296875;
03:25:11;572.0;1571361913;101.278;16.45748939217133;0.48547166348587995;-0.4296875;
03:25:12;573.0;1571361913;101.123;16.45748939217133;0.48547166348587995;-0.4296875;
03:25:13;574.0;1571361915;100.968;16.45748939217133;0.48547166348587995;-0.4296875;
03:25:14;575.0;1571361916;100.857;16.45748939217133;0.48547166348587995;-0.4296875;
03:25:15;576.0;1571361916;100.659;16.45748939217133;0.48547166348587995;-0.4296875;
03:25:16;577.0;1571361918;100.681;16.45748939217133;0.48547166348587995;-0.4296875;
03:25:17;578.0;1571361919;100.791;16.45748939217133;0.48547166348587995;-0.4296875;
03:25:18;579.0;1571361920;101.123;16.45748939217133;0.48547166348587995;-0.4296875;
03:25:19;580.0;1571361921;101.189;16.45748939217133;0.48547166348587995;-0.4296875;
03:25:21;582.0;1571361922;101.211;16.45748939217133;0.48547166348587995;-0.4296875;
03:25:22;583.0;1571361924;101.056;16.45748939217133;0.48547166348587995;-0.4296875;
03:25:23;584.0;1571361925;101.012;16.45748939217133;0.48547166348587995;-0.4296875;
03:25:24;585.0;1571361926;100.747;16.45748939217133;0.48547166348587995;-0.4296875;
03:25:25;586.0;1571361927;100.703;16.45748939217133;0.48547166348587995;-0.4296875;
03:25:26;587.0;1571361928;100.659;16.45748939217133;0.48547166348587995;-0.4296875;
03:25:27;588.0;1571361929;100.879;16.45748939217133;0.48547166348587995;-0.4296875;
03:25:29;590.0;1571361930;101.189;16.45748939217133;0.48547166348587995;-0.4296875;
03:25:30;591.0;1571361931;101.123;16.45748939217133;0.48547166348587995;-0.4296875;
03:25:31;592.0;1571361932;101.167;16.45748939217133;0.48547166348587995;-0.4296875;
03:25:32;593.0;1571361933;101.012;16.45748939217133;0.48547166348587995;-0.4296875;
03:25:33;594.0;1571361934;100.835;16.45748939217133;0.48547166348587995;-0.4296875;
03:25:34;595.0;1571361935;100.659;16.45748939217133;0.48547166348587995;-0.4296875;
03:25:35;596.0;1571361936;100.548;16.45748939217133;0.48547166348587995;-0.4296875;
03:25:36;597.0;1571361937;100.637;16.45748939217133;0.48547166348587995;-0.4296875;
03:25:37;598.0;1571361938;100.813;16.45748939217133;0.48547166348587995;-0.4296875;
