Time;Seconds from start for linreg;Unix Time;ch1 po2;Uc;Ubl;Vc;
13:35:32;-2.0;1571312134;99.694;17.21090820942683;0.5076964073577236;-0.4443359375;
13:35:33;-1.0;1571312135;99.694;17.085338406550914;0.5039922833790831;-0.44189453125;
13:35:35;1.0;1571312136;100.022;11.05798786850691;0.32619433240433365;-0.32470703125;
13:35:36;2.0;1571312137;99.956;16.08077998354358;0.4743592915499581;-0.42236328125;
13:35:37;3.0;1571312138;100.219;16.83419880079908;0.4965840354218018;-0.43701171875;
13:35:38;4.0;1571312139;100.285;16.45748939217133;0.48547166348587995;-0.4296875;
13:35:39;5.0;1571312140;100.022;17.336478012302745;0.5114005313363642;-0.44677734375;
13:35:40;6.0;1571312141;99.869;15.452930969163994;0.455838671656755;-0.41015625;
13:35:41;7.0;1571312142;99.934;17.713187420930495;0.5225129032722861;-0.4541015625;
13:35:42;8.0;1571312143;99.76;17.21090820942683;0.5076964073577236;-0.4443359375;
13:35:43;9.0;1571312144;99.825;17.085338406550914;0.5039922833790831;-0.44189453125;
13:35:44;10.0;1571312145;99.869;17.085338406550914;0.5039922833790831;-0.44189453125;
13:35:45;11.0;1571312146;99.585;15.452930969163994;0.455838671656755;-0.41015625;
13:35:46;12.0;1571312147;99.607;16.83419880079908;0.4965840354218018;-0.43701171875;
13:35:47;13.0;1571312148;99.477;16.45748939217133;0.48547166348587995;-0.4296875;
13:35:48;14.0;1571312149;99.52;16.70862899792316;0.49287991144316107;-0.4345703125;
13:35:49;15.0;1571312150;99.477;16.583059195047245;0.4891757874645205;-0.43212890625;
13:35:50;16.0;1571312151;99.542;16.83419880079908;0.4965840354218018;-0.43701171875;
13:35:51;17.0;1571312152;99.738;17.085338406550914;0.5039922833790831;-0.44189453125;
13:35:52;18.0;1571312153;99.76;16.583059195047245;0.4891757874645205;-0.43212890625;
13:35:53;19.0;1571312154;99.782;16.70862899792316;0.49287991144316107;-0.4345703125;
13:35:54;20.0;1571312155;99.825;16.206349786419494;0.47806341552859866;-0.4248046875;
13:35:55;21.0;1571312156;99.869;16.959768603674995;0.5002881594004424;-0.439453125;
13:35:56;22.0;1571312157;99.782;17.838757223806414;0.5262170272509267;-0.45654296875;
13:35:57;23.0;1571312158;99.869;16.83419880079908;0.4965840354218018;-0.43701171875;
13:35:58;24.0;1571312159;99.934;16.70862899792316;0.49287991144316107;-0.4345703125;
13:35:59;25.0;1571312160;99.869;16.959768603674995;0.5002881594004424;-0.439453125;
13:36:00;26.0;1571312161;99.803;16.83419880079908;0.4965840354218018;-0.43701171875;
13:36:01;27.0;1571312162;99.782;16.83419880079908;0.4965840354218018;-0.43701171875;
13:36:02;28.0;1571312163;99.716;16.331919589295413;0.48176753950723933;-0.42724609375;
13:36:03;29.0;1571312164;99.891;16.583059195047245;0.4891757874645205;-0.43212890625;
13:36:04;30.0;1571312165;99.956;18.089896829558246;0.5336252752082079;-0.46142578125;
13:36:05;31.0;1571312167;99.956;17.085338406550914;0.5039922833790831;-0.44189453125;
13:36:06;32.0;1571312167;99.585;16.45748939217133;0.48547166348587995;-0.4296875;
13:36:07;33.0;1571312168;99.433;17.085338406550914;0.5039922833790831;-0.44189453125;
13:36:08;34.0;1571312170;99.39;17.46204781517866;0.5151046553150047;-0.44921875;
13:36:09;35.0;1571312170;99.39;16.83419880079908;0.4965840354218018;-0.43701171875;
13:36:10;36.0;1571312171;99.542;16.583059195047245;0.4891757874645205;-0.43212890625;
13:36:11;37.0;1571312172;99.542;17.085338406550914;0.5039922833790831;-0.44189453125;
13:36:12;38.0;1571312174;99.477;16.70862899792316;0.49287991144316107;-0.4345703125;
13:36:13;39.0;1571312174;99.629;17.21090820942683;0.5076964073577236;-0.4443359375;
13:36:14;40.0;1571312175;99.585;16.583059195047245;0.4891757874645205;-0.43212890625;
13:36:15;41.0;1571312177;99.498;16.959768603674995;0.5002881594004424;-0.439453125;
13:36:16;42.0;1571312177;99.477;16.45748939217133;0.48547166348587995;-0.4296875;
13:36:17;43.0;1571312178;99.607;16.83419880079908;0.4965840354218018;-0.43701171875;
13:36:18;44.0;1571312180;99.869;16.959768603674995;0.5002881594004424;-0.439453125;
13:36:19;45.0;1571312180;100.0;17.085338406550914;0.5039922833790831;-0.44189453125;
13:36:20;46.0;1571312181;100.241;16.583059195047245;0.4891757874645205;-0.43212890625;
13:36:21;47.0;1571312183;100.088;16.08077998354358;0.4743592915499581;-0.42236328125;
13:36:22;48.0;1571312184;99.913;16.70862899792316;0.49287991144316107;-0.4345703125;
13:36:23;49.0;1571312184;99.869;17.46204781517866;0.5151046553150047;-0.44921875;
13:36:24;50.0;1571312186;99.673;16.83419880079908;0.4965840354218018;-0.43701171875;
13:36:25;51.0;1571312187;99.564;16.583059195047245;0.4891757874645205;-0.43212890625;
13:36:26;52.0;1571312187;99.694;15.955210180667661;0.4706551675713175;-0.419921875;
13:36:27;53.0;1571312189;99.477;16.206349786419494;0.47806341552859866;-0.4248046875;
13:36:28;54.0;1571312190;99.303;17.085338406550914;0.5039922833790831;-0.44189453125;
13:36:29;55.0;1571312191;99.39;17.21090820942683;0.5076964073577236;-0.4443359375;
13:36:30;56.0;1571312191;99.52;16.83419880079908;0.4965840354218018;-0.43701171875;
13:36:31;57.0;1571312193;99.564;16.331919589295413;0.48176753950723933;-0.42724609375;
13:36:32;58.0;1571312194;99.803;16.83419880079908;0.4965840354218018;-0.43701171875;
13:36:33;59.0;1571312194;99.673;16.45748939217133;0.48547166348587995;-0.4296875;
13:36:34;60.0;1571312196;99.629;17.085338406550914;0.5039922833790831;-0.44189453125;
13:36:35;61.0;1571312197;99.825;17.21090820942683;0.5076964073577236;-0.4443359375;
13:36:36;62.0;1571312198;99.716;16.83419880079908;0.4965840354218018;-0.43701171875;
13:36:37;63.0;1571312199;99.716;17.96432702668233;0.5299211512295673;-0.458984375;
13:36:39;65.0;1571312200;99.803;16.70862899792316;0.49287991144316107;-0.4345703125;
13:36:40;66.0;1571312201;99.651;16.83419880079908;0.4965840354218018;-0.43701171875;
13:36:41;67.0;1571312202;99.651;15.704070574915827;0.4632469196140362;-0.4150390625;
13:36:42;68.0;1571312203;99.629;16.583059195047245;0.4891757874645205;-0.43212890625;
13:36:43;69.0;1571312204;99.455;17.085338406550914;0.5039922833790831;-0.44189453125;
13:36:44;70.0;1571312205;99.281;17.085338406550914;0.5039922833790831;-0.44189453125;
13:36:45;71.0;1571312206;99.411;15.829640377791746;0.46695104359267686;-0.41748046875;
13:36:46;72.0;1571312207;99.303;17.085338406550914;0.5039922833790831;-0.44189453125;
13:36:47;73.0;1571312208;99.325;17.21090820942683;0.5076964073577236;-0.4443359375;
13:36:48;74.0;1571312209;99.629;16.331919589295413;0.48176753950723933;-0.42724609375;
13:36:49;75.0;1571312210;99.455;17.58761761805458;0.5188087792936454;-0.45166015625;
13:36:50;76.0;1571312211;99.76;16.70862899792316;0.49287991144316107;-0.4345703125;
13:36:51;77.0;1571312212;99.803;16.08077998354358;0.4743592915499581;-0.42236328125;
13:36:52;78.0;1571312213;99.803;17.21090820942683;0.5076964073577236;-0.4443359375;
13:36:53;79.0;1571312214;99.956;16.70862899792316;0.49287991144316107;-0.4345703125;
13:36:54;80.0;1571312215;99.869;16.70862899792316;0.49287991144316107;-0.4345703125;
13:36:55;81.0;1571312216;99.716;16.959768603674995;0.5002881594004424;-0.439453125;
13:36:56;82.0;1571312217;99.716;16.45748939217133;0.48547166348587995;-0.4296875;
13:36:57;83.0;1571312218;99.564;16.83419880079908;0.4965840354218018;-0.43701171875;
13:36:58;84.0;1571312219;99.564;16.206349786419494;0.47806341552859866;-0.4248046875;
13:36:59;85.0;1571312220;99.629;17.21090820942683;0.5076964073577236;-0.4443359375;
13:37:00;86.0;1571312221;99.564;16.206349786419494;0.47806341552859866;-0.4248046875;
13:37:01;87.0;1571312222;99.564;16.583059195047245;0.4891757874645205;-0.43212890625;
13:37:02;88.0;1571312223;99.411;18.089896829558246;0.5336252752082079;-0.46142578125;
13:37:03;89.0;1571312224;99.564;15.327361166288078;0.4521345476781144;-0.40771484375;
13:37:04;90.0;1571312225;99.52;16.583059195047245;0.4891757874645205;-0.43212890625;
13:37:05;91.0;1571312226;99.651;16.959768603674995;0.5002881594004424;-0.439453125;
13:37:06;92.0;1571312227;99.673;16.70862899792316;0.49287991144316107;-0.4345703125;
13:37:07;93.0;1571312228;99.368;16.331919589295413;0.48176753950723933;-0.42724609375;
13:37:08;94.0;1571312229;99.39;16.70862899792316;0.49287991144316107;-0.4345703125;
13:37:09;95.0;1571312230;99.173;16.206349786419494;0.47806341552859866;-0.4248046875;
13:37:10;96.0;1571312231;99.346;17.713187420930495;0.5225129032722861;-0.4541015625;
13:37:11;97.0;1571312233;99.673;16.83419880079908;0.4965840354218018;-0.43701171875;
13:37:12;98.0;1571312233;99.477;16.45748939217133;0.48547166348587995;-0.4296875;
13:37:13;99.0;1571312234;99.607;17.085338406550914;0.5039922833790831;-0.44189453125;
13:37:14;100.0;1571312236;99.585;16.70862899792316;0.49287991144316107;-0.4345703125;
13:37:15;101.0;1571312236;99.433;16.583059195047245;0.4891757874645205;-0.43212890625;
13:37:16;102.0;1571312237;99.542;16.70862899792316;0.49287991144316107;-0.4345703125;
13:37:17;103.0;1571312239;99.564;16.206349786419494;0.47806341552859866;-0.4248046875;
13:37:18;104.0;1571312239;99.651;16.83419880079908;0.4965840354218018;-0.43701171875;
13:37:19;105.0;1571312240;99.455;16.08077998354358;0.4743592915499581;-0.42236328125;
13:37:20;106.0;1571312242;99.433;16.83419880079908;0.4965840354218018;-0.43701171875;
13:37:21;107.0;1571312243;99.585;17.58761761805458;0.5188087792936454;-0.45166015625;
13:37:22;108.0;1571312243;99.39;16.45748939217133;0.48547166348587995;-0.4296875;
13:37:23;109.0;1571312244;99.346;16.583059195047245;0.4891757874645205;-0.43212890625;
13:37:24;110.0;1571312246;99.259;17.085338406550914;0.5039922833790831;-0.44189453125;
13:37:25;111.0;1571312247;99.086;17.21090820942683;0.5076964073577236;-0.4443359375;
13:37:26;112.0;1571312247;98.935;16.83419880079908;0.4965840354218018;-0.43701171875;
13:37:27;113.0;1571312249;99.259;16.83419880079908;0.4965840354218018;-0.43701171875;
13:37:28;114.0;1571312250;99.498;16.08077998354358;0.4743592915499581;-0.42236328125;
13:37:29;115.0;1571312250;99.673;16.583059195047245;0.4891757874645205;-0.43212890625;
13:37:30;116.0;1571312252;99.803;16.959768603674995;0.5002881594004424;-0.439453125;
13:37:31;117.0;1571312253;99.673;12.815965108769744;0.3780520681053022;-0.35888671875;
13:37:32;118.0;1571312254;99.455;16.70862899792316;0.49287991144316107;-0.4345703125;
13:37:33;119.0;1571312255;98.978;16.45748939217133;0.48547166348587995;-0.4296875;
13:37:34;120.0;1571312256;98.913;16.83419880079908;0.4965840354218018;-0.43701171875;
13:37:35;121.0;1571312257;98.654;17.46204781517866;0.5151046553150047;-0.44921875;
13:37:36;122.0;1571312257;98.762;16.70862899792316;0.49287991144316107;-0.4345703125;
13:37:37;123.0;1571312259;99.346;16.45748939217133;0.48547166348587995;-0.4296875;
13:37:38;124.0;1571312260;99.281;16.959768603674995;0.5002881594004424;-0.439453125;
13:37:39;125.0;1571312261;99.585;16.583059195047245;0.4891757874645205;-0.43212890625;
13:37:40;126.0;1571312262;99.368;16.45748939217133;0.48547166348587995;-0.4296875;
13:37:41;127.0;1571312263;99.021;13.192674517397496;0.3891644400412241;-0.3662109375;
13:37:43;129.0;1571312264;99.151;18.21546663243416;0.5373293991868484;-0.4638671875;
13:37:44;130.0;1571312265;98.848;16.83419880079908;0.4965840354218018;-0.43701171875;
13:37:45;131.0;1571312266;99.064;16.45748939217133;0.48547166348587995;-0.4296875;
13:37:46;132.0;1571312267;99.238;16.959768603674995;0.5002881594004424;-0.439453125;
13:37:47;133.0;1571312268;99.325;16.83419880079908;0.4965840354218018;-0.43701171875;
13:37:48;134.0;1571312269;99.455;16.331919589295413;0.48176753950723933;-0.42724609375;
13:37:49;135.0;1571312270;99.629;16.959768603674995;0.5002881594004424;-0.439453125;
13:37:50;136.0;1571312271;99.498;16.331919589295413;0.48176753950723933;-0.42724609375;
13:37:51;137.0;1571312272;99.325;17.085338406550914;0.5039922833790831;-0.44189453125;
13:37:52;138.0;1571312273;99.303;16.70862899792316;0.49287991144316107;-0.4345703125;
13:37:53;139.0;1571312274;99.216;16.959768603674995;0.5002881594004424;-0.439453125;
13:37:54;140.0;1571312275;99.216;16.70862899792316;0.49287991144316107;-0.4345703125;
13:37:55;141.0;1571312276;99.303;16.45748939217133;0.48547166348587995;-0.4296875;
13:37:56;142.0;1571312277;99.368;16.583059195047245;0.4891757874645205;-0.43212890625;
13:37:57;143.0;1571312278;99.151;17.336478012302745;0.5114005313363642;-0.44677734375;
13:37:58;144.0;1571312279;98.892;16.959768603674995;0.5002881594004424;-0.439453125;
13:37:59;145.0;1571312280;98.913;14.573942349032578;0.42990980380627075;-0.39306640625;
13:38:00;146.0;1571312281;98.892;16.583059195047245;0.4891757874645205;-0.43212890625;
13:38:01;147.0;1571312282;98.784;16.70862899792316;0.49287991144316107;-0.4345703125;
13:38:02;148.0;1571312283;98.935;16.959768603674995;0.5002881594004424;-0.439453125;
13:38:03;149.0;1571312284;98.827;16.83419880079908;0.4965840354218018;-0.43701171875;
13:38:04;150.0;1571312285;98.935;16.959768603674995;0.5002881594004424;-0.439453125;
13:38:05;151.0;1571312286;99.086;16.70862899792316;0.49287991144316107;-0.4345703125;
13:38:06;152.0;1571312287;99.0;16.70862899792316;0.49287991144316107;-0.4345703125;
13:38:07;153.0;1571312288;99.108;16.83419880079908;0.4965840354218018;-0.43701171875;
13:38:08;154.0;1571312289;98.978;16.83419880079908;0.4965840354218018;-0.43701171875;
13:38:09;155.0;1571312290;98.719;17.46204781517866;0.5151046553150047;-0.44921875;
13:38:10;156.0;1571312292;98.87;16.83419880079908;0.4965840354218018;-0.43701171875;
13:38:11;157.0;1571312292;98.784;17.085338406550914;0.5039922833790831;-0.44189453125;
13:38:12;158.0;1571312293;98.676;16.45748939217133;0.48547166348587995;-0.4296875;
13:38:13;159.0;1571312294;99.086;16.45748939217133;0.48547166348587995;-0.4296875;
13:38:14;160.0;1571312295;98.913;16.83419880079908;0.4965840354218018;-0.43701171875;
13:38:15;161.0;1571312296;98.74;16.45748939217133;0.48547166348587995;-0.4296875;
13:38:16;162.0;1571312297;98.913;17.21090820942683;0.5076964073577236;-0.4443359375;
13:38:17;163.0;1571312298;98.525;16.70862899792316;0.49287991144316107;-0.4345703125;
13:38:18;164.0;1571312299;98.439;16.583059195047245;0.4891757874645205;-0.43212890625;
13:38:19;165.0;1571312300;98.74;16.959768603674995;0.5002881594004424;-0.439453125;
13:38:20;166.0;1571312302;98.892;16.583059195047245;0.4891757874645205;-0.43212890625;
13:38:21;167.0;1571312302;99.064;16.583059195047245;0.4891757874645205;-0.43212890625;
13:38:22;168.0;1571312303;99.281;14.322802743280745;0.4225015558489895;-0.38818359375;
13:38:23;169.0;1571312305;99.281;16.83419880079908;0.4965840354218018;-0.43701171875;
13:38:24;170.0;1571312305;98.935;16.583059195047245;0.4891757874645205;-0.43212890625;
13:38:25;171.0;1571312306;99.021;17.21090820942683;0.5076964073577236;-0.4443359375;
13:38:26;172.0;1571312308;99.0;16.70862899792316;0.49287991144316107;-0.4345703125;
13:38:27;173.0;1571312309;98.59;16.959768603674995;0.5002881594004424;-0.439453125;
13:38:28;174.0;1571312309;98.633;16.83419880079908;0.4965840354218018;-0.43701171875;
13:38:29;175.0;1571312311;98.676;20.60129288707658;0.60770775478102;-0.51025390625;
13:38:30;176.0;1571312312;98.547;17.085338406550914;0.5039922833790831;-0.44189453125;
13:38:31;177.0;1571312312;98.784;16.959768603674995;0.5002881594004424;-0.439453125;
13:38:32;178.0;1571312314;98.59;16.583059195047245;0.4891757874645205;-0.43212890625;
13:38:33;179.0;1571312315;98.418;16.583059195047245;0.4891757874645205;-0.43212890625;
13:38:34;180.0;1571312316;98.439;16.70862899792316;0.49287991144316107;-0.4345703125;
13:38:35;181.0;1571312316;98.332;16.83419880079908;0.4965840354218018;-0.43701171875;
13:38:36;182.0;1571312318;98.439;13.067104714521577;0.3854603160625834;-0.36376953125;
13:38:37;183.0;1571312319;98.719;16.83419880079908;0.4965840354218018;-0.43701171875;
13:38:38;184.0;1571312319;98.913;16.959768603674995;0.5002881594004424;-0.439453125;
13:38:39;185.0;1571312321;99.064;16.583059195047245;0.4891757874645205;-0.43212890625;
13:38:40;186.0;1571312322;99.325;16.583059195047245;0.4891757874645205;-0.43212890625;
13:38:41;187.0;1571312323;99.043;16.583059195047245;0.4891757874645205;-0.43212890625;
13:38:42;188.0;1571312324;99.108;16.70862899792316;0.49287991144316107;-0.4345703125;
13:38:43;189.0;1571312325;99.0;17.21090820942683;0.5076964073577236;-0.4443359375;
13:38:44;190.0;1571312326;98.848;16.83419880079908;0.4965840354218018;-0.43701171875;
13:38:45;191.0;1571312327;98.827;17.58761761805458;0.5188087792936454;-0.45166015625;
13:38:47;193.0;1571312328;98.611;15.704070574915827;0.4632469196140362;-0.4150390625;
13:38:48;194.0;1571312329;98.74;17.21090820942683;0.5076964073577236;-0.4443359375;
13:38:49;195.0;1571312330;98.784;17.085338406550914;0.5039922833790831;-0.44189453125;
13:38:50;196.0;1571312331;98.935;16.331919589295413;0.48176753950723933;-0.42724609375;
13:38:51;197.0;1571312332;99.238;13.318244320273411;0.39286856401986464;-0.36865234375;
13:38:52;198.0;1571312333;99.043;16.83419880079908;0.4965840354218018;-0.43701171875;
13:38:53;199.0;1571312334;98.892;16.70862899792316;0.49287991144316107;-0.4345703125;
13:38:54;200.0;1571312335;98.633;16.83419880079908;0.4965840354218018;-0.43701171875;
13:38:55;201.0;1571312336;98.182;17.085338406550914;0.5039922833790831;-0.44189453125;
13:38:56;202.0;1571312337;98.482;15.955210180667661;0.4706551675713175;-0.419921875;
13:38:57;203.0;1571312338;98.654;16.83419880079908;0.4965840354218018;-0.43701171875;
13:38:58;204.0;1571312339;98.805;16.45748939217133;0.48547166348587995;-0.4296875;
13:38:59;205.0;1571312340;99.043;16.70862899792316;0.49287991144316107;-0.4345703125;
13:39:00;206.0;1571312341;98.439;17.838757223806414;0.5262170272509267;-0.45654296875;
13:39:01;207.0;1571312342;98.375;16.83419880079908;0.4965840354218018;-0.43701171875;
13:39:02;208.0;1571312343;98.225;16.83419880079908;0.4965840354218018;-0.43701171875;
13:39:03;209.0;1571312344;98.16;16.206349786419494;0.47806341552859866;-0.4248046875;
13:39:04;210.0;1571312345;98.375;17.21090820942683;0.5076964073577236;-0.4443359375;
13:39:05;211.0;1571312346;98.225;16.45748939217133;0.48547166348587995;-0.4296875;
13:39:06;212.0;1571312347;98.332;16.70862899792316;0.49287991144316107;-0.4345703125;
13:39:07;213.0;1571312348;98.31;16.206349786419494;0.47806341552859866;-0.4248046875;
13:39:08;214.0;1571312349;98.784;16.583059195047245;0.4891757874645205;-0.43212890625;
13:39:09;215.0;1571312350;98.827;17.336478012302745;0.5114005313363642;-0.44677734375;
13:39:10;216.0;1571312351;98.892;16.583059195047245;0.4891757874645205;-0.43212890625;
13:39:11;217.0;1571312352;98.956;17.21090820942683;0.5076964073577236;-0.4443359375;
13:39:12;218.0;1571312353;98.697;16.83419880079908;0.4965840354218018;-0.43701171875;
13:39:13;219.0;1571312354;98.827;16.959768603674995;0.5002881594004424;-0.439453125;
13:39:14;220.0;1571312355;98.848;16.83419880079908;0.4965840354218018;-0.43701171875;
13:39:15;221.0;1571312356;98.654;16.583059195047245;0.4891757874645205;-0.43212890625;
13:39:16;222.0;1571312357;98.676;16.206349786419494;0.47806341552859866;-0.4248046875;
13:39:17;223.0;1571312359;98.697;16.959768603674995;0.5002881594004424;-0.439453125;
13:39:18;224.0;1571312359;98.74;16.08077998354358;0.4743592915499581;-0.42236328125;
13:39:19;225.0;1571312360;98.892;17.085338406550914;0.5039922833790831;-0.44189453125;
13:39:20;226.0;1571312362;98.935;16.959768603674995;0.5002881594004424;-0.439453125;
13:39:21;227.0;1571312362;98.892;18.21546663243416;0.5373293991868484;-0.4638671875;
13:39:22;228.0;1571312363;98.978;17.085338406550914;0.5039922833790831;-0.44189453125;
13:39:23;229.0;1571312365;98.762;16.583059195047245;0.4891757874645205;-0.43212890625;
13:39:24;230.0;1571312366;98.762;16.583059195047245;0.4891757874645205;-0.43212890625;
13:39:25;231.0;1571312366;98.913;16.70862899792316;0.49287991144316107;-0.4345703125;
13:39:26;232.0;1571312367;98.697;17.085338406550914;0.5039922833790831;-0.44189453125;
13:39:27;233.0;1571312369;98.805;16.583059195047245;0.4891757874645205;-0.43212890625;
13:39:28;234.0;1571312369;98.633;17.21090820942683;0.5076964073577236;-0.4443359375;
13:39:29;235.0;1571312370;98.289;16.959768603674995;0.5002881594004424;-0.439453125;
13:39:30;236.0;1571312372;98.139;16.83419880079908;0.4965840354218018;-0.43701171875;
13:39:31;237.0;1571312372;98.267;16.83419880079908;0.4965840354218018;-0.43701171875;
13:39:32;238.0;1571312373;98.31;16.83419880079908;0.4965840354218018;-0.43701171875;
13:39:33;239.0;1571312375;98.439;16.83419880079908;0.4965840354218018;-0.43701171875;
13:39:34;240.0;1571312376;98.439;18.34103643531008;0.5410335231654891;-0.46630859375;
13:39:35;241.0;1571312376;98.396;17.085338406550914;0.5039922833790831;-0.44189453125;
13:39:36;242.0;1571312378;98.289;17.336478012302745;0.5114005313363642;-0.44677734375;
13:39:37;243.0;1571312379;98.289;16.70862899792316;0.49287991144316107;-0.4345703125;
13:39:38;244.0;1571312379;98.289;16.70862899792316;0.49287991144316107;-0.4345703125;
13:39:39;245.0;1571312381;98.225;16.83419880079908;0.4965840354218018;-0.43701171875;
13:39:40;246.0;1571312382;98.267;16.583059195047245;0.4891757874645205;-0.43212890625;
13:39:41;247.0;1571312383;98.396;16.583059195047245;0.4891757874645205;-0.43212890625;
13:39:42;248.0;1571312384;98.525;16.70862899792316;0.49287991144316107;-0.4345703125;
13:39:43;249.0;1571312385;98.525;16.70862899792316;0.49287991144316107;-0.4345703125;
13:39:44;250.0;1571312386;98.74;16.206349786419494;0.47806341552859866;-0.4248046875;
13:39:45;251.0;1571312387;98.654;17.21090820942683;0.5076964073577236;-0.4443359375;
13:39:46;252.0;1571312388;98.418;16.331919589295413;0.48176753950723933;-0.42724609375;
13:39:47;253.0;1571312389;98.396;16.45748939217133;0.48547166348587995;-0.4296875;
13:39:48;254.0;1571312390;98.203;16.583059195047245;0.4891757874645205;-0.43212890625;
13:39:49;255.0;1571312391;98.246;16.70862899792316;0.49287991144316107;-0.4345703125;
13:39:51;257.0;1571312392;98.676;16.331919589295413;0.48176753950723933;-0.42724609375;
13:39:52;258.0;1571312393;98.848;16.08077998354358;0.4743592915499581;-0.42236328125;
13:39:53;259.0;1571312394;98.913;16.959768603674995;0.5002881594004424;-0.439453125;
13:39:54;260.0;1571312395;98.848;16.70862899792316;0.49287991144316107;-0.4345703125;
13:39:55;261.0;1571312396;98.461;16.70862899792316;0.49287991144316107;-0.4345703125;
13:39:56;262.0;1571312397;98.31;16.83419880079908;0.4965840354218018;-0.43701171875;
13:39:57;263.0;1571312398;98.139;17.46204781517866;0.5151046553150047;-0.44921875;
13:39:58;264.0;1571312399;98.032;18.21546663243416;0.5373293991868484;-0.4638671875;
13:39:59;265.0;1571312400;98.332;16.45748939217133;0.48547166348587995;-0.4296875;
13:40:00;266.0;1571312401;98.16;17.085338406550914;0.5039922833790831;-0.44189453125;
13:40:01;267.0;1571312402;98.547;16.331919589295413;0.48176753950723933;-0.42724609375;
13:40:02;268.0;1571312403;98.59;16.83419880079908;0.4965840354218018;-0.43701171875;
13:40:03;269.0;1571312404;98.525;16.45748939217133;0.48547166348587995;-0.4296875;
13:40:04;270.0;1571312405;98.719;16.70862899792316;0.49287991144316107;-0.4345703125;
13:40:05;271.0;1571312406;98.396;16.331919589295413;0.48176753950723933;-0.42724609375;
13:40:06;272.0;1571312407;98.568;16.08077998354358;0.4743592915499581;-0.42236328125;
13:40:07;273.0;1571312408;98.461;17.085338406550914;0.5039922833790831;-0.44189453125;
13:40:08;274.0;1571312409;98.353;16.70862899792316;0.49287991144316107;-0.4345703125;
13:40:09;275.0;1571312410;98.482;16.83419880079908;0.4965840354218018;-0.43701171875;
13:40:10;276.0;1571312411;98.332;16.45748939217133;0.48547166348587995;-0.4296875;
13:40:11;277.0;1571312412;98.225;17.21090820942683;0.5076964073577236;-0.4443359375;
13:40:12;278.0;1571312413;98.225;17.085338406550914;0.5039922833790831;-0.44189453125;
13:40:13;279.0;1571312414;98.075;16.83419880079908;0.4965840354218018;-0.43701171875;
13:40:14;280.0;1571312415;98.139;17.085338406550914;0.5039922833790831;-0.44189453125;
13:40:15;281.0;1571312416;98.01;16.70862899792316;0.49287991144316107;-0.4345703125;
13:40:16;282.0;1571312417;98.31;16.83419880079908;0.4965840354218018;-0.43701171875;
13:40:17;283.0;1571312418;98.439;17.085338406550914;0.5039922833790831;-0.44189453125;
13:40:18;284.0;1571312419;98.267;17.085338406550914;0.5039922833790831;-0.44189453125;
13:40:19;285.0;1571312421;98.59;16.583059195047245;0.4891757874645205;-0.43212890625;
13:40:20;286.0;1571312421;98.461;16.583059195047245;0.4891757874645205;-0.43212890625;
13:40:21;287.0;1571312422;98.075;16.583059195047245;0.4891757874645205;-0.43212890625;
13:40:22;288.0;1571312423;98.075;16.83419880079908;0.4965840354218018;-0.43701171875;
13:40:23;289.0;1571312425;98.01;15.578500772039913;0.4595427956353957;-0.41259765625;
13:40:24;290.0;1571312425;97.712;16.45748939217133;0.48547166348587995;-0.4296875;
13:40:25;291.0;1571312426;97.968;16.83419880079908;0.4965840354218018;-0.43701171875;
13:40:26;292.0;1571312428;97.968;17.46204781517866;0.5151046553150047;-0.44921875;
13:40:27;293.0;1571312428;97.818;17.46204781517866;0.5151046553150047;-0.44921875;
13:40:28;294.0;1571312429;98.032;16.45748939217133;0.48547166348587995;-0.4296875;
13:40:29;295.0;1571312431;97.946;17.46204781517866;0.5151046553150047;-0.44921875;
13:40:30;296.0;1571312431;98.16;17.085338406550914;0.5039922833790831;-0.44189453125;
13:40:31;297.0;1571312432;98.461;16.70862899792316;0.49287991144316107;-0.4345703125;
13:40:32;298.0;1571312434;98.418;16.583059195047245;0.4891757874645205;-0.43212890625;
13:40:33;299.0;1571312434;98.396;16.583059195047245;0.4891757874645205;-0.43212890625;
13:40:34;300.0;1571312436;98.075;16.70862899792316;0.49287991144316107;-0.4345703125;
13:40:35;301.0;1571312437;97.882;16.583059195047245;0.4891757874645205;-0.43212890625;
13:40:36;302.0;1571312437;97.818;16.70862899792316;0.49287991144316107;-0.4345703125;
13:40:37;303.0;1571312439;97.904;16.45748939217133;0.48547166348587995;-0.4296875;
13:40:38;304.0;1571312440;97.882;17.085338406550914;0.5039922833790831;-0.44189453125;
13:40:39;305.0;1571312440;97.84;17.085338406550914;0.5039922833790831;-0.44189453125;
13:40:40;306.0;1571312442;97.925;16.331919589295413;0.48176753950723933;-0.42724609375;
13:40:41;307.0;1571312443;97.754;16.70862899792316;0.49287991144316107;-0.4345703125;
13:40:42;308.0;1571312443;97.818;16.45748939217133;0.48547166348587995;-0.4296875;
13:40:43;309.0;1571312445;97.712;16.70862899792316;0.49287991144316107;-0.4345703125;
13:40:44;310.0;1571312446;97.818;15.578500772039913;0.4595427956353957;-0.41259765625;
13:40:45;311.0;1571312446;98.096;16.583059195047245;0.4891757874645205;-0.43212890625;
13:40:46;312.0;1571312448;98.075;15.955210180667661;0.4706551675713175;-0.419921875;
13:40:47;313.0;1571312449;98.075;16.583059195047245;0.4891757874645205;-0.43212890625;
13:40:48;314.0;1571312450;97.733;16.08077998354358;0.4743592915499581;-0.42236328125;
13:40:49;315.0;1571312451;97.584;16.583059195047245;0.4891757874645205;-0.43212890625;
13:40:50;316.0;1571312452;97.69;16.959768603674995;0.5002881594004424;-0.439453125;
13:40:51;317.0;1571312453;97.968;17.085338406550914;0.5039922833790831;-0.44189453125;
13:40:52;318.0;1571312454;98.032;16.08077998354358;0.4743592915499581;-0.42236328125;
13:40:53;319.0;1571312455;98.053;16.45748939217133;0.48547166348587995;-0.4296875;
13:40:55;321.0;1571312456;98.117;16.583059195047245;0.4891757874645205;-0.43212890625;
13:40:56;322.0;1571312457;98.01;16.583059195047245;0.4891757874645205;-0.43212890625;
13:40:57;323.0;1571312458;98.16;16.331919589295413;0.48176753950723933;-0.42724609375;
13:40:58;324.0;1571312459;98.117;15.578500772039913;0.4595427956353957;-0.41259765625;
13:40:59;325.0;1571312460;97.904;16.70862899792316;0.49287991144316107;-0.4345703125;
13:41:00;326.0;1571312461;97.84;16.70862899792316;0.49287991144316107;-0.4345703125;
13:41:01;327.0;1571312462;97.968;16.583059195047245;0.4891757874645205;-0.43212890625;
13:41:02;328.0;1571312463;98.117;16.959768603674995;0.5002881594004424;-0.439453125;
13:41:03;329.0;1571312464;98.16;16.83419880079908;0.4965840354218018;-0.43701171875;
13:41:04;330.0;1571312465;98.246;16.45748939217133;0.48547166348587995;-0.4296875;
13:41:05;331.0;1571312466;97.925;16.331919589295413;0.48176753950723933;-0.42724609375;
13:41:06;332.0;1571312467;97.626;15.955210180667661;0.4706551675713175;-0.419921875;
13:41:07;333.0;1571312468;97.712;17.085338406550914;0.5039922833790831;-0.44189453125;
13:41:08;334.0;1571312469;97.584;16.83419880079908;0.4965840354218018;-0.43701171875;
13:41:09;335.0;1571312470;97.669;16.83419880079908;0.4965840354218018;-0.43701171875;
13:41:10;336.0;1571312471;97.754;15.452930969163994;0.455838671656755;-0.41015625;
13:41:11;337.0;1571312472;97.69;17.085338406550914;0.5039922833790831;-0.44189453125;
13:41:12;338.0;1571312473;97.541;21.605851310083914;0.637340746610145;-0.52978515625;
13:41:13;339.0;1571312474;97.584;16.70862899792316;0.49287991144316107;-0.4345703125;
13:41:15;341.0;1571312475;97.882;16.83419880079908;0.4965840354218018;-0.43701171875;
13:41:16;342.0;1571312477;98.053;16.83419880079908;0.4965840354218018;-0.43701171875;
13:41:17;343.0;1571312478;98.075;17.713187420930495;0.5225129032722861;-0.4541015625;
13:41:18;344.0;1571312479;97.818;16.83419880079908;0.4965840354218018;-0.43701171875;
13:41:19;345.0;1571312480;97.626;16.83419880079908;0.4965840354218018;-0.43701171875;
13:41:20;346.0;1571312481;97.52;14.071663137528912;0.41509330789170834;-0.38330078125;
13:41:21;347.0;1571312482;97.371;17.58761761805458;0.5188087792936454;-0.45166015625;
13:41:22;348.0;1571312483;97.605;16.959768603674995;0.5002881594004424;-0.439453125;
13:41:23;349.0;1571312484;97.605;16.70862899792316;0.49287991144316107;-0.4345703125;
13:41:24;350.0;1571312485;97.925;16.83419880079908;0.4965840354218018;-0.43701171875;
13:41:25;351.0;1571312486;97.818;16.08077998354358;0.4743592915499581;-0.42236328125;
13:41:26;352.0;1571312487;97.84;16.70862899792316;0.49287991144316107;-0.4345703125;
13:41:27;353.0;1571312488;98.01;16.331919589295413;0.48176753950723933;-0.42724609375;
13:41:28;354.0;1571312490;97.733;16.583059195047245;0.4891757874645205;-0.43212890625;
13:41:29;355.0;1571312490;97.882;16.959768603674995;0.5002881594004424;-0.439453125;
13:41:30;356.0;1571312491;97.712;16.45748939217133;0.48547166348587995;-0.4296875;
13:41:31;357.0;1571312493;97.818;16.583059195047245;0.4891757874645205;-0.43212890625;
13:41:32;358.0;1571312494;97.669;16.70862899792316;0.49287991144316107;-0.4345703125;
13:41:33;359.0;1571312494;97.733;16.959768603674995;0.5002881594004424;-0.439453125;
13:41:34;360.0;1571312496;97.818;16.83419880079908;0.4965840354218018;-0.43701171875;
13:41:35;361.0;1571312497;97.861;16.583059195047245;0.4891757874645205;-0.43212890625;
13:41:36;362.0;1571312497;97.925;16.70862899792316;0.49287991144316107;-0.4345703125;
13:41:37;363.0;1571312498;97.754;16.83419880079908;0.4965840354218018;-0.43701171875;
13:41:38;364.0;1571312500;97.712;16.959768603674995;0.5002881594004424;-0.439453125;
13:41:39;365.0;1571312500;97.478;17.085338406550914;0.5039922833790831;-0.44189453125;
13:41:40;366.0;1571312502;97.371;17.58761761805458;0.5188087792936454;-0.45166015625;
13:41:41;367.0;1571312503;97.456;16.583059195047245;0.4891757874645205;-0.43212890625;
13:41:42;368.0;1571312503;97.393;15.829640377791746;0.46695104359267686;-0.41748046875;
13:41:43;369.0;1571312505;97.35;16.959768603674995;0.5002881594004424;-0.439453125;
13:41:44;370.0;1571312506;97.35;16.83419880079908;0.4965840354218018;-0.43701171875;
13:41:45;371.0;1571312507;97.669;16.70862899792316;0.49287991144316107;-0.4345703125;
13:41:46;372.0;1571312507;97.435;16.583059195047245;0.4891757874645205;-0.43212890625;
13:41:47;373.0;1571312509;97.52;17.21090820942683;0.5076964073577236;-0.4443359375;
13:41:48;374.0;1571312510;97.84;16.83419880079908;0.4965840354218018;-0.43701171875;
13:41:49;375.0;1571312510;97.626;16.583059195047245;0.4891757874645205;-0.43212890625;
13:41:50;376.0;1571312512;97.925;17.838757223806414;0.5262170272509267;-0.45654296875;
13:41:51;377.0;1571312513;97.968;16.331919589295413;0.48176753950723933;-0.42724609375;
13:41:52;378.0;1571312514;97.882;16.583059195047245;0.4891757874645205;-0.43212890625;
13:41:53;379.0;1571312515;97.626;16.583059195047245;0.4891757874645205;-0.43212890625;
13:41:54;380.0;1571312516;97.52;17.713187420930495;0.5225129032722861;-0.4541015625;
13:41:55;381.0;1571312517;97.138;14.825081954784412;0.437318051763552;-0.39794921875;
13:41:56;382.0;1571312518;97.011;16.45748939217133;0.48547166348587995;-0.4296875;
13:41:57;383.0;1571312519;97.117;17.085338406550914;0.5039922833790831;-0.44189453125;
13:41:58;384.0;1571312520;97.329;18.71774584393783;0.552145895101411;-0.4736328125;
13:42:00;386.0;1571312521;97.648;17.58761761805458;0.5188087792936454;-0.45166015625;
13:42:01;387.0;1571312522;97.754;16.83419880079908;0.4965840354218018;-0.43701171875;
13:42:02;388.0;1571312523;97.861;16.70862899792316;0.49287991144316107;-0.4345703125;
13:42:03;389.0;1571312524;97.818;17.085338406550914;0.5039922833790831;-0.44189453125;
13:42:04;390.0;1571312525;97.861;17.46204781517866;0.5151046553150047;-0.44921875;
13:42:05;391.0;1571312526;97.626;16.83419880079908;0.4965840354218018;-0.43701171875;
13:42:06;392.0;1571312527;97.541;17.085338406550914;0.5039922833790831;-0.44189453125;
13:42:07;393.0;1571312528;97.329;16.70862899792316;0.49287991144316107;-0.4345703125;
13:42:08;394.0;1571312529;97.032;16.206349786419494;0.47806341552859866;-0.4248046875;
13:42:09;395.0;1571312530;97.159;16.583059195047245;0.4891757874645205;-0.43212890625;
13:42:10;396.0;1571312531;97.096;16.83419880079908;0.4965840354218018;-0.43701171875;
13:42:11;397.0;1571312532;97.117;16.583059195047245;0.4891757874645205;-0.43212890625;
13:42:12;398.0;1571312533;97.371;17.085338406550914;0.5039922833790831;-0.44189453125;
13:42:13;399.0;1571312534;97.456;16.83419880079908;0.4965840354218018;-0.43701171875;
13:42:14;400.0;1571312534;97.669;17.085338406550914;0.5039922833790831;-0.44189453125;
13:42:15;401.0;1571312536;97.925;16.206349786419494;0.47806341552859866;-0.4248046875;
13:42:16;402.0;1571312537;97.776;17.713187420930495;0.5225129032722861;-0.4541015625;
13:42:17;403.0;1571312538;97.563;16.70862899792316;0.49287991144316107;-0.4345703125;
13:42:18;404.0;1571312539;97.223;16.83419880079908;0.4965840354218018;-0.43701171875;
13:42:19;405.0;1571312540;97.011;14.825081954784412;0.437318051763552;-0.39794921875;
13:42:20;406.0;1571312541;97.075;16.45748939217133;0.48547166348587995;-0.4296875;
13:42:21;407.0;1571312542;97.435;16.959768603674995;0.5002881594004424;-0.439453125;
13:42:22;408.0;1571312543;97.52;18.466606238185996;0.5447376471441296;-0.46875;
13:42:23;409.0;1571312544;97.563;16.70862899792316;0.49287991144316107;-0.4345703125;
13:42:24;410.0;1571312545;97.754;16.70862899792316;0.49287991144316107;-0.4345703125;
13:42:25;411.0;1571312546;97.52;16.583059195047245;0.4891757874645205;-0.43212890625;
13:42:26;412.0;1571312547;97.626;17.085338406550914;0.5039922833790831;-0.44189453125;
13:42:27;413.0;1571312548;97.499;16.959768603674995;0.5002881594004424;-0.439453125;
13:42:28;414.0;1571312550;97.265;16.583059195047245;0.4891757874645205;-0.43212890625;
13:42:29;415.0;1571312550;97.159;17.085338406550914;0.5039922833790831;-0.44189453125;
13:42:30;416.0;1571312551;97.286;16.70862899792316;0.49287991144316107;-0.4345703125;
13:42:31;417.0;1571312552;97.414;17.336478012302745;0.5114005313363642;-0.44677734375;
13:42:32;418.0;1571312553;97.393;16.83419880079908;0.4965840354218018;-0.43701171875;
13:42:33;419.0;1571312554;97.584;16.45748939217133;0.48547166348587995;-0.4296875;
13:42:34;420.0;1571312555;97.435;16.08077998354358;0.4743592915499581;-0.42236328125;
13:42:35;421.0;1571312557;97.456;20.22458347844883;0.5965953828450983;-0.5029296875;
13:42:36;422.0;1571312557;97.265;17.58761761805458;0.5188087792936454;-0.45166015625;
13:42:37;423.0;1571312558;97.371;16.959768603674995;0.5002881594004424;-0.439453125;
13:42:38;424.0;1571312560;97.393;17.21090820942683;0.5076964073577236;-0.4443359375;
13:42:39;425.0;1571312560;97.286;16.583059195047245;0.4891757874645205;-0.43212890625;
13:42:40;426.0;1571312561;97.478;16.83419880079908;0.4965840354218018;-0.43701171875;
13:42:41;427.0;1571312563;97.414;17.085338406550914;0.5039922833790831;-0.44189453125;
13:42:42;428.0;1571312564;97.18;17.085338406550914;0.5039922833790831;-0.44189453125;
13:42:43;429.0;1571312564;97.244;14.573942349032578;0.42990980380627075;-0.39306640625;
13:42:44;430.0;1571312566;97.202;16.70862899792316;0.49287991144316107;-0.4345703125;
13:42:45;431.0;1571312567;97.011;16.583059195047245;0.4891757874645205;-0.43212890625;
13:42:46;432.0;1571312567;97.286;17.085338406550914;0.5039922833790831;-0.44189453125;
13:42:47;433.0;1571312569;97.138;16.70862899792316;0.49287991144316107;-0.4345703125;
13:42:48;434.0;1571312570;97.159;16.83419880079908;0.4965840354218018;-0.43701171875;
13:42:49;435.0;1571312570;97.265;16.583059195047245;0.4891757874645205;-0.43212890625;
13:42:50;436.0;1571312572;97.52;16.70862899792316;0.49287991144316107;-0.4345703125;
13:42:51;437.0;1571312573;97.712;17.085338406550914;0.5039922833790831;-0.44189453125;
13:42:52;438.0;1571312574;97.712;16.83419880079908;0.4965840354218018;-0.43701171875;
13:42:53;439.0;1571312575;97.776;16.206349786419494;0.47806341552859866;-0.4248046875;
13:42:54;440.0;1571312576;97.456;16.331919589295413;0.48176753950723933;-0.42724609375;
13:42:55;441.0;1571312577;97.286;16.959768603674995;0.5002881594004424;-0.439453125;
13:42:56;442.0;1571312578;97.35;16.583059195047245;0.4891757874645205;-0.43212890625;
13:42:57;443.0;1571312579;97.435;15.452930969163994;0.455838671656755;-0.41015625;
13:42:58;444.0;1571312580;97.308;16.959768603674995;0.5002881594004424;-0.439453125;
13:42:59;445.0;1571312581;97.393;16.70862899792316;0.49287991144316107;-0.4345703125;
13:43:00;446.0;1571312582;97.393;16.45748939217133;0.48547166348587995;-0.4296875;
13:43:01;447.0;1571312583;97.393;16.959768603674995;0.5002881594004424;-0.439453125;
13:43:02;448.0;1571312584;97.563;15.704070574915827;0.4632469196140362;-0.4150390625;
13:43:04;450.0;1571312585;97.541;17.336478012302745;0.5114005313363642;-0.44677734375;
13:43:05;451.0;1571312586;97.435;16.583059195047245;0.4891757874645205;-0.43212890625;
13:43:06;452.0;1571312587;97.308;16.583059195047245;0.4891757874645205;-0.43212890625;
13:43:07;453.0;1571312588;97.393;16.959768603674995;0.5002881594004424;-0.439453125;
13:43:08;454.0;1571312589;97.456;17.085338406550914;0.5039922833790831;-0.44189453125;
13:43:09;455.0;1571312590;97.371;17.46204781517866;0.5151046553150047;-0.44921875;
13:43:10;456.0;1571312591;97.265;17.336478012302745;0.5114005313363642;-0.44677734375;
13:43:11;457.0;1571312592;97.054;17.085338406550914;0.5039922833790831;-0.44189453125;
13:43:13;459.0;1571312593;96.758;17.336478012302745;0.5114005313363642;-0.44677734375;
13:43:14;460.0;1571312595;96.716;17.21090820942683;0.5076964073577236;-0.4443359375;
13:43:15;461.0;1571312596;96.716;17.085338406550914;0.5039922833790831;-0.44189453125;
13:43:16;462.0;1571312597;96.927;16.70862899792316;0.49287991144316107;-0.4345703125;
13:43:17;463.0;1571312598;96.8;16.83419880079908;0.4965840354218018;-0.43701171875;
13:43:18;464.0;1571312599;96.906;17.46204781517866;0.5151046553150047;-0.44921875;
13:43:19;465.0;1571312600;96.906;17.085338406550914;0.5039922833790831;-0.44189453125;
13:43:20;466.0;1571312601;96.884;16.83419880079908;0.4965840354218018;-0.43701171875;
13:43:21;467.0;1571312602;96.948;16.70862899792316;0.49287991144316107;-0.4345703125;
13:43:22;468.0;1571312603;96.842;16.45748939217133;0.48547166348587995;-0.4296875;
13:43:23;469.0;1571312604;96.8;16.83419880079908;0.4965840354218018;-0.43701171875;
13:43:24;470.0;1571312605;96.906;16.583059195047245;0.4891757874645205;-0.43212890625;
13:43:25;471.0;1571312606;97.032;16.583059195047245;0.4891757874645205;-0.43212890625;
13:43:26;472.0;1571312607;97.032;16.70862899792316;0.49287991144316107;-0.4345703125;
13:43:27;473.0;1571312608;97.054;16.583059195047245;0.4891757874645205;-0.43212890625;
13:43:28;474.0;1571312609;96.842;16.583059195047245;0.4891757874645205;-0.43212890625;
13:43:29;475.0;1571312610;96.674;16.70862899792316;0.49287991144316107;-0.4345703125;
13:43:30;476.0;1571312611;96.632;15.578500772039913;0.4595427956353957;-0.41259765625;
13:43:31;477.0;1571312612;96.611;17.21090820942683;0.5076964073577236;-0.4443359375;
13:43:32;478.0;1571312613;96.927;17.21090820942683;0.5076964073577236;-0.4443359375;
13:43:33;479.0;1571312614;96.969;16.959768603674995;0.5002881594004424;-0.439453125;
13:43:34;480.0;1571312615;96.884;17.336478012302745;0.5114005313363642;-0.44677734375;
13:43:35;481.0;1571312616;96.779;16.70862899792316;0.49287991144316107;-0.4345703125;
13:43:36;482.0;1571312618;96.611;16.583059195047245;0.4891757874645205;-0.43212890625;
13:43:37;483.0;1571312618;96.526;17.21090820942683;0.5076964073577236;-0.4443359375;
13:43:38;484.0;1571312619;96.589;17.336478012302745;0.5114005313363642;-0.44677734375;
13:43:39;485.0;1571312620;96.884;13.569383926025244;0.4002768119771459;-0.37353515625;
13:43:40;486.0;1571312622;96.927;16.206349786419494;0.47806341552859866;-0.4248046875;
13:43:41;487.0;1571312622;96.927;17.336478012302745;0.5114005313363642;-0.44677734375;
13:43:42;488.0;1571312623;96.927;16.70862899792316;0.49287991144316107;-0.4345703125;
13:43:43;489.0;1571312625;96.906;16.331919589295413;0.48176753950723933;-0.42724609375;
13:43:44;490.0;1571312625;96.653;16.583059195047245;0.4891757874645205;-0.43212890625;
13:43:45;491.0;1571312626;96.737;16.83419880079908;0.4965840354218018;-0.43701171875;
13:43:46;492.0;1571312628;96.821;17.085338406550914;0.5039922833790831;-0.44189453125;
13:43:47;493.0;1571312628;96.653;16.83419880079908;0.4965840354218018;-0.43701171875;
13:43:48;494.0;1571312630;96.863;16.206349786419494;0.47806341552859866;-0.4248046875;
13:43:49;495.0;1571312630;97.075;16.70862899792316;0.49287991144316107;-0.4345703125;
13:43:50;496.0;1571312632;96.948;16.83419880079908;0.4965840354218018;-0.43701171875;
13:43:51;497.0;1571312633;96.969;16.959768603674995;0.5002881594004424;-0.439453125;
13:43:52;498.0;1571312633;96.927;16.83419880079908;0.4965840354218018;-0.43701171875;
13:43:53;499.0;1571312635;96.547;16.583059195047245;0.4891757874645205;-0.43212890625;
13:43:54;500.0;1571312636;96.632;17.085338406550914;0.5039922833790831;-0.44189453125;
13:43:55;501.0;1571312636;96.547;16.45748939217133;0.48547166348587995;-0.4296875;
13:43:56;502.0;1571312638;96.463;17.085338406550914;0.5039922833790831;-0.44189453125;
13:43:57;503.0;1571312639;96.484;16.583059195047245;0.4891757874645205;-0.43212890625;
13:43:58;504.0;1571312639;96.358;16.959768603674995;0.5002881594004424;-0.439453125;
13:43:59;505.0;1571312641;96.233;18.34103643531008;0.5410335231654891;-0.46630859375;
13:44:00;506.0;1571312642;96.149;17.336478012302745;0.5114005313363642;-0.44677734375;
13:44:01;507.0;1571312642;96.128;17.336478012302745;0.5114005313363642;-0.44677734375;
13:44:02;508.0;1571312644;96.065;16.206349786419494;0.47806341552859866;-0.4248046875;
13:44:03;509.0;1571312645;96.212;17.085338406550914;0.5039922833790831;-0.44189453125;
13:44:04;510.0;1571312646;96.589;9999.0;9999.0;9999.0;
13:44:05;511.0;1571312647;96.737;17.838757223806414;0.5262170272509267;-0.45654296875;
13:44:06;512.0;1571312648;96.737;16.70862899792316;0.49287991144316107;-0.4345703125;
13:44:08;514.0;1571312649;96.632;16.83419880079908;0.4965840354218018;-0.43701171875;
13:44:09;515.0;1571312650;96.379;16.959768603674995;0.5002881594004424;-0.439453125;
13:44:10;516.0;1571312651;96.379;17.085338406550914;0.5039922833790831;-0.44189453125;
13:44:12;518.0;1571312652;96.716;17.085338406550914;0.5039922833790831;-0.44189453125;
13:44:13;519.0;1571312654;96.969;16.206349786419494;0.47806341552859866;-0.4248046875;
13:44:14;520.0;1571312655;96.737;16.70862899792316;0.49287991144316107;-0.4345703125;
13:44:15;521.0;1571312656;96.547;17.21090820942683;0.5076964073577236;-0.4443359375;
13:44:16;522.0;1571312657;96.442;16.70862899792316;0.49287991144316107;-0.4345703125;
13:44:17;523.0;1571312658;96.212;15.076221560536245;0.4447262997208332;-0.40283203125;
13:44:18;524.0;1571312659;96.316;16.331919589295413;0.48176753950723933;-0.42724609375;
13:44:19;525.0;1571312660;96.463;16.331919589295413;0.48176753950723933;-0.42724609375;
13:44:20;526.0;1571312661;96.568;17.085338406550914;0.5039922833790831;-0.44189453125;
13:44:21;527.0;1571312662;96.589;16.83419880079908;0.4965840354218018;-0.43701171875;
13:44:22;528.0;1571312663;96.842;15.955210180667661;0.4706551675713175;-0.419921875;
13:44:23;529.0;1571312664;96.927;16.70862899792316;0.49287991144316107;-0.4345703125;
13:44:24;530.0;1571312665;97.075;16.83419880079908;0.4965840354218018;-0.43701171875;
13:44:25;531.0;1571312666;97.138;16.83419880079908;0.4965840354218018;-0.43701171875;
13:44:26;532.0;1571312667;97.117;16.45748939217133;0.48547166348587995;-0.4296875;
13:44:27;533.0;1571312668;97.011;16.583059195047245;0.4891757874645205;-0.43212890625;
13:44:28;534.0;1571312669;96.758;16.83419880079908;0.4965840354218018;-0.43701171875;
13:44:29;535.0;1571312670;96.568;16.583059195047245;0.4891757874645205;-0.43212890625;
13:44:30;536.0;1571312671;96.568;16.45748939217133;0.48547166348587995;-0.4296875;
13:44:31;537.0;1571312672;96.526;16.583059195047245;0.4891757874645205;-0.43212890625;
13:44:32;538.0;1571312673;96.463;17.21090820942683;0.5076964073577236;-0.4443359375;
13:44:33;539.0;1571312674;96.589;16.70862899792316;0.49287991144316107;-0.4345703125;
13:44:34;540.0;1571312675;96.484;16.583059195047245;0.4891757874645205;-0.43212890625;
13:44:35;541.0;1571312677;96.358;16.45748939217133;0.48547166348587995;-0.4296875;
13:44:36;542.0;1571312677;96.632;16.83419880079908;0.4965840354218018;-0.43701171875;
13:44:37;543.0;1571312678;96.505;16.583059195047245;0.4891757874645205;-0.43212890625;
13:44:38;544.0;1571312680;96.505;17.21090820942683;0.5076964073577236;-0.4443359375;
13:44:39;545.0;1571312680;96.779;17.085338406550914;0.5039922833790831;-0.44189453125;
13:44:40;546.0;1571312681;96.463;16.70862899792316;0.49287991144316107;-0.4345703125;
13:44:41;547.0;1571312683;96.421;16.83419880079908;0.4965840354218018;-0.43701171875;
13:44:42;548.0;1571312683;96.337;17.085338406550914;0.5039922833790831;-0.44189453125;
13:44:43;549.0;1571312684;96.295;16.45748939217133;0.48547166348587995;-0.4296875;
13:44:44;550.0;1571312686;96.526;16.83419880079908;0.4965840354218018;-0.43701171875;
13:44:45;551.0;1571312687;96.674;16.70862899792316;0.49287991144316107;-0.4345703125;
13:44:46;552.0;1571312687;96.8;16.70862899792316;0.49287991144316107;-0.4345703125;
13:44:47;553.0;1571312688;96.632;17.085338406550914;0.5039922833790831;-0.44189453125;
13:44:48;554.0;1571312690;96.463;16.583059195047245;0.4891757874645205;-0.43212890625;
13:44:49;555.0;1571312690;96.337;16.83419880079908;0.4965840354218018;-0.43701171875;
13:44:50;556.0;1571312691;96.149;16.583059195047245;0.4891757874645205;-0.43212890625;
13:44:51;557.0;1571312693;96.191;16.70862899792316;0.49287991144316107;-0.4345703125;
13:44:52;558.0;1571312694;96.044;17.085338406550914;0.5039922833790831;-0.44189453125;
13:44:53;559.0;1571312694;96.065;16.959768603674995;0.5002881594004424;-0.439453125;
13:44:54;560.0;1571312696;96.191;15.327361166288078;0.4521345476781144;-0.40771484375;
13:44:55;561.0;1571312697;96.295;16.70862899792316;0.49287991144316107;-0.4345703125;
13:44:56;562.0;1571312697;96.4;16.331919589295413;0.48176753950723933;-0.42724609375;
13:44:57;563.0;1571312699;96.505;16.45748939217133;0.48547166348587995;-0.4296875;
13:44:58;564.0;1571312700;96.484;16.331919589295413;0.48176753950723933;-0.42724609375;
13:44:59;565.0;1571312700;96.337;17.46204781517866;0.5151046553150047;-0.44921875;
13:45:00;566.0;1571312702;96.463;16.70862899792316;0.49287991144316107;-0.4345703125;
13:45:01;567.0;1571312703;96.254;16.583059195047245;0.4891757874645205;-0.43212890625;
13:45:02;568.0;1571312704;96.254;16.583059195047245;0.4891757874645205;-0.43212890625;
13:45:03;569.0;1571312705;96.547;17.96432702668233;0.5299211512295673;-0.458984375;
13:45:04;570.0;1571312706;96.505;16.70862899792316;0.49287991144316107;-0.4345703125;
13:45:05;571.0;1571312707;96.821;16.206349786419494;0.47806341552859866;-0.4248046875;
13:45:06;572.0;1571312708;96.842;16.583059195047245;0.4891757874645205;-0.43212890625;
13:45:07;573.0;1571312709;96.526;16.959768603674995;0.5002881594004424;-0.439453125;
13:45:08;574.0;1571312710;96.526;17.21090820942683;0.5076964073577236;-0.4443359375;
13:45:10;576.0;1571312711;96.233;16.70862899792316;0.49287991144316107;-0.4345703125;
13:45:12;578.0;1571312713;96.17;17.085338406550914;0.5039922833790831;-0.44189453125;
13:45:13;579.0;1571312714;96.086;16.70862899792316;0.49287991144316107;-0.4345703125;
13:45:14;580.0;1571312715;96.254;16.83419880079908;0.4965840354218018;-0.43701171875;
13:45:15;581.0;1571312716;96.107;16.70862899792316;0.49287991144316107;-0.4345703125;
13:45:16;582.0;1571312717;95.94;16.959768603674995;0.5002881594004424;-0.439453125;
13:45:17;583.0;1571312718;96.044;16.70862899792316;0.49287991144316107;-0.4345703125;
13:45:18;584.0;1571312719;96.002;13.192674517397496;0.3891644400412241;-0.3662109375;
13:45:19;585.0;1571312720;96.212;17.085338406550914;0.5039922833790831;-0.44189453125;
13:45:20;586.0;1571312721;96.611;16.83419880079908;0.4965840354218018;-0.43701171875;
13:45:21;587.0;1571312722;96.695;16.83419880079908;0.4965840354218018;-0.43701171875;
13:45:22;588.0;1571312723;96.547;17.21090820942683;0.5076964073577236;-0.4443359375;
13:45:23;589.0;1571312724;96.379;17.713187420930495;0.5225129032722861;-0.4541015625;
13:45:24;590.0;1571312725;96.191;16.583059195047245;0.4891757874645205;-0.43212890625;
13:45:25;591.0;1571312726;95.919;17.838757223806414;0.5262170272509267;-0.45654296875;
13:45:26;592.0;1571312727;96.212;16.331919589295413;0.48176753950723933;-0.42724609375;
13:45:27;593.0;1571312728;96.191;17.085338406550914;0.5039922833790831;-0.44189453125;
13:45:28;594.0;1571312729;96.254;16.583059195047245;0.4891757874645205;-0.43212890625;
13:45:29;595.0;1571312730;96.505;17.21090820942683;0.5076964073577236;-0.4443359375;
13:45:30;596.0;1571312731;96.4;16.45748939217133;0.48547166348587995;-0.4296875;
13:45:31;597.0;1571312732;96.316;17.336478012302745;0.5114005313363642;-0.44677734375;
13:45:32;598.0;1571312733;96.295;17.085338406550914;0.5039922833790831;-0.44189453125;
13:45:33;599.0;1571312734;96.149;16.45748939217133;0.48547166348587995;-0.4296875;
