Time;Seconds from start for linreg;Unix Time;ch1 po2;Uc;Ubl;Vc;
19:48:09;-1.0;1572810490;99.891;16.68215371568283;0.49065157987302443;-0.4345703125;
19:48:10;0.0;1572810491;100.153;18.18660372451437;0.5349001095445403;-0.4638671875;
19:48:11;1.0;1572810492;100.131;17.68512038823719;0.520150599654035;-0.4541015625;
19:48:12;2.0;1572810493;100.307;17.30900788602931;0.5090884672361562;-0.44677734375;
19:48:13;3.0;1572810494;100.307;16.807524549752127;0.4943389573456508;-0.43701171875;
19:48:14;4.0;1572810495;100.285;17.4343787200986;0.5127758447087823;-0.44921875;
19:48:15;5.0;1572810496;100.351;17.68512038823719;0.520150599654035;-0.4541015625;
19:48:16;6.0;1572810497;99.585;17.30900788602931;0.5090884672361562;-0.44677734375;
19:48:17;7.0;1572810498;99.346;17.05826621789072;0.5017137122909034;-0.44189453125;
19:48:18;8.0;1572810499;99.129;17.183637051960012;0.5054010897635298;-0.4443359375;
19:48:19;9.0;1572810500;99.325;16.93289538382142;0.49802633481827707;-0.439453125;
19:48:20;10.0;1572810501;99.607;17.05826621789072;0.5017137122909034;-0.44189453125;
19:48:21;11.0;1572810502;99.629;18.813457894860846;0.5533369969076719;-0.47607421875;
19:48:22;12.0;1572810503;99.607;17.30900788602931;0.5090884672361562;-0.44677734375;
19:48:23;13.0;1572810504;99.303;17.05826621789072;0.5017137122909034;-0.44189453125;
19:48:24;14.0;1572810505;99.325;16.807524549752127;0.4943389573456508;-0.43701171875;
19:48:25;15.0;1572810506;98.978;17.68512038823719;0.520150599654035;-0.4541015625;
19:48:26;16.0;1572810507;98.978;18.311974558583668;0.5385874870171667;-0.46630859375;
19:48:27;17.0;1572810508;98.87;17.05826621789072;0.5017137122909034;-0.44189453125;
19:48:28;18.0;1572810509;98.892;17.183637051960012;0.5054010897635298;-0.4443359375;
19:48:29;19.0;1572810511;99.716;17.68512038823719;0.520150599654035;-0.4541015625;
19:48:30;20.0;1572810511;99.891;17.183637051960012;0.5054010897635298;-0.4443359375;
19:48:31;21.0;1572810512;100.835;21.320874576246744;0.6270845463601984;-0.52490234375;
19:48:32;22.0;1572810513;101.078;17.559749554167897;0.5164632221814087;-0.45166015625;
19:48:33;23.0;1572810514;100.791;17.68512038823719;0.520150599654035;-0.4541015625;
19:48:34;24.0;1572810515;100.659;16.68215371568283;0.49065157987302443;-0.4345703125;
19:48:35;25.0;1572810516;100.175;17.183637051960012;0.5054010897635298;-0.4443359375;
19:48:36;26.0;1572810518;100.153;17.4343787200986;0.5127758447087823;-0.44921875;
19:48:37;27.0;1572810518;99.847;17.68512038823719;0.520150599654035;-0.4541015625;
19:48:38;28.0;1572810519;100.022;16.93289538382142;0.49802633481827707;-0.439453125;
19:48:39;29.0;1572810521;99.455;18.56271622672226;0.5459622419624194;-0.47119140625;
19:48:40;30.0;1572810521;100.0;17.05826621789072;0.5017137122909034;-0.44189453125;
19:48:41;31.0;1572810523;100.263;17.559749554167897;0.5164632221814087;-0.45166015625;
19:48:42;32.0;1572810523;100.022;17.05826621789072;0.5017137122909034;-0.44189453125;
19:48:43;33.0;1572810524;100.241;16.93289538382142;0.49802633481827707;-0.439453125;
19:48:44;34.0;1572810526;100.285;17.05826621789072;0.5017137122909034;-0.44189453125;
19:48:45;35.0;1572810526;100.088;17.81049122230649;0.5238379771266615;-0.45654296875;
19:48:46;36.0;1572810528;100.373;16.55678288161354;0.4869642024003982;-0.43212890625;
19:48:47;37.0;1572810529;100.439;17.4343787200986;0.5127758447087823;-0.44921875;
19:48:48;38.0;1572810529;99.629;17.183637051960012;0.5054010897635298;-0.4443359375;
19:48:49;39.0;1572810531;99.651;17.05826621789072;0.5017137122909034;-0.44189453125;
19:48:50;40.0;1572810532;99.607;17.183637051960012;0.5054010897635298;-0.4443359375;
19:48:51;41.0;1572810533;99.585;16.807524549752127;0.4943389573456508;-0.43701171875;
19:48:52;42.0;1572810534;99.869;17.183637051960012;0.5054010897635298;-0.4443359375;
19:48:53;43.0;1572810534;99.782;17.30900788602931;0.5090884672361562;-0.44677734375;
19:48:54;44.0;1572810536;99.564;17.4343787200986;0.5127758447087823;-0.44921875;
19:48:55;45.0;1572810537;99.891;17.30900788602931;0.5090884672361562;-0.44677734375;
19:48:56;46.0;1572810538;99.847;17.4343787200986;0.5127758447087823;-0.44921875;
19:48:57;47.0;1572810539;100.175;16.68215371568283;0.49065157987302443;-0.4345703125;
19:48:58;48.0;1572810539;100.175;16.18067037940565;0.47590206998251916;-0.4248046875;
19:48:59;49.0;1572810541;99.825;17.4343787200986;0.5127758447087823;-0.44921875;
19:49:00;50.0;1572810542;99.716;16.807524549752127;0.4943389573456508;-0.43701171875;
19:49:01;51.0;1572810543;99.477;17.559749554167897;0.5164632221814087;-0.45166015625;
19:49:02;52.0;1572810544;99.411;16.431412047544242;0.48327682492777185;-0.4296875;
19:49:03;53.0;1572810544;99.978;17.68512038823719;0.520150599654035;-0.4541015625;
19:49:04;54.0;1572810546;100.066;17.30900788602931;0.5090884672361562;-0.44677734375;
19:49:05;55.0;1572810547;100.066;17.183637051960012;0.5054010897635298;-0.4443359375;
19:49:06;56.0;1572810548;100.175;17.4343787200986;0.5127758447087823;-0.44921875;
19:49:07;57.0;1572810549;99.738;16.807524549752127;0.4943389573456508;-0.43701171875;
19:49:08;58.0;1572810550;99.477;17.183637051960012;0.5054010897635298;-0.4443359375;
19:49:09;59.0;1572810551;99.411;17.05826621789072;0.5017137122909034;-0.44189453125;
19:49:11;61.0;1572810552;99.39;17.30900788602931;0.5090884672361562;-0.44677734375;
19:49:12;62.0;1572810553;99.542;16.68215371568283;0.49065157987302443;-0.4345703125;
19:49:13;63.0;1572810554;99.825;17.559749554167897;0.5164632221814087;-0.45166015625;
19:49:14;64.0;1572810555;100.131;16.68215371568283;0.49065157987302443;-0.4345703125;
19:49:15;65.0;1572810556;100.088;17.4343787200986;0.5127758447087823;-0.44921875;
19:49:16;66.0;1572810557;99.542;17.05826621789072;0.5017137122909034;-0.44189453125;
19:49:17;67.0;1572810558;99.216;17.183637051960012;0.5054010897635298;-0.4443359375;
19:49:18;68.0;1572810559;98.913;17.05826621789072;0.5017137122909034;-0.44189453125;
19:49:19;69.0;1572810560;99.151;17.4343787200986;0.5127758447087823;-0.44921875;
19:49:20;70.0;1572810561;99.694;17.4343787200986;0.5127758447087823;-0.44921875;
19:49:21;71.0;1572810562;99.76;17.81049122230649;0.5238379771266615;-0.45654296875;
19:49:22;72.0;1572810563;99.716;16.68215371568283;0.49065157987302443;-0.4345703125;
19:49:23;73.0;1572810564;99.455;17.935862056375782;0.5275253545992877;-0.458984375;
19:49:24;74.0;1572810565;99.173;18.18660372451437;0.5349001095445403;-0.4638671875;
19:49:25;75.0;1572810566;98.892;17.183637051960012;0.5054010897635298;-0.4443359375;
19:49:26;76.0;1572810567;98.892;17.559749554167897;0.5164632221814087;-0.45166015625;
19:49:27;77.0;1572810568;98.654;17.4343787200986;0.5127758447087823;-0.44921875;
19:49:28;78.0;1572810569;98.633;17.559749554167897;0.5164632221814087;-0.45166015625;
19:49:29;79.0;1572810570;98.913;16.93289538382142;0.49802633481827707;-0.439453125;
19:49:30;80.0;1572810571;99.498;17.81049122230649;0.5238379771266615;-0.45654296875;
19:49:31;81.0;1572810572;99.76;18.688087060791553;0.5496496194350456;-0.4736328125;
19:49:32;82.0;1572810573;100.109;17.4343787200986;0.5127758447087823;-0.44921875;
19:49:33;83.0;1572810575;100.109;17.68512038823719;0.520150599654035;-0.4541015625;
19:49:34;84.0;1572810575;99.869;17.559749554167897;0.5164632221814087;-0.45166015625;
19:49:35;85.0;1572810576;99.869;17.559749554167897;0.5164632221814087;-0.45166015625;
19:49:36;86.0;1572810577;99.847;16.93289538382142;0.49802633481827707;-0.439453125;
19:49:37;87.0;1572810578;99.52;17.183637051960012;0.5054010897635298;-0.4443359375;
19:49:38;88.0;1572810580;99.281;17.4343787200986;0.5127758447087823;-0.44921875;
19:49:39;89.0;1572810580;98.978;17.30900788602931;0.5090884672361562;-0.44677734375;
19:49:40;90.0;1572810582;99.0;17.4343787200986;0.5127758447087823;-0.44921875;
19:49:41;91.0;1572810582;99.346;17.4343787200986;0.5127758447087823;-0.44921875;
19:49:42;92.0;1572810583;99.303;17.81049122230649;0.5238379771266615;-0.45654296875;
19:49:43;93.0;1572810585;99.869;17.4343787200986;0.5127758447087823;-0.44921875;
19:49:44;94.0;1572810585;99.564;17.68512038823719;0.520150599654035;-0.4541015625;
19:49:45;95.0;1572810587;99.52;17.4343787200986;0.5127758447087823;-0.44921875;
19:49:46;96.0;1572810587;99.564;17.05826621789072;0.5017137122909034;-0.44189453125;
19:49:47;97.0;1572810588;99.825;17.4343787200986;0.5127758447087823;-0.44921875;
19:49:48;98.0;1572810590;99.847;16.055299545336357;0.47221469250989284;-0.42236328125;
19:49:49;99.0;1572810590;99.869;16.807524549752127;0.4943389573456508;-0.43701171875;
19:49:50;100.0;1572810592;99.52;16.55678288161354;0.4869642024003982;-0.43212890625;
19:49:51;101.0;1572810592;98.784;17.30900788602931;0.5090884672361562;-0.44677734375;
19:49:52;102.0;1572810594;99.129;17.81049122230649;0.5238379771266615;-0.45654296875;
19:49:53;103.0;1572810595;98.892;17.935862056375782;0.5275253545992877;-0.458984375;
19:49:54;104.0;1572810595;99.238;16.807524549752127;0.4943389573456508;-0.43701171875;
19:49:55;105.0;1572810597;99.455;16.93289538382142;0.49802633481827707;-0.439453125;
19:49:56;106.0;1572810598;99.368;17.30900788602931;0.5090884672361562;-0.44677734375;
19:49:57;107.0;1572810599;99.869;17.559749554167897;0.5164632221814087;-0.45166015625;
19:49:58;108.0;1572810600;100.307;17.30900788602931;0.5090884672361562;-0.44677734375;
19:49:59;109.0;1572810600;100.615;17.183637051960012;0.5054010897635298;-0.4443359375;
19:50:00;110.0;1572810602;100.329;17.05826621789072;0.5017137122909034;-0.44189453125;
19:50:01;111.0;1572810602;100.329;17.559749554167897;0.5164632221814087;-0.45166015625;
19:50:02;112.0;1572810604;99.869;17.05826621789072;0.5017137122909034;-0.44189453125;
19:50:03;113.0;1572810605;99.346;16.30604121347495;0.47958944745514553;-0.42724609375;
19:50:04;114.0;1572810606;99.108;9999.0;9999.0;9999.0;
19:50:05;115.0;1572810607;99.108;17.68512038823719;0.520150599654035;-0.4541015625;
19:50:06;116.0;1572810608;99.129;17.68512038823719;0.520150599654035;-0.4541015625;
19:50:07;117.0;1572810609;99.303;17.68512038823719;0.520150599654035;-0.4541015625;
19:50:08;118.0;1572810610;99.847;17.4343787200986;0.5127758447087823;-0.44921875;
19:50:09;119.0;1572810611;99.607;17.05826621789072;0.5017137122909034;-0.44189453125;
19:50:10;120.0;1572810612;99.869;17.30900788602931;0.5090884672361562;-0.44677734375;
19:50:11;121.0;1572810613;100.219;17.30900788602931;0.5090884672361562;-0.44677734375;
19:50:12;122.0;1572810614;99.956;17.30900788602931;0.5090884672361562;-0.44677734375;
19:50:13;123.0;1572810615;100.066;17.68512038823719;0.520150599654035;-0.4541015625;
19:50:15;125.0;1572810616;99.738;18.061232890445076;0.531212732071914;-0.46142578125;
19:50:16;126.0;1572810617;99.151;15.553816209059178;0.4574651826193876;-0.41259765625;
19:50:17;127.0;1572810618;98.87;17.68512038823719;0.520150599654035;-0.4541015625;
19:50:18;128.0;1572810619;99.194;17.05826621789072;0.5017137122909034;-0.44189453125;
19:50:19;129.0;1572810620;99.477;17.68512038823719;0.520150599654035;-0.4541015625;
19:50:20;130.0;1572810621;100.088;17.559749554167897;0.5164632221814087;-0.45166015625;
19:50:21;131.0;1572810622;100.088;18.56271622672226;0.5459622419624194;-0.47119140625;
19:50:22;132.0;1572810623;99.673;17.30900788602931;0.5090884672361562;-0.44677734375;
19:50:23;133.0;1572810624;99.455;17.559749554167897;0.5164632221814087;-0.45166015625;
19:50:24;134.0;1572810625;99.151;17.4343787200986;0.5127758447087823;-0.44921875;
19:50:25;135.0;1572810626;99.629;17.4343787200986;0.5127758447087823;-0.44921875;
19:50:26;136.0;1572810627;99.303;17.183637051960012;0.5054010897635298;-0.4443359375;
19:50:27;137.0;1572810628;99.346;17.559749554167897;0.5164632221814087;-0.45166015625;
19:50:28;138.0;1572810629;99.086;17.183637051960012;0.5054010897635298;-0.4443359375;
19:50:29;139.0;1572810630;98.848;16.807524549752127;0.4943389573456508;-0.43701171875;
19:50:30;140.0;1572810631;99.433;16.93289538382142;0.49802633481827707;-0.439453125;
19:50:31;141.0;1572810632;99.064;17.05826621789072;0.5017137122909034;-0.44189453125;
19:50:32;142.0;1572810633;99.043;16.68215371568283;0.49065157987302443;-0.4345703125;
19:50:33;143.0;1572810634;99.303;18.56271622672226;0.5459622419624194;-0.47119140625;
19:50:34;144.0;1572810635;98.676;16.93289538382142;0.49802633481827707;-0.439453125;
19:50:35;145.0;1572810636;98.719;16.93289538382142;0.49802633481827707;-0.439453125;
19:50:36;146.0;1572810637;99.346;17.05826621789072;0.5017137122909034;-0.44189453125;
19:50:37;147.0;1572810639;98.762;14.926962038712702;0.4390282952562559;-0.400390625;
19:50:38;148.0;1572810639;99.564;16.55678288161354;0.4869642024003982;-0.43212890625;
19:50:39;149.0;1572810640;100.088;16.68215371568283;0.49065157987302443;-0.4345703125;
19:50:40;150.0;1572810641;99.716;17.935862056375782;0.5275253545992877;-0.458984375;
19:50:41;151.0;1572810642;100.307;17.05826621789072;0.5017137122909034;-0.44189453125;
19:50:42;152.0;1572810644;99.803;17.05826621789072;0.5017137122909034;-0.44189453125;
19:50:43;153.0;1572810644;99.52;15.553816209059178;0.4574651826193876;-0.41259765625;
19:50:44;154.0;1572810645;99.651;17.81049122230649;0.5238379771266615;-0.45654296875;
19:50:45;155.0;1572810646;99.411;17.81049122230649;0.5238379771266615;-0.45654296875;
19:50:46;156.0;1572810647;99.716;17.05826621789072;0.5017137122909034;-0.44189453125;
19:50:47;157.0;1572810649;99.673;16.807524549752127;0.4943389573456508;-0.43701171875;
19:50:48;158.0;1572810649;99.542;18.061232890445076;0.531212732071914;-0.46142578125;
19:50:49;159.0;1572810651;99.76;17.05826621789072;0.5017137122909034;-0.44189453125;
19:50:50;160.0;1572810651;99.411;17.4343787200986;0.5127758447087823;-0.44921875;
19:50:51;161.0;1572810652;99.433;17.05826621789072;0.5017137122909034;-0.44189453125;
19:50:52;162.0;1572810654;99.238;17.68512038823719;0.520150599654035;-0.4541015625;
19:50:53;163.0;1572810654;98.848;17.559749554167897;0.5164632221814087;-0.45166015625;
19:50:54;164.0;1572810656;98.633;17.183637051960012;0.5054010897635298;-0.4443359375;
19:50:55;165.0;1572810656;98.719;17.559749554167897;0.5164632221814087;-0.45166015625;
19:50:56;166.0;1572810658;98.654;16.68215371568283;0.49065157987302443;-0.4345703125;
19:50:57;167.0;1572810659;98.611;17.30900788602931;0.5090884672361562;-0.44677734375;
19:50:58;168.0;1572810659;99.108;17.05826621789072;0.5017137122909034;-0.44189453125;
19:50:59;169.0;1572810661;98.805;18.061232890445076;0.531212732071914;-0.46142578125;
19:51:00;170.0;1572810662;98.827;19.18957039706873;0.5643991293255509;-0.4833984375;
19:51:01;171.0;1572810662;99.064;14.550849536504819;0.427966162838377;-0.39306640625;
19:51:02;172.0;1572810664;98.848;16.93289538382142;0.49802633481827707;-0.439453125;
19:51:03;173.0;1572810665;99.346;18.061232890445076;0.531212732071914;-0.46142578125;
19:51:04;174.0;1572810666;99.847;17.4343787200986;0.5127758447087823;-0.44921875;
19:51:05;175.0;1572810667;100.153;16.55678288161354;0.4869642024003982;-0.43212890625;
19:51:06;176.0;1572810667;100.373;17.559749554167897;0.5164632221814087;-0.45166015625;
19:51:07;177.0;1572810669;100.066;17.05826621789072;0.5017137122909034;-0.44189453125;
19:51:08;178.0;1572810670;100.109;17.183637051960012;0.5054010897635298;-0.4443359375;
19:51:09;179.0;1572810671;100.044;17.4343787200986;0.5127758447087823;-0.44921875;
19:51:10;180.0;1572810672;99.803;17.183637051960012;0.5054010897635298;-0.4443359375;
19:51:11;181.0;1572810673;100.088;18.061232890445076;0.531212732071914;-0.46142578125;
19:51:12;182.0;1572810674;99.782;16.807524549752127;0.4943389573456508;-0.43701171875;
19:51:13;183.0;1572810675;99.238;16.30604121347495;0.47958944745514553;-0.42724609375;
19:51:14;184.0;1572810676;99.281;16.18067037940565;0.47590206998251916;-0.4248046875;
19:51:15;185.0;1572810677;98.525;17.05826621789072;0.5017137122909034;-0.44189453125;
19:51:16;186.0;1572810678;98.827;18.18660372451437;0.5349001095445403;-0.4638671875;
19:51:17;187.0;1572810679;99.151;17.05826621789072;0.5017137122909034;-0.44189453125;
19:51:19;189.0;1572810680;98.784;17.559749554167897;0.5164632221814087;-0.45166015625;
19:51:20;190.0;1572810681;99.281;17.05826621789072;0.5017137122909034;-0.44189453125;
19:51:21;191.0;1572810682;98.784;16.93289538382142;0.49802633481827707;-0.439453125;
19:51:22;192.0;1572810683;98.762;17.4343787200986;0.5127758447087823;-0.44921875;
19:51:23;193.0;1572810684;98.827;17.30900788602931;0.5090884672361562;-0.44677734375;
19:51:24;194.0;1572810685;99.064;17.4343787200986;0.5127758447087823;-0.44921875;
19:51:25;195.0;1572810686;99.564;17.30900788602931;0.5090884672361562;-0.44677734375;
19:51:26;196.0;1572810687;99.564;17.559749554167897;0.5164632221814087;-0.45166015625;
19:51:27;197.0;1572810688;99.607;16.807524549752127;0.4943389573456508;-0.43701171875;
19:51:28;198.0;1572810689;99.129;16.807524549752127;0.4943389573456508;-0.43701171875;
19:51:29;199.0;1572810690;99.108;16.807524549752127;0.4943389573456508;-0.43701171875;
19:51:30;200.0;1572810691;98.762;16.68215371568283;0.49065157987302443;-0.4345703125;
19:51:31;201.0;1572810692;99.303;17.183637051960012;0.5054010897635298;-0.4443359375;
19:51:32;202.0;1572810693;99.782;17.183637051960012;0.5054010897635298;-0.4443359375;
19:51:33;203.0;1572810694;99.238;17.4343787200986;0.5127758447087823;-0.44921875;
19:51:34;204.0;1572810695;99.021;17.05826621789072;0.5017137122909034;-0.44189453125;
19:51:35;205.0;1572810696;98.74;16.055299545336357;0.47221469250989284;-0.42236328125;
19:51:36;206.0;1572810697;98.525;21.446245410316042;0.6307719238328248;-0.52734375;
19:51:37;207.0;1572810698;99.0;16.93289538382142;0.49802633481827707;-0.439453125;
19:51:38;208.0;1572810699;99.259;15.804557877197768;0.4648399375646402;-0.41748046875;
19:51:39;209.0;1572810700;99.477;18.061232890445076;0.531212732071914;-0.46142578125;
19:51:40;210.0;1572810701;99.216;17.183637051960012;0.5054010897635298;-0.4443359375;
19:51:41;211.0;1572810703;99.064;17.183637051960012;0.5054010897635298;-0.4443359375;
19:51:42;212.0;1572810703;99.086;21.070132908108153;0.6197097914149456;-0.52001953125;
19:51:43;213.0;1572810704;98.547;17.05826621789072;0.5017137122909034;-0.44189453125;
19:51:44;214.0;1572810705;98.805;14.926962038712702;0.4390282952562559;-0.400390625;
19:51:45;215.0;1572810706;98.482;17.05826621789072;0.5017137122909034;-0.44189453125;
19:51:46;216.0;1572810708;98.182;17.183637051960012;0.5054010897635298;-0.4443359375;
19:51:47;217.0;1572810708;98.461;16.93289538382142;0.49802633481827707;-0.439453125;
19:51:48;218.0;1572810710;98.203;18.061232890445076;0.531212732071914;-0.46142578125;
19:51:49;219.0;1572810710;98.784;17.559749554167897;0.5164632221814087;-0.45166015625;
19:51:50;220.0;1572810711;99.064;17.4343787200986;0.5127758447087823;-0.44921875;
19:51:51;221.0;1572810713;99.043;17.935862056375782;0.5275253545992877;-0.458984375;
19:51:52;222.0;1572810713;98.805;17.4343787200986;0.5127758447087823;-0.44921875;
19:51:53;223.0;1572810715;98.74;17.4343787200986;0.5127758447087823;-0.44921875;
19:51:54;224.0;1572810715;98.461;16.55678288161354;0.4869642024003982;-0.43212890625;
19:51:55;225.0;1572810716;98.203;17.4343787200986;0.5127758447087823;-0.44921875;
19:51:56;226.0;1572810718;98.461;15.804557877197768;0.4648399375646402;-0.41748046875;
19:51:57;227.0;1572810718;98.246;17.05826621789072;0.5017137122909034;-0.44189453125;
19:51:58;228.0;1572810720;98.805;17.559749554167897;0.5164632221814087;-0.45166015625;
19:51:59;229.0;1572810720;98.87;17.05826621789072;0.5017137122909034;-0.44189453125;
19:52:00;230.0;1572810722;99.064;21.446245410316042;0.6307719238328248;-0.52734375;
19:52:01;231.0;1572810723;99.043;18.56271622672226;0.5459622419624194;-0.47119140625;
19:52:02;232.0;1572810723;98.225;16.68215371568283;0.49065157987302443;-0.4345703125;
19:52:03;233.0;1572810725;98.117;17.4343787200986;0.5127758447087823;-0.44921875;
19:52:04;234.0;1572810726;98.182;18.311974558583668;0.5385874870171667;-0.46630859375;
19:52:05;235.0;1572810726;97.882;17.183637051960012;0.5054010897635298;-0.4443359375;
19:52:06;236.0;1572810728;98.461;18.311974558583668;0.5385874870171667;-0.46630859375;
19:52:07;237.0;1572810729;98.504;17.81049122230649;0.5238379771266615;-0.45654296875;
19:52:08;238.0;1572810730;98.504;16.431412047544242;0.48327682492777185;-0.4296875;
19:52:09;239.0;1572810731;98.74;17.30900788602931;0.5090884672361562;-0.44677734375;
19:52:10;240.0;1572810731;99.021;17.183637051960012;0.5054010897635298;-0.4443359375;
19:52:11;241.0;1572810733;99.043;17.05826621789072;0.5017137122909034;-0.44189453125;
19:52:12;242.0;1572810734;99.021;17.183637051960012;0.5054010897635298;-0.4443359375;
19:52:13;243.0;1572810735;99.325;17.183637051960012;0.5054010897635298;-0.4443359375;
19:52:14;244.0;1572810736;99.043;17.05826621789072;0.5017137122909034;-0.44189453125;
19:52:15;245.0;1572810736;98.827;17.05826621789072;0.5017137122909034;-0.44189453125;
19:52:16;246.0;1572810738;98.31;17.81049122230649;0.5238379771266615;-0.45654296875;
19:52:17;247.0;1572810739;98.117;16.18067037940565;0.47590206998251916;-0.4248046875;
19:52:18;248.0;1572810740;98.353;16.55678288161354;0.4869642024003982;-0.43212890625;
19:52:19;249.0;1572810741;98.784;16.93289538382142;0.49802633481827707;-0.439453125;
19:52:20;250.0;1572810742;99.346;16.93289538382142;0.49802633481827707;-0.439453125;
19:52:21;251.0;1572810743;99.064;20.44327873776168;0.6012729040518141;-0.5078125;
19:52:23;253.0;1572810744;98.848;17.559749554167897;0.5164632221814087;-0.45166015625;
19:52:24;254.0;1572810745;98.848;16.68215371568283;0.49065157987302443;-0.4345703125;
19:52:25;255.0;1572810746;98.032;17.4343787200986;0.5127758447087823;-0.44921875;
19:52:26;256.0;1572810747;97.989;17.05826621789072;0.5017137122909034;-0.44189453125;
19:52:27;257.0;1572810748;97.904;16.68215371568283;0.49065157987302443;-0.4345703125;
19:52:28;258.0;1572810749;98.16;16.68215371568283;0.49065157987302443;-0.4345703125;
19:52:29;259.0;1572810750;98.654;17.30900788602931;0.5090884672361562;-0.44677734375;
19:52:30;260.0;1572810751;98.719;17.68512038823719;0.520150599654035;-0.4541015625;
19:52:31;261.0;1572810752;99.216;17.183637051960012;0.5054010897635298;-0.4443359375;
19:52:32;262.0;1572810753;99.238;17.559749554167897;0.5164632221814087;-0.45166015625;
19:52:33;263.0;1572810754;99.238;17.183637051960012;0.5054010897635298;-0.4443359375;
19:52:34;264.0;1572810755;99.173;17.30900788602931;0.5090884672361562;-0.44677734375;
19:52:35;265.0;1572810756;98.719;17.4343787200986;0.5127758447087823;-0.44921875;
19:52:36;266.0;1572810757;98.439;17.05826621789072;0.5017137122909034;-0.44189453125;
19:52:37;267.0;1572810758;98.719;17.4343787200986;0.5127758447087823;-0.44921875;
19:52:38;268.0;1572810759;98.719;17.559749554167897;0.5164632221814087;-0.45166015625;
19:52:39;269.0;1572810760;99.281;15.804557877197768;0.4648399375646402;-0.41748046875;
19:52:40;270.0;1572810761;98.848;17.183637051960012;0.5054010897635298;-0.4443359375;
19:52:41;271.0;1572810762;98.547;16.93289538382142;0.49802633481827707;-0.439453125;
19:52:42;272.0;1572810763;98.827;17.30900788602931;0.5090884672361562;-0.44677734375;
19:52:43;273.0;1572810765;98.182;17.4343787200986;0.5127758447087823;-0.44921875;
19:52:44;274.0;1572810765;98.16;17.68512038823719;0.520150599654035;-0.4541015625;
19:52:45;275.0;1572810766;98.525;16.431412047544242;0.48327682492777185;-0.4296875;
19:52:46;276.0;1572810767;98.225;17.559749554167897;0.5164632221814087;-0.45166015625;
19:52:47;277.0;1572810768;98.267;18.311974558583668;0.5385874870171667;-0.46630859375;
19:52:48;278.0;1572810769;99.281;17.559749554167897;0.5164632221814087;-0.45166015625;
19:52:49;279.0;1572810770;98.482;17.68512038823719;0.520150599654035;-0.4541015625;
19:52:50;280.0;1572810772;98.74;17.559749554167897;0.5164632221814087;-0.45166015625;
19:52:51;281.0;1572810772;98.784;17.05826621789072;0.5017137122909034;-0.44189453125;
19:52:52;282.0;1572810773;97.989;16.807524549752127;0.4943389573456508;-0.43701171875;
19:52:53;283.0;1572810774;98.762;17.559749554167897;0.5164632221814087;-0.45166015625;
19:52:54;284.0;1572810775;98.547;18.18660372451437;0.5349001095445403;-0.4638671875;
19:52:55;285.0;1572810777;98.59;17.4343787200986;0.5127758447087823;-0.44921875;
19:52:56;286.0;1572810777;98.633;17.30900788602931;0.5090884672361562;-0.44677734375;
19:52:57;287.0;1572810779;98.633;17.4343787200986;0.5127758447087823;-0.44921875;
19:52:58;288.0;1572810779;99.108;17.05826621789072;0.5017137122909034;-0.44189453125;
19:52:59;289.0;1572810780;99.064;19.18957039706873;0.5643991293255509;-0.4833984375;
19:53:00;290.0;1572810782;98.762;17.559749554167897;0.5164632221814087;-0.45166015625;
19:53:01;291.0;1572810782;98.396;20.568649571830974;0.6049602815244404;-0.51025390625;
19:53:02;292.0;1572810784;98.225;17.05826621789072;0.5017137122909034;-0.44189453125;
19:53:03;293.0;1572810784;98.784;16.807524549752127;0.4943389573456508;-0.43701171875;
19:53:04;294.0;1572810786;98.525;17.30900788602931;0.5090884672361562;-0.44677734375;
19:53:05;295.0;1572810787;98.568;18.311974558583668;0.5385874870171667;-0.46630859375;
19:53:06;296.0;1572810787;98.225;15.052332872781998;0.4427156727288823;-0.40283203125;
19:53:07;297.0;1572810789;97.904;17.559749554167897;0.5164632221814087;-0.45166015625;
19:53:08;298.0;1572810790;98.396;17.4343787200986;0.5127758447087823;-0.44921875;
