Time;Seconds from start for linreg;Unix Time;ch1 po2;Uc;Ubl;Vc;
01:28:11;-1.0;1572830892;99.716;17.30900788602931;0.5090884672361562;-0.44677734375;
01:28:12;0.0;1572830893;99.76;17.183637051960012;0.5054010897635298;-0.4443359375;
01:28:13;1.0;1572830894;100.395;17.30900788602931;0.5090884672361562;-0.44677734375;
01:28:14;2.0;1572830896;100.109;17.05826621789072;0.5017137122909034;-0.44189453125;
01:28:15;3.0;1572830896;100.681;16.055299545336357;0.47221469250989284;-0.42236328125;
01:28:16;4.0;1572830897;100.923;17.30900788602931;0.5090884672361562;-0.44677734375;
01:28:17;5.0;1572830898;100.395;20.819391239969566;0.6123350364696931;-0.51513671875;
01:28:18;6.0;1572830900;101.145;16.807524549752127;0.4943389573456508;-0.43701171875;
01:28:19;7.0;1572830900;101.123;17.4343787200986;0.5127758447087823;-0.44921875;
01:28:20;8.0;1572830901;101.344;17.559749554167897;0.5164632221814087;-0.45166015625;
01:28:21;9.0;1572830903;101.367;17.559749554167897;0.5164632221814087;-0.45166015625;
01:28:22;10.0;1572830903;101.145;16.93289538382142;0.49802633481827707;-0.439453125;
01:28:23;11.0;1572830904;100.857;17.30900788602931;0.5090884672361562;-0.44677734375;
01:28:24;12.0;1572830906;100.109;17.559749554167897;0.5164632221814087;-0.45166015625;
01:28:26;14.0;1572830906;100.066;17.30900788602931;0.5090884672361562;-0.44677734375;
01:28:27;15.0;1572830909;100.088;17.183637051960012;0.5054010897635298;-0.4443359375;
01:28:28;16.0;1572830909;100.0;16.55678288161354;0.4869642024003982;-0.43212890625;
01:28:29;17.0;1572830910;99.52;17.05826621789072;0.5017137122909034;-0.44189453125;
01:28:30;18.0;1572830912;98.762;17.30900788602931;0.5090884672361562;-0.44677734375;
01:28:31;19.0;1572830913;98.461;17.4343787200986;0.5127758447087823;-0.44921875;
01:28:32;20.0;1572830913;99.0;17.30900788602931;0.5090884672361562;-0.44677734375;
01:28:33;21.0;1572830915;99.651;17.183637051960012;0.5054010897635298;-0.4443359375;
01:28:34;22.0;1572830916;100.109;12.168803689188215;0.3579059908584769;-0.3466796875;
01:28:35;23.0;1572830916;100.659;17.05826621789072;0.5017137122909034;-0.44189453125;
01:28:36;24.0;1572830917;100.526;17.559749554167897;0.5164632221814087;-0.45166015625;
01:28:37;25.0;1572830919;100.109;17.4343787200986;0.5127758447087823;-0.44921875;
01:28:38;26.0;1572830920;99.869;17.30900788602931;0.5090884672361562;-0.44677734375;
01:28:39;27.0;1572830921;99.869;17.183637051960012;0.5054010897635298;-0.4443359375;
01:28:40;28.0;1572830921;99.498;17.183637051960012;0.5054010897635298;-0.4443359375;
01:28:41;29.0;1572830923;100.044;17.30900788602931;0.5090884672361562;-0.44677734375;
01:28:42;30.0;1572830924;100.548;17.183637051960012;0.5054010897635298;-0.4443359375;
01:28:43;31.0;1572830924;100.263;17.68512038823719;0.520150599654035;-0.4541015625;
01:28:44;32.0;1572830926;100.526;16.68215371568283;0.49065157987302443;-0.4345703125;
01:28:45;33.0;1572830927;100.241;17.05826621789072;0.5017137122909034;-0.44189453125;
01:28:46;34.0;1572830927;99.629;17.4343787200986;0.5127758447087823;-0.44921875;
01:28:47;35.0;1572830929;99.651;17.05826621789072;0.5017137122909034;-0.44189453125;
01:28:48;36.0;1572830930;99.651;17.30900788602931;0.5090884672361562;-0.44677734375;
01:28:49;37.0;1572830930;99.673;17.30900788602931;0.5090884672361562;-0.44677734375;
01:28:50;38.0;1572830932;99.934;17.30900788602931;0.5090884672361562;-0.44677734375;
01:28:51;39.0;1572830933;99.891;17.183637051960012;0.5054010897635298;-0.4443359375;
01:28:52;40.0;1572830933;99.673;17.4343787200986;0.5127758447087823;-0.44921875;
01:28:53;41.0;1572830935;99.716;17.81049122230649;0.5238379771266615;-0.45654296875;
01:28:54;42.0;1572830936;99.455;17.4343787200986;0.5127758447087823;-0.44921875;
01:28:55;43.0;1572830937;99.498;17.05826621789072;0.5017137122909034;-0.44189453125;
01:28:57;45.0;1572830938;99.738;17.559749554167897;0.5164632221814087;-0.45166015625;
01:28:58;46.0;1572830939;99.455;17.05826621789072;0.5017137122909034;-0.44189453125;
01:28:59;47.0;1572830940;99.76;17.30900788602931;0.5090884672361562;-0.44677734375;
01:29:00;48.0;1572830941;100.022;17.81049122230649;0.5238379771266615;-0.45654296875;
01:29:01;49.0;1572830942;100.088;17.05826621789072;0.5017137122909034;-0.44189453125;
01:29:02;50.0;1572830943;99.825;17.30900788602931;0.5090884672361562;-0.44677734375;
01:29:03;51.0;1572830944;99.564;20.192537069623093;0.5938981491065616;-0.5029296875;
01:29:04;52.0;1572830945;99.259;17.183637051960012;0.5054010897635298;-0.4443359375;
01:29:05;53.0;1572830946;99.151;16.807524549752127;0.4943389573456508;-0.43701171875;
01:29:06;54.0;1572830947;99.891;17.183637051960012;0.5054010897635298;-0.4443359375;
01:29:07;55.0;1572830948;100.395;17.183637051960012;0.5054010897635298;-0.4443359375;
01:29:08;56.0;1572830949;100.504;17.183637051960012;0.5054010897635298;-0.4443359375;
01:29:09;57.0;1572830950;100.263;16.68215371568283;0.49065157987302443;-0.4345703125;
01:29:10;58.0;1572830951;100.066;18.43734539265296;0.542274864489793;-0.46875;
01:29:11;59.0;1572830952;100.131;13.547882863950457;0.3984671430573664;-0.37353515625;
01:29:12;60.0;1572830954;100.351;17.05826621789072;0.5017137122909034;-0.44189453125;
01:29:13;61.0;1572830954;100.373;17.183637051960012;0.5054010897635298;-0.4443359375;
01:29:14;62.0;1572830955;100.0;17.30900788602931;0.5090884672361562;-0.44677734375;
01:29:15;63.0;1572830956;99.52;17.183637051960012;0.5054010897635298;-0.4443359375;
01:29:16;64.0;1572830957;99.303;17.183637051960012;0.5054010897635298;-0.4443359375;
01:29:17;65.0;1572830958;99.629;17.05826621789072;0.5017137122909034;-0.44189453125;
01:29:18;66.0;1572830959;99.956;17.30900788602931;0.5090884672361562;-0.44677734375;
01:29:19;67.0;1572830960;100.197;17.30900788602931;0.5090884672361562;-0.44677734375;
01:29:20;68.0;1572830961;100.109;17.05826621789072;0.5017137122909034;-0.44189453125;
01:29:21;69.0;1572830962;100.022;14.550849536504819;0.427966162838377;-0.39306640625;
01:29:22;70.0;1572830964;99.869;17.68512038823719;0.520150599654035;-0.4541015625;
01:29:23;71.0;1572830964;99.825;17.559749554167897;0.5164632221814087;-0.45166015625;
01:29:24;72.0;1572830965;99.76;17.559749554167897;0.5164632221814087;-0.45166015625;
01:29:25;73.0;1572830966;100.022;16.68215371568283;0.49065157987302443;-0.4345703125;
01:29:26;74.0;1572830967;100.153;17.183637051960012;0.5054010897635298;-0.4443359375;
01:29:27;75.0;1572830968;100.417;17.559749554167897;0.5164632221814087;-0.45166015625;
01:29:28;76.0;1572830969;100.57;17.4343787200986;0.5127758447087823;-0.44921875;
01:29:29;77.0;1572830971;100.022;17.05826621789072;0.5017137122909034;-0.44189453125;
01:29:30;78.0;1572830971;99.825;17.30900788602931;0.5090884672361562;-0.44677734375;
01:29:31;79.0;1572830972;99.39;17.30900788602931;0.5090884672361562;-0.44677734375;
01:29:32;80.0;1572830974;99.151;17.559749554167897;0.5164632221814087;-0.45166015625;
01:29:33;81.0;1572830975;99.173;17.559749554167897;0.5164632221814087;-0.45166015625;
01:29:34;82.0;1572830976;99.325;17.4343787200986;0.5127758447087823;-0.44921875;
01:29:35;83.0;1572830976;99.043;17.05826621789072;0.5017137122909034;-0.44189453125;
01:29:36;84.0;1572830978;98.935;17.30900788602931;0.5090884672361562;-0.44677734375;
01:29:37;85.0;1572830979;99.194;17.30900788602931;0.5090884672361562;-0.44677734375;
01:29:38;86.0;1572830979;99.021;16.93289538382142;0.49802633481827707;-0.439453125;
01:29:39;87.0;1572830981;99.52;16.68215371568283;0.49065157987302443;-0.4345703125;
01:29:40;88.0;1572830982;99.52;17.05826621789072;0.5017137122909034;-0.44189453125;
01:29:41;89.0;1572830982;99.52;17.183637051960012;0.5054010897635298;-0.4443359375;
01:29:42;90.0;1572830984;100.044;17.68512038823719;0.520150599654035;-0.4541015625;
01:29:43;91.0;1572830985;99.716;17.559749554167897;0.5164632221814087;-0.45166015625;
01:29:44;92.0;1572830986;100.329;16.55678288161354;0.4869642024003982;-0.43212890625;
01:29:45;93.0;1572830986;100.285;17.183637051960012;0.5054010897635298;-0.4443359375;
01:29:46;94.0;1572830988;99.738;17.30900788602931;0.5090884672361562;-0.44677734375;
01:29:47;95.0;1572830989;100.307;17.05826621789072;0.5017137122909034;-0.44189453125;
01:29:48;96.0;1572830989;100.307;17.559749554167897;0.5164632221814087;-0.45166015625;
01:29:49;97.0;1572830991;100.131;17.183637051960012;0.5054010897635298;-0.4443359375;
01:29:50;98.0;1572830992;100.637;15.052332872781998;0.4427156727288823;-0.40283203125;
01:29:51;99.0;1572830993;100.088;18.061232890445076;0.531212732071914;-0.46142578125;
01:29:52;100.0;1572830994;100.109;17.4343787200986;0.5127758447087823;-0.44921875;
01:29:53;101.0;1572830995;100.329;17.05826621789072;0.5017137122909034;-0.44189453125;
01:29:54;102.0;1572830996;100.131;17.183637051960012;0.5054010897635298;-0.4443359375;
01:29:55;103.0;1572830997;100.373;17.05826621789072;0.5017137122909034;-0.44189453125;
01:29:56;104.0;1572830998;99.978;16.55678288161354;0.4869642024003982;-0.43212890625;
01:29:57;105.0;1572830999;99.934;16.807524549752127;0.4943389573456508;-0.43701171875;
01:29:58;106.0;1572831000;99.847;17.183637051960012;0.5054010897635298;-0.4443359375;
01:29:59;107.0;1572831001;99.673;17.559749554167897;0.5164632221814087;-0.45166015625;
01:30:01;109.0;1572831002;99.194;17.183637051960012;0.5054010897635298;-0.4443359375;
01:30:02;110.0;1572831003;99.259;17.30900788602931;0.5090884672361562;-0.44677734375;
01:30:03;111.0;1572831004;99.564;17.183637051960012;0.5054010897635298;-0.4443359375;
01:30:04;112.0;1572831005;99.477;17.559749554167897;0.5164632221814087;-0.45166015625;
01:30:05;113.0;1572831006;99.716;17.30900788602931;0.5090884672361562;-0.44677734375;
01:30:06;114.0;1572831007;99.455;17.05826621789072;0.5017137122909034;-0.44189453125;
01:30:07;115.0;1572831008;98.848;17.559749554167897;0.5164632221814087;-0.45166015625;
01:30:08;116.0;1572831009;99.086;16.807524549752127;0.4943389573456508;-0.43701171875;
01:30:09;117.0;1572831010;99.108;17.30900788602931;0.5090884672361562;-0.44677734375;
01:30:10;118.0;1572831011;99.303;17.559749554167897;0.5164632221814087;-0.45166015625;
01:30:11;119.0;1572831012;99.694;17.183637051960012;0.5054010897635298;-0.4443359375;
01:30:12;120.0;1572831013;99.738;17.05826621789072;0.5017137122909034;-0.44189453125;
01:30:13;121.0;1572831014;100.066;17.30900788602931;0.5090884672361562;-0.44677734375;
01:30:14;122.0;1572831015;99.825;17.183637051960012;0.5054010897635298;-0.4443359375;
01:30:15;123.0;1572831016;99.869;17.4343787200986;0.5127758447087823;-0.44921875;
01:30:16;124.0;1572831017;99.629;17.30900788602931;0.5090884672361562;-0.44677734375;
01:30:17;125.0;1572831018;99.847;17.68512038823719;0.520150599654035;-0.4541015625;
01:30:18;126.0;1572831019;100.417;17.183637051960012;0.5054010897635298;-0.4443359375;
01:30:19;127.0;1572831020;100.351;16.68215371568283;0.49065157987302443;-0.4345703125;
01:30:20;128.0;1572831021;100.548;17.4343787200986;0.5127758447087823;-0.44921875;
01:30:21;129.0;1572831022;100.022;17.4343787200986;0.5127758447087823;-0.44921875;
01:30:22;130.0;1572831023;100.044;17.30900788602931;0.5090884672361562;-0.44677734375;
01:30:23;131.0;1572831024;99.956;17.183637051960012;0.5054010897635298;-0.4443359375;
01:30:24;132.0;1572831025;100.022;14.926962038712702;0.4390282952562559;-0.400390625;
01:30:25;133.0;1572831026;100.57;21.320874576246744;0.6270845463601984;-0.52490234375;
01:30:26;134.0;1572831027;100.285;17.4343787200986;0.5127758447087823;-0.44921875;
01:30:27;135.0;1572831028;100.329;17.30900788602931;0.5090884672361562;-0.44677734375;
01:30:28;136.0;1572831029;100.0;17.30900788602931;0.5090884672361562;-0.44677734375;
01:30:29;137.0;1572831030;99.39;17.30900788602931;0.5090884672361562;-0.44677734375;
01:30:30;138.0;1572831032;99.651;17.30900788602931;0.5090884672361562;-0.44677734375;
01:30:31;139.0;1572831032;99.411;16.68215371568283;0.49065157987302443;-0.4345703125;
01:30:32;140.0;1572831033;99.52;17.05826621789072;0.5017137122909034;-0.44189453125;
01:30:33;141.0;1572831035;99.782;16.68215371568283;0.49065157987302443;-0.4345703125;
01:30:34;142.0;1572831035;99.564;17.30900788602931;0.5090884672361562;-0.44677734375;
01:30:35;143.0;1572831036;99.825;17.30900788602931;0.5090884672361562;-0.44677734375;
01:30:36;144.0;1572831038;100.57;16.431412047544242;0.48327682492777185;-0.4296875;
01:30:37;145.0;1572831038;100.373;17.4343787200986;0.5127758447087823;-0.44921875;
01:30:38;146.0;1572831039;100.285;17.4343787200986;0.5127758447087823;-0.44921875;
01:30:39;147.0;1572831041;100.066;17.183637051960012;0.5054010897635298;-0.4443359375;
01:30:40;148.0;1572831042;99.129;15.553816209059178;0.4574651826193876;-0.41259765625;
01:30:41;149.0;1572831042;99.325;18.813457894860846;0.5533369969076719;-0.47607421875;
01:30:42;150.0;1572831044;99.108;17.05826621789072;0.5017137122909034;-0.44189453125;
01:30:43;151.0;1572831045;99.368;17.183637051960012;0.5054010897635298;-0.4443359375;
01:30:44;152.0;1572831045;99.716;17.4343787200986;0.5127758447087823;-0.44921875;
01:30:45;153.0;1572831047;100.088;17.05826621789072;0.5017137122909034;-0.44189453125;
01:30:46;154.0;1572831048;100.088;17.30900788602931;0.5090884672361562;-0.44677734375;
01:30:47;155.0;1572831048;100.088;16.93289538382142;0.49802633481827707;-0.439453125;
01:30:48;156.0;1572831050;100.482;16.68215371568283;0.49065157987302443;-0.4345703125;
01:30:49;157.0;1572831051;100.175;17.30900788602931;0.5090884672361562;-0.44677734375;
01:30:50;158.0;1572831052;100.153;16.18067037940565;0.47590206998251916;-0.4248046875;
01:30:51;159.0;1572831053;100.285;17.183637051960012;0.5054010897635298;-0.4443359375;
01:30:52;160.0;1572831054;99.673;17.183637051960012;0.5054010897635298;-0.4443359375;
01:30:53;161.0;1572831055;99.934;16.68215371568283;0.49065157987302443;-0.4345703125;
01:30:54;162.0;1572831056;99.716;18.061232890445076;0.531212732071914;-0.46142578125;
01:30:55;163.0;1572831057;98.956;17.4343787200986;0.5127758447087823;-0.44921875;
01:30:56;164.0;1572831058;99.194;17.30900788602931;0.5090884672361562;-0.44677734375;
01:30:57;165.0;1572831059;98.913;17.559749554167897;0.5164632221814087;-0.45166015625;
01:30:58;166.0;1572831060;99.956;17.81049122230649;0.5238379771266615;-0.45654296875;
01:30:59;167.0;1572831061;100.57;17.4343787200986;0.5127758447087823;-0.44921875;
01:31:00;168.0;1572831062;100.131;17.183637051960012;0.5054010897635298;-0.4443359375;
01:31:01;169.0;1572831063;100.109;17.4343787200986;0.5127758447087823;-0.44921875;
01:31:02;170.0;1572831064;99.325;17.68512038823719;0.520150599654035;-0.4541015625;
01:31:03;171.0;1572831065;99.064;17.183637051960012;0.5054010897635298;-0.4443359375;
01:31:04;172.0;1572831066;99.281;19.69105373334591;0.5791486392160562;-0.4931640625;
01:31:06;174.0;1572831067;99.021;17.30900788602931;0.5090884672361562;-0.44677734375;
01:31:07;175.0;1572831068;98.654;16.431412047544242;0.48327682492777185;-0.4296875;
01:31:08;176.0;1572831069;98.654;19.69105373334591;0.5791486392160562;-0.4931640625;
01:31:09;177.0;1572831070;98.633;17.559749554167897;0.5164632221814087;-0.45166015625;
01:31:10;178.0;1572831071;98.633;17.68512038823719;0.520150599654035;-0.4541015625;
01:31:11;179.0;1572831072;99.0;17.05826621789072;0.5017137122909034;-0.44189453125;
01:31:12;180.0;1572831073;98.978;17.4343787200986;0.5127758447087823;-0.44921875;
01:31:13;181.0;1572831074;99.238;17.183637051960012;0.5054010897635298;-0.4443359375;
01:31:14;182.0;1572831075;99.477;14.801591204643408;0.43534091778362966;-0.39794921875;
01:31:15;183.0;1572831076;99.433;17.05826621789072;0.5017137122909034;-0.44189453125;
01:31:16;184.0;1572831077;99.651;17.183637051960012;0.5054010897635298;-0.4443359375;
01:31:17;185.0;1572831078;99.39;17.30900788602931;0.5090884672361562;-0.44677734375;
01:31:18;186.0;1572831079;99.151;17.4343787200986;0.5127758447087823;-0.44921875;
01:31:19;187.0;1572831080;99.368;17.30900788602931;0.5090884672361562;-0.44677734375;
01:31:20;188.0;1572831081;99.433;17.183637051960012;0.5054010897635298;-0.4443359375;
01:31:21;189.0;1572831083;99.433;17.559749554167897;0.5164632221814087;-0.45166015625;
01:31:23;191.0;1572831083;100.197;17.05826621789072;0.5017137122909034;-0.44189453125;
01:31:24;192.0;1572831085;100.417;17.4343787200986;0.5127758447087823;-0.44921875;
01:31:25;193.0;1572831086;100.946;17.4343787200986;0.5127758447087823;-0.44921875;
01:31:26;194.0;1572831087;101.012;14.550849536504819;0.427966162838377;-0.39306640625;
01:31:27;195.0;1572831088;100.461;17.68512038823719;0.520150599654035;-0.4541015625;
01:31:28;196.0;1572831089;100.504;17.183637051960012;0.5054010897635298;-0.4443359375;
01:31:29;197.0;1572831090;100.504;17.30900788602931;0.5090884672361562;-0.44677734375;
01:31:30;198.0;1572831091;99.978;16.807524549752127;0.4943389573456508;-0.43701171875;
01:31:31;199.0;1572831092;100.329;16.68215371568283;0.49065157987302443;-0.4345703125;
01:31:32;200.0;1572831093;99.978;17.30900788602931;0.5090884672361562;-0.44677734375;
01:31:33;201.0;1572831094;100.066;16.55678288161354;0.4869642024003982;-0.43212890625;
01:31:34;202.0;1572831096;99.891;17.30900788602931;0.5090884672361562;-0.44677734375;
01:31:35;203.0;1572831096;99.869;17.30900788602931;0.5090884672361562;-0.44677734375;
01:31:36;204.0;1572831097;99.891;17.30900788602931;0.5090884672361562;-0.44677734375;
01:31:37;205.0;1572831099;99.259;17.68512038823719;0.520150599654035;-0.4541015625;
01:31:38;206.0;1572831099;99.673;17.183637051960012;0.5054010897635298;-0.4443359375;
01:31:39;207.0;1572831100;99.433;17.4343787200986;0.5127758447087823;-0.44921875;
01:31:40;208.0;1572831102;98.935;17.183637051960012;0.5054010897635298;-0.4443359375;
01:31:41;209.0;1572831103;98.978;17.30900788602931;0.5090884672361562;-0.44677734375;
01:31:42;210.0;1572831103;98.525;17.183637051960012;0.5054010897635298;-0.4443359375;
01:31:43;211.0;1572831105;98.504;17.30900788602931;0.5090884672361562;-0.44677734375;
01:31:44;212.0;1572831106;99.325;17.68512038823719;0.520150599654035;-0.4541015625;
01:31:45;213.0;1572831106;99.021;16.93289538382142;0.49802633481827707;-0.439453125;
01:31:46;214.0;1572831107;99.281;17.05826621789072;0.5017137122909034;-0.44189453125;
01:31:47;215.0;1572831109;99.021;17.183637051960012;0.5054010897635298;-0.4443359375;
01:31:48;216.0;1572831109;98.676;17.81049122230649;0.5238379771266615;-0.45654296875;
01:31:49;217.0;1572831110;98.676;16.807524549752127;0.4943389573456508;-0.43701171875;
01:31:50;218.0;1572831112;98.59;16.93289538382142;0.49802633481827707;-0.439453125;
01:31:51;219.0;1572831113;98.827;17.68512038823719;0.520150599654035;-0.4541015625;
01:31:52;220.0;1572831113;98.892;17.30900788602931;0.5090884672361562;-0.44677734375;
01:31:53;221.0;1572831115;99.455;17.4343787200986;0.5127758447087823;-0.44921875;
01:31:54;222.0;1572831116;99.433;16.93289538382142;0.49802633481827707;-0.439453125;
01:31:55;223.0;1572831116;99.455;17.559749554167897;0.5164632221814087;-0.45166015625;
01:31:56;224.0;1572831118;99.455;17.05826621789072;0.5017137122909034;-0.44189453125;
01:31:57;225.0;1572831119;99.173;17.68512038823719;0.520150599654035;-0.4541015625;
01:31:58;226.0;1572831119;99.216;17.30900788602931;0.5090884672361562;-0.44677734375;
01:31:59;227.0;1572831121;99.76;17.559749554167897;0.5164632221814087;-0.45166015625;
01:32:00;228.0;1572831122;99.498;17.30900788602931;0.5090884672361562;-0.44677734375;
01:32:01;229.0;1572831123;99.043;17.4343787200986;0.5127758447087823;-0.44921875;
01:32:02;230.0;1572831124;99.303;17.559749554167897;0.5164632221814087;-0.45166015625;
01:32:03;231.0;1572831125;98.762;17.4343787200986;0.5127758447087823;-0.44921875;
01:32:04;232.0;1572831126;99.043;16.68215371568283;0.49065157987302443;-0.4345703125;
01:32:05;233.0;1572831127;99.76;17.559749554167897;0.5164632221814087;-0.45166015625;
01:32:06;234.0;1572831128;99.716;17.05826621789072;0.5017137122909034;-0.44189453125;
01:32:07;235.0;1572831129;99.956;17.559749554167897;0.5164632221814087;-0.45166015625;
01:32:08;236.0;1572831130;99.716;17.183637051960012;0.5054010897635298;-0.4443359375;
01:32:10;238.0;1572831131;99.455;17.183637051960012;0.5054010897635298;-0.4443359375;
01:32:11;239.0;1572831132;99.477;21.446245410316042;0.6307719238328248;-0.52734375;
01:32:12;240.0;1572831133;99.303;17.05826621789072;0.5017137122909034;-0.44189453125;
01:32:13;241.0;1572831134;99.782;17.4343787200986;0.5127758447087823;-0.44921875;
01:32:14;242.0;1572831135;99.825;17.30900788602931;0.5090884672361562;-0.44677734375;
01:32:15;243.0;1572831136;99.782;17.30900788602931;0.5090884672361562;-0.44677734375;
01:32:16;244.0;1572831137;99.455;17.30900788602931;0.5090884672361562;-0.44677734375;
01:32:17;245.0;1572831138;98.956;17.559749554167897;0.5164632221814087;-0.45166015625;
01:32:18;246.0;1572831139;99.455;17.183637051960012;0.5054010897635298;-0.4443359375;
01:32:19;247.0;1572831140;99.238;17.30900788602931;0.5090884672361562;-0.44677734375;
01:32:20;248.0;1572831141;99.455;17.30900788602931;0.5090884672361562;-0.44677734375;
01:32:22;250.0;1572831142;98.892;17.30900788602931;0.5090884672361562;-0.44677734375;
01:32:23;251.0;1572831144;99.52;17.4343787200986;0.5127758447087823;-0.44921875;
01:32:24;252.0;1572831145;100.153;17.30900788602931;0.5090884672361562;-0.44677734375;
01:32:25;253.0;1572831146;100.153;17.30900788602931;0.5090884672361562;-0.44677734375;
01:32:26;254.0;1572831147;99.847;17.4343787200986;0.5127758447087823;-0.44921875;
01:32:27;255.0;1572831148;99.194;17.05826621789072;0.5017137122909034;-0.44189453125;
01:32:28;256.0;1572831149;98.375;17.30900788602931;0.5090884672361562;-0.44677734375;
01:32:29;257.0;1572831150;98.611;17.4343787200986;0.5127758447087823;-0.44921875;
01:32:30;258.0;1572831151;99.151;17.4343787200986;0.5127758447087823;-0.44921875;
01:32:31;259.0;1572831152;99.129;17.4343787200986;0.5127758447087823;-0.44921875;
01:32:32;260.0;1572831153;99.325;17.183637051960012;0.5054010897635298;-0.4443359375;
01:32:33;261.0;1572831154;99.021;17.05826621789072;0.5017137122909034;-0.44189453125;
01:32:34;262.0;1572831156;98.805;17.183637051960012;0.5054010897635298;-0.4443359375;
01:32:35;263.0;1572831156;99.129;17.559749554167897;0.5164632221814087;-0.45166015625;
01:32:36;264.0;1572831157;99.194;17.559749554167897;0.5164632221814087;-0.45166015625;
01:32:37;265.0;1572831159;99.021;17.4343787200986;0.5127758447087823;-0.44921875;
01:32:38;266.0;1572831159;99.325;17.05826621789072;0.5017137122909034;-0.44189453125;
01:32:39;267.0;1572831160;99.346;17.183637051960012;0.5054010897635298;-0.4443359375;
01:32:40;268.0;1572831162;99.108;17.30900788602931;0.5090884672361562;-0.44677734375;
01:32:41;269.0;1572831162;99.651;17.05826621789072;0.5017137122909034;-0.44189453125;
01:32:42;270.0;1572831163;99.064;16.807524549752127;0.4943389573456508;-0.43701171875;
01:32:43;271.0;1572831165;98.784;17.183637051960012;0.5054010897635298;-0.4443359375;
01:32:44;272.0;1572831165;99.0;20.568649571830974;0.6049602815244404;-0.51025390625;
01:32:45;273.0;1572831166;99.021;17.30900788602931;0.5090884672361562;-0.44677734375;
01:32:46;274.0;1572831168;99.303;17.4343787200986;0.5127758447087823;-0.44921875;
01:32:47;275.0;1572831168;99.325;17.81049122230649;0.5238379771266615;-0.45654296875;
01:32:48;276.0;1572831169;99.891;17.68512038823719;0.520150599654035;-0.4541015625;
01:32:49;277.0;1572831171;99.303;17.05826621789072;0.5017137122909034;-0.44189453125;
01:32:50;278.0;1572831171;98.978;17.183637051960012;0.5054010897635298;-0.4443359375;
01:32:51;279.0;1572831172;98.87;17.183637051960012;0.5054010897635298;-0.4443359375;
01:32:52;280.0;1572831174;98.568;17.68512038823719;0.520150599654035;-0.4541015625;
01:32:53;281.0;1572831175;98.848;16.807524549752127;0.4943389573456508;-0.43701171875;
01:32:54;282.0;1572831175;98.87;18.43734539265296;0.542274864489793;-0.46875;
01:32:55;283.0;1572831177;99.0;17.183637051960012;0.5054010897635298;-0.4443359375;
01:32:56;284.0;1572831178;98.719;17.68512038823719;0.520150599654035;-0.4541015625;
01:32:57;285.0;1572831178;98.418;17.05826621789072;0.5017137122909034;-0.44189453125;
01:32:58;286.0;1572831180;98.676;17.05826621789072;0.5017137122909034;-0.44189453125;
01:32:59;287.0;1572831181;98.87;17.30900788602931;0.5090884672361562;-0.44677734375;
01:33:00;288.0;1572831181;99.39;17.559749554167897;0.5164632221814087;-0.45166015625;
01:33:01;289.0;1572831183;100.263;17.30900788602931;0.5090884672361562;-0.44677734375;
01:33:02;290.0;1572831184;100.482;17.30900788602931;0.5090884672361562;-0.44677734375;
01:33:03;291.0;1572831185;100.461;17.30900788602931;0.5090884672361562;-0.44677734375;
01:33:04;292.0;1572831186;100.285;17.68512038823719;0.520150599654035;-0.4541015625;
01:33:05;293.0;1572831187;99.913;17.183637051960012;0.5054010897635298;-0.4443359375;
01:33:06;294.0;1572831188;99.694;17.183637051960012;0.5054010897635298;-0.4443359375;
01:33:07;295.0;1572831189;99.411;17.4343787200986;0.5127758447087823;-0.44921875;
01:33:08;296.0;1572831190;99.629;17.05826621789072;0.5017137122909034;-0.44189453125;
01:33:09;297.0;1572831191;99.651;17.183637051960012;0.5054010897635298;-0.4443359375;
01:33:10;298.0;1572831192;100.197;17.05826621789072;0.5017137122909034;-0.44189453125;
