Time;Seconds from start for linreg;Unix Time;ch1 po2;Uc;Ubl;Vc;
20:16:46;-2.0;1576786608;98.059;9.390222149401096;0.2761830043941499;-0.28564453125;
20:16:47;-1.0;1576786609;98.272;9.390222149401096;0.2761830043941499;-0.28564453125;
20:16:48;0.0;1576786610;98.059;9.390222149401096;0.2761830043941499;-0.28564453125;
20:16:49;1.0;1576786611;97.973;9.390222149401096;0.2761830043941499;-0.28564453125;
20:16:50;2.0;1576786612;97.952;9.390222149401096;0.2761830043941499;-0.28564453125;
20:16:51;3.0;1576786613;97.867;9.390222149401096;0.2761830043941499;-0.28564453125;
20:16:52;4.0;1576786614;98.272;9.390222149401096;0.2761830043941499;-0.28564453125;
20:16:53;5.0;1576786615;98.101;9.390222149401096;0.2761830043941499;-0.28564453125;
20:16:54;6.0;1576786616;98.101;9.390222149401096;0.2761830043941499;-0.28564453125;
20:16:55;7.0;1576786616;97.973;9.390222149401096;0.2761830043941499;-0.28564453125;
20:16:56;8.0;1576786618;97.506;9.390222149401096;0.2761830043941499;-0.28564453125;
20:16:57;9.0;1576786619;97.548;9.390222149401096;0.2761830043941499;-0.28564453125;
20:16:58;10.0;1576786620;97.315;9.390222149401096;0.2761830043941499;-0.28564453125;
20:16:59;11.0;1576786621;97.506;9.390222149401096;0.2761830043941499;-0.28564453125;
20:17:00;12.0;1576786622;97.761;9.390222149401096;0.2761830043941499;-0.28564453125;
20:17:02;14.0;1576786623;97.91;9.390222149401096;0.2761830043941499;-0.28564453125;
20:17:03;15.0;1576786624;98.101;9.390222149401096;0.2761830043941499;-0.28564453125;
20:17:04;16.0;1576786625;98.337;9.390222149401096;0.2761830043941499;-0.28564453125;
20:17:05;17.0;1576786626;98.08;9.390222149401096;0.2761830043941499;-0.28564453125;
20:17:06;18.0;1576786627;97.931;9.390222149401096;0.2761830043941499;-0.28564453125;
20:17:07;19.0;1576786628;97.718;9.390222149401096;0.2761830043941499;-0.28564453125;
20:17:08;20.0;1576786629;97.273;9.390222149401096;0.2761830043941499;-0.28564453125;
20:17:09;21.0;1576786630;97.569;9.390222149401096;0.2761830043941499;-0.28564453125;
20:17:10;22.0;1576786631;97.506;9.390222149401096;0.2761830043941499;-0.28564453125;
20:17:11;23.0;1576786632;97.442;9.390222149401096;0.2761830043941499;-0.28564453125;
20:17:12;24.0;1576786633;97.463;9.390222149401096;0.2761830043941499;-0.28564453125;
20:17:13;25.0;1576786634;97.231;9.390222149401096;0.2761830043941499;-0.28564453125;
20:17:14;26.0;1576786635;97.4;9.390222149401096;0.2761830043941499;-0.28564453125;
20:17:15;27.0;1576786636;97.294;9.390222149401096;0.2761830043941499;-0.28564453125;
20:17:16;28.0;1576786637;97.867;9.390222149401096;0.2761830043941499;-0.28564453125;
20:17:17;29.0;1576786638;97.803;9.390222149401096;0.2761830043941499;-0.28564453125;
20:17:18;30.0;1576786639;97.697;9.390222149401096;0.2761830043941499;-0.28564453125;
20:17:19;31.0;1576786640;97.867;9.390222149401096;0.2761830043941499;-0.28564453125;
20:17:20;32.0;1576786641;97.294;9.390222149401096;0.2761830043941499;-0.28564453125;
20:17:21;33.0;1576786642;97.824;9.390222149401096;0.2761830043941499;-0.28564453125;
20:17:22;34.0;1576786643;98.037;9.390222149401096;0.2761830043941499;-0.28564453125;
20:17:23;35.0;1576786644;98.123;9.390222149401096;0.2761830043941499;-0.28564453125;
20:17:24;36.0;1576786645;98.337;9.390222149401096;0.2761830043941499;-0.28564453125;
20:17:25;37.0;1576786646;97.867;9.390222149401096;0.2761830043941499;-0.28564453125;
20:17:26;38.0;1576786647;97.91;9.390222149401096;0.2761830043941499;-0.28564453125;
20:17:27;39.0;1576786648;97.676;9.390222149401096;0.2761830043941499;-0.28564453125;
20:17:28;40.0;1576786649;97.612;9.390222149401096;0.2761830043941499;-0.28564453125;
20:17:29;41.0;1576786650;98.016;9.390222149401096;0.2761830043941499;-0.28564453125;
20:17:30;42.0;1576786651;97.739;9.390222149401096;0.2761830043941499;-0.28564453125;
20:17:31;43.0;1576786652;97.633;9.390222149401096;0.2761830043941499;-0.28564453125;
20:17:32;44.0;1576786653;97.739;9.390222149401096;0.2761830043941499;-0.28564453125;
20:17:33;45.0;1576786654;97.273;9.390222149401096;0.2761830043941499;-0.28564453125;
20:17:34;46.0;1576786655;97.231;9.390222149401096;0.2761830043941499;-0.28564453125;
20:17:35;47.0;1576786656;97.463;9.390222149401096;0.2761830043941499;-0.28564453125;
20:17:36;48.0;1576786657;97.379;9.390222149401096;0.2761830043941499;-0.28564453125;
20:17:37;49.0;1576786658;97.527;9.390222149401096;0.2761830043941499;-0.28564453125;
20:17:38;50.0;1576786659;97.569;9.390222149401096;0.2761830043941499;-0.28564453125;
20:17:39;51.0;1576786660;97.591;9.390222149401096;0.2761830043941499;-0.28564453125;
20:17:40;52.0;1576786661;97.591;9.390222149401096;0.2761830043941499;-0.28564453125;
20:17:41;53.0;1576786662;97.485;9.390222149401096;0.2761830043941499;-0.28564453125;
20:17:42;54.0;1576786663;97.421;9.390222149401096;0.2761830043941499;-0.28564453125;
20:17:43;55.0;1576786664;97.273;9.390222149401096;0.2761830043941499;-0.28564453125;
20:17:44;56.0;1576786665;97.104;9.390222149401096;0.2761830043941499;-0.28564453125;
20:17:45;57.0;1576786666;97.569;9.390222149401096;0.2761830043941499;-0.28564453125;
20:17:46;58.0;1576786667;97.824;9.390222149401096;0.2761830043941499;-0.28564453125;
20:17:47;59.0;1576786668;97.995;9.390222149401096;0.2761830043941499;-0.28564453125;
20:17:48;60.0;1576786669;98.187;9.390222149401096;0.2761830043941499;-0.28564453125;
20:17:49;61.0;1576786670;97.973;9.390222149401096;0.2761830043941499;-0.28564453125;
20:17:50;62.0;1576786671;98.187;9.390222149401096;0.2761830043941499;-0.28564453125;
20:17:51;63.0;1576786672;97.91;9.390222149401096;0.2761830043941499;-0.28564453125;
20:17:52;64.0;1576786673;97.294;9.390222149401096;0.2761830043941499;-0.28564453125;
20:17:53;65.0;1576786674;97.315;9.390222149401096;0.2761830043941499;-0.28564453125;
20:17:54;66.0;1576786675;96.872;9.390222149401096;0.2761830043941499;-0.28564453125;
20:17:55;67.0;1576786676;97.125;9.390222149401096;0.2761830043941499;-0.28564453125;
20:17:56;68.0;1576786677;97.697;9.390222149401096;0.2761830043941499;-0.28564453125;
20:17:57;69.0;1576786678;97.485;9.390222149401096;0.2761830043941499;-0.28564453125;
20:17:58;70.0;1576786679;97.697;9.390222149401096;0.2761830043941499;-0.28564453125;
20:17:59;71.0;1576786680;97.91;9.390222149401096;0.2761830043941499;-0.28564453125;
20:18:00;72.0;1576786681;97.995;9.390222149401096;0.2761830043941499;-0.28564453125;
20:18:01;73.0;1576786683;97.952;9.390222149401096;0.2761830043941499;-0.28564453125;
20:18:02;74.0;1576786684;97.931;9.390222149401096;0.2761830043941499;-0.28564453125;
20:18:03;75.0;1576786685;97.294;9.390222149401096;0.2761830043941499;-0.28564453125;
20:18:04;76.0;1576786686;96.977;9.390222149401096;0.2761830043941499;-0.28564453125;
20:18:06;78.0;1576786687;96.977;9.390222149401096;0.2761830043941499;-0.28564453125;
20:18:07;79.0;1576786688;96.851;9.390222149401096;0.2761830043941499;-0.28564453125;
20:18:08;80.0;1576786689;97.294;9.390222149401096;0.2761830043941499;-0.28564453125;
20:18:09;81.0;1576786690;97.591;9.390222149401096;0.2761830043941499;-0.28564453125;
20:18:10;82.0;1576786691;97.548;9.390222149401096;0.2761830043941499;-0.28564453125;
20:18:11;83.0;1576786692;97.506;9.390222149401096;0.2761830043941499;-0.28564453125;
20:18:12;84.0;1576786693;97.041;9.390222149401096;0.2761830043941499;-0.28564453125;
20:18:13;85.0;1576786694;96.977;9.390222149401096;0.2761830043941499;-0.28564453125;
20:18:14;86.0;1576786695;97.041;9.390222149401096;0.2761830043941499;-0.28564453125;
20:18:15;87.0;1576786696;97.273;9.390222149401096;0.2761830043941499;-0.28564453125;
20:18:16;88.0;1576786697;97.548;9.390222149401096;0.2761830043941499;-0.28564453125;
20:18:17;89.0;1576786698;97.569;9.390222149401096;0.2761830043941499;-0.28564453125;
20:18:18;90.0;1576786699;97.676;9.390222149401096;0.2761830043941499;-0.28564453125;
20:18:19;91.0;1576786700;97.633;9.390222149401096;0.2761830043941499;-0.28564453125;
20:18:20;92.0;1576786701;97.633;9.390222149401096;0.2761830043941499;-0.28564453125;
20:18:21;93.0;1576786702;97.463;9.390222149401096;0.2761830043941499;-0.28564453125;
20:18:22;94.0;1576786703;97.485;9.390222149401096;0.2761830043941499;-0.28564453125;
20:18:23;95.0;1576786704;97.485;9.390222149401096;0.2761830043941499;-0.28564453125;
20:18:24;96.0;1576786705;97.485;9.390222149401096;0.2761830043941499;-0.28564453125;
20:18:25;97.0;1576786706;97.697;9.390222149401096;0.2761830043941499;-0.28564453125;
20:18:26;98.0;1576786707;97.973;9.390222149401096;0.2761830043941499;-0.28564453125;
20:18:27;99.0;1576786708;97.803;9.390222149401096;0.2761830043941499;-0.28564453125;
20:18:28;100.0;1576786709;97.782;9.390222149401096;0.2761830043941499;-0.28564453125;
20:18:29;101.0;1576786710;97.995;9.390222149401096;0.2761830043941499;-0.28564453125;
20:18:30;102.0;1576786711;97.612;9.390222149401096;0.2761830043941499;-0.28564453125;
20:18:31;103.0;1576786712;97.569;9.390222149401096;0.2761830043941499;-0.28564453125;
20:18:32;104.0;1576786713;97.803;9.390222149401096;0.2761830043941499;-0.28564453125;
20:18:33;105.0;1576786714;97.569;9.390222149401096;0.2761830043941499;-0.28564453125;
20:18:34;106.0;1576786715;97.104;9.390222149401096;0.2761830043941499;-0.28564453125;
20:18:35;107.0;1576786716;96.767;9.390222149401096;0.2761830043941499;-0.28564453125;
20:18:36;108.0;1576786717;96.788;9.390222149401096;0.2761830043941499;-0.28564453125;
20:18:37;109.0;1576786718;96.348;9.390222149401096;0.2761830043941499;-0.28564453125;
20:18:38;110.0;1576786719;96.767;9.390222149401096;0.2761830043941499;-0.28564453125;
20:18:39;111.0;1576786720;97.315;9.390222149401096;0.2761830043941499;-0.28564453125;
20:18:40;112.0;1576786721;96.999;9.390222149401096;0.2761830043941499;-0.28564453125;
20:18:41;113.0;1576786722;97.421;9.390222149401096;0.2761830043941499;-0.28564453125;
20:18:42;114.0;1576786723;97.358;9.390222149401096;0.2761830043941499;-0.28564453125;
20:18:43;115.0;1576786724;97.188;9.390222149401096;0.2761830043941499;-0.28564453125;
20:18:44;116.0;1576786725;97.041;9.390222149401096;0.2761830043941499;-0.28564453125;
20:18:45;117.0;1576786726;96.893;9.390222149401096;0.2761830043941499;-0.28564453125;
20:18:46;118.0;1576786728;97.188;9.390222149401096;0.2761830043941499;-0.28564453125;
20:18:47;119.0;1576786729;97.146;9.390222149401096;0.2761830043941499;-0.28564453125;
20:18:48;120.0;1576786730;96.914;9.390222149401096;0.2761830043941499;-0.28564453125;
20:18:49;121.0;1576786731;96.83;9.390222149401096;0.2761830043941499;-0.28564453125;
20:18:50;122.0;1576786732;96.557;9.390222149401096;0.2761830043941499;-0.28564453125;
20:18:51;123.0;1576786733;96.809;9.390222149401096;0.2761830043941499;-0.28564453125;
20:18:52;124.0;1576786734;97.676;9.390222149401096;0.2761830043941499;-0.28564453125;
20:18:53;125.0;1576786734;97.485;9.390222149401096;0.2761830043941499;-0.28564453125;
20:18:54;126.0;1576786736;97.485;9.390222149401096;0.2761830043941499;-0.28564453125;
20:18:55;127.0;1576786737;97.273;9.390222149401096;0.2761830043941499;-0.28564453125;
20:18:56;128.0;1576786738;96.809;9.390222149401096;0.2761830043941499;-0.28564453125;
20:18:57;129.0;1576786739;97.421;9.390222149401096;0.2761830043941499;-0.28564453125;
20:18:58;130.0;1576786740;97.824;9.390222149401096;0.2761830043941499;-0.28564453125;
20:18:59;131.0;1576786741;97.633;9.390222149401096;0.2761830043941499;-0.28564453125;
20:19:00;132.0;1576786742;98.059;9.390222149401096;0.2761830043941499;-0.28564453125;
20:19:01;133.0;1576786743;97.91;9.390222149401096;0.2761830043941499;-0.28564453125;
20:19:02;134.0;1576786744;97.506;9.390222149401096;0.2761830043941499;-0.28564453125;
20:19:03;135.0;1576786745;97.231;9.390222149401096;0.2761830043941499;-0.28564453125;
20:19:04;136.0;1576786746;96.893;9.390222149401096;0.2761830043941499;-0.28564453125;
20:19:05;137.0;1576786747;96.662;9.390222149401096;0.2761830043941499;-0.28564453125;
20:19:06;138.0;1576786748;96.473;9.390222149401096;0.2761830043941499;-0.28564453125;
20:19:07;139.0;1576786749;96.662;9.390222149401096;0.2761830043941499;-0.28564453125;
20:19:08;140.0;1576786750;96.788;9.390222149401096;0.2761830043941499;-0.28564453125;
20:19:09;141.0;1576786751;96.999;9.390222149401096;0.2761830043941499;-0.28564453125;
20:19:11;143.0;1576786752;97.485;9.390222149401096;0.2761830043941499;-0.28564453125;
20:19:12;144.0;1576786753;97.803;9.390222149401096;0.2761830043941499;-0.28564453125;
20:19:13;145.0;1576786754;97.846;9.390222149401096;0.2761830043941499;-0.28564453125;
20:19:14;146.0;1576786755;97.379;9.390222149401096;0.2761830043941499;-0.28564453125;
20:19:15;147.0;1576786756;97.273;9.390222149401096;0.2761830043941499;-0.28564453125;
20:19:16;148.0;1576786757;97.188;9.390222149401096;0.2761830043941499;-0.28564453125;
20:19:17;149.0;1576786758;96.956;9.390222149401096;0.2761830043941499;-0.28564453125;
20:19:18;150.0;1576786759;97.231;9.390222149401096;0.2761830043941499;-0.28564453125;
20:19:19;151.0;1576786760;97.104;9.390222149401096;0.2761830043941499;-0.28564453125;
20:19:20;152.0;1576786761;97.336;9.390222149401096;0.2761830043941499;-0.28564453125;
20:19:21;153.0;1576786762;97.125;9.390222149401096;0.2761830043941499;-0.28564453125;
20:19:22;154.0;1576786763;97.02;9.390222149401096;0.2761830043941499;-0.28564453125;
20:19:23;155.0;1576786764;97.421;9.390222149401096;0.2761830043941499;-0.28564453125;
20:19:24;156.0;1576786765;97.252;9.390222149401096;0.2761830043941499;-0.28564453125;
20:19:25;157.0;1576786766;97.485;9.390222149401096;0.2761830043941499;-0.28564453125;
20:19:26;158.0;1576786767;97.548;9.390222149401096;0.2761830043941499;-0.28564453125;
20:19:27;159.0;1576786768;97.104;9.390222149401096;0.2761830043941499;-0.28564453125;
20:19:28;160.0;1576786769;97.125;9.390222149401096;0.2761830043941499;-0.28564453125;
20:19:29;161.0;1576786770;97.273;9.390222149401096;0.2761830043941499;-0.28564453125;
20:19:30;162.0;1576786771;97.231;9.390222149401096;0.2761830043941499;-0.28564453125;
20:19:31;163.0;1576786772;96.809;9.390222149401096;0.2761830043941499;-0.28564453125;
20:19:32;164.0;1576786773;96.746;9.390222149401096;0.2761830043941499;-0.28564453125;
20:19:33;165.0;1576786774;96.788;9.390222149401096;0.2761830043941499;-0.28564453125;
20:19:34;166.0;1576786775;96.62;9.390222149401096;0.2761830043941499;-0.28564453125;
20:19:35;167.0;1576786776;97.083;9.390222149401096;0.2761830043941499;-0.28564453125;
20:19:36;168.0;1576786777;97.231;9.390222149401096;0.2761830043941499;-0.28564453125;
20:19:37;169.0;1576786778;96.977;9.390222149401096;0.2761830043941499;-0.28564453125;
20:19:38;170.0;1576786779;97.231;9.390222149401096;0.2761830043941499;-0.28564453125;
20:19:39;171.0;1576786780;97.252;9.390222149401096;0.2761830043941499;-0.28564453125;
20:19:40;172.0;1576786781;97.336;9.390222149401096;0.2761830043941499;-0.28564453125;
20:19:41;173.0;1576786782;97.21;9.390222149401096;0.2761830043941499;-0.28564453125;
20:19:42;174.0;1576786783;97.421;9.390222149401096;0.2761830043941499;-0.28564453125;
20:19:43;175.0;1576786784;97.591;9.390222149401096;0.2761830043941499;-0.28564453125;
20:19:44;176.0;1576786785;97.125;9.390222149401096;0.2761830043941499;-0.28564453125;
20:19:45;177.0;1576786786;97.083;9.390222149401096;0.2761830043941499;-0.28564453125;
20:19:46;178.0;1576786787;96.599;9.390222149401096;0.2761830043941499;-0.28564453125;
20:19:47;179.0;1576786788;96.662;9.390222149401096;0.2761830043941499;-0.28564453125;
20:19:48;180.0;1576786789;96.872;9.390222149401096;0.2761830043941499;-0.28564453125;
20:19:49;181.0;1576786790;96.851;9.390222149401096;0.2761830043941499;-0.28564453125;
20:19:50;182.0;1576786791;96.872;9.390222149401096;0.2761830043941499;-0.28564453125;
20:19:51;183.0;1576786792;96.641;9.390222149401096;0.2761830043941499;-0.28564453125;
20:19:52;184.0;1576786793;96.83;9.390222149401096;0.2761830043941499;-0.28564453125;
20:19:53;185.0;1576786794;97.273;9.390222149401096;0.2761830043941499;-0.28564453125;
20:19:54;186.0;1576786795;97.294;9.390222149401096;0.2761830043941499;-0.28564453125;
20:19:55;187.0;1576786796;97.442;9.390222149401096;0.2761830043941499;-0.28564453125;
20:19:56;188.0;1576786797;97.083;9.390222149401096;0.2761830043941499;-0.28564453125;
20:19:57;189.0;1576786798;97.125;9.390222149401096;0.2761830043941499;-0.28564453125;
20:19:58;190.0;1576786799;97.336;9.390222149401096;0.2761830043941499;-0.28564453125;
20:19:59;191.0;1576786800;97.358;9.390222149401096;0.2761830043941499;-0.28564453125;
20:20:00;192.0;1576786801;97.294;9.390222149401096;0.2761830043941499;-0.28564453125;
20:20:01;193.0;1576786802;97.041;9.390222149401096;0.2761830043941499;-0.28564453125;
20:20:02;194.0;1576786803;96.977;9.390222149401096;0.2761830043941499;-0.28564453125;
20:20:03;195.0;1576786804;96.746;9.390222149401096;0.2761830043941499;-0.28564453125;
20:20:04;196.0;1576786805;96.788;9.390222149401096;0.2761830043941499;-0.28564453125;
20:20:05;197.0;1576786806;96.599;9.390222149401096;0.2761830043941499;-0.28564453125;
20:20:06;198.0;1576786808;97.104;9.390222149401096;0.2761830043941499;-0.28564453125;
20:20:07;199.0;1576786809;97.125;9.390222149401096;0.2761830043941499;-0.28564453125;
20:20:08;200.0;1576786810;97.125;9.390222149401096;0.2761830043941499;-0.28564453125;
20:20:09;201.0;1576786811;97.315;9.390222149401096;0.2761830043941499;-0.28564453125;
20:20:10;202.0;1576786812;97.041;9.390222149401096;0.2761830043941499;-0.28564453125;
20:20:11;203.0;1576786813;97.041;9.390222149401096;0.2761830043941499;-0.28564453125;
20:20:12;204.0;1576786814;97.273;9.390222149401096;0.2761830043941499;-0.28564453125;
20:20:13;205.0;1576786815;97.463;9.390222149401096;0.2761830043941499;-0.28564453125;
20:20:15;207.0;1576786816;97.231;9.390222149401096;0.2761830043941499;-0.28564453125;
20:20:16;208.0;1576786817;97.231;9.390222149401096;0.2761830043941499;-0.28564453125;
20:20:17;209.0;1576786818;97.188;9.390222149401096;0.2761830043941499;-0.28564453125;
20:20:18;210.0;1576786819;97.167;9.390222149401096;0.2761830043941499;-0.28564453125;
20:20:19;211.0;1576786820;97.315;9.390222149401096;0.2761830043941499;-0.28564453125;
20:20:20;212.0;1576786821;97.294;9.390222149401096;0.2761830043941499;-0.28564453125;
20:20:21;213.0;1576786822;97.252;9.390222149401096;0.2761830043941499;-0.28564453125;
20:20:22;214.0;1576786823;97.083;9.390222149401096;0.2761830043941499;-0.28564453125;
20:20:23;215.0;1576786824;97.02;9.390222149401096;0.2761830043941499;-0.28564453125;
20:20:24;216.0;1576786825;96.62;9.390222149401096;0.2761830043941499;-0.28564453125;
20:20:25;217.0;1576786826;96.893;9.390222149401096;0.2761830043941499;-0.28564453125;
20:20:26;218.0;1576786827;96.704;9.390222149401096;0.2761830043941499;-0.28564453125;
20:20:27;219.0;1576786828;96.704;9.390222149401096;0.2761830043941499;-0.28564453125;
20:20:28;220.0;1576786829;97.294;9.390222149401096;0.2761830043941499;-0.28564453125;
20:20:29;221.0;1576786830;97.104;9.390222149401096;0.2761830043941499;-0.28564453125;
20:20:30;222.0;1576786831;97.294;9.390222149401096;0.2761830043941499;-0.28564453125;
20:20:31;223.0;1576786832;97.358;9.390222149401096;0.2761830043941499;-0.28564453125;
20:20:32;224.0;1576786833;97.104;9.390222149401096;0.2761830043941499;-0.28564453125;
20:20:33;225.0;1576786834;97.273;9.390222149401096;0.2761830043941499;-0.28564453125;
20:20:34;226.0;1576786835;97.294;9.390222149401096;0.2761830043941499;-0.28564453125;
20:20:35;227.0;1576786836;97.21;9.390222149401096;0.2761830043941499;-0.28564453125;
20:20:36;228.0;1576786837;97.527;9.390222149401096;0.2761830043941499;-0.28564453125;
20:20:37;229.0;1576786838;97.4;9.390222149401096;0.2761830043941499;-0.28564453125;
20:20:38;230.0;1576786839;97.358;9.390222149401096;0.2761830043941499;-0.28564453125;
20:20:39;231.0;1576786840;97.21;9.390222149401096;0.2761830043941499;-0.28564453125;
20:20:40;232.0;1576786841;96.725;9.390222149401096;0.2761830043941499;-0.28564453125;
20:20:41;233.0;1576786842;96.683;9.390222149401096;0.2761830043941499;-0.28564453125;
20:20:42;234.0;1576786843;96.725;9.390222149401096;0.2761830043941499;-0.28564453125;
20:20:43;235.0;1576786844;96.473;9.390222149401096;0.2761830043941499;-0.28564453125;
20:20:44;236.0;1576786845;96.578;9.390222149401096;0.2761830043941499;-0.28564453125;
20:20:45;237.0;1576786846;96.515;9.390222149401096;0.2761830043941499;-0.28564453125;
20:20:46;238.0;1576786847;96.536;9.390222149401096;0.2761830043941499;-0.28564453125;
20:20:47;239.0;1576786848;96.893;9.390222149401096;0.2761830043941499;-0.28564453125;
20:20:48;240.0;1576786849;96.872;9.390222149401096;0.2761830043941499;-0.28564453125;
20:20:49;241.0;1576786850;96.725;9.390222149401096;0.2761830043941499;-0.28564453125;
20:20:50;242.0;1576786851;96.893;9.390222149401096;0.2761830043941499;-0.28564453125;
20:20:52;244.0;1576786852;97.336;9.390222149401096;0.2761830043941499;-0.28564453125;
20:20:53;245.0;1576786854;97.654;9.390222149401096;0.2761830043941499;-0.28564453125;
20:20:54;246.0;1576786855;97.252;9.390222149401096;0.2761830043941499;-0.28564453125;
20:20:55;247.0;1576786856;96.83;9.390222149401096;0.2761830043941499;-0.28564453125;
20:20:56;248.0;1576786857;96.767;9.390222149401096;0.2761830043941499;-0.28564453125;
20:20:57;249.0;1576786858;96.83;9.390222149401096;0.2761830043941499;-0.28564453125;
20:20:58;250.0;1576786859;97.188;9.390222149401096;0.2761830043941499;-0.28564453125;
20:20:59;251.0;1576786860;97.21;9.390222149401096;0.2761830043941499;-0.28564453125;
20:21:00;252.0;1576786862;97.167;9.390222149401096;0.2761830043941499;-0.28564453125;
20:21:01;253.0;1576786863;97.252;9.390222149401096;0.2761830043941499;-0.28564453125;
20:21:02;254.0;1576786864;96.893;9.390222149401096;0.2761830043941499;-0.28564453125;
20:21:03;255.0;1576786865;97.104;9.390222149401096;0.2761830043941499;-0.28564453125;
20:21:04;256.0;1576786866;96.977;9.390222149401096;0.2761830043941499;-0.28564453125;
20:21:05;257.0;1576786867;96.452;9.390222149401096;0.2761830043941499;-0.28564453125;
20:21:06;258.0;1576786868;96.662;9.390222149401096;0.2761830043941499;-0.28564453125;
20:21:07;259.0;1576786869;96.704;9.390222149401096;0.2761830043941499;-0.28564453125;
20:21:08;260.0;1576786870;96.62;9.390222149401096;0.2761830043941499;-0.28564453125;
20:21:09;261.0;1576786871;96.725;9.390222149401096;0.2761830043941499;-0.28564453125;
20:21:10;262.0;1576786872;96.704;9.390222149401096;0.2761830043941499;-0.28564453125;
20:21:11;263.0;1576786873;96.41;9.390222149401096;0.2761830043941499;-0.28564453125;
20:21:12;264.0;1576786874;96.515;9.390222149401096;0.2761830043941499;-0.28564453125;
20:21:13;265.0;1576786875;96.641;9.390222149401096;0.2761830043941499;-0.28564453125;
20:21:14;266.0;1576786876;96.662;9.390222149401096;0.2761830043941499;-0.28564453125;
20:21:15;267.0;1576786877;97.146;9.390222149401096;0.2761830043941499;-0.28564453125;
20:21:16;268.0;1576786878;97.294;9.390222149401096;0.2761830043941499;-0.28564453125;
20:21:17;269.0;1576786879;97.083;9.390222149401096;0.2761830043941499;-0.28564453125;
20:21:19;271.0;1576786880;96.767;9.390222149401096;0.2761830043941499;-0.28564453125;
20:21:20;272.0;1576786881;96.327;9.390222149401096;0.2761830043941499;-0.28564453125;
20:21:21;273.0;1576786882;96.39;9.390222149401096;0.2761830043941499;-0.28564453125;
20:21:22;274.0;1576786883;96.557;9.390222149401096;0.2761830043941499;-0.28564453125;
20:21:23;275.0;1576786884;96.641;9.390222149401096;0.2761830043941499;-0.28564453125;
20:21:24;276.0;1576786885;96.809;9.390222149401096;0.2761830043941499;-0.28564453125;
20:21:25;277.0;1576786886;96.557;9.390222149401096;0.2761830043941499;-0.28564453125;
20:21:26;278.0;1576786887;96.41;9.390222149401096;0.2761830043941499;-0.28564453125;
20:21:27;279.0;1576786888;96.18;9.390222149401096;0.2761830043941499;-0.28564453125;
20:21:28;280.0;1576786889;96.16;9.390222149401096;0.2761830043941499;-0.28564453125;
20:21:29;281.0;1576786890;96.16;9.390222149401096;0.2761830043941499;-0.28564453125;
20:21:30;282.0;1576786891;96.557;9.390222149401096;0.2761830043941499;-0.28564453125;
20:21:31;283.0;1576786892;97.231;9.390222149401096;0.2761830043941499;-0.28564453125;
20:21:32;284.0;1576786893;97.252;9.390222149401096;0.2761830043941499;-0.28564453125;
20:21:33;285.0;1576786894;97.231;9.390222149401096;0.2761830043941499;-0.28564453125;
20:21:34;286.0;1576786895;96.999;9.390222149401096;0.2761830043941499;-0.28564453125;
20:21:35;287.0;1576786896;96.536;9.390222149401096;0.2761830043941499;-0.28564453125;
20:21:36;288.0;1576786897;96.348;9.390222149401096;0.2761830043941499;-0.28564453125;
20:21:37;289.0;1576786898;96.557;9.390222149401096;0.2761830043941499;-0.28564453125;
20:21:38;290.0;1576786899;96.599;9.390222149401096;0.2761830043941499;-0.28564453125;
20:21:39;291.0;1576786900;96.851;9.390222149401096;0.2761830043941499;-0.28564453125;
20:21:40;292.0;1576786901;97.083;9.390222149401096;0.2761830043941499;-0.28564453125;
20:21:41;293.0;1576786902;97.041;9.390222149401096;0.2761830043941499;-0.28564453125;
20:21:42;294.0;1576786903;97.252;9.390222149401096;0.2761830043941499;-0.28564453125;
20:21:43;295.0;1576786904;97.252;9.390222149401096;0.2761830043941499;-0.28564453125;
20:21:44;296.0;1576786905;97.188;9.390222149401096;0.2761830043941499;-0.28564453125;
20:21:45;297.0;1576786906;96.83;9.390222149401096;0.2761830043941499;-0.28564453125;
20:21:46;298.0;1576786907;96.41;9.390222149401096;0.2761830043941499;-0.28564453125;
20:21:47;299.0;1576786908;96.201;9.390222149401096;0.2761830043941499;-0.28564453125;
20:21:48;300.0;1576786909;96.452;9.390222149401096;0.2761830043941499;-0.28564453125;
20:21:49;301.0;1576786910;96.872;9.390222149401096;0.2761830043941499;-0.28564453125;
20:21:51;303.0;1576786911;96.788;9.390222149401096;0.2761830043941499;-0.28564453125;
20:21:52;304.0;1576786913;96.767;9.390222149401096;0.2761830043941499;-0.28564453125;
20:21:53;305.0;1576786914;96.599;9.390222149401096;0.2761830043941499;-0.28564453125;
20:21:54;306.0;1576786915;96.452;9.390222149401096;0.2761830043941499;-0.28564453125;
20:21:55;307.0;1576786916;97.104;9.390222149401096;0.2761830043941499;-0.28564453125;
20:21:56;308.0;1576786917;96.536;9.390222149401096;0.2761830043941499;-0.28564453125;
20:21:57;309.0;1576786918;96.473;9.390222149401096;0.2761830043941499;-0.28564453125;
20:21:58;310.0;1576786919;96.683;9.390222149401096;0.2761830043941499;-0.28564453125;
20:21:59;311.0;1576786920;96.264;9.390222149401096;0.2761830043941499;-0.28564453125;
20:22:00;312.0;1576786921;96.935;9.390222149401096;0.2761830043941499;-0.28564453125;
20:22:01;313.0;1576786923;96.935;9.390222149401096;0.2761830043941499;-0.28564453125;
20:22:02;314.0;1576786924;96.473;9.390222149401096;0.2761830043941499;-0.28564453125;
20:22:03;315.0;1576786925;96.872;9.390222149401096;0.2761830043941499;-0.28564453125;
20:22:04;316.0;1576786926;96.39;9.390222149401096;0.2761830043941499;-0.28564453125;
20:22:05;317.0;1576786927;96.599;9.390222149401096;0.2761830043941499;-0.28564453125;
20:22:06;318.0;1576786928;96.956;9.390222149401096;0.2761830043941499;-0.28564453125;
20:22:07;319.0;1576786929;96.536;9.390222149401096;0.2761830043941499;-0.28564453125;
20:22:08;320.0;1576786930;96.557;9.390222149401096;0.2761830043941499;-0.28564453125;
20:22:09;321.0;1576786931;96.18;9.390222149401096;0.2761830043941499;-0.28564453125;
20:22:10;322.0;1576786932;96.243;9.390222149401096;0.2761830043941499;-0.28564453125;
20:22:11;323.0;1576786933;96.285;9.390222149401096;0.2761830043941499;-0.28564453125;
20:22:12;324.0;1576786934;96.473;9.390222149401096;0.2761830043941499;-0.28564453125;
20:22:13;325.0;1576786935;96.872;9.390222149401096;0.2761830043941499;-0.28564453125;
20:22:14;326.0;1576786936;96.683;9.390222149401096;0.2761830043941499;-0.28564453125;
20:22:15;327.0;1576786937;96.662;9.390222149401096;0.2761830043941499;-0.28564453125;
20:22:16;328.0;1576786938;96.704;9.390222149401096;0.2761830043941499;-0.28564453125;
20:22:17;329.0;1576786939;96.473;9.390222149401096;0.2761830043941499;-0.28564453125;
20:22:18;330.0;1576786940;96.494;9.390222149401096;0.2761830043941499;-0.28564453125;
20:22:19;331.0;1576786941;96.683;9.390222149401096;0.2761830043941499;-0.28564453125;
20:22:20;332.0;1576786942;96.683;9.390222149401096;0.2761830043941499;-0.28564453125;
20:22:21;333.0;1576786943;96.851;9.390222149401096;0.2761830043941499;-0.28564453125;
20:22:23;335.0;1576786944;96.578;9.390222149401096;0.2761830043941499;-0.28564453125;
20:22:24;336.0;1576786945;96.62;9.390222149401096;0.2761830043941499;-0.28564453125;
20:22:25;337.0;1576786946;96.641;9.390222149401096;0.2761830043941499;-0.28564453125;
20:22:26;338.0;1576786947;96.327;9.390222149401096;0.2761830043941499;-0.28564453125;
20:22:27;339.0;1576786948;96.788;9.390222149401096;0.2761830043941499;-0.28564453125;
20:22:28;340.0;1576786949;96.956;9.390222149401096;0.2761830043941499;-0.28564453125;
20:22:29;341.0;1576786950;96.725;9.390222149401096;0.2761830043941499;-0.28564453125;
20:22:30;342.0;1576786951;97.273;9.390222149401096;0.2761830043941499;-0.28564453125;
20:22:31;343.0;1576786952;97.252;9.390222149401096;0.2761830043941499;-0.28564453125;
20:22:32;344.0;1576786953;96.641;9.390222149401096;0.2761830043941499;-0.28564453125;
20:22:33;345.0;1576786954;96.767;9.390222149401096;0.2761830043941499;-0.28564453125;
20:22:34;346.0;1576786955;96.39;9.390222149401096;0.2761830043941499;-0.28564453125;
20:22:35;347.0;1576786956;96.41;9.390222149401096;0.2761830043941499;-0.28564453125;
20:22:36;348.0;1576786957;96.641;9.390222149401096;0.2761830043941499;-0.28564453125;
20:22:37;349.0;1576786958;96.641;9.390222149401096;0.2761830043941499;-0.28564453125;
20:22:38;350.0;1576786959;96.578;9.390222149401096;0.2761830043941499;-0.28564453125;
20:22:39;351.0;1576786960;96.494;9.390222149401096;0.2761830043941499;-0.28564453125;
20:22:40;352.0;1576786961;96.494;9.390222149401096;0.2761830043941499;-0.28564453125;
20:22:41;353.0;1576786962;96.536;9.390222149401096;0.2761830043941499;-0.28564453125;
20:22:42;354.0;1576786963;96.599;9.390222149401096;0.2761830043941499;-0.28564453125;
20:22:43;355.0;1576786964;96.473;9.390222149401096;0.2761830043941499;-0.28564453125;
20:22:44;356.0;1576786965;96.515;9.390222149401096;0.2761830043941499;-0.28564453125;
20:22:45;357.0;1576786966;96.536;9.390222149401096;0.2761830043941499;-0.28564453125;
20:22:46;358.0;1576786967;96.725;9.390222149401096;0.2761830043941499;-0.28564453125;
20:22:47;359.0;1576786968;96.494;9.390222149401096;0.2761830043941499;-0.28564453125;
20:22:48;360.0;1576786969;96.41;9.390222149401096;0.2761830043941499;-0.28564453125;
20:22:50;362.0;1576786970;96.034;9.390222149401096;0.2761830043941499;-0.28564453125;
20:22:51;363.0;1576786972;95.993;9.390222149401096;0.2761830043941499;-0.28564453125;
20:22:52;364.0;1576786973;96.055;9.390222149401096;0.2761830043941499;-0.28564453125;
20:22:53;365.0;1576786974;96.264;9.390222149401096;0.2761830043941499;-0.28564453125;
20:22:54;366.0;1576786975;96.014;9.390222149401096;0.2761830043941499;-0.28564453125;
20:22:55;367.0;1576786976;96.264;9.390222149401096;0.2761830043941499;-0.28564453125;
20:22:56;368.0;1576786977;96.243;9.390222149401096;0.2761830043941499;-0.28564453125;
20:22:57;369.0;1576786978;96.076;9.390222149401096;0.2761830043941499;-0.28564453125;
20:22:58;370.0;1576786979;96.935;9.390222149401096;0.2761830043941499;-0.28564453125;
20:22:59;371.0;1576786980;96.725;9.390222149401096;0.2761830043941499;-0.28564453125;
20:23:00;372.0;1576786981;96.704;9.390222149401096;0.2761830043941499;-0.28564453125;
20:23:01;373.0;1576786982;96.851;9.390222149401096;0.2761830043941499;-0.28564453125;
20:23:02;374.0;1576786983;96.473;9.390222149401096;0.2761830043941499;-0.28564453125;
20:23:03;375.0;1576786984;96.851;9.390222149401096;0.2761830043941499;-0.28564453125;
20:23:04;376.0;1576786985;96.809;9.390222149401096;0.2761830043941499;-0.28564453125;
20:23:05;377.0;1576786986;96.977;9.390222149401096;0.2761830043941499;-0.28564453125;
20:23:06;378.0;1576786987;96.515;9.390222149401096;0.2761830043941499;-0.28564453125;
20:23:07;379.0;1576786988;96.16;9.390222149401096;0.2761830043941499;-0.28564453125;
20:23:08;380.0;1576786989;96.452;9.390222149401096;0.2761830043941499;-0.28564453125;
20:23:09;381.0;1576786990;96.306;9.390222149401096;0.2761830043941499;-0.28564453125;
20:23:10;382.0;1576786991;96.704;9.390222149401096;0.2761830043941499;-0.28564453125;
20:23:11;383.0;1576786992;96.83;9.390222149401096;0.2761830043941499;-0.28564453125;
20:23:12;384.0;1576786993;96.767;9.390222149401096;0.2761830043941499;-0.28564453125;
20:23:13;385.0;1576786994;96.935;9.390222149401096;0.2761830043941499;-0.28564453125;
20:23:14;386.0;1576786996;96.662;9.390222149401096;0.2761830043941499;-0.28564453125;
20:23:15;387.0;1576786997;96.746;9.390222149401096;0.2761830043941499;-0.28564453125;
20:23:16;388.0;1576786998;96.536;9.390222149401096;0.2761830043941499;-0.28564453125;
20:23:17;389.0;1576786999;95.972;9.390222149401096;0.2761830043941499;-0.28564453125;
20:23:18;390.0;1576787000;96.055;9.390222149401096;0.2761830043941499;-0.28564453125;
20:23:19;391.0;1576787001;96.034;9.390222149401096;0.2761830043941499;-0.28564453125;
20:23:20;392.0;1576787002;96.243;9.390222149401096;0.2761830043941499;-0.28564453125;
20:23:21;393.0;1576787003;96.16;9.390222149401096;0.2761830043941499;-0.28564453125;
20:23:22;394.0;1576787004;96.139;9.390222149401096;0.2761830043941499;-0.28564453125;
20:23:23;395.0;1576787005;95.972;9.390222149401096;0.2761830043941499;-0.28564453125;
20:23:24;396.0;1576787006;95.847;9.390222149401096;0.2761830043941499;-0.28564453125;
20:23:25;397.0;1576787007;96.222;9.390222149401096;0.2761830043941499;-0.28564453125;
20:23:27;399.0;1576787008;96.264;9.390222149401096;0.2761830043941499;-0.28564453125;
20:23:28;400.0;1576787009;96.39;9.390222149401096;0.2761830043941499;-0.28564453125;
20:23:29;401.0;1576787010;96.18;9.390222149401096;0.2761830043941499;-0.28564453125;
20:23:30;402.0;1576787011;96.076;9.390222149401096;0.2761830043941499;-0.28564453125;
20:23:31;403.0;1576787012;96.014;9.390222149401096;0.2761830043941499;-0.28564453125;
20:23:32;404.0;1576787013;95.847;9.390222149401096;0.2761830043941499;-0.28564453125;
20:23:33;405.0;1576787014;95.993;9.390222149401096;0.2761830043941499;-0.28564453125;
20:23:34;406.0;1576787015;95.909;9.390222149401096;0.2761830043941499;-0.28564453125;
20:23:35;407.0;1576787016;95.743;9.390222149401096;0.2761830043941499;-0.28564453125;
20:23:36;408.0;1576787017;95.951;9.390222149401096;0.2761830043941499;-0.28564453125;
20:23:37;409.0;1576787018;96.139;9.390222149401096;0.2761830043941499;-0.28564453125;
20:23:38;410.0;1576787019;96.39;9.390222149401096;0.2761830043941499;-0.28564453125;
20:23:39;411.0;1576787020;96.851;9.390222149401096;0.2761830043941499;-0.28564453125;
20:23:40;412.0;1576787021;96.662;9.390222149401096;0.2761830043941499;-0.28564453125;
20:23:41;413.0;1576787022;96.494;9.390222149401096;0.2761830043941499;-0.28564453125;
20:23:42;414.0;1576787023;96.578;9.390222149401096;0.2761830043941499;-0.28564453125;
20:23:43;415.0;1576787024;96.327;9.390222149401096;0.2761830043941499;-0.28564453125;
20:23:44;416.0;1576787025;96.452;9.390222149401096;0.2761830043941499;-0.28564453125;
20:23:45;417.0;1576787026;96.264;9.390222149401096;0.2761830043941499;-0.28564453125;
20:23:46;418.0;1576787027;96.034;9.390222149401096;0.2761830043941499;-0.28564453125;
20:23:47;419.0;1576787028;96.034;9.390222149401096;0.2761830043941499;-0.28564453125;
20:23:48;420.0;1576787029;96.097;9.390222149401096;0.2761830043941499;-0.28564453125;
20:23:49;421.0;1576787029;96.348;9.390222149401096;0.2761830043941499;-0.28564453125;
20:23:50;422.0;1576787031;96.097;9.390222149401096;0.2761830043941499;-0.28564453125;
20:23:51;423.0;1576787032;96.076;9.390222149401096;0.2761830043941499;-0.28564453125;
20:23:52;424.0;1576787033;95.826;9.390222149401096;0.2761830043941499;-0.28564453125;
20:23:53;425.0;1576787034;95.681;9.390222149401096;0.2761830043941499;-0.28564453125;
20:23:54;426.0;1576787035;95.868;9.390222149401096;0.2761830043941499;-0.28564453125;
20:23:55;427.0;1576787036;95.909;9.390222149401096;0.2761830043941499;-0.28564453125;
20:23:56;428.0;1576787037;96.055;9.390222149401096;0.2761830043941499;-0.28564453125;
20:23:57;429.0;1576787038;95.909;9.390222149401096;0.2761830043941499;-0.28564453125;
20:23:58;430.0;1576787039;95.556;9.390222149401096;0.2761830043941499;-0.28564453125;
20:23:59;431.0;1576787040;95.287;9.390222149401096;0.2761830043941499;-0.28564453125;
20:24:00;432.0;1576787042;95.598;9.390222149401096;0.2761830043941499;-0.28564453125;
20:24:01;433.0;1576787043;96.076;9.390222149401096;0.2761830043941499;-0.28564453125;
20:24:02;434.0;1576787044;96.18;9.390222149401096;0.2761830043941499;-0.28564453125;
20:24:03;435.0;1576787045;96.034;9.390222149401096;0.2761830043941499;-0.28564453125;
20:24:04;436.0;1576787046;95.785;9.390222149401096;0.2761830043941499;-0.28564453125;
20:24:05;437.0;1576787047;95.287;9.390222149401096;0.2761830043941499;-0.28564453125;
20:24:06;438.0;1576787048;95.785;9.390222149401096;0.2761830043941499;-0.28564453125;
20:24:07;439.0;1576787049;96.118;9.390222149401096;0.2761830043941499;-0.28564453125;
20:24:08;440.0;1576787050;96.139;9.390222149401096;0.2761830043941499;-0.28564453125;
20:24:09;441.0;1576787051;96.327;9.390222149401096;0.2761830043941499;-0.28564453125;
20:24:10;442.0;1576787052;96.118;9.390222149401096;0.2761830043941499;-0.28564453125;
20:24:11;443.0;1576787053;96.18;9.390222149401096;0.2761830043941499;-0.28564453125;
20:24:12;444.0;1576787054;95.972;9.390222149401096;0.2761830043941499;-0.28564453125;
20:24:13;445.0;1576787055;95.826;9.390222149401096;0.2761830043941499;-0.28564453125;
20:24:14;446.0;1576787056;95.806;9.390222149401096;0.2761830043941499;-0.28564453125;
20:24:15;447.0;1576787057;95.785;9.390222149401096;0.2761830043941499;-0.28564453125;
20:24:16;448.0;1576787058;95.598;9.390222149401096;0.2761830043941499;-0.28564453125;
20:24:17;449.0;1576787059;95.639;9.390222149401096;0.2761830043941499;-0.28564453125;
20:24:18;450.0;1576787060;95.432;9.390222149401096;0.2761830043941499;-0.28564453125;
20:24:19;451.0;1576787061;95.225;9.390222149401096;0.2761830043941499;-0.28564453125;
20:24:20;452.0;1576787062;95.37;9.390222149401096;0.2761830043941499;-0.28564453125;
20:24:21;453.0;1576787063;95.494;9.390222149401096;0.2761830043941499;-0.28564453125;
20:24:22;454.0;1576787064;95.764;9.390222149401096;0.2761830043941499;-0.28564453125;
20:24:23;455.0;1576787065;95.972;9.390222149401096;0.2761830043941499;-0.28564453125;
20:24:24;456.0;1576787066;96.097;9.390222149401096;0.2761830043941499;-0.28564453125;
20:24:25;457.0;1576787067;96.118;9.390222149401096;0.2761830043941499;-0.28564453125;
20:24:26;458.0;1576787068;96.034;9.390222149401096;0.2761830043941499;-0.28564453125;
20:24:27;459.0;1576787069;95.639;9.390222149401096;0.2761830043941499;-0.28564453125;
20:24:28;460.0;1576787070;95.515;9.390222149401096;0.2761830043941499;-0.28564453125;
20:24:29;461.0;1576787071;95.329;9.390222149401096;0.2761830043941499;-0.28564453125;
20:24:31;463.0;1576787072;95.391;9.390222149401096;0.2761830043941499;-0.28564453125;
20:24:32;464.0;1576787073;95.598;9.390222149401096;0.2761830043941499;-0.28564453125;
20:24:33;465.0;1576787074;95.826;9.390222149401096;0.2761830043941499;-0.28564453125;
20:24:34;466.0;1576787075;96.243;9.390222149401096;0.2761830043941499;-0.28564453125;
20:24:35;467.0;1576787076;96.201;9.390222149401096;0.2761830043941499;-0.28564453125;
20:24:36;468.0;1576787077;96.452;9.390222149401096;0.2761830043941499;-0.28564453125;
20:24:37;469.0;1576787078;96.264;9.390222149401096;0.2761830043941499;-0.28564453125;
20:24:38;470.0;1576787079;96.222;9.390222149401096;0.2761830043941499;-0.28564453125;
20:24:39;471.0;1576787080;95.826;9.390222149401096;0.2761830043941499;-0.28564453125;
20:24:40;472.0;1576787081;95.826;9.390222149401096;0.2761830043941499;-0.28564453125;
20:24:41;473.0;1576787082;96.076;9.390222149401096;0.2761830043941499;-0.28564453125;
20:24:42;474.0;1576787083;95.764;9.390222149401096;0.2761830043941499;-0.28564453125;
20:24:43;475.0;1576787084;96.18;9.390222149401096;0.2761830043941499;-0.28564453125;
20:24:44;476.0;1576787085;96.139;9.390222149401096;0.2761830043941499;-0.28564453125;
20:24:45;477.0;1576787086;95.868;9.390222149401096;0.2761830043941499;-0.28564453125;
20:24:46;478.0;1576787087;95.764;9.390222149401096;0.2761830043941499;-0.28564453125;
20:24:48;480.0;1576787088;95.66;9.390222149401096;0.2761830043941499;-0.28564453125;
20:24:49;481.0;1576787090;95.515;9.390222149401096;0.2761830043941499;-0.28564453125;
20:24:50;482.0;1576787091;95.577;9.390222149401096;0.2761830043941499;-0.28564453125;
20:24:51;483.0;1576787092;95.556;9.390222149401096;0.2761830043941499;-0.28564453125;
20:24:52;484.0;1576787093;95.205;9.390222149401096;0.2761830043941499;-0.28564453125;
20:24:53;485.0;1576787094;95.577;9.390222149401096;0.2761830043941499;-0.28564453125;
20:24:54;486.0;1576787095;95.806;9.390222149401096;0.2761830043941499;-0.28564453125;
20:24:55;487.0;1576787096;95.847;9.390222149401096;0.2761830043941499;-0.28564453125;
20:24:56;488.0;1576787097;96.014;9.390222149401096;0.2761830043941499;-0.28564453125;
20:24:57;489.0;1576787098;95.868;9.390222149401096;0.2761830043941499;-0.28564453125;
20:24:58;490.0;1576787099;96.014;9.390222149401096;0.2761830043941499;-0.28564453125;
20:24:59;491.0;1576787100;95.826;9.390222149401096;0.2761830043941499;-0.28564453125;
20:25:00;492.0;1576787101;96.097;9.390222149401096;0.2761830043941499;-0.28564453125;
20:25:01;493.0;1576787102;96.076;9.390222149401096;0.2761830043941499;-0.28564453125;
20:25:02;494.0;1576787103;95.619;9.390222149401096;0.2761830043941499;-0.28564453125;
20:25:03;495.0;1576787104;96.076;9.390222149401096;0.2761830043941499;-0.28564453125;
20:25:04;496.0;1576787105;95.639;9.390222149401096;0.2761830043941499;-0.28564453125;
20:25:05;497.0;1576787106;95.639;9.390222149401096;0.2761830043941499;-0.28564453125;
20:25:06;498.0;1576787107;95.66;9.390222149401096;0.2761830043941499;-0.28564453125;
20:25:07;499.0;1576787108;94.957;9.390222149401096;0.2761830043941499;-0.28564453125;
20:25:08;500.0;1576787109;95.329;9.390222149401096;0.2761830043941499;-0.28564453125;
20:25:09;501.0;1576787110;95.329;9.390222149401096;0.2761830043941499;-0.28564453125;
20:25:10;502.0;1576787111;95.329;9.390222149401096;0.2761830043941499;-0.28564453125;
20:25:11;503.0;1576787112;95.764;9.390222149401096;0.2761830043941499;-0.28564453125;
20:25:12;504.0;1576787113;95.556;9.390222149401096;0.2761830043941499;-0.28564453125;
20:25:13;505.0;1576787114;95.536;9.390222149401096;0.2761830043941499;-0.28564453125;
20:25:14;506.0;1576787115;95.639;9.390222149401096;0.2761830043941499;-0.28564453125;
20:25:15;507.0;1576787116;95.494;9.390222149401096;0.2761830043941499;-0.28564453125;
20:25:16;508.0;1576787117;95.722;9.390222149401096;0.2761830043941499;-0.28564453125;
20:25:17;509.0;1576787118;95.93;9.390222149401096;0.2761830043941499;-0.28564453125;
20:25:18;510.0;1576787119;95.826;9.390222149401096;0.2761830043941499;-0.28564453125;
20:25:19;511.0;1576787120;95.785;9.390222149401096;0.2761830043941499;-0.28564453125;
20:25:20;512.0;1576787121;95.598;9.390222149401096;0.2761830043941499;-0.28564453125;
20:25:21;513.0;1576787122;95.556;9.390222149401096;0.2761830043941499;-0.28564453125;
20:25:22;514.0;1576787123;95.826;9.390222149401096;0.2761830043941499;-0.28564453125;
20:25:23;515.0;1576787124;95.847;9.390222149401096;0.2761830043941499;-0.28564453125;
20:25:24;516.0;1576787125;95.847;9.390222149401096;0.2761830043941499;-0.28564453125;
20:25:25;517.0;1576787126;95.702;9.390222149401096;0.2761830043941499;-0.28564453125;
20:25:26;518.0;1576787127;95.681;9.390222149401096;0.2761830043941499;-0.28564453125;
20:25:27;519.0;1576787128;95.453;9.390222149401096;0.2761830043941499;-0.28564453125;
20:25:28;520.0;1576787130;95.826;9.390222149401096;0.2761830043941499;-0.28564453125;
20:25:29;521.0;1576787131;95.411;9.390222149401096;0.2761830043941499;-0.28564453125;
20:25:30;522.0;1576787132;95.37;9.390222149401096;0.2761830043941499;-0.28564453125;
20:25:31;523.0;1576787133;95.556;9.390222149401096;0.2761830043941499;-0.28564453125;
20:25:32;524.0;1576787134;94.937;9.390222149401096;0.2761830043941499;-0.28564453125;
20:25:33;525.0;1576787135;95.164;9.390222149401096;0.2761830043941499;-0.28564453125;
20:25:35;527.0;1576787136;95.184;9.390222149401096;0.2761830043941499;-0.28564453125;
20:25:36;528.0;1576787137;95.619;9.390222149401096;0.2761830043941499;-0.28564453125;
20:25:37;529.0;1576787138;95.702;9.390222149401096;0.2761830043941499;-0.28564453125;
20:25:38;530.0;1576787139;95.806;9.390222149401096;0.2761830043941499;-0.28564453125;
20:25:39;531.0;1576787140;95.225;9.390222149401096;0.2761830043941499;-0.28564453125;
20:25:40;532.0;1576787141;94.752;9.390222149401096;0.2761830043941499;-0.28564453125;
20:25:41;533.0;1576787142;94.526;9.390222149401096;0.2761830043941499;-0.28564453125;
20:25:42;534.0;1576787143;94.793;9.390222149401096;0.2761830043941499;-0.28564453125;
20:25:43;535.0;1576787144;95.143;9.390222149401096;0.2761830043941499;-0.28564453125;
20:25:44;536.0;1576787145;95.184;9.390222149401096;0.2761830043941499;-0.28564453125;
20:25:45;537.0;1576787146;95.577;9.390222149401096;0.2761830043941499;-0.28564453125;
20:25:46;538.0;1576787147;95.556;9.390222149401096;0.2761830043941499;-0.28564453125;
20:25:47;539.0;1576787147;95.826;9.390222149401096;0.2761830043941499;-0.28564453125;
20:25:48;540.0;1576787149;95.619;9.390222149401096;0.2761830043941499;-0.28564453125;
20:25:49;541.0;1576787150;95.598;9.390222149401096;0.2761830043941499;-0.28564453125;
20:25:50;542.0;1576787151;95.66;9.390222149401096;0.2761830043941499;-0.28564453125;
20:25:51;543.0;1576787152;95.474;9.390222149401096;0.2761830043941499;-0.28564453125;
20:25:52;544.0;1576787153;95.681;9.390222149401096;0.2761830043941499;-0.28564453125;
20:25:53;545.0;1576787154;95.722;9.390222149401096;0.2761830043941499;-0.28564453125;
20:25:54;546.0;1576787155;95.267;9.390222149401096;0.2761830043941499;-0.28564453125;
20:25:55;547.0;1576787156;95.308;9.390222149401096;0.2761830043941499;-0.28564453125;
20:25:56;548.0;1576787157;95.308;9.390222149401096;0.2761830043941499;-0.28564453125;
20:25:57;549.0;1576787158;94.999;9.390222149401096;0.2761830043941499;-0.28564453125;
20:25:58;550.0;1576787159;95.391;9.390222149401096;0.2761830043941499;-0.28564453125;
20:25:59;551.0;1576787160;95.06;9.390222149401096;0.2761830043941499;-0.28564453125;
20:26:00;552.0;1576787161;94.69;9.390222149401096;0.2761830043941499;-0.28564453125;
20:26:01;553.0;1576787162;95.287;9.390222149401096;0.2761830043941499;-0.28564453125;
20:26:02;554.0;1576787163;95.246;9.390222149401096;0.2761830043941499;-0.28564453125;
20:26:03;555.0;1576787164;95.702;9.390222149401096;0.2761830043941499;-0.28564453125;
20:26:04;556.0;1576787165;96.264;9.390222149401096;0.2761830043941499;-0.28564453125;
20:26:05;557.0;1576787166;95.93;9.390222149401096;0.2761830043941499;-0.28564453125;
20:26:06;558.0;1576787167;95.785;9.390222149401096;0.2761830043941499;-0.28564453125;
20:26:07;559.0;1576787168;95.577;9.390222149401096;0.2761830043941499;-0.28564453125;
20:26:08;560.0;1576787169;95.639;9.390222149401096;0.2761830043941499;-0.28564453125;
20:26:09;561.0;1576787170;95.432;9.390222149401096;0.2761830043941499;-0.28564453125;
20:26:10;562.0;1576787171;95.37;9.390222149401096;0.2761830043941499;-0.28564453125;
20:26:11;563.0;1576787172;94.978;9.390222149401096;0.2761830043941499;-0.28564453125;
20:26:12;564.0;1576787173;94.731;9.390222149401096;0.2761830043941499;-0.28564453125;
20:26:13;565.0;1576787175;94.896;9.390222149401096;0.2761830043941499;-0.28564453125;
20:26:14;566.0;1576787176;94.916;9.390222149401096;0.2761830043941499;-0.28564453125;
20:26:15;567.0;1576787177;95.287;9.390222149401096;0.2761830043941499;-0.28564453125;
20:26:16;568.0;1576787178;95.474;9.390222149401096;0.2761830043941499;-0.28564453125;
20:26:17;569.0;1576787179;95.494;9.390222149401096;0.2761830043941499;-0.28564453125;
20:26:18;570.0;1576787180;95.598;9.390222149401096;0.2761830043941499;-0.28564453125;
20:26:19;571.0;1576787181;95.432;9.390222149401096;0.2761830043941499;-0.28564453125;
20:26:20;572.0;1576787182;95.081;9.390222149401096;0.2761830043941499;-0.28564453125;
20:26:21;573.0;1576787183;94.875;9.390222149401096;0.2761830043941499;-0.28564453125;
20:26:22;574.0;1576787184;94.978;9.390222149401096;0.2761830043941499;-0.28564453125;
20:26:23;575.0;1576787185;95.143;9.390222149401096;0.2761830043941499;-0.28564453125;
20:26:24;576.0;1576787186;95.308;9.390222149401096;0.2761830043941499;-0.28564453125;
20:26:25;577.0;1576787187;95.122;9.390222149401096;0.2761830043941499;-0.28564453125;
20:26:26;578.0;1576787188;94.772;9.390222149401096;0.2761830043941499;-0.28564453125;
20:26:27;579.0;1576787189;94.793;9.390222149401096;0.2761830043941499;-0.28564453125;
20:26:28;580.0;1576787190;94.608;9.390222149401096;0.2761830043941499;-0.28564453125;
20:26:29;581.0;1576787191;94.999;9.390222149401096;0.2761830043941499;-0.28564453125;
20:26:30;582.0;1576787192;95.143;9.390222149401096;0.2761830043941499;-0.28564453125;
20:26:31;583.0;1576787193;95.143;9.390222149401096;0.2761830043941499;-0.28564453125;
20:26:32;584.0;1576787194;95.287;9.390222149401096;0.2761830043941499;-0.28564453125;
20:26:33;585.0;1576787195;95.308;9.390222149401096;0.2761830043941499;-0.28564453125;
20:26:34;586.0;1576787196;95.06;9.390222149401096;0.2761830043941499;-0.28564453125;
20:26:35;587.0;1576787197;95.06;9.390222149401096;0.2761830043941499;-0.28564453125;
20:26:36;588.0;1576787198;95.102;9.390222149401096;0.2761830043941499;-0.28564453125;
20:26:37;589.0;1576787199;94.629;9.390222149401096;0.2761830043941499;-0.28564453125;
20:26:38;590.0;1576787200;95.081;9.390222149401096;0.2761830043941499;-0.28564453125;
20:26:40;592.0;1576787201;94.999;9.390222149401096;0.2761830043941499;-0.28564453125;
20:26:41;593.0;1576787202;95.019;9.390222149401096;0.2761830043941499;-0.28564453125;
20:26:42;594.0;1576787203;95.453;9.390222149401096;0.2761830043941499;-0.28564453125;
20:26:43;595.0;1576787204;95.308;9.390222149401096;0.2761830043941499;-0.28564453125;
20:26:44;596.0;1576787205;95.246;9.390222149401096;0.2761830043941499;-0.28564453125;
20:26:45;597.0;1576787206;95.432;9.390222149401096;0.2761830043941499;-0.28564453125;
20:26:46;598.0;1576787207;95.453;9.390222149401096;0.2761830043941499;-0.28564453125;
20:26:47;599.0;1576787208;95.639;9.390222149401096;0.2761830043941499;-0.28564453125;
20:26:48;600.0;1576787209;95.598;9.390222149401096;0.2761830043941499;-0.28564453125;
20:26:49;601.0;1576787210;95.391;9.390222149401096;0.2761830043941499;-0.28564453125;
20:26:50;602.0;1576787211;95.391;9.390222149401096;0.2761830043941499;-0.28564453125;
20:26:51;603.0;1576787212;95.019;9.390222149401096;0.2761830043941499;-0.28564453125;
20:26:52;604.0;1576787213;95.019;9.390222149401096;0.2761830043941499;-0.28564453125;
20:26:53;605.0;1576787214;94.855;9.390222149401096;0.2761830043941499;-0.28564453125;
20:26:54;606.0;1576787215;94.649;9.390222149401096;0.2761830043941499;-0.28564453125;
20:26:55;607.0;1576787216;94.629;9.390222149401096;0.2761830043941499;-0.28564453125;
20:26:56;608.0;1576787217;94.608;9.390222149401096;0.2761830043941499;-0.28564453125;
20:26:57;609.0;1576787218;94.999;9.390222149401096;0.2761830043941499;-0.28564453125;
20:26:58;610.0;1576787219;94.978;9.390222149401096;0.2761830043941499;-0.28564453125;
20:26:59;611.0;1576787220;94.752;9.390222149401096;0.2761830043941499;-0.28564453125;
20:27:00;612.0;1576787221;94.957;9.390222149401096;0.2761830043941499;-0.28564453125;
20:27:01;613.0;1576787222;94.711;9.390222149401096;0.2761830043941499;-0.28564453125;
20:27:02;614.0;1576787223;94.916;9.390222149401096;0.2761830043941499;-0.28564453125;
20:27:03;615.0;1576787224;95.349;9.390222149401096;0.2761830043941499;-0.28564453125;
20:27:04;616.0;1576787225;95.37;9.390222149401096;0.2761830043941499;-0.28564453125;
20:27:05;617.0;1576787226;95.267;9.390222149401096;0.2761830043941499;-0.28564453125;
20:27:06;618.0;1576787227;95.143;9.390222149401096;0.2761830043941499;-0.28564453125;
20:27:07;619.0;1576787228;95.164;9.390222149401096;0.2761830043941499;-0.28564453125;
20:27:08;620.0;1576787229;94.875;9.390222149401096;0.2761830043941499;-0.28564453125;
20:27:09;621.0;1576787230;94.813;9.390222149401096;0.2761830043941499;-0.28564453125;
20:27:10;622.0;1576787231;94.772;9.390222149401096;0.2761830043941499;-0.28564453125;
20:27:11;623.0;1576787232;94.69;9.390222149401096;0.2761830043941499;-0.28564453125;
20:27:12;624.0;1576787233;94.896;9.390222149401096;0.2761830043941499;-0.28564453125;
20:27:13;625.0;1576787234;95.122;9.390222149401096;0.2761830043941499;-0.28564453125;
20:27:14;626.0;1576787235;95.06;9.390222149401096;0.2761830043941499;-0.28564453125;
20:27:15;627.0;1576787236;94.875;9.390222149401096;0.2761830043941499;-0.28564453125;
20:27:16;628.0;1576787237;94.896;9.390222149401096;0.2761830043941499;-0.28564453125;
20:27:17;629.0;1576787238;94.69;9.390222149401096;0.2761830043941499;-0.28564453125;
20:27:18;630.0;1576787239;94.69;9.390222149401096;0.2761830043941499;-0.28564453125;
20:27:19;631.0;1576787240;94.731;9.390222149401096;0.2761830043941499;-0.28564453125;
20:27:20;632.0;1576787241;94.793;9.390222149401096;0.2761830043941499;-0.28564453125;
20:27:21;633.0;1576787242;95.019;9.390222149401096;0.2761830043941499;-0.28564453125;
20:27:22;634.0;1576787243;95.267;9.390222149401096;0.2761830043941499;-0.28564453125;
20:27:23;635.0;1576787244;95.453;9.390222149401096;0.2761830043941499;-0.28564453125;
20:27:24;636.0;1576787245;95.267;9.390222149401096;0.2761830043941499;-0.28564453125;
20:27:25;637.0;1576787246;95.246;9.390222149401096;0.2761830043941499;-0.28564453125;
20:27:26;638.0;1576787247;95.329;9.390222149401096;0.2761830043941499;-0.28564453125;
20:27:27;639.0;1576787248;95.37;9.390222149401096;0.2761830043941499;-0.28564453125;
20:27:28;640.0;1576787249;95.349;9.390222149401096;0.2761830043941499;-0.28564453125;
20:27:29;641.0;1576787250;95.122;9.390222149401096;0.2761830043941499;-0.28564453125;
20:27:30;642.0;1576787251;94.855;9.390222149401096;0.2761830043941499;-0.28564453125;
20:27:31;643.0;1576787252;94.793;9.390222149401096;0.2761830043941499;-0.28564453125;
20:27:32;644.0;1576787253;94.957;9.390222149401096;0.2761830043941499;-0.28564453125;
20:27:33;645.0;1576787254;94.752;9.390222149401096;0.2761830043941499;-0.28564453125;
20:27:34;646.0;1576787255;94.793;9.390222149401096;0.2761830043941499;-0.28564453125;
20:27:35;647.0;1576787256;94.588;9.390222149401096;0.2761830043941499;-0.28564453125;
20:27:36;648.0;1576787257;94.383;9.390222149401096;0.2761830043941499;-0.28564453125;
20:27:37;649.0;1576787258;94.731;9.390222149401096;0.2761830043941499;-0.28564453125;
20:27:38;650.0;1576787259;94.937;9.390222149401096;0.2761830043941499;-0.28564453125;
20:27:39;651.0;1576787260;94.999;9.390222149401096;0.2761830043941499;-0.28564453125;
20:27:40;652.0;1576787261;95.225;9.390222149401096;0.2761830043941499;-0.28564453125;
20:27:41;653.0;1576787263;95.081;9.390222149401096;0.2761830043941499;-0.28564453125;
20:27:42;654.0;1576787264;94.813;9.390222149401096;0.2761830043941499;-0.28564453125;
20:27:44;656.0;1576787265;94.567;9.390222149401096;0.2761830043941499;-0.28564453125;
20:27:45;657.0;1576787266;94.363;9.390222149401096;0.2761830043941499;-0.28564453125;
20:27:46;658.0;1576787267;94.179;9.390222149401096;0.2761830043941499;-0.28564453125;
20:27:47;659.0;1576787268;94.016;9.390222149401096;0.2761830043941499;-0.28564453125;
20:27:48;660.0;1576787269;94.22;9.390222149401096;0.2761830043941499;-0.28564453125;
20:27:49;661.0;1576787270;94.036;9.390222149401096;0.2761830043941499;-0.28564453125;
20:27:50;662.0;1576787271;94.444;9.390222149401096;0.2761830043941499;-0.28564453125;
20:27:51;663.0;1576787272;94.813;9.390222149401096;0.2761830043941499;-0.28564453125;
20:27:52;664.0;1576787273;94.793;9.390222149401096;0.2761830043941499;-0.28564453125;
20:27:53;665.0;1576787274;94.937;9.390222149401096;0.2761830043941499;-0.28564453125;
20:27:54;666.0;1576787275;94.69;9.390222149401096;0.2761830043941499;-0.28564453125;
20:27:55;667.0;1576787276;94.465;9.390222149401096;0.2761830043941499;-0.28564453125;
20:27:56;668.0;1576787277;94.69;9.390222149401096;0.2761830043941499;-0.28564453125;
20:27:57;669.0;1576787278;94.506;9.390222149401096;0.2761830043941499;-0.28564453125;
20:27:58;670.0;1576787279;94.526;9.390222149401096;0.2761830043941499;-0.28564453125;
20:27:59;671.0;1576787280;94.567;9.390222149401096;0.2761830043941499;-0.28564453125;
20:28:00;672.0;1576787281;94.588;9.390222149401096;0.2761830043941499;-0.28564453125;
20:28:01;673.0;1576787282;94.834;9.390222149401096;0.2761830043941499;-0.28564453125;
20:28:02;674.0;1576787283;95.267;9.390222149401096;0.2761830043941499;-0.28564453125;
20:28:03;675.0;1576787284;95.494;9.390222149401096;0.2761830043941499;-0.28564453125;
20:28:04;676.0;1576787285;95.432;9.390222149401096;0.2761830043941499;-0.28564453125;
20:28:05;677.0;1576787286;95.598;9.390222149401096;0.2761830043941499;-0.28564453125;
20:28:06;678.0;1576787287;95.205;9.390222149401096;0.2761830043941499;-0.28564453125;
20:28:07;679.0;1576787288;95.267;9.390222149401096;0.2761830043941499;-0.28564453125;
20:28:08;680.0;1576787289;94.896;9.390222149401096;0.2761830043941499;-0.28564453125;
20:28:09;681.0;1576787290;94.957;9.390222149401096;0.2761830043941499;-0.28564453125;
20:28:10;682.0;1576787291;94.855;9.390222149401096;0.2761830043941499;-0.28564453125;
20:28:11;683.0;1576787292;94.731;9.390222149401096;0.2761830043941499;-0.28564453125;
20:28:12;684.0;1576787293;94.855;9.390222149401096;0.2761830043941499;-0.28564453125;
20:28:13;685.0;1576787294;94.506;9.390222149401096;0.2761830043941499;-0.28564453125;
20:28:14;686.0;1576787295;94.752;9.390222149401096;0.2761830043941499;-0.28564453125;
20:28:15;687.0;1576787296;94.629;9.390222149401096;0.2761830043941499;-0.28564453125;
20:28:16;688.0;1576787297;94.465;9.390222149401096;0.2761830043941499;-0.28564453125;
20:28:17;689.0;1576787298;94.547;9.390222149401096;0.2761830043941499;-0.28564453125;
20:28:18;690.0;1576787299;94.24;9.390222149401096;0.2761830043941499;-0.28564453125;
20:28:19;691.0;1576787300;94.22;9.390222149401096;0.2761830043941499;-0.28564453125;
20:28:20;692.0;1576787301;94.649;9.390222149401096;0.2761830043941499;-0.28564453125;
20:28:21;693.0;1576787302;94.444;9.390222149401096;0.2761830043941499;-0.28564453125;
20:28:22;694.0;1576787303;94.526;9.390222149401096;0.2761830043941499;-0.28564453125;
20:28:23;695.0;1576787304;94.506;9.390222149401096;0.2761830043941499;-0.28564453125;
20:28:24;696.0;1576787305;94.342;9.390222149401096;0.2761830043941499;-0.28564453125;
20:28:25;697.0;1576787306;94.322;9.390222149401096;0.2761830043941499;-0.28564453125;
20:28:26;698.0;1576787308;94.342;9.390222149401096;0.2761830043941499;-0.28564453125;
20:28:27;699.0;1576787309;94.301;9.390222149401096;0.2761830043941499;-0.28564453125;
20:28:28;700.0;1576787310;94.24;9.390222149401096;0.2761830043941499;-0.28564453125;
20:28:29;701.0;1576787311;94.24;9.390222149401096;0.2761830043941499;-0.28564453125;
20:28:30;702.0;1576787312;94.383;9.390222149401096;0.2761830043941499;-0.28564453125;
20:28:31;703.0;1576787313;94.629;9.390222149401096;0.2761830043941499;-0.28564453125;
20:28:32;704.0;1576787314;94.444;9.390222149401096;0.2761830043941499;-0.28564453125;
20:28:33;705.0;1576787315;94.649;9.390222149401096;0.2761830043941499;-0.28564453125;
20:28:34;706.0;1576787316;94.506;9.390222149401096;0.2761830043941499;-0.28564453125;
20:28:35;707.0;1576787317;94.506;9.390222149401096;0.2761830043941499;-0.28564453125;
20:28:36;708.0;1576787318;94.711;9.390222149401096;0.2761830043941499;-0.28564453125;
20:28:37;709.0;1576787319;94.69;9.390222149401096;0.2761830043941499;-0.28564453125;
20:28:38;710.0;1576787320;94.67;9.390222149401096;0.2761830043941499;-0.28564453125;
20:28:39;711.0;1576787321;94.281;9.390222149401096;0.2761830043941499;-0.28564453125;
20:28:40;712.0;1576787322;94.506;9.390222149401096;0.2761830043941499;-0.28564453125;
20:28:41;713.0;1576787323;94.793;9.390222149401096;0.2761830043941499;-0.28564453125;
20:28:42;714.0;1576787324;94.793;9.390222149401096;0.2761830043941499;-0.28564453125;
20:28:43;715.0;1576787325;95.225;9.390222149401096;0.2761830043941499;-0.28564453125;
20:28:44;716.0;1576787326;95.102;9.390222149401096;0.2761830043941499;-0.28564453125;
20:28:45;717.0;1576787327;94.67;9.390222149401096;0.2761830043941499;-0.28564453125;
20:28:46;718.0;1576787328;94.547;9.390222149401096;0.2761830043941499;-0.28564453125;
20:28:48;720.0;1576787329;94.465;9.390222149401096;0.2761830043941499;-0.28564453125;
20:28:49;721.0;1576787330;94.342;9.390222149401096;0.2761830043941499;-0.28564453125;
20:28:50;722.0;1576787331;94.526;9.390222149401096;0.2761830043941499;-0.28564453125;
20:28:51;723.0;1576787332;94.485;9.390222149401096;0.2761830043941499;-0.28564453125;
20:28:52;724.0;1576787333;94.281;9.390222149401096;0.2761830043941499;-0.28564453125;
20:28:53;725.0;1576787334;94.097;9.390222149401096;0.2761830043941499;-0.28564453125;
20:28:54;726.0;1576787335;93.955;9.390222149401096;0.2761830043941499;-0.28564453125;
20:28:55;727.0;1576787336;94.138;9.390222149401096;0.2761830043941499;-0.28564453125;
20:28:56;728.0;1576787337;94.179;9.390222149401096;0.2761830043941499;-0.28564453125;
20:28:57;729.0;1576787338;94.363;9.390222149401096;0.2761830043941499;-0.28564453125;
20:28:58;730.0;1576787339;94.118;9.390222149401096;0.2761830043941499;-0.28564453125;
20:28:59;731.0;1576787340;94.138;9.390222149401096;0.2761830043941499;-0.28564453125;
20:29:00;732.0;1576787341;94.158;9.390222149401096;0.2761830043941499;-0.28564453125;
20:29:01;733.0;1576787342;93.975;9.390222149401096;0.2761830043941499;-0.28564453125;
20:29:02;734.0;1576787343;94.629;9.390222149401096;0.2761830043941499;-0.28564453125;
20:29:03;735.0;1576787344;94.404;9.390222149401096;0.2761830043941499;-0.28564453125;
20:29:04;736.0;1576787345;94.404;9.390222149401096;0.2761830043941499;-0.28564453125;
20:29:05;737.0;1576787346;94.588;9.390222149401096;0.2761830043941499;-0.28564453125;
20:29:06;738.0;1576787347;94.138;9.390222149401096;0.2761830043941499;-0.28564453125;
20:29:07;739.0;1576787348;94.342;9.390222149401096;0.2761830043941499;-0.28564453125;
20:29:08;740.0;1576787349;94.281;9.390222149401096;0.2761830043941499;-0.28564453125;
20:29:09;741.0;1576787350;94.322;9.390222149401096;0.2761830043941499;-0.28564453125;
20:29:10;742.0;1576787351;94.383;9.390222149401096;0.2761830043941499;-0.28564453125;
20:29:11;743.0;1576787352;94.342;9.390222149401096;0.2761830043941499;-0.28564453125;
20:29:12;744.0;1576787353;94.342;9.390222149401096;0.2761830043941499;-0.28564453125;
20:29:13;745.0;1576787354;94.547;9.390222149401096;0.2761830043941499;-0.28564453125;
20:29:14;746.0;1576787355;94.506;9.390222149401096;0.2761830043941499;-0.28564453125;
20:29:15;747.0;1576787356;94.179;9.390222149401096;0.2761830043941499;-0.28564453125;
20:29:16;748.0;1576787357;93.589;9.390222149401096;0.2761830043941499;-0.28564453125;
20:29:17;749.0;1576787358;93.367;9.390222149401096;0.2761830043941499;-0.28564453125;
20:29:18;750.0;1576787359;93.347;9.390222149401096;0.2761830043941499;-0.28564453125;
20:29:19;751.0;1576787360;93.934;9.390222149401096;0.2761830043941499;-0.28564453125;
20:29:20;752.0;1576787361;94.731;9.390222149401096;0.2761830043941499;-0.28564453125;
20:29:21;753.0;1576787362;94.547;9.390222149401096;0.2761830043941499;-0.28564453125;
20:29:22;754.0;1576787363;94.322;9.390222149401096;0.2761830043941499;-0.28564453125;
20:29:23;755.0;1576787364;93.711;9.390222149401096;0.2761830043941499;-0.28564453125;
20:29:24;756.0;1576787365;93.286;9.390222149401096;0.2761830043941499;-0.28564453125;
20:29:25;757.0;1576787366;93.306;9.390222149401096;0.2761830043941499;-0.28564453125;
20:29:26;758.0;1576787367;93.752;9.390222149401096;0.2761830043941499;-0.28564453125;
20:29:27;759.0;1576787368;93.914;9.390222149401096;0.2761830043941499;-0.28564453125;
20:29:28;760.0;1576787369;94.138;9.390222149401096;0.2761830043941499;-0.28564453125;
20:29:29;761.0;1576787370;94.26;9.390222149401096;0.2761830043941499;-0.28564453125;
20:29:30;762.0;1576787371;94.036;9.390222149401096;0.2761830043941499;-0.28564453125;
20:29:31;763.0;1576787372;94.301;9.390222149401096;0.2761830043941499;-0.28564453125;
20:29:32;764.0;1576787373;94.301;9.390222149401096;0.2761830043941499;-0.28564453125;
20:29:33;765.0;1576787374;94.567;9.390222149401096;0.2761830043941499;-0.28564453125;
20:29:34;766.0;1576787375;94.957;9.390222149401096;0.2761830043941499;-0.28564453125;
20:29:35;767.0;1576787376;94.916;9.390222149401096;0.2761830043941499;-0.28564453125;
20:29:36;768.0;1576787377;95.164;9.390222149401096;0.2761830043941499;-0.28564453125;
20:29:37;769.0;1576787378;94.772;9.390222149401096;0.2761830043941499;-0.28564453125;
20:29:38;770.0;1576787379;94.363;9.390222149401096;0.2761830043941499;-0.28564453125;
20:29:39;771.0;1576787381;94.363;9.390222149401096;0.2761830043941499;-0.28564453125;
20:29:40;772.0;1576787382;94.138;9.390222149401096;0.2761830043941499;-0.28564453125;
20:29:41;773.0;1576787383;94.118;9.390222149401096;0.2761830043941499;-0.28564453125;
20:29:42;774.0;1576787384;94.342;9.390222149401096;0.2761830043941499;-0.28564453125;
20:29:43;775.0;1576787385;94.363;9.390222149401096;0.2761830043941499;-0.28564453125;
20:29:44;776.0;1576787386;94.016;9.390222149401096;0.2761830043941499;-0.28564453125;
20:29:45;777.0;1576787387;94.036;9.390222149401096;0.2761830043941499;-0.28564453125;
20:29:46;778.0;1576787388;93.589;9.390222149401096;0.2761830043941499;-0.28564453125;
20:29:47;779.0;1576787389;93.569;9.390222149401096;0.2761830043941499;-0.28564453125;
20:29:48;780.0;1576787390;93.711;9.390222149401096;0.2761830043941499;-0.28564453125;
20:29:49;781.0;1576787391;93.671;9.390222149401096;0.2761830043941499;-0.28564453125;
20:29:50;782.0;1576787392;94.097;9.390222149401096;0.2761830043941499;-0.28564453125;
20:29:52;784.0;1576787393;93.833;9.390222149401096;0.2761830043941499;-0.28564453125;
20:29:53;785.0;1576787394;94.036;9.390222149401096;0.2761830043941499;-0.28564453125;
20:29:54;786.0;1576787395;93.996;9.390222149401096;0.2761830043941499;-0.28564453125;
20:29:55;787.0;1576787396;93.813;9.390222149401096;0.2761830043941499;-0.28564453125;
20:29:56;788.0;1576787397;93.894;9.390222149401096;0.2761830043941499;-0.28564453125;
20:29:57;789.0;1576787398;93.65;9.390222149401096;0.2761830043941499;-0.28564453125;
20:29:58;790.0;1576787399;93.894;9.390222149401096;0.2761830043941499;-0.28564453125;
20:29:59;791.0;1576787400;94.281;9.390222149401096;0.2761830043941499;-0.28564453125;
20:30:00;792.0;1576787401;94.281;9.390222149401096;0.2761830043941499;-0.28564453125;
20:30:01;793.0;1576787402;94.526;9.390222149401096;0.2761830043941499;-0.28564453125;
20:30:02;794.0;1576787403;94.526;9.390222149401096;0.2761830043941499;-0.28564453125;
20:30:03;795.0;1576787404;94.404;9.390222149401096;0.2761830043941499;-0.28564453125;
20:30:04;796.0;1576787405;94.322;9.390222149401096;0.2761830043941499;-0.28564453125;
20:30:05;797.0;1576787406;94.138;9.390222149401096;0.2761830043941499;-0.28564453125;
20:30:06;798.0;1576787407;94.097;9.390222149401096;0.2761830043941499;-0.28564453125;
20:30:07;799.0;1576787408;93.853;9.390222149401096;0.2761830043941499;-0.28564453125;
20:30:08;800.0;1576787409;93.955;9.390222149401096;0.2761830043941499;-0.28564453125;
20:30:09;801.0;1576787410;94.179;9.390222149401096;0.2761830043941499;-0.28564453125;
20:30:10;802.0;1576787411;93.955;9.390222149401096;0.2761830043941499;-0.28564453125;
20:30:11;803.0;1576787412;94.118;9.390222149401096;0.2761830043941499;-0.28564453125;
20:30:12;804.0;1576787413;94.342;9.390222149401096;0.2761830043941499;-0.28564453125;
20:30:13;805.0;1576787414;94.057;9.390222149401096;0.2761830043941499;-0.28564453125;
20:30:14;806.0;1576787415;94.342;9.390222149401096;0.2761830043941499;-0.28564453125;
20:30:15;807.0;1576787416;94.363;9.390222149401096;0.2761830043941499;-0.28564453125;
20:30:16;808.0;1576787417;94.077;9.390222149401096;0.2761830043941499;-0.28564453125;
20:30:17;809.0;1576787418;93.873;9.390222149401096;0.2761830043941499;-0.28564453125;
20:30:18;810.0;1576787419;93.671;9.390222149401096;0.2761830043941499;-0.28564453125;
20:30:19;811.0;1576787420;93.488;9.390222149401096;0.2761830043941499;-0.28564453125;
20:30:20;812.0;1576787421;93.894;9.390222149401096;0.2761830043941499;-0.28564453125;
20:30:21;813.0;1576787422;94.363;9.390222149401096;0.2761830043941499;-0.28564453125;
20:30:22;814.0;1576787423;94.526;9.390222149401096;0.2761830043941499;-0.28564453125;
20:30:23;815.0;1576787424;94.138;9.390222149401096;0.2761830043941499;-0.28564453125;
20:30:24;816.0;1576787425;94.199;9.390222149401096;0.2761830043941499;-0.28564453125;
20:30:25;817.0;1576787426;94.404;9.390222149401096;0.2761830043941499;-0.28564453125;
20:30:26;818.0;1576787427;94.016;9.390222149401096;0.2761830043941499;-0.28564453125;
20:30:27;819.0;1576787428;94.608;9.390222149401096;0.2761830043941499;-0.28564453125;
20:30:28;820.0;1576787429;94.383;9.390222149401096;0.2761830043941499;-0.28564453125;
20:30:29;821.0;1576787430;93.772;9.390222149401096;0.2761830043941499;-0.28564453125;
20:30:30;822.0;1576787431;93.975;9.390222149401096;0.2761830043941499;-0.28564453125;
20:30:31;823.0;1576787432;93.306;9.390222149401096;0.2761830043941499;-0.28564453125;
20:30:32;824.0;1576787433;93.266;9.390222149401096;0.2761830043941499;-0.28564453125;
20:30:33;825.0;1576787434;93.468;9.390222149401096;0.2761830043941499;-0.28564453125;
20:30:34;826.0;1576787435;93.468;9.390222149401096;0.2761830043941499;-0.28564453125;
20:30:35;827.0;1576787436;93.894;9.390222149401096;0.2761830043941499;-0.28564453125;
20:30:36;828.0;1576787437;93.975;9.390222149401096;0.2761830043941499;-0.28564453125;
20:30:37;829.0;1576787438;93.589;9.390222149401096;0.2761830043941499;-0.28564453125;
20:30:38;830.0;1576787439;93.61;9.390222149401096;0.2761830043941499;-0.28564453125;
20:30:39;831.0;1576787441;93.853;9.390222149401096;0.2761830043941499;-0.28564453125;
20:30:40;832.0;1576787442;93.772;9.390222149401096;0.2761830043941499;-0.28564453125;
20:30:42;834.0;1576787443;94.342;9.390222149401096;0.2761830043941499;-0.28564453125;
20:30:43;835.0;1576787445;94.342;9.390222149401096;0.2761830043941499;-0.28564453125;
20:30:44;836.0;1576787446;93.975;9.390222149401096;0.2761830043941499;-0.28564453125;
20:30:45;837.0;1576787447;94.158;9.390222149401096;0.2761830043941499;-0.28564453125;
20:30:46;838.0;1576787448;94.097;9.390222149401096;0.2761830043941499;-0.28564453125;
20:30:47;839.0;1576787449;94.118;9.390222149401096;0.2761830043941499;-0.28564453125;
20:30:48;840.0;1576787450;94.301;9.390222149401096;0.2761830043941499;-0.28564453125;
20:30:49;841.0;1576787451;93.792;9.390222149401096;0.2761830043941499;-0.28564453125;
20:30:50;842.0;1576787452;93.853;9.390222149401096;0.2761830043941499;-0.28564453125;
20:30:51;843.0;1576787453;93.589;9.390222149401096;0.2761830043941499;-0.28564453125;
20:30:52;844.0;1576787454;93.407;9.390222149401096;0.2761830043941499;-0.28564453125;
20:30:53;845.0;1576787455;93.508;9.390222149401096;0.2761830043941499;-0.28564453125;
20:30:54;846.0;1576787456;93.529;9.390222149401096;0.2761830043941499;-0.28564453125;
20:30:56;848.0;1576787457;93.752;9.390222149401096;0.2761830043941499;-0.28564453125;
20:30:57;849.0;1576787458;93.934;9.390222149401096;0.2761830043941499;-0.28564453125;
20:30:58;850.0;1576787459;93.853;9.390222149401096;0.2761830043941499;-0.28564453125;
20:30:59;851.0;1576787460;93.813;9.390222149401096;0.2761830043941499;-0.28564453125;
20:31:00;852.0;1576787461;93.589;9.390222149401096;0.2761830043941499;-0.28564453125;
20:31:01;853.0;1576787462;93.407;9.390222149401096;0.2761830043941499;-0.28564453125;
20:31:02;854.0;1576787463;93.508;9.390222149401096;0.2761830043941499;-0.28564453125;
20:31:03;855.0;1576787464;93.529;9.390222149401096;0.2761830043941499;-0.28564453125;
20:31:04;856.0;1576787465;93.327;9.390222149401096;0.2761830043941499;-0.28564453125;
20:31:05;857.0;1576787466;93.529;9.390222149401096;0.2761830043941499;-0.28564453125;
20:31:06;858.0;1576787467;93.569;9.390222149401096;0.2761830043941499;-0.28564453125;
20:31:07;859.0;1576787468;93.569;9.390222149401096;0.2761830043941499;-0.28564453125;
20:31:08;860.0;1576787469;93.772;9.390222149401096;0.2761830043941499;-0.28564453125;
20:31:09;861.0;1576787470;94.016;9.390222149401096;0.2761830043941499;-0.28564453125;
20:31:10;862.0;1576787471;94.016;9.390222149401096;0.2761830043941499;-0.28564453125;
20:31:11;863.0;1576787472;94.199;9.390222149401096;0.2761830043941499;-0.28564453125;
20:31:12;864.0;1576787473;94.22;9.390222149401096;0.2761830043941499;-0.28564453125;
20:31:13;865.0;1576787474;93.955;9.390222149401096;0.2761830043941499;-0.28564453125;
20:31:14;866.0;1576787475;93.914;9.390222149401096;0.2761830043941499;-0.28564453125;
20:31:15;867.0;1576787476;93.529;9.390222149401096;0.2761830043941499;-0.28564453125;
20:31:16;868.0;1576787477;93.508;9.390222149401096;0.2761830043941499;-0.28564453125;
20:31:17;869.0;1576787478;93.569;9.390222149401096;0.2761830043941499;-0.28564453125;
