Time;Seconds from start for linreg;Unix Time;ch1 po2;Uc;Ubl;Vc;
22:58:08;-2.0;1574290690;88.262;10.850136791176004;0.2972640216760549;-0.3125;
22:58:09;-1.0;1574290690;88.129;10.850136791176004;0.2972640216760549;-0.3125;
22:58:10;0.0;1574290691;88.11;14.377044538204725;0.3938916311836911;-0.37841796875;
22:58:11;1.0;1574290692;87.598;11.50326785544058;0.3151580234367282;-0.32470703125;
22:58:12;2.0;1574290693;87.749;10.719510578323089;0.2936852213239202;-0.31005859375;
22:58:13;3.0;1574290694;87.901;10.588884365470172;0.2901064209717855;-0.3076171875;
22:58:14;4.0;1574290695;87.863;10.980763004028917;0.3008428220281895;-0.31494140625;
22:58:15;5.0;1574290696;88.053;10.850136791176004;0.2972640216760549;-0.3125;
22:58:16;6.0;1574290697;87.939;10.850136791176004;0.2972640216760549;-0.3125;
22:58:17;7.0;1574290698;87.73;10.850136791176004;0.2972640216760549;-0.3125;
22:58:18;8.0;1574290699;88.091;10.719510578323089;0.2936852213239202;-0.31005859375;
22:58:19;9.0;1574290700;87.977;10.980763004028917;0.3008428220281895;-0.31494140625;
22:58:20;10.0;1574290701;87.844;10.980763004028917;0.3008428220281895;-0.31494140625;
22:58:21;11.0;1574290702;87.806;10.980763004028917;0.3008428220281895;-0.31494140625;
22:58:22;12.0;1574290703;87.466;10.588884365470172;0.2901064209717855;-0.3076171875;
22:58:23;13.0;1574290704;87.39;10.980763004028917;0.3008428220281895;-0.31494140625;
22:58:24;14.0;1574290705;87.711;10.850136791176004;0.2972640216760549;-0.3125;
22:58:25;15.0;1574290707;87.579;10.850136791176004;0.2972640216760549;-0.3125;
22:58:26;16.0;1574290708;87.56;10.980763004028917;0.3008428220281895;-0.31494140625;
22:58:27;17.0;1574290709;87.958;10.458258152617258;0.2865276206196509;-0.30517578125;
22:58:28;18.0;1574290710;87.901;10.719510578323089;0.2936852213239202;-0.31005859375;
22:58:30;20.0;1574290711;88.224;10.980763004028917;0.3008428220281895;-0.31494140625;
22:58:31;21.0;1574290712;88.224;10.588884365470172;0.2901064209717855;-0.3076171875;
22:58:32;22.0;1574290713;87.901;10.980763004028917;0.3008428220281895;-0.31494140625;
22:58:33;23.0;1574290714;87.863;11.50326785544058;0.3151580234367282;-0.32470703125;
22:58:34;24.0;1574290715;87.636;12.025772706852242;0.3294732248452669;-0.33447265625;
22:58:35;25.0;1574290716;87.958;10.588884365470172;0.2901064209717855;-0.3076171875;
22:58:36;26.0;1574290717;88.034;10.850136791176004;0.2972640216760549;-0.3125;
22:58:37;27.0;1574290718;87.749;10.588884365470172;0.2901064209717855;-0.3076171875;
22:58:38;28.0;1574290719;87.996;10.850136791176004;0.2972640216760549;-0.3125;
22:58:39;29.0;1574290720;87.882;10.980763004028917;0.3008428220281895;-0.31494140625;
22:58:40;30.0;1574290721;88.11;10.980763004028917;0.3008428220281895;-0.31494140625;
22:58:41;31.0;1574290722;88.491;10.980763004028917;0.3008428220281895;-0.31494140625;
22:58:42;32.0;1574290723;88.338;10.850136791176004;0.2972640216760549;-0.3125;
22:58:43;33.0;1574290724;88.167;10.719510578323089;0.2936852213239202;-0.31005859375;
22:58:44;34.0;1574290725;88.281;10.850136791176004;0.2972640216760549;-0.3125;
22:58:45;35.0;1574290726;87.636;10.850136791176004;0.2972640216760549;-0.3125;
22:58:46;36.0;1574290727;87.655;10.588884365470172;0.2901064209717855;-0.3076171875;
22:58:47;37.0;1574290728;87.598;10.980763004028917;0.3008428220281895;-0.31494140625;
22:58:48;38.0;1574290729;87.655;13.070782409675568;0.3581036276623443;-0.35400390625;
22:58:49;39.0;1574290730;88.586;10.980763004028917;0.3008428220281895;-0.31494140625;
22:58:50;40.0;1574290731;88.701;10.850136791176004;0.2972640216760549;-0.3125;
22:58:51;41.0;1574290732;88.931;10.980763004028917;0.3008428220281895;-0.31494140625;
22:58:52;42.0;1574290733;88.548;10.980763004028917;0.3008428220281895;-0.31494140625;
22:58:53;43.0;1574290734;88.243;10.980763004028917;0.3008428220281895;-0.31494140625;
22:58:54;44.0;1574290735;88.091;10.850136791176004;0.2972640216760549;-0.3125;
22:58:55;45.0;1574290736;88.053;10.458258152617258;0.2865276206196509;-0.30517578125;
22:58:56;46.0;1574290737;88.091;10.719510578323089;0.2936852213239202;-0.31005859375;
22:58:57;47.0;1574290738;87.901;11.50326785544058;0.3151580234367282;-0.32470703125;
22:58:58;48.0;1574290739;88.11;10.850136791176004;0.2972640216760549;-0.3125;
22:58:59;49.0;1574290740;88.11;10.719510578323089;0.2936852213239202;-0.31005859375;
22:59:00;50.0;1574290741;88.262;10.980763004028917;0.3008428220281895;-0.31494140625;
22:59:01;51.0;1574290742;88.262;10.850136791176004;0.2972640216760549;-0.3125;
22:59:02;52.0;1574290743;88.243;10.980763004028917;0.3008428220281895;-0.31494140625;
22:59:03;53.0;1574290744;87.825;10.980763004028917;0.3008428220281895;-0.31494140625;
22:59:04;54.0;1574290745;87.674;10.588884365470172;0.2901064209717855;-0.3076171875;
22:59:05;55.0;1574290746;87.882;10.980763004028917;0.3008428220281895;-0.31494140625;
22:59:06;56.0;1574290747;87.711;9.413248449793933;0.2578972178025735;-0.28564453125;
22:59:07;57.0;1574290748;88.11;10.850136791176004;0.2972640216760549;-0.3125;
22:59:08;58.0;1574290749;88.262;10.719510578323089;0.2936852213239202;-0.31005859375;
22:59:09;59.0;1574290750;88.072;10.850136791176004;0.2972640216760549;-0.3125;
22:59:10;60.0;1574290751;88.091;10.850136791176004;0.2972640216760549;-0.3125;
22:59:11;61.0;1574290752;87.579;10.980763004028917;0.3008428220281895;-0.31494140625;
22:59:12;62.0;1574290753;87.447;10.980763004028917;0.3008428220281895;-0.31494140625;
22:59:13;63.0;1574290754;87.579;10.850136791176004;0.2972640216760549;-0.3125;
22:59:14;64.0;1574290755;87.315;10.850136791176004;0.2972640216760549;-0.3125;
22:59:15;65.0;1574290756;87.768;10.980763004028917;0.3008428220281895;-0.31494140625;
22:59:16;66.0;1574290757;87.768;10.588884365470172;0.2901064209717855;-0.3076171875;
22:59:17;67.0;1574290758;87.409;10.719510578323089;0.2936852213239202;-0.31005859375;
22:59:18;68.0;1574290759;87.825;10.980763004028917;0.3008428220281895;-0.31494140625;
22:59:19;69.0;1574290761;87.958;10.980763004028917;0.3008428220281895;-0.31494140625;
22:59:20;70.0;1574290762;87.958;10.980763004028917;0.3008428220281895;-0.31494140625;
22:59:21;71.0;1574290763;88.357;10.197005726911426;0.2793700199153815;-0.30029296875;
22:59:22;72.0;1574290764;88.148;8.890743598382269;0.24358201639403476;-0.27587890625;
22:59:23;73.0;1574290765;88.129;10.850136791176004;0.2972640216760549;-0.3125;
22:59:24;74.0;1574290766;88.129;9999.0;9999.0;9999.0;
22:59:25;75.0;1574290767;88.148;10.719510578323089;0.2936852213239202;-0.31005859375;
22:59:26;76.0;1574290768;88.319;10.850136791176004;0.2972640216760549;-0.3125;
22:59:27;77.0;1574290769;88.433;10.980763004028917;0.3008428220281895;-0.31494140625;
22:59:28;78.0;1574290770;88.605;10.980763004028917;0.3008428220281895;-0.31494140625;
22:59:29;79.0;1574290771;88.262;10.980763004028917;0.3008428220281895;-0.31494140625;
22:59:30;80.0;1574290772;88.338;10.980763004028917;0.3008428220281895;-0.31494140625;
22:59:31;81.0;1574290773;88.167;10.850136791176004;0.2972640216760549;-0.3125;
22:59:32;82.0;1574290774;88.167;10.980763004028917;0.3008428220281895;-0.31494140625;
22:59:34;84.0;1574290775;88.319;10.980763004028917;0.3008428220281895;-0.31494140625;
22:59:35;85.0;1574290776;88.224;10.719510578323089;0.2936852213239202;-0.31005859375;
22:59:36;86.0;1574290777;88.072;10.066379514058509;0.2757912195632468;-0.2978515625;
22:59:37;87.0;1574290778;88.034;10.850136791176004;0.2972640216760549;-0.3125;
22:59:38;88.0;1574290779;87.996;10.850136791176004;0.2972640216760549;-0.3125;
22:59:39;89.0;1574290780;87.882;10.850136791176004;0.2972640216760549;-0.3125;
22:59:40;90.0;1574290781;87.939;10.980763004028917;0.3008428220281895;-0.31494140625;
22:59:41;91.0;1574290782;87.977;10.980763004028917;0.3008428220281895;-0.31494140625;
22:59:42;92.0;1574290783;88.224;10.850136791176004;0.2972640216760549;-0.3125;
22:59:43;93.0;1574290784;88.053;10.980763004028917;0.3008428220281895;-0.31494140625;
22:59:44;94.0;1574290785;88.053;10.719510578323089;0.2936852213239202;-0.31005859375;
22:59:45;95.0;1574290786;87.655;10.719510578323089;0.2936852213239202;-0.31005859375;
22:59:46;96.0;1574290787;87.787;10.980763004028917;0.3008428220281895;-0.31494140625;
22:59:47;97.0;1574290788;88.129;10.980763004028917;0.3008428220281895;-0.31494140625;
22:59:48;98.0;1574290789;88.034;10.980763004028917;0.3008428220281895;-0.31494140625;
22:59:49;99.0;1574290790;88.548;10.588884365470172;0.2901064209717855;-0.3076171875;
22:59:50;100.0;1574290791;88.243;9.935753301205596;0.2722124192111122;-0.29541015625;
22:59:51;101.0;1574290792;87.996;10.850136791176004;0.2972640216760549;-0.3125;
22:59:52;102.0;1574290793;88.034;10.719510578323089;0.2936852213239202;-0.31005859375;
22:59:53;103.0;1574290794;87.749;10.719510578323089;0.2936852213239202;-0.31005859375;
22:59:54;104.0;1574290795;87.844;11.242015429734748;0.30800042273245887;-0.31982421875;
22:59:55;105.0;1574290796;87.939;10.719510578323089;0.2936852213239202;-0.31005859375;
22:59:56;106.0;1574290797;88.11;10.850136791176004;0.2972640216760549;-0.3125;
22:59:57;107.0;1574290798;87.863;10.980763004028917;0.3008428220281895;-0.31494140625;
22:59:58;108.0;1574290799;87.844;10.980763004028917;0.3008428220281895;-0.31494140625;
22:59:59;109.0;1574290800;87.977;10.719510578323089;0.2936852213239202;-0.31005859375;
23:00:00;110.0;1574290801;87.939;10.719510578323089;0.2936852213239202;-0.31005859375;
23:00:01;111.0;1574290802;88.281;10.719510578323089;0.2936852213239202;-0.31005859375;
23:00:02;112.0;1574290803;88.205;10.850136791176004;0.2972640216760549;-0.3125;
23:00:03;113.0;1574290804;88.148;10.980763004028917;0.3008428220281895;-0.31494140625;
23:00:04;114.0;1574290805;88.186;10.588884365470172;0.2901064209717855;-0.3076171875;
23:00:05;115.0;1574290806;88.053;10.850136791176004;0.2972640216760549;-0.3125;
23:00:06;116.0;1574290807;88.129;10.980763004028917;0.3008428220281895;-0.31494140625;
23:00:07;117.0;1574290808;87.844;10.980763004028917;0.3008428220281895;-0.31494140625;
23:00:08;118.0;1574290809;87.522;10.719510578323089;0.2936852213239202;-0.31005859375;
23:00:09;119.0;1574290810;87.56;12.940156196822654;0.3545248273102097;-0.3515625;
23:00:10;120.0;1574290811;87.466;10.980763004028917;0.3008428220281895;-0.31494140625;
23:00:11;121.0;1574290812;87.504;10.850136791176004;0.2972640216760549;-0.3125;
23:00:12;122.0;1574290813;87.692;11.242015429734748;0.30800042273245887;-0.31982421875;
23:00:13;123.0;1574290814;87.636;10.719510578323089;0.2936852213239202;-0.31005859375;
23:00:14;124.0;1574290816;87.655;10.850136791176004;0.2972640216760549;-0.3125;
23:00:15;125.0;1574290817;87.958;10.588884365470172;0.2901064209717855;-0.3076171875;
23:00:16;126.0;1574290818;87.958;10.980763004028917;0.3008428220281895;-0.31494140625;
23:00:17;127.0;1574290819;88.129;10.980763004028917;0.3008428220281895;-0.31494140625;
23:00:18;128.0;1574290820;88.129;10.719510578323089;0.2936852213239202;-0.31005859375;
23:00:19;129.0;1574290821;88.015;10.980763004028917;0.3008428220281895;-0.31494140625;
23:00:20;130.0;1574290822;87.977;10.719510578323089;0.2936852213239202;-0.31005859375;
23:00:21;131.0;1574290823;87.996;10.850136791176004;0.2972640216760549;-0.3125;
23:00:22;132.0;1574290824;87.996;10.850136791176004;0.2972640216760549;-0.3125;
23:00:23;133.0;1574290825;88.148;10.850136791176004;0.2972640216760549;-0.3125;
23:00:24;134.0;1574290826;88.186;10.719510578323089;0.2936852213239202;-0.31005859375;
23:00:25;135.0;1574290827;87.674;10.719510578323089;0.2936852213239202;-0.31005859375;
23:00:26;136.0;1574290828;87.825;10.980763004028917;0.3008428220281895;-0.31494140625;
23:00:27;137.0;1574290829;87.806;10.588884365470172;0.2901064209717855;-0.3076171875;
23:00:28;138.0;1574290830;87.958;11.111389216881834;0.3044216223803242;-0.3173828125;
23:00:29;139.0;1574290831;88.357;10.850136791176004;0.2972640216760549;-0.3125;
23:00:30;140.0;1574290832;88.205;10.850136791176004;0.2972640216760549;-0.3125;
23:00:31;141.0;1574290833;88.167;10.197005726911426;0.2793700199153815;-0.30029296875;
23:00:32;142.0;1574290834;88.148;10.980763004028917;0.3008428220281895;-0.31494140625;
23:00:33;143.0;1574290835;87.958;10.719510578323089;0.2936852213239202;-0.31005859375;
23:00:34;144.0;1574290836;87.749;10.850136791176004;0.2972640216760549;-0.3125;
23:00:35;145.0;1574290837;87.787;10.458258152617258;0.2865276206196509;-0.30517578125;
23:00:36;146.0;1574290838;87.958;9.805127088352677;0.26863361885897746;-0.29296875;
23:00:38;148.0;1574290839;88.262;10.980763004028917;0.3008428220281895;-0.31494140625;
23:00:39;149.0;1574290840;88.414;10.980763004028917;0.3008428220281895;-0.31494140625;
23:00:40;150.0;1574290841;88.414;10.850136791176004;0.2972640216760549;-0.3125;
23:00:41;151.0;1574290842;88.034;10.850136791176004;0.2972640216760549;-0.3125;
23:00:42;152.0;1574290843;87.882;10.980763004028917;0.3008428220281895;-0.31494140625;
23:00:43;153.0;1574290844;87.882;10.066379514058509;0.2757912195632468;-0.2978515625;
23:00:44;154.0;1574290845;87.825;10.197005726911426;0.2793700199153815;-0.30029296875;
23:00:45;155.0;1574290846;87.692;10.850136791176004;0.2972640216760549;-0.3125;
23:00:46;156.0;1574290847;87.522;10.850136791176004;0.2972640216760549;-0.3125;
23:00:47;157.0;1574290848;87.56;10.980763004028917;0.3008428220281895;-0.31494140625;
23:00:48;158.0;1574290849;87.259;9999.0;9999.0;9999.0;
23:00:49;159.0;1574290850;87.39;10.850136791176004;0.2972640216760549;-0.3125;
23:00:50;160.0;1574290851;87.522;10.850136791176004;0.2972640216760549;-0.3125;
23:00:51;161.0;1574290852;87.504;11.111389216881834;0.3044216223803242;-0.3173828125;
23:00:52;162.0;1574290853;87.844;10.458258152617258;0.2865276206196509;-0.30517578125;
23:00:53;163.0;1574290854;87.749;10.980763004028917;0.3008428220281895;-0.31494140625;
23:00:54;164.0;1574290855;87.787;10.850136791176004;0.2972640216760549;-0.3125;
23:00:55;165.0;1574290856;87.466;11.633894068293497;0.3187368237888629;-0.3271484375;
23:00:56;166.0;1574290857;87.296;10.719510578323089;0.2936852213239202;-0.31005859375;
23:00:57;167.0;1574290858;87.447;10.980763004028917;0.3008428220281895;-0.31494140625;
23:00:58;168.0;1574290859;87.598;10.719510578323089;0.2936852213239202;-0.31005859375;
23:00:59;169.0;1574290860;87.958;10.588884365470172;0.2901064209717855;-0.3076171875;
23:01:00;170.0;1574290861;88.205;10.850136791176004;0.2972640216760549;-0.3125;
23:01:01;171.0;1574290862;88.186;10.719510578323089;0.2936852213239202;-0.31005859375;
23:01:02;172.0;1574290863;88.053;10.850136791176004;0.2972640216760549;-0.3125;
23:01:03;173.0;1574290864;88.11;10.588884365470172;0.2901064209717855;-0.3076171875;
23:01:04;174.0;1574290865;88.034;10.980763004028917;0.3008428220281895;-0.31494140625;
23:01:05;175.0;1574290866;88.034;10.850136791176004;0.2972640216760549;-0.3125;
23:01:06;176.0;1574290867;87.92;10.980763004028917;0.3008428220281895;-0.31494140625;
23:01:07;177.0;1574290868;87.674;10.850136791176004;0.2972640216760549;-0.3125;
23:01:08;178.0;1574290869;87.541;10.850136791176004;0.2972640216760549;-0.3125;
23:01:09;179.0;1574290870;87.749;10.980763004028917;0.3008428220281895;-0.31494140625;
23:01:10;180.0;1574290871;87.882;10.980763004028917;0.3008428220281895;-0.31494140625;
23:01:11;181.0;1574290872;87.977;10.850136791176004;0.2972640216760549;-0.3125;
23:01:12;182.0;1574290873;88.262;11.242015429734748;0.30800042273245887;-0.31982421875;
23:01:13;183.0;1574290874;88.072;10.980763004028917;0.3008428220281895;-0.31494140625;
23:01:14;184.0;1574290876;87.692;9.805127088352677;0.26863361885897746;-0.29296875;
23:01:15;185.0;1574290877;87.768;10.980763004028917;0.3008428220281895;-0.31494140625;
23:01:16;186.0;1574290878;87.108;10.850136791176004;0.2972640216760549;-0.3125;
23:01:17;187.0;1574290879;87.071;10.719510578323089;0.2936852213239202;-0.31005859375;
23:01:18;188.0;1574290880;87.108;10.980763004028917;0.3008428220281895;-0.31494140625;
23:01:19;189.0;1574290881;87.165;10.980763004028917;0.3008428220281895;-0.31494140625;
23:01:20;190.0;1574290882;87.56;10.719510578323089;0.2936852213239202;-0.31005859375;
23:01:21;191.0;1574290883;87.787;10.719510578323089;0.2936852213239202;-0.31005859375;
23:01:22;192.0;1574290884;87.901;10.980763004028917;0.3008428220281895;-0.31494140625;
23:01:23;193.0;1574290885;87.844;10.719510578323089;0.2936852213239202;-0.31005859375;
23:01:24;194.0;1574290886;87.844;10.980763004028917;0.3008428220281895;-0.31494140625;
23:01:25;195.0;1574290887;87.711;10.850136791176004;0.2972640216760549;-0.3125;
23:01:26;196.0;1574290888;87.768;10.850136791176004;0.2972640216760549;-0.3125;
23:01:27;197.0;1574290889;87.636;10.850136791176004;0.2972640216760549;-0.3125;
23:01:28;198.0;1574290890;87.768;10.980763004028917;0.3008428220281895;-0.31494140625;
23:01:29;199.0;1574290891;87.541;10.980763004028917;0.3008428220281895;-0.31494140625;
23:01:30;200.0;1574290892;87.825;10.980763004028917;0.3008428220281895;-0.31494140625;
23:01:31;201.0;1574290893;87.92;10.850136791176004;0.2972640216760549;-0.3125;
23:01:32;202.0;1574290894;87.579;10.980763004028917;0.3008428220281895;-0.31494140625;
23:01:33;203.0;1574290895;87.92;10.980763004028917;0.3008428220281895;-0.31494140625;
23:01:34;204.0;1574290896;87.749;10.980763004028917;0.3008428220281895;-0.31494140625;
23:01:35;205.0;1574290897;88.091;10.588884365470172;0.2901064209717855;-0.3076171875;
23:01:36;206.0;1574290898;88.243;10.980763004028917;0.3008428220281895;-0.31494140625;
23:01:37;207.0;1574290899;87.958;10.719510578323089;0.2936852213239202;-0.31005859375;
23:01:38;208.0;1574290900;87.996;10.980763004028917;0.3008428220281895;-0.31494140625;
23:01:39;209.0;1574290901;87.806;13.3320348353814;0.3652612283666137;-0.35888671875;
23:01:40;210.0;1574290902;87.996;10.850136791176004;0.2972640216760549;-0.3125;
23:01:42;212.0;1574290903;87.92;10.980763004028917;0.3008428220281895;-0.31494140625;
23:01:43;213.0;1574290904;87.996;10.980763004028917;0.3008428220281895;-0.31494140625;
23:01:44;214.0;1574290905;87.863;10.719510578323089;0.2936852213239202;-0.31005859375;
23:01:45;215.0;1574290906;87.977;10.850136791176004;0.2972640216760549;-0.3125;
23:01:46;216.0;1574290907;87.996;10.32763193976434;0.28294882026751617;-0.302734375;
23:01:47;217.0;1574290908;87.749;10.980763004028917;0.3008428220281895;-0.31494140625;
23:01:48;218.0;1574290909;87.541;10.980763004028917;0.3008428220281895;-0.31494140625;
23:01:49;219.0;1574290910;87.052;10.850136791176004;0.2972640216760549;-0.3125;
23:01:50;220.0;1574290911;87.504;10.850136791176004;0.2972640216760549;-0.3125;
23:01:51;221.0;1574290912;87.636;10.850136791176004;0.2972640216760549;-0.3125;
23:01:52;222.0;1574290913;88.034;10.980763004028917;0.3008428220281895;-0.31494140625;
23:01:53;223.0;1574290914;88.262;10.980763004028917;0.3008428220281895;-0.31494140625;
23:01:54;224.0;1574290915;87.977;10.588884365470172;0.2901064209717855;-0.3076171875;
23:01:55;225.0;1574290916;87.806;13.201408622528486;0.3616824280144791;-0.3564453125;
23:01:56;226.0;1574290917;87.447;10.850136791176004;0.2972640216760549;-0.3125;
23:01:57;227.0;1574290918;87.485;10.850136791176004;0.2972640216760549;-0.3125;
23:01:58;228.0;1574290919;87.183;10.850136791176004;0.2972640216760549;-0.3125;
23:01:59;229.0;1574290920;87.522;8.629491172676437;0.23642441568976538;-0.27099609375;
23:02:00;230.0;1574290921;87.504;10.850136791176004;0.2972640216760549;-0.3125;
23:02:01;231.0;1574290922;87.447;10.850136791176004;0.2972640216760549;-0.3125;
23:02:02;232.0;1574290923;87.579;10.588884365470172;0.2901064209717855;-0.3076171875;
23:02:03;233.0;1574290924;87.089;10.850136791176004;0.2972640216760549;-0.3125;
23:02:04;234.0;1574290925;87.127;10.850136791176004;0.2972640216760549;-0.3125;
23:02:05;235.0;1574290926;87.127;10.850136791176004;0.2972640216760549;-0.3125;
23:02:06;236.0;1574290927;87.146;11.111389216881834;0.3044216223803242;-0.3173828125;
23:02:07;237.0;1574290928;87.485;7.7151076827060265;0.21137281322482265;-0.25390625;
23:02:08;238.0;1574290929;87.296;10.980763004028917;0.3008428220281895;-0.31494140625;
23:02:09;239.0;1574290930;87.466;10.719510578323089;0.2936852213239202;-0.31005859375;
23:02:10;240.0;1574290931;87.579;12.15639891970516;0.3330520251974016;-0.3369140625;
23:02:11;241.0;1574290932;87.39;10.850136791176004;0.2972640216760549;-0.3125;
23:02:12;242.0;1574290933;87.711;10.980763004028917;0.3008428220281895;-0.31494140625;
23:02:13;243.0;1574290934;87.522;10.850136791176004;0.2972640216760549;-0.3125;
23:02:14;244.0;1574290935;87.977;10.850136791176004;0.2972640216760549;-0.3125;
23:02:15;245.0;1574290936;88.186;10.850136791176004;0.2972640216760549;-0.3125;
23:02:16;246.0;1574290937;88.053;10.980763004028917;0.3008428220281895;-0.31494140625;
23:02:17;247.0;1574290938;87.939;10.850136791176004;0.2972640216760549;-0.3125;
23:02:18;248.0;1574290939;87.202;10.980763004028917;0.3008428220281895;-0.31494140625;
23:02:19;249.0;1574290940;87.183;10.588884365470172;0.2901064209717855;-0.3076171875;
23:02:20;250.0;1574290941;86.996;10.980763004028917;0.3008428220281895;-0.31494140625;
23:02:21;251.0;1574290942;87.259;10.588884365470172;0.2901064209717855;-0.3076171875;
23:02:22;252.0;1574290943;87.24;10.980763004028917;0.3008428220281895;-0.31494140625;
23:02:23;253.0;1574290944;87.372;10.980763004028917;0.3008428220281895;-0.31494140625;
23:02:24;254.0;1574290945;87.73;10.980763004028917;0.3008428220281895;-0.31494140625;
23:02:25;255.0;1574290946;87.447;10.980763004028917;0.3008428220281895;-0.31494140625;
23:02:26;256.0;1574290947;87.806;13.201408622528486;0.3616824280144791;-0.3564453125;
23:02:27;257.0;1574290948;87.466;10.850136791176004;0.2972640216760549;-0.3125;
23:02:28;258.0;1574290949;87.447;10.719510578323089;0.2936852213239202;-0.31005859375;
23:02:29;259.0;1574290950;87.598;10.850136791176004;0.2972640216760549;-0.3125;
23:02:30;260.0;1574290951;87.579;10.066379514058509;0.2757912195632468;-0.2978515625;
23:02:31;261.0;1574290952;87.92;10.850136791176004;0.2972640216760549;-0.3125;
23:02:32;262.0;1574290953;88.091;10.719510578323089;0.2936852213239202;-0.31005859375;
23:02:33;263.0;1574290954;87.901;12.678903771116824;0.3473672266059404;-0.3466796875;
23:02:34;264.0;1574290955;87.863;10.850136791176004;0.2972640216760549;-0.3125;
23:02:35;265.0;1574290956;87.711;10.980763004028917;0.3008428220281895;-0.31494140625;
23:02:36;266.0;1574290957;87.372;10.719510578323089;0.2936852213239202;-0.31005859375;
23:02:37;267.0;1574290959;87.24;10.850136791176004;0.2972640216760549;-0.3125;
23:02:38;268.0;1574290960;87.428;10.980763004028917;0.3008428220281895;-0.31494140625;
23:02:39;269.0;1574290961;87.24;10.588884365470172;0.2901064209717855;-0.3076171875;
23:02:40;270.0;1574290962;87.183;10.850136791176004;0.2972640216760549;-0.3125;
23:02:41;271.0;1574290963;87.692;10.980763004028917;0.3008428220281895;-0.31494140625;
23:02:42;272.0;1574290964;87.541;10.980763004028917;0.3008428220281895;-0.31494140625;
23:02:43;273.0;1574290965;87.768;10.850136791176004;0.2972640216760549;-0.3125;
23:02:44;274.0;1574290966;87.787;10.719510578323089;0.2936852213239202;-0.31005859375;
23:02:46;276.0;1574290967;87.409;10.066379514058509;0.2757912195632468;-0.2978515625;
23:02:47;277.0;1574290968;87.24;10.588884365470172;0.2901064209717855;-0.3076171875;
23:02:48;278.0;1574290969;87.428;10.850136791176004;0.2972640216760549;-0.3125;
23:02:49;279.0;1574290970;87.428;10.980763004028917;0.3008428220281895;-0.31494140625;
23:02:50;280.0;1574290971;87.466;12.287025132558075;0.33663082554953627;-0.33935546875;
23:02:51;281.0;1574290972;87.447;10.850136791176004;0.2972640216760549;-0.3125;
23:02:52;282.0;1574290973;86.883;10.850136791176004;0.2972640216760549;-0.3125;
23:02:53;283.0;1574290974;86.902;10.850136791176004;0.2972640216760549;-0.3125;
23:02:54;284.0;1574290975;87.108;10.850136791176004;0.2972640216760549;-0.3125;
23:02:55;285.0;1574290976;87.127;10.458258152617258;0.2865276206196509;-0.30517578125;
23:02:56;286.0;1574290977;87.334;10.850136791176004;0.2972640216760549;-0.3125;
23:02:57;287.0;1574290978;87.692;10.458258152617258;0.2865276206196509;-0.30517578125;
23:02:58;288.0;1574290979;87.315;11.50326785544058;0.3151580234367282;-0.32470703125;
23:02:59;289.0;1574290980;87.522;10.719510578323089;0.2936852213239202;-0.31005859375;
23:03:00;290.0;1574290981;87.485;10.980763004028917;0.3008428220281895;-0.31494140625;
23:03:01;291.0;1574290982;86.958;11.242015429734748;0.30800042273245887;-0.31982421875;
23:03:02;292.0;1574290983;87.277;10.850136791176004;0.2972640216760549;-0.3125;
23:03:03;293.0;1574290984;87.071;10.719510578323089;0.2936852213239202;-0.31005859375;
23:03:04;294.0;1574290985;87.089;10.850136791176004;0.2972640216760549;-0.3125;
23:03:05;295.0;1574290986;87.296;10.719510578323089;0.2936852213239202;-0.31005859375;
23:03:06;296.0;1574290987;87.089;10.980763004028917;0.3008428220281895;-0.31494140625;
23:03:07;297.0;1574290988;87.259;10.850136791176004;0.2972640216760549;-0.3125;
23:03:08;298.0;1574290989;87.277;10.719510578323089;0.2936852213239202;-0.31005859375;
23:03:09;299.0;1574290990;87.277;10.850136791176004;0.2972640216760549;-0.3125;
23:03:10;300.0;1574290991;87.334;10.458258152617258;0.2865276206196509;-0.30517578125;
23:03:11;301.0;1574290992;87.202;11.242015429734748;0.30800042273245887;-0.31982421875;
23:03:12;302.0;1574290993;87.183;10.980763004028917;0.3008428220281895;-0.31494140625;
23:03:13;303.0;1574290994;87.485;10.980763004028917;0.3008428220281895;-0.31494140625;
23:03:14;304.0;1574290995;87.296;10.850136791176004;0.2972640216760549;-0.3125;
23:03:15;305.0;1574290996;87.579;10.719510578323089;0.2936852213239202;-0.31005859375;
23:03:16;306.0;1574290997;87.787;10.719510578323089;0.2936852213239202;-0.31005859375;
23:03:17;307.0;1574290998;87.504;10.980763004028917;0.3008428220281895;-0.31494140625;
23:03:18;308.0;1574290999;87.674;10.980763004028917;0.3008428220281895;-0.31494140625;
23:03:19;309.0;1574291000;87.089;10.850136791176004;0.2972640216760549;-0.3125;
23:03:20;310.0;1574291001;86.902;14.115792112498895;0.3867340304794218;-0.37353515625;
23:03:21;311.0;1574291002;86.846;11.242015429734748;0.30800042273245887;-0.31982421875;
23:03:22;312.0;1574291003;86.696;10.850136791176004;0.2972640216760549;-0.3125;
23:03:23;313.0;1574291004;86.808;10.850136791176004;0.2972640216760549;-0.3125;
23:03:24;314.0;1574291005;86.771;8.23761253411769;0.22568801463336136;-0.263671875;
23:03:25;315.0;1574291006;86.79;10.980763004028917;0.3008428220281895;-0.31494140625;
23:03:26;316.0;1574291007;86.883;10.850136791176004;0.2972640216760549;-0.3125;
23:03:27;317.0;1574291008;87.108;10.850136791176004;0.2972640216760549;-0.3125;
23:03:28;318.0;1574291009;87.127;10.719510578323089;0.2936852213239202;-0.31005859375;
23:03:29;319.0;1574291010;87.108;10.850136791176004;0.2972640216760549;-0.3125;
23:03:30;320.0;1574291011;86.827;10.850136791176004;0.2972640216760549;-0.3125;
23:03:31;321.0;1574291012;86.827;10.719510578323089;0.2936852213239202;-0.31005859375;
23:03:32;322.0;1574291013;86.977;10.719510578323089;0.2936852213239202;-0.31005859375;
23:03:33;323.0;1574291014;86.883;4.188199935677303;0.11474520371718638;-0.18798828125;
23:03:34;324.0;1574291015;87.409;10.850136791176004;0.2972640216760549;-0.3125;
23:03:35;325.0;1574291016;87.202;10.980763004028917;0.3008428220281895;-0.31494140625;
23:03:36;326.0;1574291017;87.071;10.980763004028917;0.3008428220281895;-0.31494140625;
23:03:37;327.0;1574291018;87.202;10.980763004028917;0.3008428220281895;-0.31494140625;
23:03:38;328.0;1574291019;87.033;10.719510578323089;0.2936852213239202;-0.31005859375;
23:03:39;329.0;1574291020;87.052;10.066379514058509;0.2757912195632468;-0.2978515625;
23:03:40;330.0;1574291021;87.014;10.850136791176004;0.2972640216760549;-0.3125;
23:03:41;331.0;1574291022;86.659;10.850136791176004;0.2972640216760549;-0.3125;
23:03:42;332.0;1574291023;86.621;10.850136791176004;0.2972640216760549;-0.3125;
23:03:43;333.0;1574291024;86.565;10.850136791176004;0.2972640216760549;-0.3125;
23:03:44;334.0;1574291026;86.64;10.980763004028917;0.3008428220281895;-0.31494140625;
23:03:45;335.0;1574291027;86.977;10.850136791176004;0.2972640216760549;-0.3125;
23:03:46;336.0;1574291028;86.864;10.719510578323089;0.2936852213239202;-0.31005859375;
23:03:47;337.0;1574291029;87.071;10.850136791176004;0.2972640216760549;-0.3125;
23:03:48;338.0;1574291030;86.846;10.066379514058509;0.2757912195632468;-0.2978515625;
23:03:50;340.0;1574291031;86.846;10.850136791176004;0.2972640216760549;-0.3125;
23:03:51;341.0;1574291032;86.883;10.980763004028917;0.3008428220281895;-0.31494140625;
23:03:52;342.0;1574291033;86.734;10.850136791176004;0.2972640216760549;-0.3125;
23:03:53;343.0;1574291034;86.921;10.850136791176004;0.2972640216760549;-0.3125;
23:03:54;344.0;1574291035;86.771;10.980763004028917;0.3008428220281895;-0.31494140625;
23:03:55;345.0;1574291036;86.696;10.719510578323089;0.2936852213239202;-0.31005859375;
23:03:56;346.0;1574291037;86.491;10.588884365470172;0.2901064209717855;-0.3076171875;
23:03:57;347.0;1574291038;86.323;11.242015429734748;0.30800042273245887;-0.31982421875;
23:03:58;348.0;1574291039;86.64;10.980763004028917;0.3008428220281895;-0.31494140625;
23:03:59;349.0;1574291040;86.621;10.980763004028917;0.3008428220281895;-0.31494140625;
23:04:00;350.0;1574291041;86.79;10.980763004028917;0.3008428220281895;-0.31494140625;
23:04:01;351.0;1574291042;86.79;10.719510578323089;0.2936852213239202;-0.31005859375;
23:04:02;352.0;1574291043;86.51;10.719510578323089;0.2936852213239202;-0.31005859375;
23:04:03;353.0;1574291044;86.528;10.850136791176004;0.2972640216760549;-0.3125;
23:04:04;354.0;1574291045;86.808;10.719510578323089;0.2936852213239202;-0.31005859375;
23:04:05;355.0;1574291046;86.958;10.850136791176004;0.2972640216760549;-0.3125;
23:04:06;356.0;1574291047;86.921;10.719510578323089;0.2936852213239202;-0.31005859375;
23:04:07;357.0;1574291048;86.79;11.111389216881834;0.3044216223803242;-0.3173828125;
23:04:08;358.0;1574291049;86.491;10.850136791176004;0.2972640216760549;-0.3125;
23:04:09;359.0;1574291050;86.491;11.242015429734748;0.30800042273245887;-0.31982421875;
23:04:10;360.0;1574291051;86.472;10.980763004028917;0.3008428220281895;-0.31494140625;
23:04:11;361.0;1574291052;86.958;10.850136791176004;0.2972640216760549;-0.3125;
23:04:12;362.0;1574291053;87.146;10.588884365470172;0.2901064209717855;-0.3076171875;
23:04:13;363.0;1574291054;87.052;10.850136791176004;0.2972640216760549;-0.3125;
23:04:14;364.0;1574291055;87.108;10.850136791176004;0.2972640216760549;-0.3125;
23:04:15;365.0;1574291056;86.808;10.980763004028917;0.3008428220281895;-0.31494140625;
23:04:16;366.0;1574291057;86.659;11.633894068293497;0.3187368237888629;-0.3271484375;
23:04:17;367.0;1574291058;86.771;10.980763004028917;0.3008428220281895;-0.31494140625;
23:04:18;368.0;1574291059;86.902;10.980763004028917;0.3008428220281895;-0.31494140625;
23:04:19;369.0;1574291060;86.996;10.980763004028917;0.3008428220281895;-0.31494140625;
23:04:20;370.0;1574291061;87.108;10.850136791176004;0.2972640216760549;-0.3125;
23:04:21;371.0;1574291062;87.259;10.850136791176004;0.2972640216760549;-0.3125;
23:04:22;372.0;1574291063;87.296;10.719510578323089;0.2936852213239202;-0.31005859375;
23:04:23;373.0;1574291064;87.033;10.850136791176004;0.2972640216760549;-0.3125;
23:04:24;374.0;1574291065;86.921;10.850136791176004;0.2972640216760549;-0.3125;
23:04:25;375.0;1574291066;86.584;10.980763004028917;0.3008428220281895;-0.31494140625;
23:04:26;376.0;1574291067;86.51;10.850136791176004;0.2972640216760549;-0.3125;
23:04:27;377.0;1574291068;86.958;10.719510578323089;0.2936852213239202;-0.31005859375;
23:04:28;378.0;1574291069;86.977;10.850136791176004;0.2972640216760549;-0.3125;
23:04:29;379.0;1574291070;86.939;10.980763004028917;0.3008428220281895;-0.31494140625;
23:04:30;380.0;1574291071;86.977;10.850136791176004;0.2972640216760549;-0.3125;
23:04:31;381.0;1574291072;86.659;10.980763004028917;0.3008428220281895;-0.31494140625;
23:04:32;382.0;1574291073;86.64;10.588884365470172;0.2901064209717855;-0.3076171875;
23:04:33;383.0;1574291074;87.183;10.588884365470172;0.2901064209717855;-0.3076171875;
23:04:34;384.0;1574291075;86.996;10.980763004028917;0.3008428220281895;-0.31494140625;
23:04:35;385.0;1574291077;86.996;9.805127088352677;0.26863361885897746;-0.29296875;
23:04:36;386.0;1574291078;87.372;10.850136791176004;0.2972640216760549;-0.3125;
23:04:37;387.0;1574291079;87.183;10.850136791176004;0.2972640216760549;-0.3125;
23:04:38;388.0;1574291080;87.165;10.850136791176004;0.2972640216760549;-0.3125;
23:04:39;389.0;1574291081;87.353;10.719510578323089;0.2936852213239202;-0.31005859375;
23:04:40;390.0;1574291082;86.921;10.719510578323089;0.2936852213239202;-0.31005859375;
23:04:41;391.0;1574291083;86.621;10.980763004028917;0.3008428220281895;-0.31494140625;
23:04:42;392.0;1574291084;86.64;10.850136791176004;0.2972640216760549;-0.3125;
23:04:43;393.0;1574291085;86.435;10.850136791176004;0.2972640216760549;-0.3125;
23:04:44;394.0;1574291086;86.491;10.980763004028917;0.3008428220281895;-0.31494140625;
23:04:45;395.0;1574291087;86.323;10.980763004028917;0.3008428220281895;-0.31494140625;
23:04:46;396.0;1574291088;86.342;11.50326785544058;0.3151580234367282;-0.32470703125;
23:04:47;397.0;1574291089;86.547;10.850136791176004;0.2972640216760549;-0.3125;
23:04:48;398.0;1574291090;86.696;10.588884365470172;0.2901064209717855;-0.3076171875;
23:04:49;399.0;1574291091;87.014;10.719510578323089;0.2936852213239202;-0.31005859375;
23:04:50;400.0;1574291092;86.902;10.850136791176004;0.2972640216760549;-0.3125;
23:04:51;401.0;1574291093;86.565;11.372641642587666;0.3115792230845936;-0.322265625;
23:04:52;402.0;1574291094;86.547;10.588884365470172;0.2901064209717855;-0.3076171875;
23:04:54;404.0;1574291095;86.547;10.850136791176004;0.2972640216760549;-0.3125;
23:04:55;405.0;1574291096;86.771;10.980763004028917;0.3008428220281895;-0.31494140625;
23:04:56;406.0;1574291097;86.902;10.850136791176004;0.2972640216760549;-0.3125;
23:04:57;407.0;1574291098;86.883;10.850136791176004;0.2972640216760549;-0.3125;
23:04:58;408.0;1574291099;86.734;10.850136791176004;0.2972640216760549;-0.3125;
23:04:59;409.0;1574291100;86.584;10.719510578323089;0.2936852213239202;-0.31005859375;
23:05:00;410.0;1574291101;86.771;10.32763193976434;0.28294882026751617;-0.302734375;
23:05:01;411.0;1574291102;86.677;10.719510578323089;0.2936852213239202;-0.31005859375;
23:05:02;412.0;1574291103;86.696;10.458258152617258;0.2865276206196509;-0.30517578125;
23:05:03;413.0;1574291104;86.715;11.633894068293497;0.3187368237888629;-0.3271484375;
23:05:04;414.0;1574291105;86.565;10.719510578323089;0.2936852213239202;-0.31005859375;
23:05:05;415.0;1574291106;86.416;10.850136791176004;0.2972640216760549;-0.3125;
23:05:06;416.0;1574291107;86.435;10.850136791176004;0.2972640216760549;-0.3125;
23:05:07;417.0;1574291108;86.323;10.980763004028917;0.3008428220281895;-0.31494140625;
23:05:08;418.0;1574291109;86.175;10.980763004028917;0.3008428220281895;-0.31494140625;
23:05:09;419.0;1574291110;86.138;10.850136791176004;0.2972640216760549;-0.3125;
23:05:10;420.0;1574291111;86.175;10.980763004028917;0.3008428220281895;-0.31494140625;
23:05:11;421.0;1574291112;86.416;10.588884365470172;0.2901064209717855;-0.3076171875;
23:05:12;422.0;1574291113;86.715;11.111389216881834;0.3044216223803242;-0.3173828125;
23:05:13;423.0;1574291114;86.715;10.850136791176004;0.2972640216760549;-0.3125;
23:05:14;424.0;1574291115;86.584;10.719510578323089;0.2936852213239202;-0.31005859375;
23:05:15;425.0;1574291116;86.342;10.850136791176004;0.2972640216760549;-0.3125;
23:05:16;426.0;1574291117;86.119;10.588884365470172;0.2901064209717855;-0.3076171875;
23:05:17;427.0;1574291118;86.156;10.850136791176004;0.2972640216760549;-0.3125;
23:05:18;428.0;1574291119;86.026;10.980763004028917;0.3008428220281895;-0.31494140625;
23:05:19;429.0;1574291120;86.323;10.980763004028917;0.3008428220281895;-0.31494140625;
23:05:20;430.0;1574291121;86.379;12.940156196822654;0.3545248273102097;-0.3515625;
23:05:21;431.0;1574291122;86.323;10.719510578323089;0.2936852213239202;-0.31005859375;
23:05:22;432.0;1574291123;86.491;10.980763004028917;0.3008428220281895;-0.31494140625;
23:05:23;433.0;1574291124;86.305;7.192602831294364;0.19705761181628395;-0.244140625;
23:05:24;434.0;1574291125;86.175;9.413248449793933;0.2578972178025735;-0.28564453125;
23:05:25;435.0;1574291126;86.156;10.980763004028917;0.3008428220281895;-0.31494140625;
23:05:26;436.0;1574291127;86.323;10.588884365470172;0.2901064209717855;-0.3076171875;
23:05:27;437.0;1574291128;86.379;10.850136791176004;0.2972640216760549;-0.3125;
23:05:28;438.0;1574291129;86.472;10.719510578323089;0.2936852213239202;-0.31005859375;
23:05:29;439.0;1574291130;86.79;10.980763004028917;0.3008428220281895;-0.31494140625;
23:05:30;440.0;1574291132;86.491;10.066379514058509;0.2757912195632468;-0.2978515625;
23:05:31;441.0;1574291133;86.435;10.980763004028917;0.3008428220281895;-0.31494140625;
23:05:32;442.0;1574291134;86.305;10.850136791176004;0.2972640216760549;-0.3125;
23:05:33;443.0;1574291135;86.212;10.850136791176004;0.2972640216760549;-0.3125;
23:05:34;444.0;1574291136;86.715;11.111389216881834;0.3044216223803242;-0.3173828125;
23:05:35;445.0;1574291137;86.921;10.850136791176004;0.2972640216760549;-0.3125;
23:05:36;446.0;1574291138;86.902;10.980763004028917;0.3008428220281895;-0.31494140625;
23:05:37;447.0;1574291139;86.958;10.980763004028917;0.3008428220281895;-0.31494140625;
23:05:38;448.0;1574291140;86.472;10.980763004028917;0.3008428220281895;-0.31494140625;
23:05:39;449.0;1574291141;86.119;10.588884365470172;0.2901064209717855;-0.3076171875;
23:05:40;450.0;1574291142;86.323;10.980763004028917;0.3008428220281895;-0.31494140625;
23:05:41;451.0;1574291143;86.026;10.719510578323089;0.2936852213239202;-0.31005859375;
23:05:42;452.0;1574291144;86.138;14.246418325351808;0.3903128308315564;-0.3759765625;
23:05:43;453.0;1574291145;86.138;10.980763004028917;0.3008428220281895;-0.31494140625;
23:05:44;454.0;1574291146;86.119;11.111389216881834;0.3044216223803242;-0.3173828125;
23:05:45;455.0;1574291147;86.156;10.850136791176004;0.2972640216760549;-0.3125;
23:05:46;456.0;1574291148;86.045;10.850136791176004;0.2972640216760549;-0.3125;
23:05:47;457.0;1574291149;86.212;9.935753301205596;0.2722124192111122;-0.29541015625;
23:05:48;458.0;1574291150;86.101;10.850136791176004;0.2972640216760549;-0.3125;
23:05:49;459.0;1574291151;86.138;10.850136791176004;0.2972640216760549;-0.3125;
23:05:50;460.0;1574291152;86.082;10.980763004028917;0.3008428220281895;-0.31494140625;
23:05:51;461.0;1574291153;85.915;10.980763004028917;0.3008428220281895;-0.31494140625;
23:05:52;462.0;1574291154;85.86;10.980763004028917;0.3008428220281895;-0.31494140625;
23:05:53;463.0;1574291155;85.841;10.850136791176004;0.2972640216760549;-0.3125;
23:05:54;464.0;1574291156;85.878;10.850136791176004;0.2972640216760549;-0.3125;
23:05:55;465.0;1574291157;86.026;10.850136791176004;0.2972640216760549;-0.3125;
23:05:57;467.0;1574291158;86.323;10.850136791176004;0.2972640216760549;-0.3125;
23:05:59;469.0;1574291160;86.342;10.850136791176004;0.2972640216760549;-0.3125;
23:06:00;470.0;1574291161;86.379;10.719510578323089;0.2936852213239202;-0.31005859375;
23:06:01;471.0;1574291162;86.101;10.850136791176004;0.2972640216760549;-0.3125;
23:06:02;472.0;1574291163;86.101;10.980763004028917;0.3008428220281895;-0.31494140625;
23:06:03;473.0;1574291164;85.915;10.980763004028917;0.3008428220281895;-0.31494140625;
23:06:04;474.0;1574291165;85.73;10.850136791176004;0.2972640216760549;-0.3125;
23:06:05;475.0;1574291166;85.73;10.719510578323089;0.2936852213239202;-0.31005859375;
23:06:06;476.0;1574291167;85.971;10.719510578323089;0.2936852213239202;-0.31005859375;
23:06:07;477.0;1574291168;86.193;12.940156196822654;0.3545248273102097;-0.3515625;
23:06:08;478.0;1574291169;86.175;10.850136791176004;0.2972640216760549;-0.3125;
23:06:09;479.0;1574291170;86.138;10.719510578323089;0.2936852213239202;-0.31005859375;
23:06:10;480.0;1574291171;86.026;10.719510578323089;0.2936852213239202;-0.31005859375;
23:06:11;481.0;1574291172;85.952;10.850136791176004;0.2972640216760549;-0.3125;
23:06:12;482.0;1574291173;85.952;10.850136791176004;0.2972640216760549;-0.3125;
23:06:13;483.0;1574291174;86.193;10.850136791176004;0.2972640216760549;-0.3125;
23:06:14;484.0;1574291175;86.026;10.719510578323089;0.2936852213239202;-0.31005859375;
23:06:15;485.0;1574291176;86.156;10.980763004028917;0.3008428220281895;-0.31494140625;
23:06:16;486.0;1574291177;86.212;11.111389216881834;0.3044216223803242;-0.3173828125;
23:06:17;487.0;1574291178;86.063;10.850136791176004;0.2972640216760549;-0.3125;
23:06:18;488.0;1574291179;86.063;10.980763004028917;0.3008428220281895;-0.31494140625;
23:06:19;489.0;1574291180;85.915;10.980763004028917;0.3008428220281895;-0.31494140625;
23:06:20;490.0;1574291181;86.212;10.719510578323089;0.2936852213239202;-0.31005859375;
23:06:21;491.0;1574291182;86.305;11.111389216881834;0.3044216223803242;-0.3173828125;
23:06:22;492.0;1574291183;86.491;10.588884365470172;0.2901064209717855;-0.3076171875;
23:06:23;493.0;1574291184;86.472;10.458258152617258;0.2865276206196509;-0.30517578125;
23:06:24;494.0;1574291185;86.286;10.980763004028917;0.3008428220281895;-0.31494140625;
23:06:25;495.0;1574291186;86.193;10.719510578323089;0.2936852213239202;-0.31005859375;
23:06:26;496.0;1574291187;86.008;9.805127088352677;0.26863361885897746;-0.29296875;
23:06:27;497.0;1574291188;86.23;9.413248449793933;0.2578972178025735;-0.28564453125;
23:06:28;498.0;1574291189;86.063;10.980763004028917;0.3008428220281895;-0.31494140625;
23:06:29;499.0;1574291190;86.008;10.980763004028917;0.3008428220281895;-0.31494140625;
23:06:30;500.0;1574291191;86.045;11.633894068293497;0.3187368237888629;-0.3271484375;
23:06:31;501.0;1574291192;85.878;10.850136791176004;0.2972640216760549;-0.3125;
23:06:32;502.0;1574291193;85.878;10.980763004028917;0.3008428220281895;-0.31494140625;
23:06:33;503.0;1574291194;85.583;10.588884365470172;0.2901064209717855;-0.3076171875;
23:06:34;504.0;1574291195;85.565;9.935753301205596;0.2722124192111122;-0.29541015625;
23:06:35;505.0;1574291197;85.546;10.066379514058509;0.2757912195632468;-0.2978515625;
23:06:36;506.0;1574291198;85.565;10.980763004028917;0.3008428220281895;-0.31494140625;
23:06:37;507.0;1574291199;86.045;10.719510578323089;0.2936852213239202;-0.31005859375;
23:06:38;508.0;1574291200;86.212;10.850136791176004;0.2972640216760549;-0.3125;
23:06:39;509.0;1574291201;86.23;10.719510578323089;0.2936852213239202;-0.31005859375;
23:06:40;510.0;1574291202;86.268;10.980763004028917;0.3008428220281895;-0.31494140625;
23:06:41;511.0;1574291203;86.119;10.980763004028917;0.3008428220281895;-0.31494140625;
23:06:42;512.0;1574291204;86.008;10.850136791176004;0.2972640216760549;-0.3125;
23:06:43;513.0;1574291205;85.86;11.50326785544058;0.3151580234367282;-0.32470703125;
23:06:44;514.0;1574291206;85.897;10.850136791176004;0.2972640216760549;-0.3125;
23:06:45;515.0;1574291207;85.841;10.850136791176004;0.2972640216760549;-0.3125;
23:06:46;516.0;1574291208;85.657;10.850136791176004;0.2972640216760549;-0.3125;
23:06:47;517.0;1574291209;85.841;14.899549389616388;0.4082068325922298;-0.38818359375;
23:06:48;518.0;1574291210;85.934;10.850136791176004;0.2972640216760549;-0.3125;
23:06:49;519.0;1574291211;85.989;10.980763004028917;0.3008428220281895;-0.31494140625;
23:06:50;520.0;1574291212;86.101;10.719510578323089;0.2936852213239202;-0.31005859375;
23:06:51;521.0;1574291213;86.156;10.850136791176004;0.2972640216760549;-0.3125;
23:06:52;522.0;1574291214;86.138;10.719510578323089;0.2936852213239202;-0.31005859375;
23:06:53;523.0;1574291215;86.138;10.850136791176004;0.2972640216760549;-0.3125;
23:06:54;524.0;1574291216;86.138;10.980763004028917;0.3008428220281895;-0.31494140625;
23:06:56;526.0;1574291217;86.138;11.111389216881834;0.3044216223803242;-0.3173828125;
23:06:57;527.0;1574291219;85.971;10.850136791176004;0.2972640216760549;-0.3125;
23:06:58;528.0;1574291220;86.008;10.32763193976434;0.28294882026751617;-0.302734375;
23:06:59;529.0;1574291221;85.767;10.850136791176004;0.2972640216760549;-0.3125;
23:07:00;530.0;1574291222;85.915;10.850136791176004;0.2972640216760549;-0.3125;
23:07:01;531.0;1574291223;86.008;10.719510578323089;0.2936852213239202;-0.31005859375;
23:07:03;533.0;1574291224;85.989;10.719510578323089;0.2936852213239202;-0.31005859375;
23:07:04;534.0;1574291225;86.063;12.15639891970516;0.3330520251974016;-0.3369140625;
23:07:05;535.0;1574291226;85.86;10.588884365470172;0.2901064209717855;-0.3076171875;
23:07:06;536.0;1574291227;85.915;10.980763004028917;0.3008428220281895;-0.31494140625;
23:07:07;537.0;1574291228;85.878;10.850136791176004;0.2972640216760549;-0.3125;
23:07:08;538.0;1574291229;85.841;10.588884365470172;0.2901064209717855;-0.3076171875;
23:07:09;539.0;1574291230;86.082;10.850136791176004;0.2972640216760549;-0.3125;
23:07:10;540.0;1574291231;86.101;10.850136791176004;0.2972640216760549;-0.3125;
23:07:11;541.0;1574291232;85.989;10.850136791176004;0.2972640216760549;-0.3125;
23:07:12;542.0;1574291233;85.823;10.980763004028917;0.3008428220281895;-0.31494140625;
23:07:13;543.0;1574291234;85.638;10.980763004028917;0.3008428220281895;-0.31494140625;
23:07:14;544.0;1574291235;85.657;10.980763004028917;0.3008428220281895;-0.31494140625;
23:07:15;545.0;1574291236;85.823;10.980763004028917;0.3008428220281895;-0.31494140625;
23:07:16;546.0;1574291237;85.971;10.719510578323089;0.2936852213239202;-0.31005859375;
23:07:17;547.0;1574291238;85.915;10.850136791176004;0.2972640216760549;-0.3125;
23:07:18;548.0;1574291239;85.915;10.850136791176004;0.2972640216760549;-0.3125;
23:07:19;549.0;1574291240;85.823;10.719510578323089;0.2936852213239202;-0.31005859375;
23:07:20;550.0;1574291241;85.841;10.850136791176004;0.2972640216760549;-0.3125;
23:07:21;551.0;1574291242;85.73;10.719510578323089;0.2936852213239202;-0.31005859375;
23:07:22;552.0;1574291243;85.657;10.980763004028917;0.3008428220281895;-0.31494140625;
23:07:23;553.0;1574291244;85.749;10.980763004028917;0.3008428220281895;-0.31494140625;
23:07:24;554.0;1574291245;85.601;8.629491172676437;0.23642441568976538;-0.27099609375;
23:07:25;555.0;1574291246;85.546;10.980763004028917;0.3008428220281895;-0.31494140625;
23:07:26;556.0;1574291247;85.62;10.719510578323089;0.2936852213239202;-0.31005859375;
23:07:27;557.0;1574291248;85.546;10.588884365470172;0.2901064209717855;-0.3076171875;
23:07:28;558.0;1574291249;85.73;12.548277558263905;0.3437884262538056;-0.34423828125;
23:07:29;559.0;1574291250;85.952;10.850136791176004;0.2972640216760549;-0.3125;
23:07:30;560.0;1574291251;85.767;11.242015429734748;0.30800042273245887;-0.31982421875;
23:07:31;561.0;1574291252;85.657;9.935753301205596;0.2722124192111122;-0.29541015625;
23:07:32;562.0;1574291253;85.509;10.850136791176004;0.2972640216760549;-0.3125;
23:07:33;563.0;1574291254;85.546;10.850136791176004;0.2972640216760549;-0.3125;
23:07:34;564.0;1574291255;85.675;10.850136791176004;0.2972640216760549;-0.3125;
23:07:35;565.0;1574291256;85.86;10.980763004028917;0.3008428220281895;-0.31494140625;
23:07:36;566.0;1574291257;85.915;10.850136791176004;0.2972640216760549;-0.3125;
23:07:37;567.0;1574291258;85.73;10.850136791176004;0.2972640216760549;-0.3125;
23:07:38;568.0;1574291259;85.62;10.850136791176004;0.2972640216760549;-0.3125;
23:07:39;569.0;1574291260;85.436;10.980763004028917;0.3008428220281895;-0.31494140625;
23:07:40;570.0;1574291261;85.491;10.980763004028917;0.3008428220281895;-0.31494140625;
23:07:41;571.0;1574291262;85.252;11.242015429734748;0.30800042273245887;-0.31982421875;
23:07:42;572.0;1574291263;85.087;10.980763004028917;0.3008428220281895;-0.31494140625;
23:07:43;573.0;1574291264;85.234;10.980763004028917;0.3008428220281895;-0.31494140625;
23:07:44;574.0;1574291265;85.215;13.593287261087232;0.3724188290708831;-0.36376953125;
23:07:45;575.0;1574291266;85.399;10.719510578323089;0.2936852213239202;-0.31005859375;
23:07:46;576.0;1574291267;85.528;10.980763004028917;0.3008428220281895;-0.31494140625;
23:07:47;577.0;1574291268;85.546;10.719510578323089;0.2936852213239202;-0.31005859375;
23:07:48;578.0;1574291269;85.601;10.719510578323089;0.2936852213239202;-0.31005859375;
23:07:49;579.0;1574291270;85.528;10.719510578323089;0.2936852213239202;-0.31005859375;
23:07:50;580.0;1574291271;85.712;10.850136791176004;0.2972640216760549;-0.3125;
23:07:51;581.0;1574291272;85.694;10.850136791176004;0.2972640216760549;-0.3125;
23:07:52;582.0;1574291273;85.657;10.980763004028917;0.3008428220281895;-0.31494140625;
23:07:53;583.0;1574291274;85.767;10.850136791176004;0.2972640216760549;-0.3125;
23:07:54;584.0;1574291275;85.804;10.850136791176004;0.2972640216760549;-0.3125;
23:07:55;585.0;1574291276;85.878;10.850136791176004;0.2972640216760549;-0.3125;
23:07:56;586.0;1574291277;85.86;10.197005726911426;0.2793700199153815;-0.30029296875;
23:07:57;587.0;1574291278;85.989;10.719510578323089;0.2936852213239202;-0.31005859375;
23:07:58;588.0;1574291280;85.786;10.719510578323089;0.2936852213239202;-0.31005859375;
23:07:59;589.0;1574291281;85.694;10.850136791176004;0.2972640216760549;-0.3125;
23:08:00;590.0;1574291282;85.712;10.588884365470172;0.2901064209717855;-0.3076171875;
23:08:01;591.0;1574291283;85.712;10.980763004028917;0.3008428220281895;-0.31494140625;
23:08:02;592.0;1574291284;85.841;10.980763004028917;0.3008428220281895;-0.31494140625;
23:08:03;593.0;1574291285;85.565;11.50326785544058;0.3151580234367282;-0.32470703125;
23:08:04;594.0;1574291286;85.509;10.719510578323089;0.2936852213239202;-0.31005859375;
23:08:05;595.0;1574291287;85.215;9.935753301205596;0.2722124192111122;-0.29541015625;
23:08:07;597.0;1574291288;85.069;10.719510578323089;0.2936852213239202;-0.31005859375;
23:08:08;598.0;1574291289;85.234;10.850136791176004;0.2972640216760549;-0.3125;
23:08:09;599.0;1574291290;85.27;10.980763004028917;0.3008428220281895;-0.31494140625;
23:08:10;600.0;1574291291;85.362;10.850136791176004;0.2972640216760549;-0.3125;
23:08:11;601.0;1574291292;85.436;12.417651345410992;0.340209625901671;-0.341796875;
23:08:12;602.0;1574291293;85.546;10.850136791176004;0.2972640216760549;-0.3125;
23:08:13;603.0;1574291294;85.528;10.719510578323089;0.2936852213239202;-0.31005859375;
23:08:14;604.0;1574291295;85.565;10.850136791176004;0.2972640216760549;-0.3125;
23:08:15;605.0;1574291296;85.472;10.850136791176004;0.2972640216760549;-0.3125;
23:08:16;606.0;1574291297;85.528;10.719510578323089;0.2936852213239202;-0.31005859375;
23:08:17;607.0;1574291298;85.565;10.850136791176004;0.2972640216760549;-0.3125;
23:08:18;608.0;1574291299;85.73;11.111389216881834;0.3044216223803242;-0.3173828125;
23:08:19;609.0;1574291300;85.897;10.980763004028917;0.3008428220281895;-0.31494140625;
23:08:20;610.0;1574291301;85.675;10.719510578323089;0.2936852213239202;-0.31005859375;
23:08:21;611.0;1574291302;85.694;10.458258152617258;0.2865276206196509;-0.30517578125;
23:08:22;612.0;1574291303;85.565;10.980763004028917;0.3008428220281895;-0.31494140625;
23:08:23;613.0;1574291304;85.472;10.980763004028917;0.3008428220281895;-0.31494140625;
23:08:24;614.0;1574291305;85.472;10.980763004028917;0.3008428220281895;-0.31494140625;
23:08:25;615.0;1574291306;85.032;13.854539686793062;0.3795764297751524;-0.36865234375;
23:08:26;616.0;1574291307;84.996;10.458258152617258;0.2865276206196509;-0.30517578125;
23:08:27;617.0;1574291308;85.124;10.719510578323089;0.2936852213239202;-0.31005859375;
23:08:28;618.0;1574291309;85.325;11.111389216881834;0.3044216223803242;-0.3173828125;
23:08:29;619.0;1574291310;85.749;10.719510578323089;0.2936852213239202;-0.31005859375;
23:08:30;620.0;1574291311;85.786;10.719510578323089;0.2936852213239202;-0.31005859375;
23:08:31;621.0;1574291312;85.767;10.850136791176004;0.2972640216760549;-0.3125;
23:08:32;622.0;1574291313;85.712;10.850136791176004;0.2972640216760549;-0.3125;
23:08:33;623.0;1574291314;85.565;12.025772706852242;0.3294732248452669;-0.33447265625;
23:08:34;624.0;1574291315;85.417;11.111389216881834;0.3044216223803242;-0.3173828125;
23:08:35;625.0;1574291316;85.27;10.850136791176004;0.2972640216760549;-0.3125;
23:08:36;626.0;1574291317;85.16;10.980763004028917;0.3008428220281895;-0.31494140625;
23:08:37;627.0;1574291318;85.289;10.588884365470172;0.2901064209717855;-0.3076171875;
23:08:38;628.0;1574291319;85.601;10.980763004028917;0.3008428220281895;-0.31494140625;
23:08:39;629.0;1574291320;85.491;10.980763004028917;0.3008428220281895;-0.31494140625;
23:08:40;630.0;1574291321;85.638;10.850136791176004;0.2972640216760549;-0.3125;
23:08:41;631.0;1574291322;85.712;10.980763004028917;0.3008428220281895;-0.31494140625;
23:08:42;632.0;1574291323;85.509;10.719510578323089;0.2936852213239202;-0.31005859375;
23:08:43;633.0;1574291324;85.767;10.850136791176004;0.2972640216760549;-0.3125;
23:08:44;634.0;1574291325;85.804;10.588884365470172;0.2901064209717855;-0.3076171875;
23:08:45;635.0;1574291326;85.767;10.850136791176004;0.2972640216760549;-0.3125;
23:08:46;636.0;1574291327;85.934;10.980763004028917;0.3008428220281895;-0.31494140625;
23:08:47;637.0;1574291328;85.804;9.543874662646846;0.2614760181547081;-0.2880859375;
23:08:48;638.0;1574291329;85.472;10.719510578323089;0.2936852213239202;-0.31005859375;
23:08:49;639.0;1574291330;85.215;10.850136791176004;0.2972640216760549;-0.3125;
23:08:50;640.0;1574291331;84.941;10.850136791176004;0.2972640216760549;-0.3125;
23:08:51;641.0;1574291332;84.941;12.548277558263905;0.3437884262538056;-0.34423828125;
23:08:52;642.0;1574291333;85.087;10.980763004028917;0.3008428220281895;-0.31494140625;
23:08:53;643.0;1574291334;85.307;10.850136791176004;0.2972640216760549;-0.3125;
23:08:54;644.0;1574291335;85.491;10.980763004028917;0.3008428220281895;-0.31494140625;
23:08:55;645.0;1574291336;85.657;10.980763004028917;0.3008428220281895;-0.31494140625;
23:08:56;646.0;1574291337;85.675;10.850136791176004;0.2972640216760549;-0.3125;
23:08:57;647.0;1574291338;85.234;10.850136791176004;0.2972640216760549;-0.3125;
23:08:58;648.0;1574291339;85.105;10.980763004028917;0.3008428220281895;-0.31494140625;
23:08:59;649.0;1574291340;84.831;10.850136791176004;0.2972640216760549;-0.3125;
23:09:00;650.0;1574291341;84.996;10.719510578323089;0.2936852213239202;-0.31005859375;
23:09:01;651.0;1574291342;85.289;10.719510578323089;0.2936852213239202;-0.31005859375;
23:09:02;652.0;1574291343;85.528;9.413248449793933;0.2578972178025735;-0.28564453125;
23:09:03;653.0;1574291344;85.436;9.543874662646846;0.2614760181547081;-0.2880859375;
23:09:04;654.0;1574291345;85.252;10.719510578323089;0.2936852213239202;-0.31005859375;
23:09:05;655.0;1574291347;85.252;10.980763004028917;0.3008428220281895;-0.31494140625;
23:09:06;656.0;1574291348;84.977;10.980763004028917;0.3008428220281895;-0.31494140625;
23:09:07;657.0;1574291349;84.977;10.588884365470172;0.2901064209717855;-0.3076171875;
23:09:08;658.0;1574291350;85.105;10.719510578323089;0.2936852213239202;-0.31005859375;
23:09:09;659.0;1574291351;84.959;10.850136791176004;0.2972640216760549;-0.3125;
23:09:11;661.0;1574291352;85.05;10.850136791176004;0.2972640216760549;-0.3125;
23:09:12;662.0;1574291353;84.922;10.850136791176004;0.2972640216760549;-0.3125;
23:09:13;663.0;1574291354;84.941;10.719510578323089;0.2936852213239202;-0.31005859375;
23:09:14;664.0;1574291355;84.959;10.458258152617258;0.2865276206196509;-0.30517578125;
23:09:15;665.0;1574291356;84.996;10.588884365470172;0.2901064209717855;-0.3076171875;
23:09:16;666.0;1574291357;85.289;10.850136791176004;0.2972640216760549;-0.3125;
23:09:17;667.0;1574291358;85.289;10.850136791176004;0.2972640216760549;-0.3125;
23:09:18;668.0;1574291359;85.325;10.719510578323089;0.2936852213239202;-0.31005859375;
23:09:19;669.0;1574291360;85.417;10.850136791176004;0.2972640216760549;-0.3125;
23:09:20;670.0;1574291361;85.289;11.50326785544058;0.3151580234367282;-0.32470703125;
23:09:21;671.0;1574291362;85.289;10.719510578323089;0.2936852213239202;-0.31005859375;
23:09:22;672.0;1574291363;85.417;10.588884365470172;0.2901064209717855;-0.3076171875;
23:09:23;673.0;1574291364;85.087;10.980763004028917;0.3008428220281895;-0.31494140625;
23:09:24;674.0;1574291365;84.849;10.719510578323089;0.2936852213239202;-0.31005859375;
23:09:25;675.0;1574291366;84.868;10.197005726911426;0.2793700199153815;-0.30029296875;
23:09:26;676.0;1574291367;84.685;10.850136791176004;0.2972640216760549;-0.3125;
23:09:27;677.0;1574291368;84.722;10.588884365470172;0.2901064209717855;-0.3076171875;
23:09:28;678.0;1574291369;84.941;10.850136791176004;0.2972640216760549;-0.3125;
23:09:29;679.0;1574291370;84.467;10.850136791176004;0.2972640216760549;-0.3125;
23:09:30;680.0;1574291371;84.667;11.111389216881834;0.3044216223803242;-0.3173828125;
23:09:31;681.0;1574291372;84.996;10.850136791176004;0.2972640216760549;-0.3125;
23:09:32;682.0;1574291373;85.014;10.850136791176004;0.2972640216760549;-0.3125;
23:09:33;683.0;1574291374;85.344;10.719510578323089;0.2936852213239202;-0.31005859375;
23:09:34;684.0;1574291375;85.16;10.980763004028917;0.3008428220281895;-0.31494140625;
23:09:35;685.0;1574291376;84.849;10.980763004028917;0.3008428220281895;-0.31494140625;
23:09:36;686.0;1574291377;85.142;9.935753301205596;0.2722124192111122;-0.29541015625;
23:09:37;687.0;1574291378;85.252;10.458258152617258;0.2865276206196509;-0.30517578125;
23:09:38;688.0;1574291379;85.546;10.850136791176004;0.2972640216760549;-0.3125;
23:09:39;689.0;1574291380;85.565;12.940156196822654;0.3545248273102097;-0.3515625;
23:09:40;690.0;1574291381;85.27;10.850136791176004;0.2972640216760549;-0.3125;
23:09:41;691.0;1574291382;85.179;10.850136791176004;0.2972640216760549;-0.3125;
23:09:42;692.0;1574291383;85.179;10.980763004028917;0.3008428220281895;-0.31494140625;
23:09:43;693.0;1574291384;85.307;8.629491172676437;0.23642441568976538;-0.27099609375;
23:09:44;694.0;1574291385;85.307;10.197005726911426;0.2793700199153815;-0.30029296875;
23:09:45;695.0;1574291386;85.252;10.850136791176004;0.2972640216760549;-0.3125;
23:09:46;696.0;1574291387;85.142;10.980763004028917;0.3008428220281895;-0.31494140625;
23:09:47;697.0;1574291388;84.813;11.633894068293497;0.3187368237888629;-0.3271484375;
23:09:48;698.0;1574291389;84.941;10.850136791176004;0.2972640216760549;-0.3125;
23:09:49;699.0;1574291390;84.996;10.850136791176004;0.2972640216760549;-0.3125;
23:09:50;700.0;1574291391;84.977;11.50326785544058;0.3151580234367282;-0.32470703125;
23:09:51;701.0;1574291392;84.977;10.850136791176004;0.2972640216760549;-0.3125;
23:09:52;702.0;1574291393;84.977;10.588884365470172;0.2901064209717855;-0.3076171875;
23:09:53;703.0;1574291394;85.124;9.021369811235184;0.2471608167461694;-0.2783203125;
23:09:54;704.0;1574291395;85.16;10.980763004028917;0.3008428220281895;-0.31494140625;
23:09:55;705.0;1574291396;85.417;10.850136791176004;0.2972640216760549;-0.3125;
23:09:56;706.0;1574291397;85.454;10.980763004028917;0.3008428220281895;-0.31494140625;
23:09:57;707.0;1574291398;85.124;10.850136791176004;0.2972640216760549;-0.3125;
23:09:58;708.0;1574291399;85.124;10.719510578323089;0.2936852213239202;-0.31005859375;
23:09:59;709.0;1574291400;85.344;10.588884365470172;0.2901064209717855;-0.3076171875;
23:10:00;710.0;1574291401;85.16;10.980763004028917;0.3008428220281895;-0.31494140625;
23:10:01;711.0;1574291402;85.307;10.719510578323089;0.2936852213239202;-0.31005859375;
23:10:02;712.0;1574291403;85.105;10.850136791176004;0.2972640216760549;-0.3125;
23:10:03;713.0;1574291404;84.703;10.980763004028917;0.3008428220281895;-0.31494140625;
23:10:04;714.0;1574291405;84.868;10.980763004028917;0.3008428220281895;-0.31494140625;
23:10:05;715.0;1574291407;84.886;12.025772706852242;0.3294732248452669;-0.33447265625;
23:10:06;716.0;1574291408;84.922;10.980763004028917;0.3008428220281895;-0.31494140625;
23:10:07;717.0;1574291409;85.05;10.980763004028917;0.3008428220281895;-0.31494140625;
23:10:08;718.0;1574291410;85.069;10.458258152617258;0.2865276206196509;-0.30517578125;
23:10:09;719.0;1574291411;84.904;10.719510578323089;0.2936852213239202;-0.31005859375;
23:10:10;720.0;1574291412;84.959;10.458258152617258;0.2865276206196509;-0.30517578125;
23:10:11;721.0;1574291413;85.124;10.980763004028917;0.3008428220281895;-0.31494140625;
23:10:12;722.0;1574291414;84.904;10.980763004028917;0.3008428220281895;-0.31494140625;
23:10:13;723.0;1574291415;84.959;10.980763004028917;0.3008428220281895;-0.31494140625;
23:10:15;725.0;1574291416;84.558;10.850136791176004;0.2972640216760549;-0.3125;
23:10:16;726.0;1574291417;84.285;10.850136791176004;0.2972640216760549;-0.3125;
23:10:17;727.0;1574291418;84.159;10.588884365470172;0.2901064209717855;-0.3076171875;
23:10:18;728.0;1574291419;84.104;10.980763004028917;0.3008428220281895;-0.31494140625;
23:10:19;729.0;1574291420;84.267;10.719510578323089;0.2936852213239202;-0.31005859375;
23:10:20;730.0;1574291421;84.195;10.719510578323089;0.2936852213239202;-0.31005859375;
23:10:21;731.0;1574291422;84.376;10.850136791176004;0.2972640216760549;-0.3125;
23:10:22;732.0;1574291423;84.74;10.719510578323089;0.2936852213239202;-0.31005859375;
23:10:23;733.0;1574291424;84.722;10.850136791176004;0.2972640216760549;-0.3125;
23:10:24;734.0;1574291425;84.576;10.980763004028917;0.3008428220281895;-0.31494140625;
23:10:25;735.0;1574291426;84.558;10.588884365470172;0.2901064209717855;-0.3076171875;
23:10:26;736.0;1574291427;84.014;10.980763004028917;0.3008428220281895;-0.31494140625;
23:10:27;737.0;1574291428;83.87;10.719510578323089;0.2936852213239202;-0.31005859375;
23:10:28;738.0;1574291429;84.159;10.980763004028917;0.3008428220281895;-0.31494140625;
23:10:29;739.0;1574291430;84.213;10.588884365470172;0.2901064209717855;-0.3076171875;
23:10:30;740.0;1574291431;84.558;10.850136791176004;0.2972640216760549;-0.3125;
23:10:31;741.0;1574291432;84.703;10.850136791176004;0.2972640216760549;-0.3125;
23:10:32;742.0;1574291433;84.868;10.980763004028917;0.3008428220281895;-0.31494140625;
23:10:33;743.0;1574291434;84.831;10.980763004028917;0.3008428220281895;-0.31494140625;
23:10:34;744.0;1574291435;84.813;10.850136791176004;0.2972640216760549;-0.3125;
23:10:35;745.0;1574291436;85.032;10.719510578323089;0.2936852213239202;-0.31005859375;
23:10:36;746.0;1574291437;85.05;10.980763004028917;0.3008428220281895;-0.31494140625;
23:10:37;747.0;1574291438;84.904;10.719510578323089;0.2936852213239202;-0.31005859375;
23:10:38;748.0;1574291439;84.449;10.850136791176004;0.2972640216760549;-0.3125;
23:10:39;749.0;1574291440;84.412;10.980763004028917;0.3008428220281895;-0.31494140625;
23:10:40;750.0;1574291441;84.376;10.980763004028917;0.3008428220281895;-0.31494140625;
23:10:41;751.0;1574291442;84.485;10.850136791176004;0.2972640216760549;-0.3125;
23:10:42;752.0;1574291443;84.813;10.850136791176004;0.2972640216760549;-0.3125;
23:10:43;753.0;1574291444;84.922;10.980763004028917;0.3008428220281895;-0.31494140625;
23:10:44;754.0;1574291445;84.758;10.980763004028917;0.3008428220281895;-0.31494140625;
23:10:45;755.0;1574291446;84.813;10.850136791176004;0.2972640216760549;-0.3125;
23:10:46;756.0;1574291447;84.849;10.980763004028917;0.3008428220281895;-0.31494140625;
23:10:47;757.0;1574291448;84.703;10.850136791176004;0.2972640216760549;-0.3125;
23:10:48;758.0;1574291449;84.74;10.719510578323089;0.2936852213239202;-0.31005859375;
23:10:49;759.0;1574291450;84.558;10.850136791176004;0.2972640216760549;-0.3125;
23:10:50;760.0;1574291451;84.412;9.413248449793933;0.2578972178025735;-0.28564453125;
23:10:51;761.0;1574291452;84.249;10.850136791176004;0.2972640216760549;-0.3125;
23:10:52;762.0;1574291453;84.104;10.980763004028917;0.3008428220281895;-0.31494140625;
23:10:53;763.0;1574291454;84.122;11.50326785544058;0.3151580234367282;-0.32470703125;
23:10:54;764.0;1574291455;84.104;12.548277558263905;0.3437884262538056;-0.34423828125;
23:10:55;765.0;1574291456;84.086;10.980763004028917;0.3008428220281895;-0.31494140625;
23:10:56;766.0;1574291457;84.412;12.548277558263905;0.3437884262538056;-0.34423828125;
23:10:57;767.0;1574291458;84.649;10.719510578323089;0.2936852213239202;-0.31005859375;
23:10:58;768.0;1574291459;84.722;10.980763004028917;0.3008428220281895;-0.31494140625;
23:10:59;769.0;1574291460;84.795;10.980763004028917;0.3008428220281895;-0.31494140625;
23:11:00;770.0;1574291462;84.358;10.980763004028917;0.3008428220281895;-0.31494140625;
23:11:01;771.0;1574291463;84.394;10.980763004028917;0.3008428220281895;-0.31494140625;
23:11:02;772.0;1574291464;84.449;10.980763004028917;0.3008428220281895;-0.31494140625;
23:11:03;773.0;1574291465;84.74;11.111389216881834;0.3044216223803242;-0.3173828125;
23:11:04;774.0;1574291466;85.05;10.850136791176004;0.2972640216760549;-0.3125;
23:11:05;775.0;1574291467;84.776;10.980763004028917;0.3008428220281895;-0.31494140625;
23:11:06;776.0;1574291468;84.467;10.458258152617258;0.2865276206196509;-0.30517578125;
23:11:07;777.0;1574291469;84.014;7.7151076827060265;0.21137281322482265;-0.25390625;
23:11:08;778.0;1574291470;83.654;10.850136791176004;0.2972640216760549;-0.3125;
23:11:09;779.0;1574291471;83.474;10.850136791176004;0.2972640216760549;-0.3125;
23:11:10;780.0;1574291472;83.743;10.719510578323089;0.2936852213239202;-0.31005859375;
23:11:11;781.0;1574291473;84.068;10.850136791176004;0.2972640216760549;-0.3125;
23:11:12;782.0;1574291474;84.358;10.588884365470172;0.2901064209717855;-0.3076171875;
23:11:13;783.0;1574291475;84.667;10.719510578323089;0.2936852213239202;-0.31005859375;
23:11:14;784.0;1574291476;84.412;10.458258152617258;0.2865276206196509;-0.30517578125;
23:11:15;785.0;1574291477;84.249;10.980763004028917;0.3008428220281895;-0.31494140625;
23:11:16;786.0;1574291478;84.304;10.458258152617258;0.2865276206196509;-0.30517578125;
23:11:17;787.0;1574291479;84.304;10.850136791176004;0.2972640216760549;-0.3125;
23:11:19;789.0;1574291480;84.267;10.719510578323089;0.2936852213239202;-0.31005859375;
23:11:20;790.0;1574291481;84.376;10.719510578323089;0.2936852213239202;-0.31005859375;
23:11:21;791.0;1574291482;84.449;10.719510578323089;0.2936852213239202;-0.31005859375;
23:11:22;792.0;1574291483;84.177;10.980763004028917;0.3008428220281895;-0.31494140625;
23:11:23;793.0;1574291484;84.177;10.588884365470172;0.2901064209717855;-0.3076171875;
23:11:24;794.0;1574291485;84.195;10.719510578323089;0.2936852213239202;-0.31005859375;
23:11:25;795.0;1574291486;84.159;10.719510578323089;0.2936852213239202;-0.31005859375;
23:11:26;796.0;1574291487;84.394;10.980763004028917;0.3008428220281895;-0.31494140625;
23:11:27;797.0;1574291488;84.267;10.980763004028917;0.3008428220281895;-0.31494140625;
23:11:28;798.0;1574291489;83.996;10.980763004028917;0.3008428220281895;-0.31494140625;
23:11:29;799.0;1574291490;83.78;11.111389216881834;0.3044216223803242;-0.3173828125;
23:11:30;800.0;1574291491;83.528;10.458258152617258;0.2865276206196509;-0.30517578125;
23:11:31;801.0;1574291492;83.654;10.850136791176004;0.2972640216760549;-0.3125;
23:11:32;802.0;1574291493;83.906;10.719510578323089;0.2936852213239202;-0.31005859375;
23:11:33;803.0;1574291494;83.96;10.850136791176004;0.2972640216760549;-0.3125;
23:11:34;804.0;1574291495;84.122;10.588884365470172;0.2901064209717855;-0.3076171875;
23:11:35;805.0;1574291496;84.503;10.980763004028917;0.3008428220281895;-0.31494140625;
23:11:36;806.0;1574291497;84.358;10.980763004028917;0.3008428220281895;-0.31494140625;
23:11:37;807.0;1574291498;84.285;10.850136791176004;0.2972640216760549;-0.3125;
23:11:38;808.0;1574291499;84.159;11.764520281146412;0.32231562414099757;-0.32958984375;
23:11:39;809.0;1574291500;84.086;10.980763004028917;0.3008428220281895;-0.31494140625;
23:11:40;810.0;1574291501;84.267;10.719510578323089;0.2936852213239202;-0.31005859375;
23:11:41;811.0;1574291502;84.249;10.32763193976434;0.28294882026751617;-0.302734375;
23:11:42;812.0;1574291503;84.521;10.850136791176004;0.2972640216760549;-0.3125;
23:11:43;813.0;1574291504;84.376;10.850136791176004;0.2972640216760549;-0.3125;
23:11:44;814.0;1574291505;84.086;10.588884365470172;0.2901064209717855;-0.3076171875;
23:11:45;815.0;1574291506;83.978;10.719510578323089;0.2936852213239202;-0.31005859375;
23:11:46;816.0;1574291507;83.618;12.025772706852242;0.3294732248452669;-0.33447265625;
23:11:47;817.0;1574291508;83.798;10.850136791176004;0.2972640216760549;-0.3125;
23:11:48;818.0;1574291509;84.086;10.850136791176004;0.2972640216760549;-0.3125;
23:11:49;819.0;1574291510;84.195;11.111389216881834;0.3044216223803242;-0.3173828125;
23:11:50;820.0;1574291511;84.285;10.850136791176004;0.2972640216760549;-0.3125;
23:11:51;821.0;1574291512;83.942;11.242015429734748;0.30800042273245887;-0.31982421875;
23:11:52;822.0;1574291513;83.743;10.719510578323089;0.2936852213239202;-0.31005859375;
23:11:53;823.0;1574291515;83.834;10.850136791176004;0.2972640216760549;-0.3125;
23:11:54;824.0;1574291516;83.924;10.850136791176004;0.2972640216760549;-0.3125;
23:11:55;825.0;1574291517;84.086;10.980763004028917;0.3008428220281895;-0.31494140625;
23:11:56;826.0;1574291518;84.267;10.588884365470172;0.2901064209717855;-0.3076171875;
23:11:57;827.0;1574291519;84.068;10.719510578323089;0.2936852213239202;-0.31005859375;
23:11:58;828.0;1574291520;83.906;10.719510578323089;0.2936852213239202;-0.31005859375;
23:11:59;829.0;1574291521;83.942;10.850136791176004;0.2972640216760549;-0.3125;
23:12:00;830.0;1574291522;83.474;10.850136791176004;0.2972640216760549;-0.3125;
23:12:01;831.0;1574291523;83.672;14.115792112498895;0.3867340304794218;-0.37353515625;
23:12:02;832.0;1574291524;83.852;10.850136791176004;0.2972640216760549;-0.3125;
23:12:03;833.0;1574291525;83.689;11.633894068293497;0.3187368237888629;-0.3271484375;
23:12:04;834.0;1574291526;84.032;10.980763004028917;0.3008428220281895;-0.31494140625;
23:12:05;835.0;1574291527;84.231;9.021369811235184;0.2471608167461694;-0.2783203125;
23:12:06;836.0;1574291528;84.412;10.980763004028917;0.3008428220281895;-0.31494140625;
23:12:07;837.0;1574291529;84.667;10.066379514058509;0.2757912195632468;-0.2978515625;
23:12:08;838.0;1574291530;84.649;10.850136791176004;0.2972640216760549;-0.3125;
23:12:09;839.0;1574291531;84.412;10.719510578323089;0.2936852213239202;-0.31005859375;
23:12:10;840.0;1574291532;84.159;10.588884365470172;0.2901064209717855;-0.3076171875;
23:12:11;841.0;1574291533;83.87;10.850136791176004;0.2972640216760549;-0.3125;
23:12:12;842.0;1574291534;83.582;10.719510578323089;0.2936852213239202;-0.31005859375;
23:12:13;843.0;1574291535;83.277;10.588884365470172;0.2901064209717855;-0.3076171875;
23:12:14;844.0;1574291536;83.384;10.588884365470172;0.2901064209717855;-0.3076171875;
23:12:15;845.0;1574291537;83.725;10.980763004028917;0.3008428220281895;-0.31494140625;
23:12:16;846.0;1574291538;83.852;10.980763004028917;0.3008428220281895;-0.31494140625;
23:12:17;847.0;1574291539;83.978;11.372641642587666;0.3115792230845936;-0.322265625;
23:12:18;848.0;1574291540;83.942;10.850136791176004;0.2972640216760549;-0.3125;
23:12:19;849.0;1574291541;83.743;16.205811518145545;0.4439948361135766;-0.41259765625;
23:12:20;850.0;1574291542;84.086;10.850136791176004;0.2972640216760549;-0.3125;
23:12:21;851.0;1574291543;84.304;10.850136791176004;0.2972640216760549;-0.3125;
23:12:23;853.0;1574291544;84.467;10.197005726911426;0.2793700199153815;-0.30029296875;
23:12:24;854.0;1574291545;84.358;10.980763004028917;0.3008428220281895;-0.31494140625;
23:12:25;855.0;1574291546;84.068;10.850136791176004;0.2972640216760549;-0.3125;
23:12:26;856.0;1574291547;84.05;10.850136791176004;0.2972640216760549;-0.3125;
23:12:27;857.0;1574291548;83.564;10.850136791176004;0.2972640216760549;-0.3125;
23:12:28;858.0;1574291549;83.78;10.980763004028917;0.3008428220281895;-0.31494140625;
23:12:29;859.0;1574291550;83.743;10.850136791176004;0.2972640216760549;-0.3125;
23:12:30;860.0;1574291551;83.725;10.850136791176004;0.2972640216760549;-0.3125;
23:12:31;861.0;1574291552;83.942;10.850136791176004;0.2972640216760549;-0.3125;
23:12:32;862.0;1574291553;83.852;10.719510578323089;0.2936852213239202;-0.31005859375;
23:12:33;863.0;1574291554;83.798;9.674500875499763;0.2650548185068428;-0.29052734375;
23:12:34;864.0;1574291555;83.654;10.588884365470172;0.2901064209717855;-0.3076171875;
23:12:35;865.0;1574291556;83.636;11.242015429734748;0.30800042273245887;-0.31982421875;
23:12:36;866.0;1574291557;83.492;11.764520281146412;0.32231562414099757;-0.32958984375;
23:12:37;867.0;1574291558;83.725;10.850136791176004;0.2972640216760549;-0.3125;
23:12:38;868.0;1574291559;83.689;10.980763004028917;0.3008428220281895;-0.31494140625;
