Time;Seconds from start for linreg;Unix Time;ch1 po2;Uc;Ubl;Vc;
22:18:00;-1.0;1574374681;90.131;18.2958309237922;0.5012556417477315;-0.45166015625;
22:18:01;0.0;1574374682;90.326;18.16520471093928;0.49767684139559665;-0.44921875;
22:18:02;1.0;1574374683;90.189;18.426457136645112;0.504834442099866;-0.4541015625;
22:18:03;2.0;1574374684;90.189;18.2958309237922;0.5012556417477315;-0.45166015625;
22:18:04;3.0;1574374685;90.658;19.732719265174268;0.5406224456212129;-0.478515625;
22:18:05;4.0;1574374686;90.639;16.205811518145545;0.4439948361135766;-0.41259765625;
22:18:06;5.0;1574374687;90.541;18.2958309237922;0.5012556417477315;-0.45166015625;
22:18:07;6.0;1574374688;90.404;19.07958820090969;0.5227284438605394;-0.46630859375;
22:18:08;7.0;1574374689;89.917;18.81833577520386;0.5155708431562701;-0.46142578125;
22:18:09;8.0;1574374691;90.014;16.72831636955721;0.4583100375221153;-0.42236328125;
22:18:10;9.0;1574374692;90.17;18.2958309237922;0.5012556417477315;-0.45166015625;
22:18:11;10.0;1574374693;90.287;18.948961988056773;0.5191496435084048;-0.4638671875;
22:18:12;11.0;1574374694;90.482;18.16520471093928;0.49767684139559665;-0.44921875;
22:18:13;12.0;1574374695;90.58;18.16520471093928;0.49767684139559665;-0.44921875;
22:18:14;13.0;1574374696;90.698;17.120195008115953;0.46904643857851924;-0.4296875;
22:18:15;14.0;1574374697;90.874;18.426457136645112;0.504834442099866;-0.4541015625;
22:18:16;15.0;1574374698;90.835;18.16520471093928;0.49767684139559665;-0.44921875;
22:18:17;16.0;1574374699;90.6;14.638296963910557;0.4010492318879605;-0.38330078125;
22:18:18;17.0;1574374700;90.443;18.2958309237922;0.5012556417477315;-0.45166015625;
22:18:19;18.0;1574374701;90.111;18.2958309237922;0.5012556417477315;-0.45166015625;
22:18:20;19.0;1574374702;90.014;18.426457136645112;0.504834442099866;-0.4541015625;
22:18:21;20.0;1574374703;89.819;18.034578498086365;0.49409804104346206;-0.44677734375;
22:18:22;21.0;1574374704;89.994;18.2958309237922;0.5012556417477315;-0.45166015625;
22:18:23;22.0;1574374705;89.994;18.034578498086365;0.49409804104346206;-0.44677734375;
22:18:24;23.0;1574374706;90.228;18.16520471093928;0.49767684139559665;-0.44921875;
22:18:25;24.0;1574374707;90.639;18.16520471093928;0.49767684139559665;-0.44921875;
22:18:26;25.0;1574374708;90.639;18.2958309237922;0.5012556417477315;-0.45166015625;
22:18:27;26.0;1574374709;90.815;18.16520471093928;0.49767684139559665;-0.44921875;
22:18:28;27.0;1574374710;90.973;17.903952285233448;0.49051924069132735;-0.4443359375;
22:18:29;28.0;1574374711;90.737;17.773326072380534;0.4869404403391927;-0.44189453125;
22:18:30;29.0;1574374712;90.6;18.2958309237922;0.5012556417477315;-0.45166015625;
22:18:31;30.0;1574374713;90.58;18.16520471093928;0.49767684139559665;-0.44921875;
22:18:32;31.0;1574374714;90.228;18.2958309237922;0.5012556417477315;-0.45166015625;
22:18:33;32.0;1574374715;90.092;18.426457136645112;0.504834442099866;-0.4541015625;
22:18:34;33.0;1574374716;90.248;19.602093052321354;0.5370436452690782;-0.47607421875;
22:18:35;34.0;1574374717;90.033;18.034578498086365;0.49409804104346206;-0.44677734375;
22:18:36;35.0;1574374718;90.092;18.2958309237922;0.5012556417477315;-0.45166015625;
22:18:37;36.0;1574374719;90.131;18.034578498086365;0.49409804104346206;-0.44677734375;
22:18:38;37.0;1574374720;89.819;18.2958309237922;0.5012556417477315;-0.45166015625;
22:18:39;38.0;1574374721;89.878;18.2958309237922;0.5012556417477315;-0.45166015625;
22:18:40;39.0;1574374722;89.703;18.16520471093928;0.49767684139559665;-0.44921875;
22:18:42;41.0;1574374723;89.703;18.16520471093928;0.49767684139559665;-0.44921875;
22:18:43;42.0;1574374724;89.606;18.16520471093928;0.49767684139559665;-0.44921875;
22:18:44;43.0;1574374725;89.742;18.2958309237922;0.5012556417477315;-0.45166015625;
22:18:45;44.0;1574374726;89.917;18.16520471093928;0.49767684139559665;-0.44921875;
22:18:46;45.0;1574374727;90.404;18.2958309237922;0.5012556417477315;-0.45166015625;
22:18:47;46.0;1574374728;90.58;18.034578498086365;0.49409804104346206;-0.44677734375;
22:18:48;47.0;1574374729;90.502;18.16520471093928;0.49767684139559665;-0.44921875;
22:18:49;48.0;1574374730;90.521;17.773326072380534;0.4869404403391927;-0.44189453125;
22:18:50;49.0;1574374731;90.15;18.034578498086365;0.49409804104346206;-0.44677734375;
22:18:51;50.0;1574374732;90.189;18.2958309237922;0.5012556417477315;-0.45166015625;
22:18:52;51.0;1574374733;90.443;18.2958309237922;0.5012556417477315;-0.45166015625;
22:18:53;52.0;1574374734;90.267;18.2958309237922;0.5012556417477315;-0.45166015625;
22:18:54;53.0;1574374735;90.131;18.2958309237922;0.5012556417477315;-0.45166015625;
22:18:55;54.0;1574374736;90.131;18.16520471093928;0.49767684139559665;-0.44921875;
22:18:56;55.0;1574374737;90.15;17.903952285233448;0.49051924069132735;-0.4443359375;
22:18:57;56.0;1574374738;90.384;18.16520471093928;0.49767684139559665;-0.44921875;
22:18:58;57.0;1574374739;90.894;18.16520471093928;0.49767684139559665;-0.44921875;
22:18:59;58.0;1574374740;90.914;18.426457136645112;0.504834442099866;-0.4541015625;
22:19:00;59.0;1574374741;90.757;18.426457136645112;0.504834442099866;-0.4541015625;
22:19:01;60.0;1574374742;90.698;18.2958309237922;0.5012556417477315;-0.45166015625;
22:19:02;61.0;1574374743;90.757;19.210214413762603;0.526307244212674;-0.46875;
22:19:03;62.0;1574374744;90.717;18.2958309237922;0.5012556417477315;-0.45166015625;
22:19:04;63.0;1574374745;90.502;18.2958309237922;0.5012556417477315;-0.45166015625;
22:19:05;64.0;1574374746;90.345;18.034578498086365;0.49409804104346206;-0.44677734375;
22:19:06;65.0;1574374747;90.053;18.426457136645112;0.504834442099866;-0.4541015625;
22:19:08;67.0;1574374748;90.248;18.16520471093928;0.49767684139559665;-0.44921875;
22:19:09;68.0;1574374750;90.365;18.16520471093928;0.49767684139559665;-0.44921875;
22:19:10;69.0;1574374751;90.404;18.2958309237922;0.5012556417477315;-0.45166015625;
22:19:11;70.0;1574374752;90.6;18.81833577520386;0.5155708431562701;-0.46142578125;
22:19:12;71.0;1574374753;90.658;18.2958309237922;0.5012556417477315;-0.45166015625;
22:19:13;72.0;1574374754;90.698;18.034578498086365;0.49409804104346206;-0.44677734375;
22:19:14;73.0;1574374755;90.345;18.16520471093928;0.49767684139559665;-0.44921875;
22:19:15;74.0;1574374756;90.053;18.687709562350943;0.5119920428041355;-0.458984375;
22:19:16;75.0;1574374757;90.189;16.467063943851375;0.4511524368178459;-0.41748046875;
22:19:17;76.0;1574374758;90.014;17.773326072380534;0.4869404403391927;-0.44189453125;
22:19:18;77.0;1574374759;90.092;18.426457136645112;0.504834442099866;-0.4541015625;
22:19:19;78.0;1574374760;90.209;18.16520471093928;0.49767684139559665;-0.44921875;
22:19:20;79.0;1574374761;89.994;18.034578498086365;0.49409804104346206;-0.44677734375;
22:19:21;80.0;1574374762;89.994;18.426457136645112;0.504834442099866;-0.4541015625;
22:19:22;81.0;1574374763;90.15;18.55708334949803;0.5084132424520008;-0.45654296875;
22:19:23;82.0;1574374764;90.267;16.72831636955721;0.4583100375221153;-0.42236328125;
22:19:24;83.0;1574374765;90.131;18.2958309237922;0.5012556417477315;-0.45166015625;
22:19:25;84.0;1574374766;90.287;18.948961988056773;0.5191496435084048;-0.4638671875;
22:19:26;85.0;1574374767;90.267;19.993971690880098;0.5477800463254822;-0.4833984375;
22:19:27;86.0;1574374768;90.15;16.467063943851375;0.4511524368178459;-0.41748046875;
22:19:28;87.0;1574374769;90.365;18.16520471093928;0.49767684139559665;-0.44921875;
22:19:29;88.0;1574374770;90.17;19.340840626615524;0.5298860445648089;-0.47119140625;
22:19:30;89.0;1574374771;90.306;18.16520471093928;0.49767684139559665;-0.44921875;
22:19:31;90.0;1574374772;90.189;18.426457136645112;0.504834442099866;-0.4541015625;
22:19:32;91.0;1574374773;90.326;18.2958309237922;0.5012556417477315;-0.45166015625;
22:19:33;92.0;1574374774;90.874;18.16520471093928;0.49767684139559665;-0.44921875;
22:19:34;93.0;1574374775;90.874;18.034578498086365;0.49409804104346206;-0.44677734375;
22:19:35;94.0;1574374776;91.111;17.381447433821783;0.4762040392827886;-0.4345703125;
22:19:36;95.0;1574374777;91.111;18.16520471093928;0.49767684139559665;-0.44921875;
22:19:37;96.0;1574374778;90.796;18.81833577520386;0.5155708431562701;-0.46142578125;
22:19:38;97.0;1574374779;90.658;18.16520471093928;0.49767684139559665;-0.44921875;
22:19:39;98.0;1574374780;90.306;17.381447433821783;0.4762040392827886;-0.4345703125;
22:19:40;99.0;1574374781;90.209;17.642699859527617;0.483361639987058;-0.439453125;
22:19:41;100.0;1574374783;90.248;18.2958309237922;0.5012556417477315;-0.45166015625;
22:19:42;101.0;1574374784;90.248;18.55708334949803;0.5084132424520008;-0.45654296875;
22:19:43;102.0;1574374785;90.306;15.030175602469303;0.41178563294436443;-0.390625;
22:19:44;103.0;1574374786;90.384;18.55708334949803;0.5084132424520008;-0.45654296875;
22:19:46;105.0;1574374787;89.917;18.55708334949803;0.5084132424520008;-0.45654296875;
22:19:47;106.0;1574374788;89.897;18.16520471093928;0.49767684139559665;-0.44921875;
22:19:48;107.0;1574374789;90.053;17.120195008115953;0.46904643857851924;-0.4296875;
22:19:49;108.0;1574374790;89.936;18.81833577520386;0.5155708431562701;-0.46142578125;
22:19:50;109.0;1574374791;90.326;18.81833577520386;0.5155708431562701;-0.46142578125;
22:19:51;110.0;1574374792;90.189;18.2958309237922;0.5012556417477315;-0.45166015625;
22:19:52;111.0;1574374793;90.014;18.2958309237922;0.5012556417477315;-0.45166015625;
22:19:53;112.0;1574374794;89.8;18.16520471093928;0.49767684139559665;-0.44921875;
22:19:54;113.0;1574374795;89.626;19.471466839468437;0.5334648449169435;-0.4736328125;
22:19:55;114.0;1574374796;89.567;18.16520471093928;0.49767684139559665;-0.44921875;
22:19:56;115.0;1574374797;89.606;17.903952285233448;0.49051924069132735;-0.4443359375;
22:19:57;116.0;1574374798;89.742;18.55708334949803;0.5084132424520008;-0.45654296875;
22:19:58;117.0;1574374799;89.994;18.034578498086365;0.49409804104346206;-0.44677734375;
22:19:59;118.0;1574374800;90.033;18.426457136645112;0.504834442099866;-0.4541015625;
22:20:00;119.0;1574374801;89.994;18.2958309237922;0.5012556417477315;-0.45166015625;
22:20:01;120.0;1574374802;90.228;19.340840626615524;0.5298860445648089;-0.47119140625;
22:20:02;121.0;1574374803;90.326;18.16520471093928;0.49767684139559665;-0.44921875;
22:20:03;122.0;1574374804;90.463;18.16520471093928;0.49767684139559665;-0.44921875;
22:20:04;123.0;1574374805;90.658;18.2958309237922;0.5012556417477315;-0.45166015625;
22:20:05;124.0;1574374806;90.267;18.426457136645112;0.504834442099866;-0.4541015625;
22:20:06;125.0;1574374807;90.072;18.426457136645112;0.504834442099866;-0.4541015625;
22:20:07;126.0;1574374807;90.111;17.903952285233448;0.49051924069132735;-0.4443359375;
22:20:08;127.0;1574374809;90.131;18.2958309237922;0.5012556417477315;-0.45166015625;
22:20:09;128.0;1574374810;90.326;18.16520471093928;0.49767684139559665;-0.44921875;
22:20:10;129.0;1574374811;90.384;18.81833577520386;0.5155708431562701;-0.46142578125;
22:20:11;130.0;1574374812;90.521;16.597690156704292;0.4547312371699806;-0.419921875;
22:20:12;131.0;1574374813;90.326;18.2958309237922;0.5012556417477315;-0.45166015625;
22:20:13;132.0;1574374814;90.306;18.55708334949803;0.5084132424520008;-0.45654296875;
22:20:14;133.0;1574374815;89.955;17.512073646674704;0.4797828396349234;-0.43701171875;
22:20:15;134.0;1574374816;89.819;18.2958309237922;0.5012556417477315;-0.45166015625;
22:20:16;135.0;1574374817;89.839;19.340840626615524;0.5298860445648089;-0.47119140625;
22:20:17;136.0;1574374818;89.819;18.16520471093928;0.49767684139559665;-0.44921875;
22:20:18;137.0;1574374820;89.975;18.2958309237922;0.5012556417477315;-0.45166015625;
22:20:19;138.0;1574374821;90.092;17.903952285233448;0.49051924069132735;-0.4443359375;
22:20:20;139.0;1574374822;90.053;18.034578498086365;0.49409804104346206;-0.44677734375;
22:20:21;140.0;1574374823;89.878;17.642699859527617;0.483361639987058;-0.439453125;
22:20:22;141.0;1574374824;89.917;18.2958309237922;0.5012556417477315;-0.45166015625;
22:20:23;142.0;1574374825;89.626;18.034578498086365;0.49409804104346206;-0.44677734375;
22:20:24;143.0;1574374826;89.49;18.16520471093928;0.49767684139559665;-0.44921875;
22:20:25;144.0;1574374827;89.529;18.16520471093928;0.49767684139559665;-0.44921875;
22:20:26;145.0;1574374828;89.664;18.2958309237922;0.5012556417477315;-0.45166015625;
22:20:27;146.0;1574374829;89.606;18.2958309237922;0.5012556417477315;-0.45166015625;
22:20:28;147.0;1574374830;89.781;18.687709562350943;0.5119920428041355;-0.458984375;
22:20:29;148.0;1574374831;89.8;18.16520471093928;0.49767684139559665;-0.44921875;
22:20:30;149.0;1574374832;89.761;18.2958309237922;0.5012556417477315;-0.45166015625;
22:20:31;150.0;1574374833;89.819;18.426457136645112;0.504834442099866;-0.4541015625;
22:20:32;151.0;1574374834;89.626;18.687709562350943;0.5119920428041355;-0.458984375;
22:20:33;152.0;1574374835;89.432;18.2958309237922;0.5012556417477315;-0.45166015625;
22:20:34;153.0;1574374836;89.703;18.426457136645112;0.504834442099866;-0.4541015625;
22:20:35;154.0;1574374837;89.684;18.55708334949803;0.5084132424520008;-0.45654296875;
22:20:36;155.0;1574374838;90.248;18.426457136645112;0.504834442099866;-0.4541015625;
22:20:37;156.0;1574374839;90.423;18.16520471093928;0.49767684139559665;-0.44921875;
22:20:38;157.0;1574374840;89.858;18.2958309237922;0.5012556417477315;-0.45166015625;
22:20:39;158.0;1574374841;90.014;18.687709562350943;0.5119920428041355;-0.458984375;
22:20:40;159.0;1574374842;89.819;17.773326072380534;0.4869404403391927;-0.44189453125;
22:20:41;160.0;1574374843;89.819;18.2958309237922;0.5012556417477315;-0.45166015625;
22:20:42;161.0;1574374844;89.975;17.512073646674704;0.4797828396349234;-0.43701171875;
22:20:43;162.0;1574374845;89.839;18.16520471093928;0.49767684139559665;-0.44921875;
22:20:44;163.0;1574374846;89.722;18.426457136645112;0.504834442099866;-0.4541015625;
22:20:45;164.0;1574374847;89.703;18.16520471093928;0.49767684139559665;-0.44921875;
22:20:46;165.0;1574374848;89.684;18.16520471093928;0.49767684139559665;-0.44921875;
22:20:47;166.0;1574374849;89.781;18.034578498086365;0.49409804104346206;-0.44677734375;
22:20:48;167.0;1574374850;89.567;18.034578498086365;0.49409804104346206;-0.44677734375;
22:20:50;169.0;1574374851;89.587;18.034578498086365;0.49409804104346206;-0.44677734375;
22:20:51;170.0;1574374852;89.432;18.16520471093928;0.49767684139559665;-0.44921875;
22:20:52;171.0;1574374853;89.316;18.034578498086365;0.49409804104346206;-0.44677734375;
22:20:53;172.0;1574374854;89.451;18.2958309237922;0.5012556417477315;-0.45166015625;
22:20:54;173.0;1574374855;89.432;18.2958309237922;0.5012556417477315;-0.45166015625;
22:20:55;174.0;1574374856;89.955;18.2958309237922;0.5012556417477315;-0.45166015625;
22:20:56;175.0;1574374857;90.092;18.034578498086365;0.49409804104346206;-0.44677734375;
22:20:57;176.0;1574374858;90.131;18.426457136645112;0.504834442099866;-0.4541015625;
22:20:58;177.0;1574374859;89.994;17.903952285233448;0.49051924069132735;-0.4443359375;
22:20:59;178.0;1574374860;89.606;18.16520471093928;0.49767684139559665;-0.44921875;
22:21:00;179.0;1574374861;89.509;18.16520471093928;0.49767684139559665;-0.44921875;
22:21:01;180.0;1574374862;89.49;18.16520471093928;0.49767684139559665;-0.44921875;
22:21:02;181.0;1574374863;89.374;18.034578498086365;0.49409804104346206;-0.44677734375;
22:21:03;182.0;1574374864;89.22;18.16520471093928;0.49767684139559665;-0.44921875;
22:21:04;183.0;1574374865;89.143;18.81833577520386;0.5155708431562701;-0.46142578125;
22:21:06;185.0;1574374866;89.509;18.2958309237922;0.5012556417477315;-0.45166015625;
22:21:07;186.0;1574374868;89.897;18.16520471093928;0.49767684139559665;-0.44921875;
22:21:08;187.0;1574374869;89.722;18.426457136645112;0.504834442099866;-0.4541015625;
22:21:09;188.0;1574374870;89.413;18.16520471093928;0.49767684139559665;-0.44921875;
22:21:10;189.0;1574374871;89.432;18.426457136645112;0.504834442099866;-0.4541015625;
22:21:11;190.0;1574374872;89.104;18.426457136645112;0.504834442099866;-0.4541015625;
22:21:12;191.0;1574374873;89.162;18.426457136645112;0.504834442099866;-0.4541015625;
22:21:13;192.0;1574374874;89.374;18.16520471093928;0.49767684139559665;-0.44921875;
22:21:14;193.0;1574374875;89.336;18.2958309237922;0.5012556417477315;-0.45166015625;
22:21:15;194.0;1574374876;89.49;18.16520471093928;0.49767684139559665;-0.44921875;
22:21:16;195.0;1574374877;89.336;17.773326072380534;0.4869404403391927;-0.44189453125;
22:21:17;196.0;1574374878;89.49;18.034578498086365;0.49409804104346206;-0.44677734375;
22:21:18;197.0;1574374879;89.336;18.426457136645112;0.504834442099866;-0.4541015625;
22:21:19;198.0;1574374880;89.316;18.16520471093928;0.49767684139559665;-0.44921875;
22:21:20;199.0;1574374881;89.664;18.16520471093928;0.49767684139559665;-0.44921875;
22:21:21;200.0;1574374882;89.509;18.034578498086365;0.49409804104346206;-0.44677734375;
22:21:22;201.0;1574374883;89.509;18.2958309237922;0.5012556417477315;-0.45166015625;
22:21:23;202.0;1574374884;89.451;18.426457136645112;0.504834442099866;-0.4541015625;
22:21:24;203.0;1574374885;89.432;18.16520471093928;0.49767684139559665;-0.44921875;
22:21:25;204.0;1574374886;89.393;18.034578498086365;0.49409804104346206;-0.44677734375;
22:21:26;205.0;1574374887;89.393;18.948961988056773;0.5191496435084048;-0.4638671875;
22:21:27;206.0;1574374888;89.451;18.2958309237922;0.5012556417477315;-0.45166015625;
22:21:28;207.0;1574374889;89.413;18.2958309237922;0.5012556417477315;-0.45166015625;
22:21:29;208.0;1574374890;89.664;18.2958309237922;0.5012556417477315;-0.45166015625;
22:21:30;209.0;1574374891;89.878;18.2958309237922;0.5012556417477315;-0.45166015625;
22:21:31;210.0;1574374892;89.684;18.426457136645112;0.504834442099866;-0.4541015625;
22:21:32;211.0;1574374893;89.548;18.2958309237922;0.5012556417477315;-0.45166015625;
22:21:33;212.0;1574374894;89.162;18.16520471093928;0.49767684139559665;-0.44921875;
22:21:34;213.0;1574374895;88.816;18.2958309237922;0.5012556417477315;-0.45166015625;
22:21:35;214.0;1574374896;88.854;18.426457136645112;0.504834442099866;-0.4541015625;
22:21:36;215.0;1574374897;88.835;18.55708334949803;0.5084132424520008;-0.45654296875;
22:21:37;216.0;1574374898;88.97;18.2958309237922;0.5012556417477315;-0.45166015625;
22:21:38;217.0;1574374899;89.278;18.034578498086365;0.49409804104346206;-0.44677734375;
22:21:39;218.0;1574374900;89.278;18.2958309237922;0.5012556417477315;-0.45166015625;
22:21:40;219.0;1574374901;89.258;18.2958309237922;0.5012556417477315;-0.45166015625;
22:21:41;220.0;1574374902;89.143;18.2958309237922;0.5012556417477315;-0.45166015625;
22:21:42;221.0;1574374903;89.143;18.16520471093928;0.49767684139559665;-0.44921875;
22:21:43;222.0;1574374904;89.258;18.16520471093928;0.49767684139559665;-0.44921875;
22:21:44;223.0;1574374905;89.432;18.426457136645112;0.504834442099866;-0.4541015625;
22:21:45;224.0;1574374906;89.587;18.16520471093928;0.49767684139559665;-0.44921875;
22:21:46;225.0;1574374907;89.722;18.16520471093928;0.49767684139559665;-0.44921875;
22:21:47;226.0;1574374908;89.761;18.948961988056773;0.5191496435084048;-0.4638671875;
22:21:48;227.0;1574374909;89.819;14.76892317676347;0.4046280322400951;-0.3857421875;
22:21:49;228.0;1574374910;89.567;18.2958309237922;0.5012556417477315;-0.45166015625;
22:21:50;229.0;1574374911;89.626;18.426457136645112;0.504834442099866;-0.4541015625;
22:21:51;230.0;1574374912;89.587;18.16520471093928;0.49767684139559665;-0.44921875;
22:21:52;231.0;1574374914;89.567;17.773326072380534;0.4869404403391927;-0.44189453125;
22:21:54;233.0;1574374915;89.626;18.2958309237922;0.5012556417477315;-0.45166015625;
22:21:55;234.0;1574374916;89.297;18.16520471093928;0.49767684139559665;-0.44921875;
22:21:56;235.0;1574374917;89.085;18.2958309237922;0.5012556417477315;-0.45166015625;
22:21:57;236.0;1574374918;88.893;17.903952285233448;0.49051924069132735;-0.4443359375;
22:21:58;237.0;1574374919;89.066;18.426457136645112;0.504834442099866;-0.4541015625;
22:21:59;238.0;1574374920;89.085;18.2958309237922;0.5012556417477315;-0.45166015625;
22:22:00;239.0;1574374921;89.181;18.16520471093928;0.49767684139559665;-0.44921875;
22:22:01;240.0;1574374922;89.22;16.98956879526304;0.46546763822638465;-0.42724609375;
22:22:02;241.0;1574374923;88.95;18.16520471093928;0.49767684139559665;-0.44921875;
22:22:03;242.0;1574374924;89.008;19.340840626615524;0.5298860445648089;-0.47119140625;
22:22:05;244.0;1574374925;89.316;18.426457136645112;0.504834442099866;-0.4541015625;
22:22:06;245.0;1574374927;89.393;18.16520471093928;0.49767684139559665;-0.44921875;
22:22:07;246.0;1574374928;89.451;18.16520471093928;0.49767684139559665;-0.44921875;
22:22:08;247.0;1574374929;89.374;18.16520471093928;0.49767684139559665;-0.44921875;
22:22:09;248.0;1574374930;89.548;16.33643773099846;0.4475736364657112;-0.4150390625;
22:22:10;249.0;1574374931;89.548;18.81833577520386;0.5155708431562701;-0.46142578125;
22:22:11;250.0;1574374932;89.374;18.426457136645112;0.504834442099866;-0.4541015625;
22:22:12;251.0;1574374933;89.548;18.16520471093928;0.49767684139559665;-0.44921875;
22:22:13;252.0;1574374934;89.027;18.426457136645112;0.504834442099866;-0.4541015625;
22:22:14;253.0;1574374935;89.143;18.2958309237922;0.5012556417477315;-0.45166015625;
22:22:15;254.0;1574374936;89.297;18.16520471093928;0.49767684139559665;-0.44921875;
22:22:16;255.0;1574374937;89.181;17.773326072380534;0.4869404403391927;-0.44189453125;
22:22:17;256.0;1574374938;89.316;18.2958309237922;0.5012556417477315;-0.45166015625;
22:22:18;257.0;1574374939;89.22;18.426457136645112;0.504834442099866;-0.4541015625;
22:22:19;258.0;1574374940;89.104;18.2958309237922;0.5012556417477315;-0.45166015625;
22:22:20;259.0;1574374941;89.104;18.16520471093928;0.49767684139559665;-0.44921875;
22:22:21;260.0;1574374942;89.316;18.2958309237922;0.5012556417477315;-0.45166015625;
22:22:22;261.0;1574374943;89.355;18.426457136645112;0.504834442099866;-0.4541015625;
22:22:23;262.0;1574374944;89.258;18.2958309237922;0.5012556417477315;-0.45166015625;
22:22:24;263.0;1574374945;89.162;17.381447433821783;0.4762040392827886;-0.4345703125;
22:22:25;264.0;1574374946;89.008;18.2958309237922;0.5012556417477315;-0.45166015625;
22:22:26;265.0;1574374947;89.143;18.16520471093928;0.49767684139559665;-0.44921875;
22:22:27;266.0;1574374948;89.066;18.426457136645112;0.504834442099866;-0.4541015625;
22:22:28;267.0;1574374949;89.181;18.2958309237922;0.5012556417477315;-0.45166015625;
22:22:29;268.0;1574374950;89.22;18.2958309237922;0.5012556417477315;-0.45166015625;
22:22:30;269.0;1574374951;89.066;21.692112457968;0.5943044509032329;-0.51513671875;
22:22:31;270.0;1574374952;89.162;18.2958309237922;0.5012556417477315;-0.45166015625;
22:22:32;271.0;1574374953;88.95;18.16520471093928;0.49767684139559665;-0.44921875;
22:22:33;272.0;1574374954;88.912;18.426457136645112;0.504834442099866;-0.4541015625;
22:22:34;273.0;1574374955;88.778;18.16520471093928;0.49767684139559665;-0.44921875;
22:22:35;274.0;1574374956;88.912;18.16520471093928;0.49767684139559665;-0.44921875;
22:22:36;275.0;1574374957;88.931;18.16520471093928;0.49767684139559665;-0.44921875;
22:22:37;276.0;1574374958;88.931;17.773326072380534;0.4869404403391927;-0.44189453125;
22:22:38;277.0;1574374959;89.22;18.426457136645112;0.504834442099866;-0.4541015625;
22:22:39;278.0;1574374960;89.181;18.16520471093928;0.49767684139559665;-0.44921875;
22:22:40;279.0;1574374961;88.95;17.642699859527617;0.483361639987058;-0.439453125;
22:22:41;280.0;1574374962;88.931;18.2958309237922;0.5012556417477315;-0.45166015625;
22:22:42;281.0;1574374964;88.778;18.2958309237922;0.5012556417477315;-0.45166015625;
22:22:43;282.0;1574374965;88.912;18.2958309237922;0.5012556417477315;-0.45166015625;
22:22:44;283.0;1574374966;89.124;18.426457136645112;0.504834442099866;-0.4541015625;
22:22:45;284.0;1574374967;89.336;20.64710275514468;0.5656740480861556;-0.49560546875;
22:22:46;285.0;1574374968;89.529;18.2958309237922;0.5012556417477315;-0.45166015625;
22:22:47;286.0;1574374969;89.509;18.2958309237922;0.5012556417477315;-0.45166015625;
22:22:48;287.0;1574374970;89.567;18.2958309237922;0.5012556417477315;-0.45166015625;
22:22:49;288.0;1574374971;89.567;19.340840626615524;0.5298860445648089;-0.47119140625;
22:22:50;289.0;1574374972;89.027;18.16520471093928;0.49767684139559665;-0.44921875;
22:22:51;290.0;1574374973;88.854;18.2958309237922;0.5012556417477315;-0.45166015625;
22:22:52;291.0;1574374974;88.816;17.903952285233448;0.49051924069132735;-0.4443359375;
22:22:53;292.0;1574374975;88.51;19.340840626615524;0.5298860445648089;-0.47119140625;
22:22:54;293.0;1574374976;88.625;18.426457136645112;0.504834442099866;-0.4541015625;
22:22:55;294.0;1574374977;88.797;17.903952285233448;0.49051924069132735;-0.4443359375;
22:22:56;295.0;1574374978;88.95;18.2958309237922;0.5012556417477315;-0.45166015625;
22:22:58;297.0;1574374979;89.336;18.426457136645112;0.504834442099866;-0.4541015625;
22:22:59;298.0;1574374980;89.548;18.426457136645112;0.504834442099866;-0.4541015625;
22:23:00;299.0;1574374981;89.258;18.034578498086365;0.49409804104346206;-0.44677734375;
22:23:01;300.0;1574374982;88.759;18.2958309237922;0.5012556417477315;-0.45166015625;
22:23:02;301.0;1574374983;88.491;17.773326072380534;0.4869404403391927;-0.44189453125;
22:23:03;302.0;1574374984;88.529;18.16520471093928;0.49767684139559665;-0.44921875;
22:23:04;303.0;1574374984;88.51;18.426457136645112;0.504834442099866;-0.4541015625;
22:23:05;304.0;1574374986;89.008;18.426457136645112;0.504834442099866;-0.4541015625;
22:23:06;305.0;1574374987;89.162;18.687709562350943;0.5119920428041355;-0.458984375;
22:23:07;306.0;1574374988;89.297;18.034578498086365;0.49409804104346206;-0.44677734375;
22:23:08;307.0;1574374989;89.451;18.2958309237922;0.5012556417477315;-0.45166015625;
22:23:09;308.0;1574374990;89.451;18.2958309237922;0.5012556417477315;-0.45166015625;
22:23:10;309.0;1574374991;89.104;19.210214413762603;0.526307244212674;-0.46875;
22:23:11;310.0;1574374992;88.625;18.2958309237922;0.5012556417477315;-0.45166015625;
22:23:12;311.0;1574374993;88.644;18.426457136645112;0.504834442099866;-0.4541015625;
22:23:13;312.0;1574374994;88.605;18.426457136645112;0.504834442099866;-0.4541015625;
22:23:14;313.0;1574374995;88.816;18.55708334949803;0.5084132424520008;-0.45654296875;
22:23:15;314.0;1574374996;89.104;18.2958309237922;0.5012556417477315;-0.45166015625;
22:23:16;315.0;1574374997;89.085;18.2958309237922;0.5012556417477315;-0.45166015625;
22:23:17;316.0;1574374998;89.143;18.2958309237922;0.5012556417477315;-0.45166015625;
22:23:18;317.0;1574374999;89.085;23.52087943790882;0.6444076558331184;-0.54931640625;
22:23:19;318.0;1574375000;89.258;14.507670751057638;0.39747043153582573;-0.380859375;
22:23:20;319.0;1574375001;89.047;18.2958309237922;0.5012556417477315;-0.45166015625;
22:23:21;320.0;1574375002;88.874;18.2958309237922;0.5012556417477315;-0.45166015625;
22:23:22;321.0;1574375003;88.759;18.55708334949803;0.5084132424520008;-0.45654296875;
22:23:23;322.0;1574375004;88.091;18.426457136645112;0.504834442099866;-0.4541015625;
22:23:24;323.0;1574375005;88.091;18.2958309237922;0.5012556417477315;-0.45166015625;
22:23:25;324.0;1574375006;88.053;18.16520471093928;0.49767684139559665;-0.44921875;
22:23:26;325.0;1574375007;88.376;18.81833577520386;0.5155708431562701;-0.46142578125;
22:23:27;326.0;1574375008;88.893;17.903952285233448;0.49051924069132735;-0.4443359375;
22:23:28;327.0;1574375009;89.278;18.16520471093928;0.49767684139559665;-0.44921875;
22:23:29;328.0;1574375011;88.97;18.2958309237922;0.5012556417477315;-0.45166015625;
22:23:30;329.0;1574375012;88.605;18.2958309237922;0.5012556417477315;-0.45166015625;
22:23:31;330.0;1574375013;88.586;18.55708334949803;0.5084132424520008;-0.45654296875;
22:23:32;331.0;1574375013;88.3;18.16520471093928;0.49767684139559665;-0.44921875;
22:23:33;332.0;1574375014;88.663;18.034578498086365;0.49409804104346206;-0.44677734375;
22:23:34;333.0;1574375015;88.548;18.16520471093928;0.49767684139559665;-0.44921875;
22:23:35;334.0;1574375016;88.453;18.2958309237922;0.5012556417477315;-0.45166015625;
22:23:36;335.0;1574375018;88.414;18.687709562350943;0.5119920428041355;-0.458984375;
22:23:37;336.0;1574375019;88.376;18.2958309237922;0.5012556417477315;-0.45166015625;
22:23:38;337.0;1574375020;88.854;18.426457136645112;0.504834442099866;-0.4541015625;
22:23:39;338.0;1574375021;88.816;18.2958309237922;0.5012556417477315;-0.45166015625;
22:23:40;339.0;1574375022;88.931;18.16520471093928;0.49767684139559665;-0.44921875;
22:23:41;340.0;1574375023;88.931;18.2958309237922;0.5012556417477315;-0.45166015625;
22:23:42;341.0;1574375024;88.586;18.55708334949803;0.5084132424520008;-0.45654296875;
22:23:43;342.0;1574375025;88.644;18.2958309237922;0.5012556417477315;-0.45166015625;
22:23:44;343.0;1574375026;88.72;19.863345478027185;0.5442012459733475;-0.48095703125;
22:23:45;344.0;1574375027;88.586;17.642699859527617;0.483361639987058;-0.439453125;
22:23:46;345.0;1574375028;88.739;18.16520471093928;0.49767684139559665;-0.44921875;
22:23:47;346.0;1574375029;88.51;18.2958309237922;0.5012556417477315;-0.45166015625;
22:23:48;347.0;1574375030;88.205;18.2958309237922;0.5012556417477315;-0.45166015625;
22:23:49;348.0;1574375031;88.205;18.2958309237922;0.5012556417477315;-0.45166015625;
22:23:50;349.0;1574375032;88.281;18.16520471093928;0.49767684139559665;-0.44921875;
22:23:51;350.0;1574375033;88.491;18.2958309237922;0.5012556417477315;-0.45166015625;
22:23:52;351.0;1574375034;88.433;18.2958309237922;0.5012556417477315;-0.45166015625;
22:23:53;352.0;1574375035;88.395;18.034578498086365;0.49409804104346206;-0.44677734375;
22:23:54;353.0;1574375036;88.186;18.2958309237922;0.5012556417477315;-0.45166015625;
22:23:55;354.0;1574375037;88.319;18.034578498086365;0.49409804104346206;-0.44677734375;
22:23:56;355.0;1574375038;88.491;18.2958309237922;0.5012556417477315;-0.45166015625;
22:23:57;356.0;1574375039;88.338;18.2958309237922;0.5012556417477315;-0.45166015625;
22:23:58;357.0;1574375040;88.491;18.55708334949803;0.5084132424520008;-0.45654296875;
22:23:59;358.0;1574375041;88.491;18.2958309237922;0.5012556417477315;-0.45166015625;
22:24:00;359.0;1574375042;88.453;18.034578498086365;0.49409804104346206;-0.44677734375;
22:24:01;360.0;1574375043;88.625;16.597690156704292;0.4547312371699806;-0.419921875;
22:24:03;362.0;1574375043;88.472;17.903952285233448;0.49051924069132735;-0.4443359375;
22:24:04;363.0;1574375045;88.281;18.2958309237922;0.5012556417477315;-0.45166015625;
22:24:05;364.0;1574375046;88.224;17.773326072380534;0.4869404403391927;-0.44189453125;
22:24:06;365.0;1574375047;88.091;18.16520471093928;0.49767684139559665;-0.44921875;
22:24:07;366.0;1574375048;88.243;17.903952285233448;0.49051924069132735;-0.4443359375;
22:24:08;367.0;1574375049;88.091;18.16520471093928;0.49767684139559665;-0.44921875;
22:24:09;368.0;1574375050;87.977;18.2958309237922;0.5012556417477315;-0.45166015625;
22:24:10;369.0;1574375051;87.825;18.16520471093928;0.49767684139559665;-0.44921875;
22:24:11;370.0;1574375052;87.882;18.2958309237922;0.5012556417477315;-0.45166015625;
22:24:12;371.0;1574375053;88.186;18.2958309237922;0.5012556417477315;-0.45166015625;
22:24:13;372.0;1574375054;88.319;18.034578498086365;0.49409804104346206;-0.44677734375;
22:24:14;373.0;1574375055;88.281;18.2958309237922;0.5012556417477315;-0.45166015625;
22:24:15;374.0;1574375056;87.768;18.16520471093928;0.49767684139559665;-0.44921875;
22:24:16;375.0;1574375057;87.806;18.2958309237922;0.5012556417477315;-0.45166015625;
22:24:17;376.0;1574375058;87.692;18.55708334949803;0.5084132424520008;-0.45654296875;
22:24:18;377.0;1574375059;87.882;18.16520471093928;0.49767684139559665;-0.44921875;
22:24:19;378.0;1574375060;88.186;18.034578498086365;0.49409804104346206;-0.44677734375;
22:24:20;379.0;1574375061;87.844;18.2958309237922;0.5012556417477315;-0.45166015625;
22:24:21;380.0;1574375062;87.825;17.903952285233448;0.49051924069132735;-0.4443359375;
22:24:22;381.0;1574375063;87.977;17.773326072380534;0.4869404403391927;-0.44189453125;
22:24:23;382.0;1574375064;87.863;18.55708334949803;0.5084132424520008;-0.45654296875;
22:24:24;383.0;1574375065;88.034;18.426457136645112;0.504834442099866;-0.4541015625;
22:24:25;384.0;1574375066;88.414;18.2958309237922;0.5012556417477315;-0.45166015625;
22:24:26;385.0;1574375067;88.548;18.2958309237922;0.5012556417477315;-0.45166015625;
22:24:27;386.0;1574375068;88.491;18.55708334949803;0.5084132424520008;-0.45654296875;
22:24:28;387.0;1574375069;88.205;18.81833577520386;0.5155708431562701;-0.46142578125;
22:24:29;388.0;1574375070;87.977;18.034578498086365;0.49409804104346206;-0.44677734375;
22:24:30;389.0;1574375071;87.674;18.034578498086365;0.49409804104346206;-0.44677734375;
22:24:31;390.0;1574375072;87.692;18.16520471093928;0.49767684139559665;-0.44921875;
22:24:32;391.0;1574375073;87.901;18.2958309237922;0.5012556417477315;-0.45166015625;
22:24:33;392.0;1574375074;87.806;18.16520471093928;0.49767684139559665;-0.44921875;
22:24:34;393.0;1574375075;87.958;18.2958309237922;0.5012556417477315;-0.45166015625;
22:24:35;394.0;1574375076;88.148;18.16520471093928;0.49767684139559665;-0.44921875;
22:24:36;395.0;1574375077;88.072;18.034578498086365;0.49409804104346206;-0.44677734375;
22:24:37;396.0;1574375078;88.224;18.16520471093928;0.49767684139559665;-0.44921875;
22:24:38;397.0;1574375079;88.091;18.034578498086365;0.49409804104346206;-0.44677734375;
22:24:39;398.0;1574375080;88.224;18.16520471093928;0.49767684139559665;-0.44921875;
22:24:40;399.0;1574375081;88.529;18.2958309237922;0.5012556417477315;-0.45166015625;
22:24:41;400.0;1574375082;88.319;18.2958309237922;0.5012556417477315;-0.45166015625;
22:24:42;401.0;1574375083;88.338;18.16520471093928;0.49767684139559665;-0.44921875;
22:24:43;402.0;1574375084;88.186;18.2958309237922;0.5012556417477315;-0.45166015625;
22:24:44;403.0;1574375085;87.863;18.2958309237922;0.5012556417477315;-0.45166015625;
22:24:45;404.0;1574375086;88.243;18.2958309237922;0.5012556417477315;-0.45166015625;
22:24:46;405.0;1574375087;88.015;17.903952285233448;0.49051924069132735;-0.4443359375;
22:24:47;406.0;1574375088;87.863;18.16520471093928;0.49767684139559665;-0.44921875;
22:24:48;407.0;1574375089;87.882;18.2958309237922;0.5012556417477315;-0.45166015625;
22:24:49;408.0;1574375090;87.56;17.512073646674704;0.4797828396349234;-0.43701171875;
22:24:50;409.0;1574375091;87.901;18.2958309237922;0.5012556417477315;-0.45166015625;
22:24:51;410.0;1574375092;88.167;22.345243522232582;0.6121984526639064;-0.52734375;
22:24:52;411.0;1574375093;88.186;18.16520471093928;0.49767684139559665;-0.44921875;
22:24:53;412.0;1574375094;87.958;18.55708334949803;0.5084132424520008;-0.45654296875;
22:24:54;413.0;1574375095;87.939;18.16520471093928;0.49767684139559665;-0.44921875;
22:24:55;414.0;1574375096;87.787;17.903952285233448;0.49051924069132735;-0.4443359375;
22:24:56;415.0;1574375097;87.409;18.2958309237922;0.5012556417477315;-0.45166015625;
22:24:57;416.0;1574375098;87.56;18.2958309237922;0.5012556417477315;-0.45166015625;
22:24:58;417.0;1574375099;87.259;18.2958309237922;0.5012556417477315;-0.45166015625;
22:24:59;418.0;1574375100;86.921;18.034578498086365;0.49409804104346206;-0.44677734375;
22:25:00;419.0;1574375101;87.089;17.120195008115953;0.46904643857851924;-0.4296875;
22:25:01;420.0;1574375102;87.127;17.903952285233448;0.49051924069132735;-0.4443359375;
22:25:02;421.0;1574375104;87.183;18.16520471093928;0.49767684139559665;-0.44921875;
22:25:03;422.0;1574375105;87.221;18.2958309237922;0.5012556417477315;-0.45166015625;
22:25:04;423.0;1574375106;87.372;18.2958309237922;0.5012556417477315;-0.45166015625;
22:25:05;424.0;1574375107;87.579;18.2958309237922;0.5012556417477315;-0.45166015625;
22:25:07;426.0;1574375108;87.73;18.81833577520386;0.5155708431562701;-0.46142578125;
22:25:08;427.0;1574375109;87.863;18.2958309237922;0.5012556417477315;-0.45166015625;
22:25:09;428.0;1574375110;87.674;18.687709562350943;0.5119920428041355;-0.458984375;
22:25:10;429.0;1574375111;87.674;18.16520471093928;0.49767684139559665;-0.44921875;
22:25:11;430.0;1574375112;87.466;18.81833577520386;0.5155708431562701;-0.46142578125;
22:25:12;431.0;1574375113;87.315;18.2958309237922;0.5012556417477315;-0.45166015625;
22:25:13;432.0;1574375114;87.504;16.98956879526304;0.46546763822638465;-0.42724609375;
00:00:00;-80281.0;1574375115;-9999.0;18.2958309237922;0.5012556417477315;-0.45166015625;
22:25:14;433.0;1574375115;87.277;18.2958309237922;0.5012556417477315;-0.45166015625;
22:25:15;434.0;1574375116;87.315;18.034578498086365;0.49409804104346206;-0.44677734375;
22:25:16;435.0;1574375117;87.504;18.426457136645112;0.504834442099866;-0.4541015625;
22:25:17;436.0;1574375118;87.372;18.2958309237922;0.5012556417477315;-0.45166015625;
22:25:18;437.0;1574375119;87.202;18.16520471093928;0.49767684139559665;-0.44921875;
22:25:19;438.0;1574375120;87.127;18.16520471093928;0.49767684139559665;-0.44921875;
22:25:20;439.0;1574375121;87.033;17.903952285233448;0.49051924069132735;-0.4443359375;
22:25:21;440.0;1574375122;87.24;18.426457136645112;0.504834442099866;-0.4541015625;
22:25:22;441.0;1574375123;87.183;18.2958309237922;0.5012556417477315;-0.45166015625;
22:25:23;442.0;1574375124;87.259;18.034578498086365;0.49409804104346206;-0.44677734375;
22:25:24;443.0;1574375125;87.165;18.034578498086365;0.49409804104346206;-0.44677734375;
22:25:25;444.0;1574375126;86.958;18.2958309237922;0.5012556417477315;-0.45166015625;
22:25:26;445.0;1574375127;87.014;18.2958309237922;0.5012556417477315;-0.45166015625;
22:25:27;446.0;1574375128;86.939;18.2958309237922;0.5012556417477315;-0.45166015625;
22:25:28;447.0;1574375129;87.089;18.426457136645112;0.504834442099866;-0.4541015625;
22:25:29;448.0;1574375130;87.127;18.426457136645112;0.504834442099866;-0.4541015625;
22:25:30;449.0;1574375131;87.315;18.687709562350943;0.5119920428041355;-0.458984375;
22:25:31;450.0;1574375132;87.372;19.993971690880098;0.5477800463254822;-0.4833984375;
22:25:32;451.0;1574375133;86.958;16.33643773099846;0.4475736364657112;-0.4150390625;
22:25:33;452.0;1574375134;87.202;18.2958309237922;0.5012556417477315;-0.45166015625;
22:25:34;453.0;1574375135;87.277;18.948961988056773;0.5191496435084048;-0.4638671875;
22:25:35;454.0;1574375136;87.579;18.16520471093928;0.49767684139559665;-0.44921875;
22:25:36;455.0;1574375137;87.863;17.903952285233448;0.49051924069132735;-0.4443359375;
22:25:37;456.0;1574375138;87.692;18.16520471093928;0.49767684139559665;-0.44921875;
22:25:38;457.0;1574375140;87.296;19.863345478027185;0.5442012459733475;-0.48095703125;
22:25:39;458.0;1574375141;86.808;18.16520471093928;0.49767684139559665;-0.44921875;
22:25:40;459.0;1574375142;86.808;18.2958309237922;0.5012556417477315;-0.45166015625;
22:25:41;460.0;1574375143;86.715;18.426457136645112;0.504834442099866;-0.4541015625;
22:25:42;461.0;1574375144;87.014;18.2958309237922;0.5012556417477315;-0.45166015625;
22:25:43;462.0;1574375145;87.183;18.948961988056773;0.5191496435084048;-0.4638671875;
22:25:44;463.0;1574375146;87.221;18.2958309237922;0.5012556417477315;-0.45166015625;
22:25:45;464.0;1574375147;87.165;18.426457136645112;0.504834442099866;-0.4541015625;
22:25:46;465.0;1574375148;87.202;18.034578498086365;0.49409804104346206;-0.44677734375;
22:25:47;466.0;1574375149;87.372;18.2958309237922;0.5012556417477315;-0.45166015625;
22:25:48;467.0;1574375150;87.372;18.426457136645112;0.504834442099866;-0.4541015625;
22:25:49;468.0;1574375151;87.939;18.948961988056773;0.5191496435084048;-0.4638671875;
22:25:50;469.0;1574375152;87.939;18.034578498086365;0.49409804104346206;-0.44677734375;
22:25:51;470.0;1574375153;87.711;17.903952285233448;0.49051924069132735;-0.4443359375;
22:25:52;471.0;1574375154;87.825;18.426457136645112;0.504834442099866;-0.4541015625;
22:25:53;472.0;1574375155;87.259;18.55708334949803;0.5084132424520008;-0.45654296875;
22:25:54;473.0;1574375156;87.315;18.2958309237922;0.5012556417477315;-0.45166015625;
22:25:55;474.0;1574375157;87.202;18.2958309237922;0.5012556417477315;-0.45166015625;
22:25:56;475.0;1574375158;87.183;18.034578498086365;0.49409804104346206;-0.44677734375;
22:25:57;476.0;1574375159;87.259;18.16520471093928;0.49767684139559665;-0.44921875;
22:25:58;477.0;1574375160;87.202;18.426457136645112;0.504834442099866;-0.4541015625;
22:25:59;478.0;1574375161;87.541;18.2958309237922;0.5012556417477315;-0.45166015625;
22:26:00;479.0;1574375161;87.56;18.426457136645112;0.504834442099866;-0.4541015625;
22:26:01;480.0;1574375163;87.674;21.95336488367383;0.6014620516075022;-0.52001953125;
22:26:02;481.0;1574375164;87.466;18.16520471093928;0.49767684139559665;-0.44921875;
22:26:03;482.0;1574375165;87.014;18.16520471093928;0.49767684139559665;-0.44921875;
22:26:04;483.0;1574375166;87.052;18.426457136645112;0.504834442099866;-0.4541015625;
22:26:05;484.0;1574375167;86.902;18.2958309237922;0.5012556417477315;-0.45166015625;
22:26:06;485.0;1574375168;87.052;18.2958309237922;0.5012556417477315;-0.45166015625;
22:26:07;486.0;1574375169;87.353;18.16520471093928;0.49767684139559665;-0.44921875;
22:26:08;487.0;1574375170;87.296;18.2958309237922;0.5012556417477315;-0.45166015625;
22:26:09;488.0;1574375171;87.277;18.16520471093928;0.49767684139559665;-0.44921875;
22:26:11;490.0;1574375172;87.127;17.381447433821783;0.4762040392827886;-0.4345703125;
22:26:12;491.0;1574375173;87.221;18.16520471093928;0.49767684139559665;-0.44921875;
22:26:13;492.0;1574375174;87.127;18.2958309237922;0.5012556417477315;-0.45166015625;
22:26:14;493.0;1574375175;87.127;18.034578498086365;0.49409804104346206;-0.44677734375;
22:26:15;494.0;1574375176;86.996;18.16520471093928;0.49767684139559665;-0.44921875;
22:26:16;495.0;1574375177;87.052;18.034578498086365;0.49409804104346206;-0.44677734375;
22:26:17;496.0;1574375178;87.014;18.2958309237922;0.5012556417477315;-0.45166015625;
22:26:18;497.0;1574375179;87.071;18.16520471093928;0.49767684139559665;-0.44921875;
22:26:19;498.0;1574375180;87.014;17.903952285233448;0.49051924069132735;-0.4443359375;
22:26:20;499.0;1574375181;86.752;18.16520471093928;0.49767684139559665;-0.44921875;
22:26:21;500.0;1574375182;86.734;18.81833577520386;0.5155708431562701;-0.46142578125;
22:26:22;501.0;1574375183;86.659;18.426457136645112;0.504834442099866;-0.4541015625;
22:26:23;502.0;1574375184;87.033;18.034578498086365;0.49409804104346206;-0.44677734375;
22:26:24;503.0;1574375185;87.315;18.2958309237922;0.5012556417477315;-0.45166015625;
22:26:25;504.0;1574375186;87.372;18.426457136645112;0.504834442099866;-0.4541015625;
22:26:26;505.0;1574375187;87.24;18.426457136645112;0.504834442099866;-0.4541015625;
22:26:27;506.0;1574375188;87.146;18.2958309237922;0.5012556417477315;-0.45166015625;
22:26:28;507.0;1574375189;86.808;18.16520471093928;0.49767684139559665;-0.44921875;
22:26:29;508.0;1574375190;86.79;19.210214413762603;0.526307244212674;-0.46875;
22:26:30;509.0;1574375191;87.146;18.2958309237922;0.5012556417477315;-0.45166015625;
22:26:31;510.0;1574375192;87.202;18.2958309237922;0.5012556417477315;-0.45166015625;
22:26:32;511.0;1574375193;87.353;18.2958309237922;0.5012556417477315;-0.45166015625;
22:26:33;512.0;1574375194;87.334;18.2958309237922;0.5012556417477315;-0.45166015625;
22:26:34;513.0;1574375195;86.921;18.2958309237922;0.5012556417477315;-0.45166015625;
22:26:35;514.0;1574375196;86.827;18.2958309237922;0.5012556417477315;-0.45166015625;
22:26:36;515.0;1574375197;86.51;18.2958309237922;0.5012556417477315;-0.45166015625;
22:26:37;516.0;1574375198;86.342;18.426457136645112;0.504834442099866;-0.4541015625;
22:26:38;517.0;1574375199;86.752;18.426457136645112;0.504834442099866;-0.4541015625;
22:26:39;518.0;1574375200;86.715;18.16520471093928;0.49767684139559665;-0.44921875;
22:26:40;519.0;1574375201;87.014;18.2958309237922;0.5012556417477315;-0.45166015625;
22:26:41;520.0;1574375202;87.353;18.2958309237922;0.5012556417477315;-0.45166015625;
22:26:42;521.0;1574375203;87.108;18.16520471093928;0.49767684139559665;-0.44921875;
22:26:43;522.0;1574375204;86.977;18.426457136645112;0.504834442099866;-0.4541015625;
22:26:44;523.0;1574375205;86.808;18.426457136645112;0.504834442099866;-0.4541015625;
22:26:45;524.0;1574375206;86.64;18.16520471093928;0.49767684139559665;-0.44921875;
22:26:46;525.0;1574375207;86.696;18.2958309237922;0.5012556417477315;-0.45166015625;
22:26:47;526.0;1574375208;86.659;17.25082122096887;0.472625238930654;-0.43212890625;
22:26:48;527.0;1574375209;86.808;18.034578498086365;0.49409804104346206;-0.44677734375;
22:26:49;528.0;1574375210;86.79;18.2958309237922;0.5012556417477315;-0.45166015625;
22:26:50;529.0;1574375211;86.827;18.16520471093928;0.49767684139559665;-0.44921875;
22:26:51;530.0;1574375212;86.996;18.426457136645112;0.504834442099866;-0.4541015625;
22:26:52;531.0;1574375213;87.24;18.2958309237922;0.5012556417477315;-0.45166015625;
22:26:53;532.0;1574375214;87.259;18.2958309237922;0.5012556417477315;-0.45166015625;
22:26:54;533.0;1574375215;87.071;18.2958309237922;0.5012556417477315;-0.45166015625;
22:26:55;534.0;1574375216;87.052;18.55708334949803;0.5084132424520008;-0.45654296875;
22:26:56;535.0;1574375217;86.715;18.687709562350943;0.5119920428041355;-0.458984375;
22:26:57;536.0;1574375218;86.416;18.2958309237922;0.5012556417477315;-0.45166015625;
22:26:58;537.0;1574375219;86.584;18.034578498086365;0.49409804104346206;-0.44677734375;
22:26:59;538.0;1574375220;86.752;18.687709562350943;0.5119920428041355;-0.458984375;
22:27:00;539.0;1574375221;86.696;18.034578498086365;0.49409804104346206;-0.44677734375;
22:27:01;540.0;1574375222;86.883;18.55708334949803;0.5084132424520008;-0.45654296875;
22:27:02;541.0;1574375223;86.883;17.642699859527617;0.483361639987058;-0.439453125;
22:27:03;542.0;1574375224;86.584;18.2958309237922;0.5012556417477315;-0.45166015625;
22:27:04;543.0;1574375225;86.603;18.81833577520386;0.5155708431562701;-0.46142578125;
22:27:05;544.0;1574375226;86.528;18.2958309237922;0.5012556417477315;-0.45166015625;
22:27:06;545.0;1574375227;86.249;18.034578498086365;0.49409804104346206;-0.44677734375;
22:27:07;546.0;1574375228;86.565;18.16520471093928;0.49767684139559665;-0.44921875;
22:27:08;547.0;1574375229;86.565;18.426457136645112;0.504834442099866;-0.4541015625;
22:27:09;548.0;1574375230;86.771;18.16520471093928;0.49767684139559665;-0.44921875;
22:27:10;549.0;1574375232;87.165;18.426457136645112;0.504834442099866;-0.4541015625;
22:27:11;550.0;1574375233;86.902;18.034578498086365;0.49409804104346206;-0.44677734375;
22:27:12;551.0;1574375234;86.996;18.034578498086365;0.49409804104346206;-0.44677734375;
22:27:13;552.0;1574375235;86.696;18.034578498086365;0.49409804104346206;-0.44677734375;
22:27:15;554.0;1574375236;86.584;18.16520471093928;0.49767684139559665;-0.44921875;
22:27:16;555.0;1574375237;86.715;19.340840626615524;0.5298860445648089;-0.47119140625;
22:27:17;556.0;1574375238;86.659;18.55708334949803;0.5084132424520008;-0.45654296875;
22:27:18;557.0;1574375239;86.902;18.16520471093928;0.49767684139559665;-0.44921875;
22:27:19;558.0;1574375240;86.864;18.2958309237922;0.5012556417477315;-0.45166015625;
22:27:20;559.0;1574375241;86.752;17.642699859527617;0.483361639987058;-0.439453125;
22:27:21;560.0;1574375242;87.052;18.2958309237922;0.5012556417477315;-0.45166015625;
22:27:22;561.0;1574375243;86.864;17.773326072380534;0.4869404403391927;-0.44189453125;
22:27:23;562.0;1574375244;86.51;18.2958309237922;0.5012556417477315;-0.45166015625;
22:27:24;563.0;1574375245;86.64;19.602093052321354;0.5370436452690782;-0.47607421875;
22:27:25;564.0;1574375246;86.342;18.2958309237922;0.5012556417477315;-0.45166015625;
22:27:26;565.0;1574375247;86.435;17.903952285233448;0.49051924069132735;-0.4443359375;
22:27:27;566.0;1574375248;86.827;18.426457136645112;0.504834442099866;-0.4541015625;
22:27:28;567.0;1574375249;86.696;18.2958309237922;0.5012556417477315;-0.45166015625;
22:27:29;568.0;1574375250;86.677;18.2958309237922;0.5012556417477315;-0.45166015625;
22:27:30;569.0;1574375251;86.621;18.16520471093928;0.49767684139559665;-0.44921875;
22:27:31;570.0;1574375252;86.621;18.16520471093928;0.49767684139559665;-0.44921875;
22:27:32;571.0;1574375253;86.398;18.426457136645112;0.504834442099866;-0.4541015625;
22:27:33;572.0;1574375254;86.398;18.16520471093928;0.49767684139559665;-0.44921875;
22:27:34;573.0;1574375255;86.398;18.2958309237922;0.5012556417477315;-0.45166015625;
22:27:35;574.0;1574375256;86.528;18.2958309237922;0.5012556417477315;-0.45166015625;
22:27:36;575.0;1574375257;86.565;18.16520471093928;0.49767684139559665;-0.44921875;
22:27:37;576.0;1574375258;86.379;18.2958309237922;0.5012556417477315;-0.45166015625;
22:27:38;577.0;1574375259;86.398;18.034578498086365;0.49409804104346206;-0.44677734375;
22:27:39;578.0;1574375260;86.268;18.55708334949803;0.5084132424520008;-0.45654296875;
22:27:40;579.0;1574375261;86.603;18.426457136645112;0.504834442099866;-0.4541015625;
22:27:41;580.0;1574375262;86.603;18.426457136645112;0.504834442099866;-0.4541015625;
22:27:42;581.0;1574375263;86.771;18.16520471093928;0.49767684139559665;-0.44921875;
22:27:43;582.0;1574375264;86.603;18.034578498086365;0.49409804104346206;-0.44677734375;
22:27:44;583.0;1574375265;86.416;18.2958309237922;0.5012556417477315;-0.45166015625;
22:27:45;584.0;1574375266;86.64;18.034578498086365;0.49409804104346206;-0.44677734375;
22:27:46;585.0;1574375267;86.491;18.034578498086365;0.49409804104346206;-0.44677734375;
22:27:47;586.0;1574375268;86.454;18.16520471093928;0.49767684139559665;-0.44921875;
22:27:48;587.0;1574375269;86.435;19.07958820090969;0.5227284438605394;-0.46630859375;
22:27:49;588.0;1574375270;86.361;18.426457136645112;0.504834442099866;-0.4541015625;
22:27:50;589.0;1574375271;86.528;18.426457136645112;0.504834442099866;-0.4541015625;
22:27:51;590.0;1574375272;86.454;18.55708334949803;0.5084132424520008;-0.45654296875;
22:27:52;591.0;1574375273;86.305;18.2958309237922;0.5012556417477315;-0.45166015625;
22:27:53;592.0;1574375274;86.528;18.2958309237922;0.5012556417477315;-0.45166015625;
22:27:54;593.0;1574375275;86.193;17.512073646674704;0.4797828396349234;-0.43701171875;
22:27:55;594.0;1574375276;86.379;18.81833577520386;0.5155708431562701;-0.46142578125;
22:27:56;595.0;1574375277;86.547;18.55708334949803;0.5084132424520008;-0.45654296875;
22:27:57;596.0;1574375278;86.23;18.16520471093928;0.49767684139559665;-0.44921875;
22:27:58;597.0;1574375279;86.361;18.426457136645112;0.504834442099866;-0.4541015625;
22:27:59;598.0;1574375280;86.063;18.426457136645112;0.504834442099866;-0.4541015625;
22:28:00;599.0;1574375281;85.897;18.16520471093928;0.49767684139559665;-0.44921875;
22:28:01;600.0;1574375282;86.008;18.2958309237922;0.5012556417477315;-0.45166015625;
22:28:02;601.0;1574375283;85.897;18.034578498086365;0.49409804104346206;-0.44677734375;
22:28:03;602.0;1574375284;86.156;19.07958820090969;0.5227284438605394;-0.46630859375;
22:28:04;603.0;1574375285;86.249;18.426457136645112;0.504834442099866;-0.4541015625;
22:28:05;604.0;1574375286;86.138;18.034578498086365;0.49409804104346206;-0.44677734375;
22:28:06;605.0;1574375287;86.119;18.2958309237922;0.5012556417477315;-0.45166015625;
22:28:07;606.0;1574375289;86.026;18.2958309237922;0.5012556417477315;-0.45166015625;
22:28:08;607.0;1574375290;85.915;18.2958309237922;0.5012556417477315;-0.45166015625;
22:28:09;608.0;1574375291;85.897;17.381447433821783;0.4762040392827886;-0.4345703125;
22:28:10;609.0;1574375292;85.897;18.55708334949803;0.5084132424520008;-0.45654296875;
22:28:11;610.0;1574375293;85.767;18.2958309237922;0.5012556417477315;-0.45166015625;
22:28:12;611.0;1574375294;85.786;18.2958309237922;0.5012556417477315;-0.45166015625;
22:28:13;612.0;1574375295;85.749;17.773326072380534;0.4869404403391927;-0.44189453125;
22:28:14;613.0;1574375296;86.026;18.2958309237922;0.5012556417477315;-0.45166015625;
22:28:15;614.0;1574375297;86.23;18.2958309237922;0.5012556417477315;-0.45166015625;
22:28:16;615.0;1574375298;86.379;18.426457136645112;0.504834442099866;-0.4541015625;
22:28:17;616.0;1574375299;86.547;17.903952285233448;0.49051924069132735;-0.4443359375;
22:28:19;618.0;1574375300;86.454;18.2958309237922;0.5012556417477315;-0.45166015625;
22:28:20;619.0;1574375301;86.249;19.602093052321354;0.5370436452690782;-0.47607421875;
22:28:21;620.0;1574375302;86.286;18.16520471093928;0.49767684139559665;-0.44921875;
22:28:22;621.0;1574375303;86.323;18.034578498086365;0.49409804104346206;-0.44677734375;
22:28:23;622.0;1574375304;86.286;18.426457136645112;0.504834442099866;-0.4541015625;
22:28:24;623.0;1574375305;86.342;18.2958309237922;0.5012556417477315;-0.45166015625;
22:28:25;624.0;1574375306;86.175;18.2958309237922;0.5012556417477315;-0.45166015625;
22:28:26;625.0;1574375307;86.119;18.55708334949803;0.5084132424520008;-0.45654296875;
22:28:27;626.0;1574375308;86.101;18.16520471093928;0.49767684139559665;-0.44921875;
22:28:28;627.0;1574375309;86.045;18.2958309237922;0.5012556417477315;-0.45166015625;
22:28:29;628.0;1574375310;86.008;18.2958309237922;0.5012556417477315;-0.45166015625;
22:28:30;629.0;1574375311;85.73;18.16520471093928;0.49767684139559665;-0.44921875;
22:28:31;630.0;1574375312;85.638;18.16520471093928;0.49767684139559665;-0.44921875;
22:28:32;631.0;1574375313;85.804;18.81833577520386;0.5155708431562701;-0.46142578125;
22:28:33;632.0;1574375314;85.804;15.683306666733882;0.4296796347050379;-0.40283203125;
22:28:34;633.0;1574375315;85.971;18.034578498086365;0.49409804104346206;-0.44677734375;
22:28:35;634.0;1574375316;86.23;18.16520471093928;0.49767684139559665;-0.44921875;
22:28:36;635.0;1574375317;86.119;18.426457136645112;0.504834442099866;-0.4541015625;
22:28:37;636.0;1574375318;86.063;18.2958309237922;0.5012556417477315;-0.45166015625;
22:28:38;637.0;1574375319;86.063;18.55708334949803;0.5084132424520008;-0.45654296875;
22:28:39;638.0;1574375320;85.823;18.2958309237922;0.5012556417477315;-0.45166015625;
22:28:40;639.0;1574375321;86.119;18.034578498086365;0.49409804104346206;-0.44677734375;
22:28:41;640.0;1574375322;86.138;18.2958309237922;0.5012556417477315;-0.45166015625;
22:28:42;641.0;1574375323;86.361;18.2958309237922;0.5012556417477315;-0.45166015625;
22:28:43;642.0;1574375324;86.361;18.55708334949803;0.5084132424520008;-0.45654296875;
22:28:44;643.0;1574375325;86.23;18.16520471093928;0.49767684139559665;-0.44921875;
22:28:45;644.0;1574375326;86.249;17.773326072380534;0.4869404403391927;-0.44189453125;
22:28:46;645.0;1574375327;86.193;18.16520471093928;0.49767684139559665;-0.44921875;
22:28:47;646.0;1574375328;86.138;18.16520471093928;0.49767684139559665;-0.44921875;
22:28:48;647.0;1574375329;85.915;18.16520471093928;0.49767684139559665;-0.44921875;
22:28:49;648.0;1574375330;85.934;18.034578498086365;0.49409804104346206;-0.44677734375;
22:28:50;649.0;1574375331;85.823;18.16520471093928;0.49767684139559665;-0.44921875;
22:28:51;650.0;1574375332;85.804;18.16520471093928;0.49767684139559665;-0.44921875;
22:28:52;651.0;1574375333;85.804;17.642699859527617;0.483361639987058;-0.439453125;
22:28:53;652.0;1574375334;85.952;18.16520471093928;0.49767684139559665;-0.44921875;
22:28:54;653.0;1574375335;85.897;18.948961988056773;0.5191496435084048;-0.4638671875;
22:28:55;654.0;1574375336;86.101;18.16520471093928;0.49767684139559665;-0.44921875;
22:28:56;655.0;1574375338;86.138;17.25082122096887;0.472625238930654;-0.43212890625;
22:28:57;656.0;1574375338;86.045;18.2958309237922;0.5012556417477315;-0.45166015625;
22:28:58;657.0;1574375340;86.063;19.340840626615524;0.5298860445648089;-0.47119140625;
22:28:59;658.0;1574375341;86.026;18.2958309237922;0.5012556417477315;-0.45166015625;
22:29:00;659.0;1574375342;86.156;17.642699859527617;0.483361639987058;-0.439453125;
22:29:01;660.0;1574375343;86.268;18.2958309237922;0.5012556417477315;-0.45166015625;
22:29:02;661.0;1574375344;86.249;18.16520471093928;0.49767684139559665;-0.44921875;
22:29:03;662.0;1574375345;86.101;18.034578498086365;0.49409804104346206;-0.44677734375;
22:29:04;663.0;1574375346;85.934;18.2958309237922;0.5012556417477315;-0.45166015625;
22:29:05;664.0;1574375347;85.749;18.16520471093928;0.49767684139559665;-0.44921875;
22:29:06;665.0;1574375348;85.73;18.16520471093928;0.49767684139559665;-0.44921875;
22:29:07;666.0;1574375349;85.767;18.2958309237922;0.5012556417477315;-0.45166015625;
22:29:08;667.0;1574375350;85.657;17.25082122096887;0.472625238930654;-0.43212890625;
22:29:09;668.0;1574375351;85.823;18.426457136645112;0.504834442099866;-0.4541015625;
22:29:10;669.0;1574375352;85.971;18.2958309237922;0.5012556417477315;-0.45166015625;
22:29:11;670.0;1574375353;85.86;18.2958309237922;0.5012556417477315;-0.45166015625;
22:29:12;671.0;1574375354;85.989;18.16520471093928;0.49767684139559665;-0.44921875;
22:29:13;672.0;1574375355;85.804;18.426457136645112;0.504834442099866;-0.4541015625;
22:29:14;673.0;1574375356;85.657;18.16520471093928;0.49767684139559665;-0.44921875;
22:29:15;674.0;1574375357;85.694;18.2958309237922;0.5012556417477315;-0.45166015625;
22:29:16;675.0;1574375358;85.694;17.773326072380534;0.4869404403391927;-0.44189453125;
22:29:17;676.0;1574375359;85.712;9999.0;9999.0;9999.0;
22:29:18;677.0;1574375360;85.712;17.642699859527617;0.483361639987058;-0.439453125;
22:29:19;678.0;1574375361;85.786;18.2958309237922;0.5012556417477315;-0.45166015625;
22:29:20;679.0;1574375362;85.804;18.16520471093928;0.49767684139559665;-0.44921875;
22:29:21;680.0;1574375363;85.823;18.2958309237922;0.5012556417477315;-0.45166015625;
22:29:23;682.0;1574375364;85.841;19.471466839468437;0.5334648449169435;-0.4736328125;
22:29:24;683.0;1574375365;85.786;18.2958309237922;0.5012556417477315;-0.45166015625;
22:29:25;684.0;1574375366;85.804;18.034578498086365;0.49409804104346206;-0.44677734375;
22:29:26;685.0;1574375367;85.712;18.2958309237922;0.5012556417477315;-0.45166015625;
22:29:27;686.0;1574375368;85.749;18.16520471093928;0.49767684139559665;-0.44921875;
22:29:28;687.0;1574375369;85.786;14.377044538204725;0.3938916311836911;-0.37841796875;
22:29:29;688.0;1574375370;85.565;18.2958309237922;0.5012556417477315;-0.45166015625;
22:29:30;689.0;1574375371;85.657;18.16520471093928;0.49767684139559665;-0.44921875;
22:29:31;690.0;1574375372;85.325;18.426457136645112;0.504834442099866;-0.4541015625;
22:29:32;691.0;1574375373;85.289;11.764520281146412;0.32231562414099757;-0.32958984375;
22:29:33;692.0;1574375374;85.472;18.426457136645112;0.504834442099866;-0.4541015625;
22:29:34;693.0;1574375375;85.472;20.777728967997593;0.5692528484382903;-0.498046875;
22:29:35;694.0;1574375376;85.73;18.16520471093928;0.49767684139559665;-0.44921875;
22:29:36;695.0;1574375377;85.712;18.16520471093928;0.49767684139559665;-0.44921875;
22:29:37;696.0;1574375378;85.583;18.16520471093928;0.49767684139559665;-0.44921875;
22:29:38;697.0;1574375379;85.62;18.687709562350943;0.5119920428041355;-0.458984375;
22:29:39;698.0;1574375380;85.454;18.2958309237922;0.5012556417477315;-0.45166015625;
22:29:40;699.0;1574375381;85.491;18.426457136645112;0.504834442099866;-0.4541015625;
22:29:41;700.0;1574375382;85.583;18.2958309237922;0.5012556417477315;-0.45166015625;
22:29:42;701.0;1574375383;85.565;18.034578498086365;0.49409804104346206;-0.44677734375;
22:29:43;702.0;1574375384;85.749;17.903952285233448;0.49051924069132735;-0.4443359375;
22:29:44;703.0;1574375385;85.62;18.426457136645112;0.504834442099866;-0.4541015625;
22:29:45;704.0;1574375386;85.472;18.948961988056773;0.5191496435084048;-0.4638671875;
22:29:46;705.0;1574375387;85.472;18.16520471093928;0.49767684139559665;-0.44921875;
22:29:47;706.0;1574375388;85.491;18.426457136645112;0.504834442099866;-0.4541015625;
22:29:48;707.0;1574375389;85.638;18.2958309237922;0.5012556417477315;-0.45166015625;
22:29:49;708.0;1574375390;85.786;18.034578498086365;0.49409804104346206;-0.44677734375;
22:29:50;709.0;1574375391;85.62;18.034578498086365;0.49409804104346206;-0.44677734375;
22:29:51;710.0;1574375392;85.601;18.16520471093928;0.49767684139559665;-0.44921875;
22:29:52;711.0;1574375393;85.749;17.773326072380534;0.4869404403391927;-0.44189453125;
22:29:53;712.0;1574375394;85.767;18.426457136645112;0.504834442099866;-0.4541015625;
22:29:54;713.0;1574375395;85.934;22.214617309379665;0.6086196523117716;-0.52490234375;
22:29:55;714.0;1574375396;85.915;18.16520471093928;0.49767684139559665;-0.44921875;
22:29:56;715.0;1574375397;85.786;18.2958309237922;0.5012556417477315;-0.45166015625;
22:29:57;716.0;1574375398;85.823;17.903952285233448;0.49051924069132735;-0.4443359375;
22:29:58;717.0;1574375399;85.86;18.2958309237922;0.5012556417477315;-0.45166015625;
22:29:59;718.0;1574375400;85.878;16.467063943851375;0.4511524368178459;-0.41748046875;
22:30:00;719.0;1574375401;85.878;18.16520471093928;0.49767684139559665;-0.44921875;
22:30:01;720.0;1574375402;85.915;18.426457136645112;0.504834442099866;-0.4541015625;
22:30:02;721.0;1574375403;85.399;18.687709562350943;0.5119920428041355;-0.458984375;
22:30:03;722.0;1574375404;85.417;18.16520471093928;0.49767684139559665;-0.44921875;
22:30:04;723.0;1574375405;85.399;18.2958309237922;0.5012556417477315;-0.45166015625;
22:30:05;724.0;1574375406;85.142;18.426457136645112;0.504834442099866;-0.4541015625;
22:30:06;725.0;1574375407;85.601;18.426457136645112;0.504834442099866;-0.4541015625;
22:30:07;726.0;1574375408;85.454;18.2958309237922;0.5012556417477315;-0.45166015625;
22:30:08;727.0;1574375409;85.399;18.034578498086365;0.49409804104346206;-0.44677734375;
22:30:09;728.0;1574375410;85.362;18.426457136645112;0.504834442099866;-0.4541015625;
22:30:10;729.0;1574375411;85.381;18.16520471093928;0.49767684139559665;-0.44921875;
22:30:11;730.0;1574375412;85.565;18.2958309237922;0.5012556417477315;-0.45166015625;
22:30:12;731.0;1574375413;85.601;18.16520471093928;0.49767684139559665;-0.44921875;
22:30:13;732.0;1574375414;85.712;18.2958309237922;0.5012556417477315;-0.45166015625;
22:30:14;733.0;1574375415;85.546;18.426457136645112;0.504834442099866;-0.4541015625;
22:30:15;734.0;1574375416;85.528;17.512073646674704;0.4797828396349234;-0.43701171875;
22:30:16;735.0;1574375417;85.362;17.512073646674704;0.4797828396349234;-0.43701171875;
22:30:17;736.0;1574375419;85.509;18.2958309237922;0.5012556417477315;-0.45166015625;
22:30:18;737.0;1574375420;85.509;16.858942582410123;0.46188883787424995;-0.4248046875;
22:30:19;738.0;1574375421;85.472;18.426457136645112;0.504834442099866;-0.4541015625;
22:30:20;739.0;1574375422;85.601;18.2958309237922;0.5012556417477315;-0.45166015625;
22:30:21;740.0;1574375423;85.417;18.81833577520386;0.5155708431562701;-0.46142578125;
22:30:22;741.0;1574375424;85.583;18.426457136645112;0.504834442099866;-0.4541015625;
22:30:23;742.0;1574375425;85.289;17.773326072380534;0.4869404403391927;-0.44189453125;
22:30:24;743.0;1574375426;85.179;19.863345478027185;0.5442012459733475;-0.48095703125;
22:30:25;744.0;1574375427;85.381;18.034578498086365;0.49409804104346206;-0.44677734375;
22:30:27;746.0;1574375428;85.381;18.2958309237922;0.5012556417477315;-0.45166015625;
22:30:28;747.0;1574375429;85.694;18.2958309237922;0.5012556417477315;-0.45166015625;
22:30:29;748.0;1574375430;85.546;18.948961988056773;0.5191496435084048;-0.4638671875;
22:30:30;749.0;1574375431;85.381;18.16520471093928;0.49767684139559665;-0.44921875;
22:30:31;750.0;1574375432;85.362;18.034578498086365;0.49409804104346206;-0.44677734375;
22:30:32;751.0;1574375433;85.16;18.16520471093928;0.49767684139559665;-0.44921875;
22:30:33;752.0;1574375434;85.436;19.993971690880098;0.5477800463254822;-0.4833984375;
22:30:34;753.0;1574375435;85.252;18.426457136645112;0.504834442099866;-0.4541015625;
22:30:35;754.0;1574375436;85.179;18.426457136645112;0.504834442099866;-0.4541015625;
22:30:36;755.0;1574375437;85.234;18.2958309237922;0.5012556417477315;-0.45166015625;
22:30:37;756.0;1574375438;84.758;18.034578498086365;0.49409804104346206;-0.44677734375;
22:30:38;757.0;1574375439;85.105;18.16520471093928;0.49767684139559665;-0.44921875;
22:30:39;758.0;1574375440;85.032;18.55708334949803;0.5084132424520008;-0.45654296875;
22:30:40;759.0;1574375441;85.16;18.426457136645112;0.504834442099866;-0.4541015625;
22:30:41;760.0;1574375442;85.472;18.2958309237922;0.5012556417477315;-0.45166015625;
22:30:42;761.0;1574375443;85.491;18.2958309237922;0.5012556417477315;-0.45166015625;
22:30:43;762.0;1574375444;85.472;17.25082122096887;0.472625238930654;-0.43212890625;
22:30:44;763.0;1574375445;85.215;18.2958309237922;0.5012556417477315;-0.45166015625;
22:30:45;764.0;1574375446;85.454;18.2958309237922;0.5012556417477315;-0.45166015625;
22:30:46;765.0;1574375447;85.362;18.2958309237922;0.5012556417477315;-0.45166015625;
22:30:47;766.0;1574375448;85.215;18.2958309237922;0.5012556417477315;-0.45166015625;
22:30:48;767.0;1574375449;85.289;18.426457136645112;0.504834442099866;-0.4541015625;
22:30:49;768.0;1574375450;85.142;18.426457136645112;0.504834442099866;-0.4541015625;
22:30:50;769.0;1574375451;85.087;16.858942582410123;0.46188883787424995;-0.4248046875;
22:30:51;770.0;1574375452;85.436;18.2958309237922;0.5012556417477315;-0.45166015625;
22:30:52;771.0;1574375453;85.454;18.16520471093928;0.49767684139559665;-0.44921875;
22:30:53;772.0;1574375454;85.252;18.687709562350943;0.5119920428041355;-0.458984375;
22:30:54;773.0;1574375455;85.399;18.034578498086365;0.49409804104346206;-0.44677734375;
22:30:55;774.0;1574375456;85.197;16.72831636955721;0.4583100375221153;-0.42236328125;
22:30:56;775.0;1574375457;85.399;18.034578498086365;0.49409804104346206;-0.44677734375;
22:30:57;776.0;1574375458;85.509;18.2958309237922;0.5012556417477315;-0.45166015625;
22:30:58;777.0;1574375459;85.289;18.2958309237922;0.5012556417477315;-0.45166015625;
22:30:59;778.0;1574375460;85.289;18.2958309237922;0.5012556417477315;-0.45166015625;
22:31:00;779.0;1574375461;85.105;18.948961988056773;0.5191496435084048;-0.4638671875;
22:31:01;780.0;1574375462;84.977;18.16520471093928;0.49767684139559665;-0.44921875;
22:31:02;781.0;1574375463;85.05;18.034578498086365;0.49409804104346206;-0.44677734375;
22:31:03;782.0;1574375464;85.215;18.426457136645112;0.504834442099866;-0.4541015625;
22:31:04;783.0;1574375465;85.234;18.16520471093928;0.49767684139559665;-0.44921875;
22:31:05;784.0;1574375466;85.252;18.16520471093928;0.49767684139559665;-0.44921875;
22:31:06;785.0;1574375467;85.16;18.2958309237922;0.5012556417477315;-0.45166015625;
22:31:07;786.0;1574375468;84.831;19.340840626615524;0.5298860445648089;-0.47119140625;
22:31:08;787.0;1574375469;84.996;18.16520471093928;0.49767684139559665;-0.44921875;
22:31:09;788.0;1574375470;85.344;18.2958309237922;0.5012556417477315;-0.45166015625;
22:31:10;789.0;1574375471;85.417;18.034578498086365;0.49409804104346206;-0.44677734375;
22:31:11;790.0;1574375472;85.583;18.16520471093928;0.49767684139559665;-0.44921875;
22:31:12;791.0;1574375473;85.234;18.81833577520386;0.5155708431562701;-0.46142578125;
22:31:13;792.0;1574375474;85.032;18.2958309237922;0.5012556417477315;-0.45166015625;
22:31:14;793.0;1574375475;84.996;18.16520471093928;0.49767684139559665;-0.44921875;
22:31:15;794.0;1574375476;84.849;18.2958309237922;0.5012556417477315;-0.45166015625;
22:31:16;795.0;1574375477;84.922;18.16520471093928;0.49767684139559665;-0.44921875;
22:31:17;796.0;1574375478;84.703;18.2958309237922;0.5012556417477315;-0.45166015625;
22:31:18;797.0;1574375479;84.776;18.2958309237922;0.5012556417477315;-0.45166015625;
22:31:19;798.0;1574375480;84.959;18.426457136645112;0.504834442099866;-0.4541015625;
22:31:20;799.0;1574375481;84.959;18.2958309237922;0.5012556417477315;-0.45166015625;
22:31:21;800.0;1574375482;85.069;18.16520471093928;0.49767684139559665;-0.44921875;
22:31:22;801.0;1574375484;85.179;18.2958309237922;0.5012556417477315;-0.45166015625;
22:31:23;802.0;1574375485;85.179;18.2958309237922;0.5012556417477315;-0.45166015625;
22:31:24;803.0;1574375486;85.105;18.16520471093928;0.49767684139559665;-0.44921875;
22:31:25;804.0;1574375487;85.399;18.16520471093928;0.49767684139559665;-0.44921875;
22:31:26;805.0;1574375488;85.252;18.2958309237922;0.5012556417477315;-0.45166015625;
22:31:27;806.0;1574375489;85.362;18.426457136645112;0.504834442099866;-0.4541015625;
22:31:28;807.0;1574375490;85.694;18.81833577520386;0.5155708431562701;-0.46142578125;
22:31:29;808.0;1574375491;85.675;18.2958309237922;0.5012556417477315;-0.45166015625;
22:31:31;810.0;1574375492;85.712;18.034578498086365;0.49409804104346206;-0.44677734375;
22:31:32;811.0;1574375493;85.399;19.07958820090969;0.5227284438605394;-0.46630859375;
22:31:33;812.0;1574375494;85.362;18.16520471093928;0.49767684139559665;-0.44921875;
22:31:34;813.0;1574375495;84.904;17.903952285233448;0.49051924069132735;-0.4443359375;
22:31:35;814.0;1574375496;84.795;18.2958309237922;0.5012556417477315;-0.45166015625;
22:31:36;815.0;1574375497;84.996;18.2958309237922;0.5012556417477315;-0.45166015625;
22:31:37;816.0;1574375498;84.631;18.2958309237922;0.5012556417477315;-0.45166015625;
22:31:38;817.0;1574375499;84.941;18.426457136645112;0.504834442099866;-0.4541015625;
22:31:39;818.0;1574375500;84.831;18.426457136645112;0.504834442099866;-0.4541015625;
22:31:40;819.0;1574375501;84.685;18.2958309237922;0.5012556417477315;-0.45166015625;
22:31:41;820.0;1574375502;84.758;18.2958309237922;0.5012556417477315;-0.45166015625;
22:31:42;821.0;1574375503;84.74;18.034578498086365;0.49409804104346206;-0.44677734375;
22:31:43;822.0;1574375504;84.758;18.2958309237922;0.5012556417477315;-0.45166015625;
22:31:44;823.0;1574375505;85.069;19.07958820090969;0.5227284438605394;-0.46630859375;
22:31:45;824.0;1574375506;85.142;18.16520471093928;0.49767684139559665;-0.44921875;
22:31:46;825.0;1574375507;85.142;18.2958309237922;0.5012556417477315;-0.45166015625;
22:31:47;826.0;1574375508;85.105;18.2958309237922;0.5012556417477315;-0.45166015625;
22:31:48;827.0;1574375509;85.087;18.426457136645112;0.504834442099866;-0.4541015625;
22:31:49;828.0;1574375510;85.032;18.16520471093928;0.49767684139559665;-0.44921875;
22:31:50;829.0;1574375511;84.886;18.034578498086365;0.49409804104346206;-0.44677734375;
22:31:51;830.0;1574375512;84.904;18.2958309237922;0.5012556417477315;-0.45166015625;
22:31:52;831.0;1574375513;84.74;18.948961988056773;0.5191496435084048;-0.4638671875;
22:31:53;832.0;1574375514;84.685;18.2958309237922;0.5012556417477315;-0.45166015625;
22:31:54;833.0;1574375515;84.685;18.16520471093928;0.49767684139559665;-0.44921875;
22:31:55;834.0;1574375515;84.722;18.2958309237922;0.5012556417477315;-0.45166015625;
22:31:56;835.0;1574375517;84.558;18.2958309237922;0.5012556417477315;-0.45166015625;
22:31:57;836.0;1574375518;84.776;18.16520471093928;0.49767684139559665;-0.44921875;
22:31:58;837.0;1574375519;84.74;18.426457136645112;0.504834442099866;-0.4541015625;
22:31:59;838.0;1574375520;84.722;18.948961988056773;0.5191496435084048;-0.4638671875;
22:32:00;839.0;1574375521;84.74;18.2958309237922;0.5012556417477315;-0.45166015625;
22:32:01;840.0;1574375522;84.758;18.2958309237922;0.5012556417477315;-0.45166015625;
22:32:02;841.0;1574375523;84.703;18.2958309237922;0.5012556417477315;-0.45166015625;
22:32:03;842.0;1574375524;84.703;19.07958820090969;0.5227284438605394;-0.46630859375;
22:32:04;843.0;1574375525;84.868;18.034578498086365;0.49409804104346206;-0.44677734375;
22:32:05;844.0;1574375526;84.74;17.773326072380534;0.4869404403391927;-0.44189453125;
22:32:06;845.0;1574375527;85.142;18.2958309237922;0.5012556417477315;-0.45166015625;
22:32:07;846.0;1574375528;85.252;18.16520471093928;0.49767684139559665;-0.44921875;
22:32:08;847.0;1574375529;85.087;18.16520471093928;0.49767684139559665;-0.44921875;
22:32:09;848.0;1574375531;85.032;18.2958309237922;0.5012556417477315;-0.45166015625;
22:32:10;849.0;1574375532;84.758;20.777728967997593;0.5692528484382903;-0.498046875;
22:32:11;850.0;1574375533;84.813;18.2958309237922;0.5012556417477315;-0.45166015625;
22:32:12;851.0;1574375534;84.996;18.426457136645112;0.504834442099866;-0.4541015625;
22:32:13;852.0;1574375535;85.124;18.426457136645112;0.504834442099866;-0.4541015625;
22:32:14;853.0;1574375536;85.381;17.903952285233448;0.49051924069132735;-0.4443359375;
22:32:15;854.0;1574375537;85.344;18.2958309237922;0.5012556417477315;-0.45166015625;
22:32:16;855.0;1574375538;84.996;18.2958309237922;0.5012556417477315;-0.45166015625;
22:32:17;856.0;1574375539;84.996;18.2958309237922;0.5012556417477315;-0.45166015625;
22:32:18;857.0;1574375540;84.631;18.426457136645112;0.504834442099866;-0.4541015625;
22:32:19;858.0;1574375541;84.54;18.687709562350943;0.5119920428041355;-0.458984375;
22:32:20;859.0;1574375542;84.685;18.034578498086365;0.49409804104346206;-0.44677734375;
22:32:21;860.0;1574375543;84.249;18.81833577520386;0.5155708431562701;-0.46142578125;
22:32:22;861.0;1574375544;84.177;18.426457136645112;0.504834442099866;-0.4541015625;
22:32:23;862.0;1574375545;83.996;18.2958309237922;0.5012556417477315;-0.45166015625;
22:32:24;863.0;1574375546;83.978;18.426457136645112;0.504834442099866;-0.4541015625;
22:32:25;864.0;1574375547;84.122;18.16520471093928;0.49767684139559665;-0.44921875;
22:32:26;865.0;1574375548;84.122;18.16520471093928;0.49767684139559665;-0.44921875;
22:32:27;866.0;1574375549;84.122;18.16520471093928;0.49767684139559665;-0.44921875;
22:32:28;867.0;1574375550;83.996;18.16520471093928;0.49767684139559665;-0.44921875;
22:32:29;868.0;1574375551;84.34;18.426457136645112;0.504834442099866;-0.4541015625;
