Time;Seconds from start for linreg;Unix Time;ch1 po2;Uc;Ubl;Vc;
18:18:04;-1.0;1574187485;90.306;29.268432803437115;0.8018748713270443;-0.65673828125;
18:18:05;0.0;1574187486;90.345;28.876554164878364;0.7911384702706401;-0.6494140625;
18:18:06;1.0;1574187487;90.815;29.00718037773128;0.7947172706227749;-0.65185546875;
18:18:07;2.0;1574187488;90.698;29.137806590584194;0.7982960709749094;-0.654296875;
18:18:08;3.0;1574187489;91.032;29.529685229142945;0.8090324720313136;-0.66162109375;
18:18:09;4.0;1574187490;90.973;28.876554164878364;0.7911384702706401;-0.6494140625;
18:18:10;5.0;1574187491;91.032;25.08839399214381;0.6873532600587345;-0.57861328125;
18:18:11;6.0;1574187492;90.796;28.876554164878364;0.7911384702706401;-0.6494140625;
18:18:12;7.0;1574187494;90.404;28.09279688776087;0.769665668157832;-0.634765625;
18:18:14;9.0;1574187495;90.131;29.137806590584194;0.7982960709749094;-0.654296875;
18:18:15;10.0;1574187497;90.345;29.137806590584194;0.7982960709749094;-0.654296875;
18:18:16;11.0;1574187498;90.014;29.268432803437115;0.8018748713270443;-0.65673828125;
18:18:17;12.0;1574187499;89.994;29.00718037773128;0.7947172706227749;-0.65185546875;
18:18:18;13.0;1574187500;90.423;29.39905901629003;0.8054536716791788;-0.6591796875;
18:18:19;14.0;1574187501;90.072;29.137806590584194;0.7982960709749094;-0.654296875;
18:18:20;15.0;1574187502;90.404;28.74592795202545;0.7875596699185055;-0.64697265625;
18:18:21;16.0;1574187503;90.6;28.615301739172534;0.7839808695663708;-0.64453125;
18:18:22;17.0;1574187504;90.306;30.966573570525014;0.8483992759047949;-0.6884765625;
18:18:23;18.0;1574187505;90.6;29.268432803437115;0.8018748713270443;-0.65673828125;
18:18:24;19.0;1574187506;90.6;29.39905901629003;0.8054536716791788;-0.6591796875;
18:18:25;20.0;1574187507;90.287;29.529685229142945;0.8090324720313136;-0.66162109375;
18:18:26;21.0;1574187508;90.56;28.74592795202545;0.7875596699185055;-0.64697265625;
18:18:27;22.0;1574187509;90.541;29.268432803437115;0.8018748713270443;-0.65673828125;
18:18:28;23.0;1574187510;90.404;29.39905901629003;0.8054536716791788;-0.6591796875;
18:18:29;24.0;1574187511;90.58;28.354049313466703;0.7768232688621014;-0.6396484375;
18:18:30;25.0;1574187512;90.248;28.74592795202545;0.7875596699185055;-0.64697265625;
18:18:31;26.0;1574187513;90.111;28.876554164878364;0.7911384702706401;-0.6494140625;
18:18:32;27.0;1574187514;90.463;28.615301739172534;0.7839808695663708;-0.64453125;
18:18:33;28.0;1574187515;90.423;28.48467552631962;0.7804020692142362;-0.64208984375;
18:18:34;29.0;1574187516;90.56;28.876554164878364;0.7911384702706401;-0.6494140625;
18:18:35;30.0;1574187517;90.737;29.137806590584194;0.7982960709749094;-0.654296875;
18:18:36;31.0;1574187518;90.698;28.74592795202545;0.7875596699185055;-0.64697265625;
18:18:37;32.0;1574187519;90.521;29.00718037773128;0.7947172706227749;-0.65185546875;
18:18:38;33.0;1574187520;90.717;29.268432803437115;0.8018748713270443;-0.65673828125;
18:18:39;34.0;1574187521;90.835;29.00718037773128;0.7947172706227749;-0.65185546875;
18:18:40;35.0;1574187522;90.502;29.268432803437115;0.8018748713270443;-0.65673828125;
18:18:41;36.0;1574187523;91.032;28.74592795202545;0.7875596699185055;-0.64697265625;
18:18:42;37.0;1574187524;91.032;29.00718037773128;0.7947172706227749;-0.65185546875;
18:18:44;39.0;1574187525;90.874;28.74592795202545;0.7875596699185055;-0.64697265625;
18:18:45;40.0;1574187526;91.071;29.137806590584194;0.7982960709749094;-0.654296875;
18:18:46;41.0;1574187527;90.757;28.74592795202545;0.7875596699185055;-0.64697265625;
18:18:47;42.0;1574187528;90.6;29.39905901629003;0.8054536716791788;-0.6591796875;
18:18:48;43.0;1574187529;90.502;29.268432803437115;0.8018748713270443;-0.65673828125;
18:18:49;44.0;1574187530;90.482;29.137806590584194;0.7982960709749094;-0.654296875;
18:18:50;45.0;1574187531;90.463;29.00718037773128;0.7947172706227749;-0.65185546875;
18:18:51;46.0;1574187532;90.482;28.74592795202545;0.7875596699185055;-0.64697265625;
18:18:52;47.0;1574187533;90.423;29.268432803437115;0.8018748713270443;-0.65673828125;
18:18:53;48.0;1574187534;90.248;28.876554164878364;0.7911384702706401;-0.6494140625;
18:18:54;49.0;1574187535;90.267;28.74592795202545;0.7875596699185055;-0.64697265625;
18:18:55;50.0;1574187536;90.423;29.39905901629003;0.8054536716791788;-0.6591796875;
18:18:56;51.0;1574187537;90.502;28.876554164878364;0.7911384702706401;-0.6494140625;
18:18:57;52.0;1574187538;90.717;29.137806590584194;0.7982960709749094;-0.654296875;
18:18:58;53.0;1574187539;90.463;29.268432803437115;0.8018748713270443;-0.65673828125;
18:18:59;54.0;1574187540;90.209;29.268432803437115;0.8018748713270443;-0.65673828125;
18:19:00;55.0;1574187541;90.131;29.39905901629003;0.8054536716791788;-0.6591796875;
18:19:01;56.0;1574187542;90.15;30.313442506260436;0.8305052741441216;-0.67626953125;
18:19:02;57.0;1574187543;90.326;30.182816293407527;0.826926473791987;-0.673828125;
18:19:03;58.0;1574187544;90.423;28.876554164878364;0.7911384702706401;-0.6494140625;
18:19:04;59.0;1574187545;90.58;29.00718037773128;0.7947172706227749;-0.65185546875;
18:19:05;60.0;1574187546;90.502;28.74592795202545;0.7875596699185055;-0.64697265625;
18:19:06;61.0;1574187547;90.541;28.876554164878364;0.7911384702706401;-0.6494140625;
18:19:07;62.0;1574187548;90.502;29.00718037773128;0.7947172706227749;-0.65185546875;
18:19:08;63.0;1574187549;90.365;28.48467552631962;0.7804020692142362;-0.64208984375;
18:19:09;64.0;1574187550;90.345;28.876554164878364;0.7911384702706401;-0.6494140625;
18:19:10;65.0;1574187551;90.482;28.876554164878364;0.7911384702706401;-0.6494140625;
18:19:11;66.0;1574187552;90.639;29.529685229142945;0.8090324720313136;-0.66162109375;
18:19:12;67.0;1574187553;90.6;29.00718037773128;0.7947172706227749;-0.65185546875;
18:19:13;68.0;1574187554;90.619;28.876554164878364;0.7911384702706401;-0.6494140625;
18:19:14;69.0;1574187555;90.326;29.137806590584194;0.7982960709749094;-0.654296875;
18:19:15;70.0;1574187556;90.15;28.74592795202545;0.7875596699185055;-0.64697265625;
18:19:16;71.0;1574187557;90.189;28.876554164878364;0.7911384702706401;-0.6494140625;
18:19:17;72.0;1574187558;90.014;29.790937654848776;0.8161900727355829;-0.66650390625;
18:19:18;73.0;1574187559;90.365;30.57469493196627;0.837662874848391;-0.68115234375;
18:19:19;74.0;1574187560;90.111;28.615301739172534;0.7839808695663708;-0.64453125;
18:19:20;75.0;1574187561;90.014;29.66031144199586;0.8126112723834482;-0.6640625;
18:19:21;76.0;1574187562;90.053;29.00718037773128;0.7947172706227749;-0.65185546875;
18:19:22;77.0;1574187563;90.053;29.137806590584194;0.7982960709749094;-0.654296875;
18:19:23;78.0;1574187564;90.443;29.268432803437115;0.8018748713270443;-0.65673828125;
18:19:24;79.0;1574187566;90.404;28.876554164878364;0.7911384702706401;-0.6494140625;
18:19:25;80.0;1574187567;90.541;29.268432803437115;0.8018748713270443;-0.65673828125;
18:19:26;81.0;1574187568;90.131;28.48467552631962;0.7804020692142362;-0.64208984375;
18:19:27;82.0;1574187569;89.917;28.74592795202545;0.7875596699185055;-0.64697265625;
18:19:28;83.0;1574187570;90.189;27.570292036349212;0.7553504667492935;-0.625;
18:19:29;84.0;1574187571;90.228;26.525282333525887;0.7267200639322161;-0.60546875;
18:19:30;85.0;1574187572;90.423;28.876554164878364;0.7911384702706401;-0.6494140625;
18:19:31;86.0;1574187573;90.502;28.876554164878364;0.7911384702706401;-0.6494140625;
18:19:32;87.0;1574187574;90.306;28.876554164878364;0.7911384702706401;-0.6494140625;
18:19:33;88.0;1574187575;90.267;29.00718037773128;0.7947172706227749;-0.65185546875;
18:19:34;89.0;1574187576;90.15;29.137806590584194;0.7982960709749094;-0.654296875;
18:19:35;90.0;1574187577;90.209;28.876554164878364;0.7911384702706401;-0.6494140625;
18:19:36;91.0;1574187578;90.287;30.966573570525014;0.8483992759047949;-0.6884765625;
18:19:37;92.0;1574187579;90.306;29.268432803437115;0.8018748713270443;-0.65673828125;
18:19:38;93.0;1574187580;90.111;30.57469493196627;0.837662874848391;-0.68115234375;
18:19:39;94.0;1574187581;89.897;30.444068719113353;0.8340840744962562;-0.6787109375;
18:19:40;95.0;1574187582;90.072;29.268432803437115;0.8018748713270443;-0.65673828125;
18:19:41;96.0;1574187583;90.053;28.615301739172534;0.7839808695663708;-0.64453125;
18:19:42;97.0;1574187584;90.384;28.74592795202545;0.7875596699185055;-0.64697265625;
18:19:43;98.0;1574187585;90.796;29.137806590584194;0.7982960709749094;-0.654296875;
18:19:44;99.0;1574187586;90.56;29.268432803437115;0.8018748713270443;-0.65673828125;
18:19:45;100.0;1574187587;90.443;29.00718037773128;0.7947172706227749;-0.65185546875;
18:19:46;101.0;1574187588;90.443;29.00718037773128;0.7947172706227749;-0.65185546875;
18:19:48;103.0;1574187589;90.248;28.354049313466703;0.7768232688621014;-0.6396484375;
18:19:49;104.0;1574187590;90.267;25.34964641784964;0.6945108607630038;-0.58349609375;
18:19:50;105.0;1574187591;90.541;29.00718037773128;0.7947172706227749;-0.65185546875;
18:19:51;106.0;1574187592;90.463;29.00718037773128;0.7947172706227749;-0.65185546875;
18:19:52;107.0;1574187593;90.463;29.00718037773128;0.7947172706227749;-0.65185546875;
18:19:53;108.0;1574187594;90.326;28.74592795202545;0.7875596699185055;-0.64697265625;
18:19:54;109.0;1574187595;90.014;29.137806590584194;0.7982960709749094;-0.654296875;
18:19:55;110.0;1574187596;90.287;28.876554164878364;0.7911384702706401;-0.6494140625;
18:19:56;111.0;1574187597;90.092;28.876554164878364;0.7911384702706401;-0.6494140625;
18:19:57;112.0;1574187598;90.228;28.74592795202545;0.7875596699185055;-0.64697265625;
18:19:58;113.0;1574187599;90.189;28.876554164878364;0.7911384702706401;-0.6494140625;
18:19:59;114.0;1574187600;89.975;29.529685229142945;0.8090324720313136;-0.66162109375;
18:20:00;115.0;1574187601;90.111;31.35845220908376;0.859135676961199;-0.69580078125;
18:20:01;116.0;1574187602;90.15;28.876554164878364;0.7911384702706401;-0.6494140625;
18:20:02;117.0;1574187603;90.365;28.615301739172534;0.7839808695663708;-0.64453125;
18:20:03;118.0;1574187604;90.345;29.39905901629003;0.8054536716791788;-0.6591796875;
18:20:04;119.0;1574187605;90.345;29.00718037773128;0.7947172706227749;-0.65185546875;
18:20:05;120.0;1574187606;90.443;29.268432803437115;0.8018748713270443;-0.65673828125;
18:20:06;121.0;1574187607;90.306;29.00718037773128;0.7947172706227749;-0.65185546875;
18:20:07;122.0;1574187608;90.17;29.00718037773128;0.7947172706227749;-0.65185546875;
18:20:08;123.0;1574187609;90.209;28.74592795202545;0.7875596699185055;-0.64697265625;
18:20:09;124.0;1574187610;90.306;29.00718037773128;0.7947172706227749;-0.65185546875;
18:20:10;125.0;1574187611;90.619;29.00718037773128;0.7947172706227749;-0.65185546875;
18:20:11;126.0;1574187612;90.502;28.615301739172534;0.7839808695663708;-0.64453125;
18:20:12;127.0;1574187613;90.17;29.66031144199586;0.8126112723834482;-0.6640625;
18:20:13;128.0;1574187614;89.994;29.00718037773128;0.7947172706227749;-0.65185546875;
18:20:14;129.0;1574187615;89.781;28.876554164878364;0.7911384702706401;-0.6494140625;
18:20:15;130.0;1574187616;89.839;29.268432803437115;0.8018748713270443;-0.65673828125;
18:20:16;131.0;1574187617;90.15;29.00718037773128;0.7947172706227749;-0.65185546875;
18:20:17;132.0;1574187618;90.033;29.00718037773128;0.7947172706227749;-0.65185546875;
18:20:18;133.0;1574187619;89.897;29.137806590584194;0.7982960709749094;-0.654296875;
18:20:19;134.0;1574187620;89.975;29.00718037773128;0.7947172706227749;-0.65185546875;
18:20:20;135.0;1574187621;89.994;28.876554164878364;0.7911384702706401;-0.6494140625;
18:20:21;136.0;1574187622;90.092;29.268432803437115;0.8018748713270443;-0.65673828125;
18:20:22;137.0;1574187623;90.209;28.74592795202545;0.7875596699185055;-0.64697265625;
18:20:23;138.0;1574187624;90.404;29.00718037773128;0.7947172706227749;-0.65185546875;
18:20:24;139.0;1574187625;90.248;28.876554164878364;0.7911384702706401;-0.6494140625;
18:20:25;140.0;1574187626;90.404;29.00718037773128;0.7947172706227749;-0.65185546875;
18:20:26;141.0;1574187627;90.267;28.876554164878364;0.7911384702706401;-0.6494140625;
18:20:27;142.0;1574187628;90.072;27.700918249202125;0.758929267101428;-0.62744140625;
18:20:28;143.0;1574187629;90.228;29.137806590584194;0.7982960709749094;-0.654296875;
18:20:29;144.0;1574187630;90.17;28.876554164878364;0.7911384702706401;-0.6494140625;
18:20:30;145.0;1574187631;90.345;29.268432803437115;0.8018748713270443;-0.65673828125;
18:20:31;146.0;1574187632;90.365;29.137806590584194;0.7982960709749094;-0.654296875;
18:20:32;147.0;1574187633;90.404;28.74592795202545;0.7875596699185055;-0.64697265625;
18:20:33;148.0;1574187634;90.267;28.74592795202545;0.7875596699185055;-0.64697265625;
18:20:34;149.0;1574187635;90.111;29.00718037773128;0.7947172706227749;-0.65185546875;
18:20:35;150.0;1574187636;90.111;29.00718037773128;0.7947172706227749;-0.65185546875;
18:20:36;151.0;1574187637;89.955;28.615301739172534;0.7839808695663708;-0.64453125;
18:20:37;152.0;1574187638;89.839;32.14220948620126;0.8806084790740071;-0.71044921875;
18:20:38;153.0;1574187639;89.975;29.268432803437115;0.8018748713270443;-0.65673828125;
18:20:39;154.0;1574187640;90.072;29.00718037773128;0.7947172706227749;-0.65185546875;
18:20:40;155.0;1574187641;90.345;29.790937654848776;0.8161900727355829;-0.66650390625;
18:20:41;156.0;1574187643;90.521;29.268432803437115;0.8018748713270443;-0.65673828125;
18:20:42;157.0;1574187644;90.717;29.00718037773128;0.7947172706227749;-0.65185546875;
18:20:43;158.0;1574187645;90.58;29.268432803437115;0.8018748713270443;-0.65673828125;
18:20:44;159.0;1574187646;90.131;29.137806590584194;0.7982960709749094;-0.654296875;
18:20:45;160.0;1574187647;89.917;29.268432803437115;0.8018748713270443;-0.65673828125;
18:20:46;161.0;1574187648;89.587;29.137806590584194;0.7982960709749094;-0.654296875;
18:20:47;162.0;1574187649;89.742;29.268432803437115;0.8018748713270443;-0.65673828125;
18:20:48;163.0;1574187650;90.033;28.74592795202545;0.7875596699185055;-0.64697265625;
18:20:49;164.0;1574187651;90.072;29.137806590584194;0.7982960709749094;-0.654296875;
18:20:50;165.0;1574187652;89.936;29.137806590584194;0.7982960709749094;-0.654296875;
18:20:52;167.0;1574187653;89.955;28.09279688776087;0.769665668157832;-0.634765625;
18:20:53;168.0;1574187654;89.781;29.268432803437115;0.8018748713270443;-0.65673828125;
18:20:54;169.0;1574187655;90.092;28.876554164878364;0.7911384702706401;-0.6494140625;
18:20:55;170.0;1574187656;90.248;28.876554164878364;0.7911384702706401;-0.6494140625;
18:20:56;171.0;1574187657;90.072;28.876554164878364;0.7911384702706401;-0.6494140625;
18:20:57;172.0;1574187658;90.092;29.00718037773128;0.7947172706227749;-0.65185546875;
18:20:58;173.0;1574187659;90.014;29.137806590584194;0.7982960709749094;-0.654296875;
18:20:59;174.0;1574187660;90.17;29.268432803437115;0.8018748713270443;-0.65673828125;
18:21:00;175.0;1574187661;90.306;29.268432803437115;0.8018748713270443;-0.65673828125;
18:21:01;176.0;1574187662;90.15;29.00718037773128;0.7947172706227749;-0.65185546875;
18:21:02;177.0;1574187663;90.072;29.39905901629003;0.8054536716791788;-0.6591796875;
18:21:03;178.0;1574187664;89.722;29.00718037773128;0.7947172706227749;-0.65185546875;
18:21:04;179.0;1574187665;89.703;29.00718037773128;0.7947172706227749;-0.65185546875;
18:21:05;180.0;1574187666;89.858;29.00718037773128;0.7947172706227749;-0.65185546875;
18:21:06;181.0;1574187667;89.664;28.876554164878364;0.7911384702706401;-0.6494140625;
18:21:07;182.0;1574187668;90.15;29.00718037773128;0.7947172706227749;-0.65185546875;
18:21:08;183.0;1574187669;90.033;29.00718037773128;0.7947172706227749;-0.65185546875;
18:21:09;184.0;1574187670;89.703;29.00718037773128;0.7947172706227749;-0.65185546875;
18:21:10;185.0;1574187671;89.955;28.876554164878364;0.7911384702706401;-0.6494140625;
18:21:11;186.0;1574187672;89.509;29.137806590584194;0.7982960709749094;-0.654296875;
18:21:12;187.0;1574187673;89.471;28.74592795202545;0.7875596699185055;-0.64697265625;
18:21:13;188.0;1574187674;89.781;29.137806590584194;0.7982960709749094;-0.654296875;
18:21:14;189.0;1574187675;89.606;29.00718037773128;0.7947172706227749;-0.65185546875;
18:21:15;190.0;1574187676;89.664;29.268432803437115;0.8018748713270443;-0.65673828125;
18:21:16;191.0;1574187677;89.413;29.268432803437115;0.8018748713270443;-0.65673828125;
18:21:17;192.0;1574187678;89.297;28.876554164878364;0.7911384702706401;-0.6494140625;
18:21:18;193.0;1574187679;89.085;29.268432803437115;0.8018748713270443;-0.65673828125;
18:21:19;194.0;1574187680;89.047;29.790937654848776;0.8161900727355829;-0.66650390625;
18:21:20;195.0;1574187681;89.162;33.056592976171665;0.9056600815389497;-0.7275390625;
18:21:21;196.0;1574187682;89.258;29.00718037773128;0.7947172706227749;-0.65185546875;
18:21:22;197.0;1574187683;89.567;29.137806590584194;0.7982960709749094;-0.654296875;
18:21:23;198.0;1574187684;89.684;29.137806590584194;0.7982960709749094;-0.654296875;
18:21:24;199.0;1574187685;90.072;29.00718037773128;0.7947172706227749;-0.65185546875;
18:21:25;200.0;1574187686;90.092;29.00718037773128;0.7947172706227749;-0.65185546875;
18:21:26;201.0;1574187687;89.742;29.268432803437115;0.8018748713270443;-0.65673828125;
18:21:27;202.0;1574187688;89.781;29.00718037773128;0.7947172706227749;-0.65185546875;
18:21:28;203.0;1574187689;89.432;25.610898843555475;0.7016684614672732;-0.58837890625;
18:21:29;204.0;1574187690;89.471;28.876554164878364;0.7911384702706401;-0.6494140625;
18:21:30;205.0;1574187691;89.839;28.48467552631962;0.7804020692142362;-0.64208984375;
18:21:31;206.0;1574187692;89.645;28.74592795202545;0.7875596699185055;-0.64697265625;
18:21:32;207.0;1574187693;90.014;29.00718037773128;0.7947172706227749;-0.65185546875;
18:21:33;208.0;1574187694;89.587;29.137806590584194;0.7982960709749094;-0.654296875;
18:21:34;209.0;1574187695;89.432;28.74592795202545;0.7875596699185055;-0.64697265625;
18:21:35;210.0;1574187696;89.471;29.66031144199586;0.8126112723834482;-0.6640625;
18:21:36;211.0;1574187697;89.239;29.137806590584194;0.7982960709749094;-0.654296875;
18:21:37;212.0;1574187698;89.451;29.39905901629003;0.8054536716791788;-0.6591796875;
18:21:38;213.0;1574187699;89.374;28.876554164878364;0.7911384702706401;-0.6494140625;
18:21:39;214.0;1574187700;89.645;29.66031144199586;0.8126112723834482;-0.6640625;
18:21:40;215.0;1574187701;89.529;27.962170674907956;0.7660868678056975;-0.63232421875;
18:21:41;216.0;1574187702;89.413;28.74592795202545;0.7875596699185055;-0.64697265625;
18:21:42;217.0;1574187703;89.181;29.268432803437115;0.8018748713270443;-0.65673828125;
18:21:43;218.0;1574187704;89.008;29.00718037773128;0.7947172706227749;-0.65185546875;
18:21:44;219.0;1574187705;89.162;29.66031144199586;0.8126112723834482;-0.6640625;
18:21:45;220.0;1574187706;89.297;28.876554164878364;0.7911384702706401;-0.6494140625;
18:21:46;221.0;1574187707;89.897;29.137806590584194;0.7982960709749094;-0.654296875;
18:21:47;222.0;1574187708;89.936;28.876554164878364;0.7911384702706401;-0.6494140625;
18:21:48;223.0;1574187709;89.897;28.876554164878364;0.7911384702706401;-0.6494140625;
18:21:49;224.0;1574187710;89.742;28.615301739172534;0.7839808695663708;-0.64453125;
18:21:50;225.0;1574187712;89.471;27.700918249202125;0.758929267101428;-0.62744140625;
18:21:51;226.0;1574187713;89.239;9999.0;9999.0;9999.0;
18:21:52;227.0;1574187714;89.104;29.268432803437115;0.8018748713270443;-0.65673828125;
18:21:53;228.0;1574187715;89.278;24.82714156643798;0.6801956593544652;-0.57373046875;
18:21:54;229.0;1574187716;89.355;29.00718037773128;0.7947172706227749;-0.65185546875;
18:21:56;231.0;1574187717;89.258;29.00718037773128;0.7947172706227749;-0.65185546875;
18:21:57;232.0;1574187718;89.066;28.876554164878364;0.7911384702706401;-0.6494140625;
18:21:58;233.0;1574187719;88.912;29.00718037773128;0.7947172706227749;-0.65185546875;
18:21:59;234.0;1574187720;88.739;29.268432803437115;0.8018748713270443;-0.65673828125;
18:22:00;235.0;1574187721;89.085;29.268432803437115;0.8018748713270443;-0.65673828125;
18:22:01;236.0;1574187722;89.104;33.84035025328917;0.9271328836517579;-0.7421875;
18:22:02;237.0;1574187723;89.22;29.92156386770169;0.8197688730877175;-0.6689453125;
18:22:03;238.0;1574187724;88.912;29.790937654848776;0.8161900727355829;-0.66650390625;
18:22:04;239.0;1574187725;88.548;28.876554164878364;0.7911384702706401;-0.6494140625;
18:22:05;240.0;1574187726;88.854;29.00718037773128;0.7947172706227749;-0.65185546875;
18:22:06;241.0;1574187727;88.874;29.00718037773128;0.7947172706227749;-0.65185546875;
18:22:07;242.0;1574187728;89.239;28.876554164878364;0.7911384702706401;-0.6494140625;
18:22:08;243.0;1574187729;89.548;28.74592795202545;0.7875596699185055;-0.64697265625;
18:22:09;244.0;1574187730;89.393;29.39905901629003;0.8054536716791788;-0.6591796875;
18:22:10;245.0;1574187731;89.509;28.615301739172534;0.7839808695663708;-0.64453125;
18:22:11;246.0;1574187732;89.393;28.74592795202545;0.7875596699185055;-0.64697265625;
18:22:12;247.0;1574187733;89.258;28.223423100613786;0.7732444685099668;-0.63720703125;
18:22:13;248.0;1574187734;89.239;29.268432803437115;0.8018748713270443;-0.65673828125;
18:22:14;249.0;1574187735;89.124;29.00718037773128;0.7947172706227749;-0.65185546875;
18:22:15;250.0;1574187736;89.22;29.00718037773128;0.7947172706227749;-0.65185546875;
18:22:16;251.0;1574187737;89.104;28.876554164878364;0.7911384702706401;-0.6494140625;
18:22:17;252.0;1574187738;88.97;29.00718037773128;0.7947172706227749;-0.65185546875;
18:22:18;253.0;1574187739;89.008;29.00718037773128;0.7947172706227749;-0.65185546875;
18:22:19;254.0;1574187740;88.816;28.876554164878364;0.7911384702706401;-0.6494140625;
18:22:20;255.0;1574187741;88.778;29.39905901629003;0.8054536716791788;-0.6591796875;
18:22:21;256.0;1574187742;88.644;29.790937654848776;0.8161900727355829;-0.66650390625;
18:22:22;257.0;1574187743;88.778;29.00718037773128;0.7947172706227749;-0.65185546875;
18:22:23;258.0;1574187744;88.625;29.268432803437115;0.8018748713270443;-0.65673828125;
18:22:24;259.0;1574187745;88.759;29.39905901629003;0.8054536716791788;-0.6591796875;
18:22:25;260.0;1574187746;88.912;29.137806590584194;0.7982960709749094;-0.654296875;
18:22:26;261.0;1574187747;88.778;29.00718037773128;0.7947172706227749;-0.65185546875;
18:22:27;262.0;1574187748;88.97;29.00718037773128;0.7947172706227749;-0.65185546875;
18:22:28;263.0;1574187749;88.989;29.137806590584194;0.7982960709749094;-0.654296875;
18:22:29;264.0;1574187750;89.471;29.529685229142945;0.8090324720313136;-0.66162109375;
18:22:30;265.0;1574187751;89.181;29.00718037773128;0.7947172706227749;-0.65185546875;
18:22:31;266.0;1574187752;89.355;28.74592795202545;0.7875596699185055;-0.64697265625;
18:22:32;267.0;1574187753;89.432;29.00718037773128;0.7947172706227749;-0.65185546875;
18:22:33;268.0;1574187754;88.931;29.00718037773128;0.7947172706227749;-0.65185546875;
18:22:34;269.0;1574187755;89.162;28.876554164878364;0.7911384702706401;-0.6494140625;
18:22:35;270.0;1574187756;89.316;28.876554164878364;0.7911384702706401;-0.6494140625;
18:22:36;271.0;1574187757;89.258;28.354049313466703;0.7768232688621014;-0.6396484375;
18:22:37;272.0;1574187758;89.413;29.137806590584194;0.7982960709749094;-0.654296875;
18:22:38;273.0;1574187759;89.316;29.137806590584194;0.7982960709749094;-0.654296875;
18:22:39;274.0;1574187760;88.854;29.137806590584194;0.7982960709749094;-0.654296875;
18:22:40;275.0;1574187761;88.644;28.74592795202545;0.7875596699185055;-0.64697265625;
18:22:41;276.0;1574187762;88.319;29.137806590584194;0.7982960709749094;-0.654296875;
18:22:42;277.0;1574187764;88.357;30.313442506260436;0.8305052741441216;-0.67626953125;
18:22:43;278.0;1574187765;88.854;30.966573570525014;0.8483992759047949;-0.6884765625;
18:22:44;279.0;1574187766;89.201;28.74592795202545;0.7875596699185055;-0.64697265625;
18:22:45;280.0;1574187767;89.742;29.00718037773128;0.7947172706227749;-0.65185546875;
18:22:46;281.0;1574187768;89.548;28.74592795202545;0.7875596699185055;-0.64697265625;
18:22:47;282.0;1574187769;89.181;29.268432803437115;0.8018748713270443;-0.65673828125;
18:22:48;283.0;1574187770;89.027;28.876554164878364;0.7911384702706401;-0.6494140625;
18:22:49;284.0;1574187771;88.816;28.354049313466703;0.7768232688621014;-0.6396484375;
18:22:50;285.0;1574187772;89.258;29.00718037773128;0.7947172706227749;-0.65185546875;
18:22:51;286.0;1574187773;89.258;29.00718037773128;0.7947172706227749;-0.65185546875;
18:22:52;287.0;1574187774;89.239;29.00718037773128;0.7947172706227749;-0.65185546875;
18:22:53;288.0;1574187775;88.912;28.615301739172534;0.7839808695663708;-0.64453125;
18:22:54;289.0;1574187776;88.625;29.137806590584194;0.7982960709749094;-0.654296875;
18:22:55;290.0;1574187777;88.893;29.137806590584194;0.7982960709749094;-0.654296875;
18:22:56;291.0;1574187778;88.95;28.876554164878364;0.7911384702706401;-0.6494140625;
18:22:57;292.0;1574187779;89.162;28.74592795202545;0.7875596699185055;-0.64697265625;
18:22:58;293.0;1574187780;89.124;29.00718037773128;0.7947172706227749;-0.65185546875;
18:23:00;295.0;1574187781;89.047;29.00718037773128;0.7947172706227749;-0.65185546875;
18:23:01;296.0;1574187782;88.854;28.223423100613786;0.7732444685099668;-0.63720703125;
18:23:02;297.0;1574187783;88.989;29.00718037773128;0.7947172706227749;-0.65185546875;
18:23:03;298.0;1574187784;89.162;29.00718037773128;0.7947172706227749;-0.65185546875;
18:23:04;299.0;1574187785;88.95;29.137806590584194;0.7982960709749094;-0.654296875;
18:23:05;300.0;1574187786;89.162;29.268432803437115;0.8018748713270443;-0.65673828125;
18:23:06;301.0;1574187787;89.027;29.39905901629003;0.8054536716791788;-0.6591796875;
18:23:07;302.0;1574187788;89.027;29.39905901629003;0.8054536716791788;-0.6591796875;
18:23:08;303.0;1574187789;89.22;29.00718037773128;0.7947172706227749;-0.65185546875;
18:23:09;304.0;1574187790;89.162;29.00718037773128;0.7947172706227749;-0.65185546875;
18:23:10;305.0;1574187791;89.162;29.137806590584194;0.7982960709749094;-0.654296875;
18:23:11;306.0;1574187792;88.95;29.268432803437115;0.8018748713270443;-0.65673828125;
18:23:12;307.0;1574187793;88.586;24.565889140732146;0.6730380586501958;-0.56884765625;
18:23:13;308.0;1574187794;88.644;28.876554164878364;0.7911384702706401;-0.6494140625;
18:23:14;309.0;1574187795;88.586;29.00718037773128;0.7947172706227749;-0.65185546875;
18:23:15;310.0;1574187796;88.644;28.74592795202545;0.7875596699185055;-0.64697265625;
18:23:16;311.0;1574187797;88.816;28.74592795202545;0.7875596699185055;-0.64697265625;
18:23:17;312.0;1574187798;88.97;29.00718037773128;0.7947172706227749;-0.65185546875;
18:23:18;313.0;1574187799;89.201;28.615301739172534;0.7839808695663708;-0.64453125;
18:23:19;314.0;1574187800;89.336;28.876554164878364;0.7911384702706401;-0.6494140625;
18:23:20;315.0;1574187801;89.509;29.00718037773128;0.7947172706227749;-0.65185546875;
18:23:21;316.0;1574187802;89.355;28.876554164878364;0.7911384702706401;-0.6494140625;
18:23:22;317.0;1574187803;89.181;29.268432803437115;0.8018748713270443;-0.65673828125;
18:23:23;318.0;1574187804;88.989;30.313442506260436;0.8305052741441216;-0.67626953125;
18:23:24;319.0;1574187805;88.893;29.137806590584194;0.7982960709749094;-0.654296875;
18:23:25;320.0;1574187806;88.701;29.268432803437115;0.8018748713270443;-0.65673828125;
18:23:26;321.0;1574187807;88.453;29.66031144199586;0.8126112723834482;-0.6640625;
18:23:27;322.0;1574187808;88.548;30.313442506260436;0.8305052741441216;-0.67626953125;
18:23:28;323.0;1574187809;88.605;29.00718037773128;0.7947172706227749;-0.65185546875;
18:23:29;324.0;1574187810;88.414;29.00718037773128;0.7947172706227749;-0.65185546875;
18:23:30;325.0;1574187811;88.931;29.39905901629003;0.8054536716791788;-0.6591796875;
18:23:31;326.0;1574187812;88.759;29.268432803437115;0.8018748713270443;-0.65673828125;
18:23:32;327.0;1574187813;88.605;29.00718037773128;0.7947172706227749;-0.65185546875;
18:23:33;328.0;1574187815;88.72;29.00718037773128;0.7947172706227749;-0.65185546875;
18:23:34;329.0;1574187816;88.433;25.34964641784964;0.6945108607630038;-0.58349609375;
18:23:35;330.0;1574187817;88.338;28.354049313466703;0.7768232688621014;-0.6396484375;
18:23:36;331.0;1574187818;88.262;28.74592795202545;0.7875596699185055;-0.64697265625;
18:23:37;332.0;1574187819;88.034;28.48467552631962;0.7804020692142362;-0.64208984375;
18:23:38;333.0;1574187820;87.825;29.39905901629003;0.8054536716791788;-0.6591796875;
18:23:39;334.0;1574187821;88.015;28.74592795202545;0.7875596699185055;-0.64697265625;
18:23:40;335.0;1574187822;87.787;28.876554164878364;0.7911384702706401;-0.6494140625;
18:23:41;336.0;1574187823;87.92;32.92596676331875;0.902081281186815;-0.72509765625;
18:23:42;337.0;1574187824;88.015;29.268432803437115;0.8018748713270443;-0.65673828125;
18:23:43;338.0;1574187825;87.882;29.39905901629003;0.8054536716791788;-0.6591796875;
18:23:44;339.0;1574187826;88.224;28.09279688776087;0.769665668157832;-0.634765625;
18:23:45;340.0;1574187827;88.205;29.268432803437115;0.8018748713270443;-0.65673828125;
18:23:46;341.0;1574187828;87.996;29.268432803437115;0.8018748713270443;-0.65673828125;
18:23:47;342.0;1574187829;88.015;29.39905901629003;0.8054536716791788;-0.6591796875;
18:23:48;343.0;1574187830;88.129;28.876554164878364;0.7911384702706401;-0.6494140625;
18:23:49;344.0;1574187831;88.167;29.268432803437115;0.8018748713270443;-0.65673828125;
18:23:50;345.0;1574187832;88.472;29.137806590584194;0.7982960709749094;-0.654296875;
18:23:51;346.0;1574187833;88.453;28.74592795202545;0.7875596699185055;-0.64697265625;
18:23:52;347.0;1574187834;88.376;28.354049313466703;0.7768232688621014;-0.6396484375;
18:23:53;348.0;1574187835;88.644;29.137806590584194;0.7982960709749094;-0.654296875;
18:23:54;349.0;1574187836;88.797;28.876554164878364;0.7911384702706401;-0.6494140625;
18:23:55;350.0;1574187837;88.778;28.876554164878364;0.7911384702706401;-0.6494140625;
18:23:56;351.0;1574187838;88.567;29.268432803437115;0.8018748713270443;-0.65673828125;
18:23:57;352.0;1574187839;88.262;28.223423100613786;0.7732444685099668;-0.63720703125;
18:23:58;353.0;1574187840;87.977;28.74592795202545;0.7875596699185055;-0.64697265625;
18:23:59;354.0;1574187841;88.148;29.00718037773128;0.7947172706227749;-0.65185546875;
18:24:00;355.0;1574187842;88.376;29.137806590584194;0.7982960709749094;-0.654296875;
18:24:01;356.0;1574187843;88.395;29.137806590584194;0.7982960709749094;-0.654296875;
18:24:02;357.0;1574187844;88.472;29.00718037773128;0.7947172706227749;-0.65185546875;
18:24:04;359.0;1574187845;88.319;29.268432803437115;0.8018748713270443;-0.65673828125;
18:24:05;360.0;1574187846;88.205;28.48467552631962;0.7804020692142362;-0.64208984375;
18:24:06;361.0;1574187847;88.338;29.00718037773128;0.7947172706227749;-0.65185546875;
18:24:07;362.0;1574187848;88.129;29.00718037773128;0.7947172706227749;-0.65185546875;
18:24:08;363.0;1574187849;88.148;29.39905901629003;0.8054536716791788;-0.6591796875;
18:24:09;364.0;1574187850;88.186;29.137806590584194;0.7982960709749094;-0.654296875;
18:24:10;365.0;1574187851;87.844;29.00718037773128;0.7947172706227749;-0.65185546875;
18:24:11;366.0;1574187852;88.3;29.137806590584194;0.7982960709749094;-0.654296875;
18:24:12;367.0;1574187853;88.472;29.39905901629003;0.8054536716791788;-0.6591796875;
18:24:13;368.0;1574187854;88.376;29.268432803437115;0.8018748713270443;-0.65673828125;
18:24:14;369.0;1574187855;88.586;29.00718037773128;0.7947172706227749;-0.65185546875;
18:24:15;370.0;1574187856;88.357;29.137806590584194;0.7982960709749094;-0.654296875;
18:24:16;371.0;1574187857;88.091;29.268432803437115;0.8018748713270443;-0.65673828125;
18:24:17;372.0;1574187858;88.034;29.00718037773128;0.7947172706227749;-0.65185546875;
18:24:18;373.0;1574187859;87.996;29.00718037773128;0.7947172706227749;-0.65185546875;
18:24:19;374.0;1574187860;88.224;29.137806590584194;0.7982960709749094;-0.654296875;
18:24:20;375.0;1574187861;88.3;29.268432803437115;0.8018748713270443;-0.65673828125;
18:24:21;376.0;1574187862;88.167;29.00718037773128;0.7947172706227749;-0.65185546875;
18:24:22;377.0;1574187863;88.186;29.00718037773128;0.7947172706227749;-0.65185546875;
18:24:23;378.0;1574187864;87.787;28.876554164878364;0.7911384702706401;-0.6494140625;
18:24:24;379.0;1574187865;87.92;29.00718037773128;0.7947172706227749;-0.65185546875;
18:24:25;380.0;1574187866;88.262;28.876554164878364;0.7911384702706401;-0.6494140625;
18:24:26;381.0;1574187867;88.281;29.39905901629003;0.8054536716791788;-0.6591796875;
18:24:27;382.0;1574187868;88.453;29.39905901629003;0.8054536716791788;-0.6591796875;
18:24:28;383.0;1574187869;88.281;28.876554164878364;0.7911384702706401;-0.6494140625;
18:24:29;384.0;1574187870;87.768;29.00718037773128;0.7947172706227749;-0.65185546875;
18:24:30;385.0;1574187871;87.92;29.00718037773128;0.7947172706227749;-0.65185546875;
18:24:31;386.0;1574187872;87.787;28.876554164878364;0.7911384702706401;-0.6494140625;
18:24:32;387.0;1574187873;87.844;29.268432803437115;0.8018748713270443;-0.65673828125;
18:24:33;388.0;1574187874;87.996;28.876554164878364;0.7911384702706401;-0.6494140625;
18:24:34;389.0;1574187875;87.996;29.137806590584194;0.7982960709749094;-0.654296875;
18:24:35;390.0;1574187876;87.92;29.00718037773128;0.7947172706227749;-0.65185546875;
18:24:36;391.0;1574187877;87.749;29.00718037773128;0.7947172706227749;-0.65185546875;
18:24:37;392.0;1574187878;87.711;29.268432803437115;0.8018748713270443;-0.65673828125;
18:24:38;393.0;1574187879;87.579;29.268432803437115;0.8018748713270443;-0.65673828125;
18:24:39;394.0;1574187880;87.655;28.876554164878364;0.7911384702706401;-0.6494140625;
18:24:40;395.0;1574187881;87.787;28.74592795202545;0.7875596699185055;-0.64697265625;
18:24:41;396.0;1574187882;87.996;29.268432803437115;0.8018748713270443;-0.65673828125;
18:24:42;397.0;1574187883;87.958;28.876554164878364;0.7911384702706401;-0.6494140625;
18:24:43;398.0;1574187884;87.806;28.74592795202545;0.7875596699185055;-0.64697265625;
18:24:44;399.0;1574187885;87.977;29.00718037773128;0.7947172706227749;-0.65185546875;
18:24:45;400.0;1574187886;88.015;29.268432803437115;0.8018748713270443;-0.65673828125;
18:24:46;401.0;1574187887;87.863;28.48467552631962;0.7804020692142362;-0.64208984375;
18:24:47;402.0;1574187888;88.034;28.74592795202545;0.7875596699185055;-0.64697265625;
18:24:48;403.0;1574187889;88.015;29.529685229142945;0.8090324720313136;-0.66162109375;
18:24:49;404.0;1574187890;88.3;29.529685229142945;0.8090324720313136;-0.66162109375;
18:24:50;405.0;1574187891;88.453;29.00718037773128;0.7947172706227749;-0.65185546875;
18:24:51;406.0;1574187893;88.262;30.182816293407527;0.826926473791987;-0.673828125;
18:24:52;407.0;1574187894;87.977;29.137806590584194;0.7982960709749094;-0.654296875;
18:24:53;408.0;1574187895;87.674;28.74592795202545;0.7875596699185055;-0.64697265625;
18:24:54;409.0;1574187896;87.749;29.39905901629003;0.8054536716791788;-0.6591796875;
18:24:55;410.0;1574187897;87.825;29.268432803437115;0.8018748713270443;-0.65673828125;
18:24:56;411.0;1574187898;87.711;29.00718037773128;0.7947172706227749;-0.65185546875;
18:24:57;412.0;1574187899;87.504;28.74592795202545;0.7875596699185055;-0.64697265625;
18:24:58;413.0;1574187900;87.39;29.137806590584194;0.7982960709749094;-0.654296875;
18:24:59;414.0;1574187901;87.466;29.137806590584194;0.7982960709749094;-0.654296875;
18:25:00;415.0;1574187902;87.882;28.74592795202545;0.7875596699185055;-0.64697265625;
18:25:01;416.0;1574187903;87.92;28.74592795202545;0.7875596699185055;-0.64697265625;
18:25:02;417.0;1574187904;87.844;29.00718037773128;0.7947172706227749;-0.65185546875;
18:25:03;418.0;1574187905;87.692;28.876554164878364;0.7911384702706401;-0.6494140625;
18:25:04;419.0;1574187906;87.541;29.268432803437115;0.8018748713270443;-0.65673828125;
18:25:05;420.0;1574187907;87.692;28.876554164878364;0.7911384702706401;-0.6494140625;
18:25:06;421.0;1574187908;87.617;29.00718037773128;0.7947172706227749;-0.65185546875;
18:25:07;422.0;1574187909;87.674;29.00718037773128;0.7947172706227749;-0.65185546875;
18:25:09;424.0;1574187910;87.825;28.876554164878364;0.7911384702706401;-0.6494140625;
18:25:10;425.0;1574187911;87.636;29.39905901629003;0.8054536716791788;-0.6591796875;
18:25:11;426.0;1574187912;87.579;29.137806590584194;0.7982960709749094;-0.654296875;
18:25:12;427.0;1574187913;87.579;29.529685229142945;0.8090324720313136;-0.66162109375;
18:25:13;428.0;1574187914;87.127;29.92156386770169;0.8197688730877175;-0.6689453125;
18:25:14;429.0;1574187915;87.127;28.876554164878364;0.7911384702706401;-0.6494140625;
18:25:15;430.0;1574187916;87.353;29.137806590584194;0.7982960709749094;-0.654296875;
18:25:16;431.0;1574187917;87.504;29.00718037773128;0.7947172706227749;-0.65185546875;
18:25:17;432.0;1574187918;87.636;28.876554164878364;0.7911384702706401;-0.6494140625;
18:25:18;433.0;1574187919;87.806;29.137806590584194;0.7982960709749094;-0.654296875;
18:25:19;434.0;1574187920;87.674;28.48467552631962;0.7804020692142362;-0.64208984375;
18:25:20;435.0;1574187921;87.636;28.74592795202545;0.7875596699185055;-0.64697265625;
18:25:21;436.0;1574187922;87.711;29.00718037773128;0.7947172706227749;-0.65185546875;
18:25:22;437.0;1574187923;87.749;29.137806590584194;0.7982960709749094;-0.654296875;
18:25:23;438.0;1574187924;87.579;29.137806590584194;0.7982960709749094;-0.654296875;
18:25:24;439.0;1574187925;87.56;28.876554164878364;0.7911384702706401;-0.6494140625;
18:25:25;440.0;1574187926;87.372;29.00718037773128;0.7947172706227749;-0.65185546875;
18:25:26;441.0;1574187927;87.202;28.876554164878364;0.7911384702706401;-0.6494140625;
18:25:27;442.0;1574187928;87.428;29.790937654848776;0.8161900727355829;-0.66650390625;
18:25:28;443.0;1574187929;87.579;28.876554164878364;0.7911384702706401;-0.6494140625;
18:25:29;444.0;1574187930;87.863;29.39905901629003;0.8054536716791788;-0.6591796875;
18:25:30;445.0;1574187931;87.844;28.74592795202545;0.7875596699185055;-0.64697265625;
18:25:31;446.0;1574187932;87.73;29.66031144199586;0.8126112723834482;-0.6640625;
18:25:32;447.0;1574187933;87.296;29.790937654848776;0.8161900727355829;-0.66650390625;
18:25:33;448.0;1574187934;87.24;29.137806590584194;0.7982960709749094;-0.654296875;
18:25:34;449.0;1574187935;87.24;29.39905901629003;0.8054536716791788;-0.6591796875;
18:25:35;450.0;1574187936;87.183;29.137806590584194;0.7982960709749094;-0.654296875;
18:25:36;451.0;1574187937;87.334;28.876554164878364;0.7911384702706401;-0.6494140625;
18:25:37;452.0;1574187938;87.24;28.354049313466703;0.7768232688621014;-0.6396484375;
18:25:38;453.0;1574187939;87.221;28.74592795202545;0.7875596699185055;-0.64697265625;
18:25:39;454.0;1574187940;87.353;29.137806590584194;0.7982960709749094;-0.654296875;
18:25:40;455.0;1574187941;87.165;28.876554164878364;0.7911384702706401;-0.6494140625;
18:25:41;456.0;1574187942;87.089;29.00718037773128;0.7947172706227749;-0.65185546875;
18:25:42;457.0;1574187943;86.958;27.047787184937548;0.7410352653407547;-0.615234375;
18:25:43;458.0;1574187944;86.958;28.876554164878364;0.7911384702706401;-0.6494140625;
18:25:44;459.0;1574187945;87.014;29.137806590584194;0.7982960709749094;-0.654296875;
18:25:45;460.0;1574187946;86.902;29.137806590584194;0.7982960709749094;-0.654296875;
18:25:46;461.0;1574187947;87.108;28.876554164878364;0.7911384702706401;-0.6494140625;
18:25:47;462.0;1574187948;87.277;29.00718037773128;0.7947172706227749;-0.65185546875;
18:25:48;463.0;1574187949;87.428;28.876554164878364;0.7911384702706401;-0.6494140625;
18:25:49;464.0;1574187950;87.485;29.00718037773128;0.7947172706227749;-0.65185546875;
18:25:50;465.0;1574187951;87.56;29.39905901629003;0.8054536716791788;-0.6591796875;
18:25:51;466.0;1574187952;87.428;29.137806590584194;0.7982960709749094;-0.654296875;
18:25:52;467.0;1574187953;87.277;29.790937654848776;0.8161900727355829;-0.66650390625;
18:25:53;468.0;1574187954;87.183;29.39905901629003;0.8054536716791788;-0.6591796875;
18:25:54;469.0;1574187955;87.071;28.876554164878364;0.7911384702706401;-0.6494140625;
18:25:55;470.0;1574187956;86.677;29.39905901629003;0.8054536716791788;-0.6591796875;
18:25:56;471.0;1574187957;86.977;29.137806590584194;0.7982960709749094;-0.654296875;
18:25:57;472.0;1574187958;87.39;29.268432803437115;0.8018748713270443;-0.65673828125;
18:25:58;473.0;1574187959;87.296;28.74592795202545;0.7875596699185055;-0.64697265625;
18:25:59;474.0;1574187960;87.655;29.00718037773128;0.7947172706227749;-0.65185546875;
18:26:00;475.0;1574187961;87.033;29.00718037773128;0.7947172706227749;-0.65185546875;
18:26:01;476.0;1574187962;86.528;29.00718037773128;0.7947172706227749;-0.65185546875;
18:26:02;477.0;1574187963;86.454;29.790937654848776;0.8161900727355829;-0.66650390625;
18:26:03;478.0;1574187964;86.491;29.529685229142945;0.8090324720313136;-0.66162109375;
18:26:04;479.0;1574187965;86.977;29.00718037773128;0.7947172706227749;-0.65185546875;
18:26:06;481.0;1574187966;87.24;29.268432803437115;0.8018748713270443;-0.65673828125;
18:26:07;482.0;1574187968;87.033;29.137806590584194;0.7982960709749094;-0.654296875;
18:26:08;483.0;1574187969;86.977;29.268432803437115;0.8018748713270443;-0.65673828125;
18:26:09;484.0;1574187970;86.771;29.39905901629003;0.8054536716791788;-0.6591796875;
18:26:10;485.0;1574187971;86.603;28.876554164878364;0.7911384702706401;-0.6494140625;
18:26:11;486.0;1574187973;86.621;29.00718037773128;0.7947172706227749;-0.65185546875;
18:26:13;488.0;1574187974;86.659;30.313442506260436;0.8305052741441216;-0.67626953125;
18:26:14;489.0;1574187975;86.977;28.876554164878364;0.7911384702706401;-0.6494140625;
18:26:15;490.0;1574187976;87.146;29.00718037773128;0.7947172706227749;-0.65185546875;
18:26:16;491.0;1574187977;87.127;27.962170674907956;0.7660868678056975;-0.63232421875;
18:26:17;492.0;1574187978;87.108;29.137806590584194;0.7982960709749094;-0.654296875;
18:26:18;493.0;1574187979;86.902;28.74592795202545;0.7875596699185055;-0.64697265625;
18:26:19;494.0;1574187980;86.996;28.223423100613786;0.7732444685099668;-0.63720703125;
18:26:20;495.0;1574187981;86.827;28.74592795202545;0.7875596699185055;-0.64697265625;
18:26:21;496.0;1574187982;86.696;29.00718037773128;0.7947172706227749;-0.65185546875;
18:26:22;497.0;1574187983;86.752;29.268432803437115;0.8018748713270443;-0.65673828125;
18:26:23;498.0;1574187984;86.808;28.876554164878364;0.7911384702706401;-0.6494140625;
18:26:24;499.0;1574187985;86.864;29.00718037773128;0.7947172706227749;-0.65185546875;
18:26:25;500.0;1574187986;87.165;28.74592795202545;0.7875596699185055;-0.64697265625;
18:26:26;501.0;1574187987;87.146;29.268432803437115;0.8018748713270443;-0.65673828125;
18:26:27;502.0;1574187988;86.808;29.137806590584194;0.7982960709749094;-0.654296875;
18:26:28;503.0;1574187989;86.79;29.39905901629003;0.8054536716791788;-0.6591796875;
18:26:29;504.0;1574187990;86.472;29.268432803437115;0.8018748713270443;-0.65673828125;
18:26:30;505.0;1574187991;86.454;28.48467552631962;0.7804020692142362;-0.64208984375;
18:26:31;506.0;1574187992;86.435;29.00718037773128;0.7947172706227749;-0.65185546875;
18:26:32;507.0;1574187993;86.565;28.74592795202545;0.7875596699185055;-0.64697265625;
18:26:33;508.0;1574187994;86.565;29.00718037773128;0.7947172706227749;-0.65185546875;
18:26:34;509.0;1574187995;86.547;29.39905901629003;0.8054536716791788;-0.6591796875;
18:26:35;510.0;1574187996;86.864;29.137806590584194;0.7982960709749094;-0.654296875;
18:26:36;511.0;1574187997;86.734;26.264029907820053;0.7195624632279467;-0.6005859375;
18:26:37;512.0;1574187998;86.771;28.876554164878364;0.7911384702706401;-0.6494140625;
18:26:38;513.0;1574187999;86.79;28.876554164878364;0.7911384702706401;-0.6494140625;
18:26:39;514.0;1574188000;86.528;28.615301739172534;0.7839808695663708;-0.64453125;
18:26:40;515.0;1574188001;87.033;28.09279688776087;0.769665668157832;-0.634765625;
18:26:41;516.0;1574188002;86.827;29.137806590584194;0.7982960709749094;-0.654296875;
18:26:42;517.0;1574188003;86.547;29.529685229142945;0.8090324720313136;-0.66162109375;
18:26:43;518.0;1574188004;86.677;28.74592795202545;0.7875596699185055;-0.64697265625;
18:26:44;519.0;1574188005;86.286;29.137806590584194;0.7982960709749094;-0.654296875;
18:26:45;520.0;1574188006;86.51;29.00718037773128;0.7947172706227749;-0.65185546875;
18:26:46;521.0;1574188007;86.677;29.00718037773128;0.7947172706227749;-0.65185546875;
18:26:47;522.0;1574188008;86.361;29.00718037773128;0.7947172706227749;-0.65185546875;
18:26:48;523.0;1574188009;86.082;29.39905901629003;0.8054536716791788;-0.6591796875;
18:26:49;524.0;1574188010;85.915;29.00718037773128;0.7947172706227749;-0.65185546875;
18:26:50;525.0;1574188011;86.082;29.00718037773128;0.7947172706227749;-0.65185546875;
18:26:51;526.0;1574188012;86.23;29.00718037773128;0.7947172706227749;-0.65185546875;
18:26:52;527.0;1574188013;86.677;29.137806590584194;0.7982960709749094;-0.654296875;
18:26:53;528.0;1574188014;86.659;29.00718037773128;0.7947172706227749;-0.65185546875;
18:26:54;529.0;1574188015;86.435;29.00718037773128;0.7947172706227749;-0.65185546875;
18:26:55;530.0;1574188016;86.454;29.268432803437115;0.8018748713270443;-0.65673828125;
18:26:56;531.0;1574188017;86.472;28.876554164878364;0.7911384702706401;-0.6494140625;
18:26:57;532.0;1574188018;86.621;26.264029907820053;0.7195624632279467;-0.6005859375;
18:26:58;533.0;1574188019;86.808;29.137806590584194;0.7982960709749094;-0.654296875;
18:26:59;534.0;1574188020;86.808;27.570292036349212;0.7553504667492935;-0.625;
18:27:00;535.0;1574188021;86.659;28.876554164878364;0.7911384702706401;-0.6494140625;
18:27:01;536.0;1574188022;86.472;29.268432803437115;0.8018748713270443;-0.65673828125;
18:27:02;537.0;1574188023;86.361;29.00718037773128;0.7947172706227749;-0.65185546875;
18:27:03;538.0;1574188025;86.323;29.00718037773128;0.7947172706227749;-0.65185546875;
18:27:05;540.0;1574188026;86.621;29.92156386770169;0.8197688730877175;-0.6689453125;
18:27:06;541.0;1574188028;86.435;29.92156386770169;0.8197688730877175;-0.6689453125;
18:27:07;542.0;1574188029;86.584;29.137806590584194;0.7982960709749094;-0.654296875;
18:27:08;543.0;1574188030;86.193;29.137806590584194;0.7982960709749094;-0.654296875;
18:27:09;544.0;1574188031;86.361;29.790937654848776;0.8161900727355829;-0.66650390625;
18:27:10;545.0;1574188032;86.621;28.74592795202545;0.7875596699185055;-0.64697265625;
18:27:11;546.0;1574188033;86.286;28.876554164878364;0.7911384702706401;-0.6494140625;
18:27:12;547.0;1574188034;86.342;29.00718037773128;0.7947172706227749;-0.65185546875;
18:27:13;548.0;1574188035;86.063;27.309039610643378;0.7481928660450241;-0.6201171875;
18:27:14;549.0;1574188036;86.082;28.74592795202545;0.7875596699185055;-0.64697265625;
18:27:15;550.0;1574188037;86.398;28.876554164878364;0.7911384702706401;-0.6494140625;
18:27:17;552.0;1574188038;86.472;28.09279688776087;0.769665668157832;-0.634765625;
18:27:18;553.0;1574188039;86.23;29.00718037773128;0.7947172706227749;-0.65185546875;
18:27:19;554.0;1574188040;86.249;29.268432803437115;0.8018748713270443;-0.65673828125;
18:27:20;555.0;1574188041;85.989;29.00718037773128;0.7947172706227749;-0.65185546875;
18:27:21;556.0;1574188042;85.989;29.137806590584194;0.7982960709749094;-0.654296875;
18:27:22;557.0;1574188043;86.212;28.74592795202545;0.7875596699185055;-0.64697265625;
18:27:23;558.0;1574188044;85.878;30.182816293407527;0.826926473791987;-0.673828125;
18:27:24;559.0;1574188045;86.156;28.74592795202545;0.7875596699185055;-0.64697265625;
18:27:25;560.0;1574188046;86.045;29.00718037773128;0.7947172706227749;-0.65185546875;
18:27:26;561.0;1574188047;86.008;29.268432803437115;0.8018748713270443;-0.65673828125;
18:27:27;562.0;1574188048;86.082;29.137806590584194;0.7982960709749094;-0.654296875;
18:27:28;563.0;1574188049;86.101;28.876554164878364;0.7911384702706401;-0.6494140625;
18:27:29;564.0;1574188050;86.23;29.00718037773128;0.7947172706227749;-0.65185546875;
18:27:30;565.0;1574188051;86.101;29.137806590584194;0.7982960709749094;-0.654296875;
18:27:31;566.0;1574188052;86.361;28.876554164878364;0.7911384702706401;-0.6494140625;
18:27:32;567.0;1574188053;85.989;28.876554164878364;0.7911384702706401;-0.6494140625;
18:27:33;568.0;1574188054;85.86;28.876554164878364;0.7911384702706401;-0.6494140625;
18:27:34;569.0;1574188055;85.989;29.00718037773128;0.7947172706227749;-0.65185546875;
18:27:35;570.0;1574188056;85.657;29.00718037773128;0.7947172706227749;-0.65185546875;
18:27:36;571.0;1574188057;85.878;29.00718037773128;0.7947172706227749;-0.65185546875;
18:27:37;572.0;1574188058;85.86;28.876554164878364;0.7911384702706401;-0.6494140625;
18:27:38;573.0;1574188059;85.712;29.00718037773128;0.7947172706227749;-0.65185546875;
18:27:39;574.0;1574188060;86.026;29.00718037773128;0.7947172706227749;-0.65185546875;
18:27:40;575.0;1574188061;85.86;29.137806590584194;0.7982960709749094;-0.654296875;
18:27:41;576.0;1574188062;85.971;29.00718037773128;0.7947172706227749;-0.65185546875;
18:27:42;577.0;1574188063;86.249;29.39905901629003;0.8054536716791788;-0.6591796875;
18:27:43;578.0;1574188064;85.971;30.052190080554606;0.8233476734398523;-0.67138671875;
18:27:44;579.0;1574188065;86.119;28.876554164878364;0.7911384702706401;-0.6494140625;
18:27:45;580.0;1574188066;85.952;28.74592795202545;0.7875596699185055;-0.64697265625;
18:27:46;581.0;1574188067;85.823;29.00718037773128;0.7947172706227749;-0.65185546875;
18:27:47;582.0;1574188068;85.823;28.876554164878364;0.7911384702706401;-0.6494140625;
18:27:48;583.0;1574188069;85.675;28.74592795202545;0.7875596699185055;-0.64697265625;
18:27:49;584.0;1574188070;85.657;28.223423100613786;0.7732444685099668;-0.63720703125;
18:27:50;585.0;1574188071;85.601;29.268432803437115;0.8018748713270443;-0.65673828125;
18:27:51;586.0;1574188072;85.62;29.00718037773128;0.7947172706227749;-0.65185546875;
18:27:52;587.0;1574188073;85.583;29.39905901629003;0.8054536716791788;-0.6591796875;
18:27:53;588.0;1574188074;85.767;28.74592795202545;0.7875596699185055;-0.64697265625;
18:27:54;589.0;1574188075;85.694;29.137806590584194;0.7982960709749094;-0.654296875;
18:27:55;590.0;1574188076;85.989;28.876554164878364;0.7911384702706401;-0.6494140625;
18:27:56;591.0;1574188077;86.026;29.268432803437115;0.8018748713270443;-0.65673828125;
18:27:57;592.0;1574188078;85.878;29.00718037773128;0.7947172706227749;-0.65185546875;
18:27:58;593.0;1574188080;85.878;28.354049313466703;0.7768232688621014;-0.6396484375;
18:27:59;594.0;1574188081;85.565;29.268432803437115;0.8018748713270443;-0.65673828125;
18:28:00;595.0;1574188082;85.786;29.00718037773128;0.7947172706227749;-0.65185546875;
18:28:01;596.0;1574188083;85.786;29.268432803437115;0.8018748713270443;-0.65673828125;
18:28:02;597.0;1574188084;85.952;29.66031144199586;0.8126112723834482;-0.6640625;
18:28:04;599.0;1574188085;86.008;29.529685229142945;0.8090324720313136;-0.66162109375;
18:28:05;600.0;1574188087;86.008;29.00718037773128;0.7947172706227749;-0.65185546875;
18:28:06;601.0;1574188088;85.823;29.00718037773128;0.7947172706227749;-0.65185546875;
18:28:07;602.0;1574188089;85.971;28.48467552631962;0.7804020692142362;-0.64208984375;
18:28:08;603.0;1574188090;85.694;26.394656120672966;0.7231412635800812;-0.60302734375;
18:28:09;604.0;1574188091;85.694;29.00718037773128;0.7947172706227749;-0.65185546875;
18:28:10;605.0;1574188092;85.73;29.137806590584194;0.7982960709749094;-0.654296875;
18:28:11;606.0;1574188093;85.583;29.00718037773128;0.7947172706227749;-0.65185546875;
18:28:12;607.0;1574188094;85.712;29.39905901629003;0.8054536716791788;-0.6591796875;
18:28:13;608.0;1574188095;85.712;29.268432803437115;0.8018748713270443;-0.65673828125;
18:28:14;609.0;1574188096;85.638;29.268432803437115;0.8018748713270443;-0.65673828125;
18:28:15;610.0;1574188097;85.62;29.137806590584194;0.7982960709749094;-0.654296875;
18:28:16;611.0;1574188098;85.509;29.00718037773128;0.7947172706227749;-0.65185546875;
18:28:17;612.0;1574188099;85.362;29.268432803437115;0.8018748713270443;-0.65673828125;
18:28:18;613.0;1574188100;85.417;28.876554164878364;0.7911384702706401;-0.6494140625;
18:28:19;614.0;1574188101;85.454;29.137806590584194;0.7982960709749094;-0.654296875;
18:28:21;616.0;1574188102;85.417;29.137806590584194;0.7982960709749094;-0.654296875;
18:28:22;617.0;1574188103;85.601;29.268432803437115;0.8018748713270443;-0.65673828125;
18:28:23;618.0;1574188104;85.73;28.876554164878364;0.7911384702706401;-0.6494140625;
18:28:24;619.0;1574188105;85.73;29.00718037773128;0.7947172706227749;-0.65185546875;
18:28:25;620.0;1574188106;85.638;29.00718037773128;0.7947172706227749;-0.65185546875;
18:28:26;621.0;1574188107;85.601;29.137806590584194;0.7982960709749094;-0.654296875;
18:28:27;622.0;1574188108;85.804;29.268432803437115;0.8018748713270443;-0.65673828125;
18:28:28;623.0;1574188109;85.786;29.790937654848776;0.8161900727355829;-0.66650390625;
18:28:29;624.0;1574188110;85.878;29.268432803437115;0.8018748713270443;-0.65673828125;
18:28:30;625.0;1574188111;85.915;29.137806590584194;0.7982960709749094;-0.654296875;
18:28:31;626.0;1574188112;85.583;28.876554164878364;0.7911384702706401;-0.6494140625;
18:28:32;627.0;1574188113;85.509;29.00718037773128;0.7947172706227749;-0.65185546875;
18:28:33;628.0;1574188114;85.565;28.876554164878364;0.7911384702706401;-0.6494140625;
18:28:34;629.0;1574188115;85.528;29.00718037773128;0.7947172706227749;-0.65185546875;
18:28:35;630.0;1574188116;85.528;30.705321144819187;0.8412416752005257;-0.68359375;
18:28:36;631.0;1574188117;85.62;29.92156386770169;0.8197688730877175;-0.6689453125;
18:28:37;632.0;1574188118;85.454;28.876554164878364;0.7911384702706401;-0.6494140625;
18:28:38;633.0;1574188119;85.62;28.615301739172534;0.7839808695663708;-0.64453125;
18:28:39;634.0;1574188120;85.675;29.137806590584194;0.7982960709749094;-0.654296875;
18:28:40;635.0;1574188121;85.694;28.74592795202545;0.7875596699185055;-0.64697265625;
18:28:41;636.0;1574188122;85.823;29.137806590584194;0.7982960709749094;-0.654296875;
18:28:42;637.0;1574188123;85.841;29.00718037773128;0.7947172706227749;-0.65185546875;
18:28:43;638.0;1574188124;85.767;28.48467552631962;0.7804020692142362;-0.64208984375;
18:28:44;639.0;1574188125;85.749;28.74592795202545;0.7875596699185055;-0.64697265625;
18:28:45;640.0;1574188126;85.786;28.876554164878364;0.7911384702706401;-0.6494140625;
18:28:46;641.0;1574188127;85.454;25.872151269261305;0.7088260621715426;-0.59326171875;
18:28:47;642.0;1574188128;85.638;28.09279688776087;0.769665668157832;-0.634765625;
18:28:48;643.0;1574188129;85.675;29.268432803437115;0.8018748713270443;-0.65673828125;
18:28:49;644.0;1574188130;85.638;28.876554164878364;0.7911384702706401;-0.6494140625;
18:28:50;645.0;1574188131;85.786;29.00718037773128;0.7947172706227749;-0.65185546875;
18:28:51;646.0;1574188132;85.252;29.529685229142945;0.8090324720313136;-0.66162109375;
18:28:52;647.0;1574188133;85.399;28.876554164878364;0.7911384702706401;-0.6494140625;
18:28:53;648.0;1574188134;85.381;28.876554164878364;0.7911384702706401;-0.6494140625;
18:28:54;649.0;1574188135;85.417;28.876554164878364;0.7911384702706401;-0.6494140625;
18:28:55;650.0;1574188136;85.62;28.74592795202545;0.7875596699185055;-0.64697265625;
18:28:56;651.0;1574188138;85.583;29.00718037773128;0.7947172706227749;-0.65185546875;
18:28:57;652.0;1574188139;85.546;28.74592795202545;0.7875596699185055;-0.64697265625;
18:28:58;653.0;1574188140;85.565;29.268432803437115;0.8018748713270443;-0.65673828125;
18:28:59;654.0;1574188141;85.86;28.74592795202545;0.7875596699185055;-0.64697265625;
18:29:00;655.0;1574188142;85.86;29.00718037773128;0.7947172706227749;-0.65185546875;
18:29:01;656.0;1574188143;85.915;29.137806590584194;0.7982960709749094;-0.654296875;
18:29:03;658.0;1574188144;85.694;28.74592795202545;0.7875596699185055;-0.64697265625;
18:29:04;659.0;1574188146;85.399;26.91716097208463;0.73745646498862;-0.61279296875;
18:29:05;660.0;1574188147;85.252;29.00718037773128;0.7947172706227749;-0.65185546875;
18:29:06;661.0;1574188148;85.124;29.00718037773128;0.7947172706227749;-0.65185546875;
18:29:07;662.0;1574188149;85.142;28.615301739172534;0.7839808695663708;-0.64453125;
18:29:08;663.0;1574188150;85.307;28.876554164878364;0.7911384702706401;-0.6494140625;
18:29:09;664.0;1574188151;85.307;29.268432803437115;0.8018748713270443;-0.65673828125;
18:29:10;665.0;1574188152;85.491;28.876554164878364;0.7911384702706401;-0.6494140625;
18:29:11;666.0;1574188153;85.546;29.137806590584194;0.7982960709749094;-0.654296875;
18:29:12;667.0;1574188154;85.381;29.137806590584194;0.7982960709749094;-0.654296875;
18:29:13;668.0;1574188155;85.509;29.137806590584194;0.7982960709749094;-0.654296875;
18:29:14;669.0;1574188156;85.381;29.137806590584194;0.7982960709749094;-0.654296875;
18:29:15;670.0;1574188157;85.252;28.74592795202545;0.7875596699185055;-0.64697265625;
18:29:16;671.0;1574188158;85.436;28.615301739172534;0.7839808695663708;-0.64453125;
18:29:17;672.0;1574188159;85.454;28.876554164878364;0.7911384702706401;-0.6494140625;
18:29:18;673.0;1574188160;85.565;29.00718037773128;0.7947172706227749;-0.65185546875;
18:29:19;674.0;1574188161;85.638;26.786534759231717;0.7338776646364854;-0.6103515625;
18:29:20;675.0;1574188162;85.767;28.876554164878364;0.7911384702706401;-0.6494140625;
18:29:21;676.0;1574188163;85.62;27.700918249202125;0.758929267101428;-0.62744140625;
18:29:22;677.0;1574188164;85.436;25.741525056408392;0.705247261819408;-0.5908203125;
18:29:23;678.0;1574188165;85.601;28.876554164878364;0.7911384702706401;-0.6494140625;
18:29:25;680.0;1574188166;85.307;29.00718037773128;0.7947172706227749;-0.65185546875;
18:29:26;681.0;1574188168;85.436;28.876554164878364;0.7911384702706401;-0.6494140625;
18:29:27;682.0;1574188169;84.959;29.00718037773128;0.7947172706227749;-0.65185546875;
18:29:29;684.0;1574188170;85.105;28.876554164878364;0.7911384702706401;-0.6494140625;
18:29:30;685.0;1574188171;84.959;29.137806590584194;0.7982960709749094;-0.654296875;
18:29:31;686.0;1574188172;85.142;29.790937654848776;0.8161900727355829;-0.66650390625;
18:29:32;687.0;1574188173;85.454;29.00718037773128;0.7947172706227749;-0.65185546875;
18:29:33;688.0;1574188174;85.344;30.57469493196627;0.837662874848391;-0.68115234375;
18:29:34;689.0;1574188175;85.307;28.74592795202545;0.7875596699185055;-0.64697265625;
18:29:35;690.0;1574188176;85.546;29.268432803437115;0.8018748713270443;-0.65673828125;
18:29:36;691.0;1574188177;85.565;29.00718037773128;0.7947172706227749;-0.65185546875;
18:29:37;692.0;1574188178;85.657;29.137806590584194;0.7982960709749094;-0.654296875;
18:29:38;693.0;1574188179;85.841;29.268432803437115;0.8018748713270443;-0.65673828125;
18:29:39;694.0;1574188180;85.73;29.00718037773128;0.7947172706227749;-0.65185546875;
18:29:40;695.0;1574188181;85.712;29.137806590584194;0.7982960709749094;-0.654296875;
18:29:41;696.0;1574188182;85.767;29.00718037773128;0.7947172706227749;-0.65185546875;
18:29:42;697.0;1574188183;85.454;28.876554164878364;0.7911384702706401;-0.6494140625;
18:29:43;698.0;1574188184;85.454;28.74592795202545;0.7875596699185055;-0.64697265625;
18:29:44;699.0;1574188185;85.344;29.137806590584194;0.7982960709749094;-0.654296875;
18:29:45;700.0;1574188186;85.105;28.876554164878364;0.7911384702706401;-0.6494140625;
18:29:46;701.0;1574188187;85.234;29.137806590584194;0.7982960709749094;-0.654296875;
18:29:47;702.0;1574188188;85.05;29.00718037773128;0.7947172706227749;-0.65185546875;
18:29:48;703.0;1574188189;85.16;28.876554164878364;0.7911384702706401;-0.6494140625;
18:29:49;704.0;1574188190;85.399;28.48467552631962;0.7804020692142362;-0.64208984375;
18:29:50;705.0;1574188191;85.252;29.137806590584194;0.7982960709749094;-0.654296875;
18:29:51;706.0;1574188192;85.307;29.39905901629003;0.8054536716791788;-0.6591796875;
18:29:52;707.0;1574188193;85.344;29.529685229142945;0.8090324720313136;-0.66162109375;
18:29:53;708.0;1574188194;84.996;28.876554164878364;0.7911384702706401;-0.6494140625;
18:29:54;709.0;1574188195;84.996;28.876554164878364;0.7911384702706401;-0.6494140625;
18:29:55;710.0;1574188196;85.124;28.74592795202545;0.7875596699185055;-0.64697265625;
18:29:56;711.0;1574188197;85.105;27.17841339779046;0.7446140656928893;-0.61767578125;
18:29:57;712.0;1574188198;85.215;29.137806590584194;0.7982960709749094;-0.654296875;
18:29:58;713.0;1574188199;85.27;29.268432803437115;0.8018748713270443;-0.65673828125;
18:29:59;714.0;1574188200;85.399;28.74592795202545;0.7875596699185055;-0.64697265625;
18:30:00;715.0;1574188201;85.381;29.66031144199586;0.8126112723834482;-0.6640625;
18:30:01;716.0;1574188202;85.234;29.268432803437115;0.8018748713270443;-0.65673828125;
18:30:02;717.0;1574188203;85.399;28.615301739172534;0.7839808695663708;-0.64453125;
18:30:03;718.0;1574188204;84.831;29.00718037773128;0.7947172706227749;-0.65185546875;
18:30:04;719.0;1574188205;84.886;29.137806590584194;0.7982960709749094;-0.654296875;
18:30:05;720.0;1574188206;85.234;30.57469493196627;0.837662874848391;-0.68115234375;
18:30:06;721.0;1574188207;85.16;28.74592795202545;0.7875596699185055;-0.64697265625;
18:30:07;722.0;1574188208;85.601;29.00718037773128;0.7947172706227749;-0.65185546875;
18:30:08;723.0;1574188209;85.546;29.268432803437115;0.8018748713270443;-0.65673828125;
18:30:09;724.0;1574188210;85.583;32.92596676331875;0.902081281186815;-0.72509765625;
18:30:10;725.0;1574188211;85.491;29.137806590584194;0.7982960709749094;-0.654296875;
18:30:11;726.0;1574188212;85.472;29.00718037773128;0.7947172706227749;-0.65185546875;
18:30:12;727.0;1574188213;85.344;28.876554164878364;0.7911384702706401;-0.6494140625;
18:30:13;728.0;1574188214;85.124;29.00718037773128;0.7947172706227749;-0.65185546875;
18:30:14;729.0;1574188215;84.922;29.00718037773128;0.7947172706227749;-0.65185546875;
18:30:15;730.0;1574188216;84.849;29.00718037773128;0.7947172706227749;-0.65185546875;
18:30:16;731.0;1574188217;84.795;28.74592795202545;0.7875596699185055;-0.64697265625;
18:30:17;732.0;1574188218;84.904;29.137806590584194;0.7982960709749094;-0.654296875;
18:30:18;733.0;1574188220;85.197;27.309039610643378;0.7481928660450241;-0.6201171875;
18:30:19;734.0;1574188221;85.124;28.876554164878364;0.7911384702706401;-0.6494140625;
18:30:20;735.0;1574188222;85.307;28.48467552631962;0.7804020692142362;-0.64208984375;
18:30:21;736.0;1574188223;85.087;29.529685229142945;0.8090324720313136;-0.66162109375;
18:30:22;737.0;1574188224;84.758;29.00718037773128;0.7947172706227749;-0.65185546875;
18:30:23;738.0;1574188225;84.631;28.876554164878364;0.7911384702706401;-0.6494140625;
18:30:24;739.0;1574188226;84.612;29.00718037773128;0.7947172706227749;-0.65185546875;
18:30:25;740.0;1574188227;84.576;29.00718037773128;0.7947172706227749;-0.65185546875;
18:30:26;741.0;1574188228;84.813;29.00718037773128;0.7947172706227749;-0.65185546875;
18:30:27;742.0;1574188229;85.05;29.268432803437115;0.8018748713270443;-0.65673828125;
18:30:28;743.0;1574188230;84.868;28.74592795202545;0.7875596699185055;-0.64697265625;
18:30:29;744.0;1574188231;84.831;28.876554164878364;0.7911384702706401;-0.6494140625;
18:30:30;745.0;1574188232;84.667;30.182816293407527;0.826926473791987;-0.673828125;
18:30:31;746.0;1574188233;84.776;29.137806590584194;0.7982960709749094;-0.654296875;
18:30:33;748.0;1574188234;84.922;28.74592795202545;0.7875596699185055;-0.64697265625;
18:30:34;749.0;1574188235;85.05;29.268432803437115;0.8018748713270443;-0.65673828125;
18:30:35;750.0;1574188236;85.179;28.74592795202545;0.7875596699185055;-0.64697265625;
18:30:36;751.0;1574188237;85.179;29.00718037773128;0.7947172706227749;-0.65185546875;
18:30:37;752.0;1574188238;85.087;29.137806590584194;0.7982960709749094;-0.654296875;
18:30:38;753.0;1574188239;85.179;28.876554164878364;0.7911384702706401;-0.6494140625;
18:30:39;754.0;1574188240;85.197;29.268432803437115;0.8018748713270443;-0.65673828125;
18:30:40;755.0;1574188241;85.124;29.00718037773128;0.7947172706227749;-0.65185546875;
18:30:41;756.0;1574188242;85.16;29.00718037773128;0.7947172706227749;-0.65185546875;
18:30:42;757.0;1574188243;85.179;29.00718037773128;0.7947172706227749;-0.65185546875;
18:30:43;758.0;1574188244;84.977;29.39905901629003;0.8054536716791788;-0.6591796875;
18:30:44;759.0;1574188245;84.977;29.00718037773128;0.7947172706227749;-0.65185546875;
18:30:45;760.0;1574188246;84.831;28.74592795202545;0.7875596699185055;-0.64697265625;
18:30:46;761.0;1574188247;84.959;29.529685229142945;0.8090324720313136;-0.66162109375;
18:30:47;762.0;1574188248;85.142;31.880957060495422;0.8734508783697376;-0.70556640625;
18:30:48;763.0;1574188249;84.904;28.74592795202545;0.7875596699185055;-0.64697265625;
18:30:49;764.0;1574188250;85.142;28.876554164878364;0.7911384702706401;-0.6494140625;
18:30:50;765.0;1574188251;84.722;29.39905901629003;0.8054536716791788;-0.6591796875;
18:30:51;766.0;1574188252;84.612;29.00718037773128;0.7947172706227749;-0.65185546875;
18:30:52;767.0;1574188253;84.412;29.268432803437115;0.8018748713270443;-0.65673828125;
18:30:53;768.0;1574188254;84.267;29.268432803437115;0.8018748713270443;-0.65673828125;
18:30:54;769.0;1574188255;84.521;28.74592795202545;0.7875596699185055;-0.64697265625;
18:30:55;770.0;1574188256;84.831;29.00718037773128;0.7947172706227749;-0.65185546875;
18:30:56;771.0;1574188257;85.124;29.137806590584194;0.7982960709749094;-0.654296875;
18:30:57;772.0;1574188258;85.014;28.74592795202545;0.7875596699185055;-0.64697265625;
18:30:58;773.0;1574188259;85.014;28.876554164878364;0.7911384702706401;-0.6494140625;
18:30:59;774.0;1574188260;84.941;29.39905901629003;0.8054536716791788;-0.6591796875;
18:31:00;775.0;1574188261;85.069;28.876554164878364;0.7911384702706401;-0.6494140625;
18:31:01;776.0;1574188262;85.197;28.876554164878364;0.7911384702706401;-0.6494140625;
18:31:02;777.0;1574188263;85.16;29.00718037773128;0.7947172706227749;-0.65185546875;
18:31:03;778.0;1574188264;84.904;29.00718037773128;0.7947172706227749;-0.65185546875;
18:31:04;779.0;1574188265;84.795;29.00718037773128;0.7947172706227749;-0.65185546875;
18:31:05;780.0;1574188266;84.667;29.790937654848776;0.8161900727355829;-0.66650390625;
18:31:06;781.0;1574188267;84.703;29.137806590584194;0.7982960709749094;-0.654296875;
18:31:07;782.0;1574188268;84.703;29.137806590584194;0.7982960709749094;-0.654296875;
18:31:08;783.0;1574188269;84.576;29.137806590584194;0.7982960709749094;-0.654296875;
18:31:09;784.0;1574188270;84.576;29.137806590584194;0.7982960709749094;-0.654296875;
18:31:10;785.0;1574188271;84.485;29.529685229142945;0.8090324720313136;-0.66162109375;
18:31:11;786.0;1574188272;84.304;24.82714156643798;0.6801956593544652;-0.57373046875;
18:31:12;787.0;1574188273;84.358;28.223423100613786;0.7732444685099668;-0.63720703125;
18:31:13;788.0;1574188274;84.631;29.00718037773128;0.7947172706227749;-0.65185546875;
18:31:14;789.0;1574188275;84.776;29.268432803437115;0.8018748713270443;-0.65673828125;
18:31:15;790.0;1574188276;85.105;28.615301739172534;0.7839808695663708;-0.64453125;
18:31:16;791.0;1574188277;84.996;28.876554164878364;0.7911384702706401;-0.6494140625;
18:31:17;792.0;1574188278;85.014;29.137806590584194;0.7982960709749094;-0.654296875;
18:31:18;793.0;1574188279;85.05;29.00718037773128;0.7947172706227749;-0.65185546875;
18:31:19;794.0;1574188280;85.032;29.00718037773128;0.7947172706227749;-0.65185546875;
18:31:20;795.0;1574188281;84.959;29.137806590584194;0.7982960709749094;-0.654296875;
18:31:21;796.0;1574188282;84.977;28.876554164878364;0.7911384702706401;-0.6494140625;
18:31:22;797.0;1574188283;84.886;29.39905901629003;0.8054536716791788;-0.6591796875;
18:31:23;798.0;1574188284;84.74;29.00718037773128;0.7947172706227749;-0.65185546875;
18:31:24;799.0;1574188285;85.142;29.268432803437115;0.8018748713270443;-0.65673828125;
18:31:25;800.0;1574188286;85.087;29.66031144199586;0.8126112723834482;-0.6640625;
18:31:26;801.0;1574188287;84.977;29.268432803437115;0.8018748713270443;-0.65673828125;
18:31:27;802.0;1574188288;84.831;28.876554164878364;0.7911384702706401;-0.6494140625;
18:31:28;803.0;1574188289;84.394;29.00718037773128;0.7947172706227749;-0.65185546875;
18:31:29;804.0;1574188290;84.014;28.876554164878364;0.7911384702706401;-0.6494140625;
18:31:30;805.0;1574188291;83.996;29.00718037773128;0.7947172706227749;-0.65185546875;
18:31:31;806.0;1574188292;84.122;28.223423100613786;0.7732444685099668;-0.63720703125;
18:31:32;807.0;1574188294;84.141;27.962170674907956;0.7660868678056975;-0.63232421875;
18:31:33;808.0;1574188295;84.267;29.00718037773128;0.7947172706227749;-0.65185546875;
18:31:34;809.0;1574188296;84.412;29.00718037773128;0.7947172706227749;-0.65185546875;
18:31:35;810.0;1574188297;84.467;28.74592795202545;0.7875596699185055;-0.64697265625;
18:31:37;812.0;1574188298;84.813;29.00718037773128;0.7947172706227749;-0.65185546875;
18:31:38;813.0;1574188299;84.996;28.876554164878364;0.7911384702706401;-0.6494140625;
18:31:39;814.0;1574188300;84.996;29.137806590584194;0.7982960709749094;-0.654296875;
18:31:40;815.0;1574188301;85.105;29.00718037773128;0.7947172706227749;-0.65185546875;
18:31:41;816.0;1574188302;85.032;28.876554164878364;0.7911384702706401;-0.6494140625;
18:31:42;817.0;1574188303;84.849;29.00718037773128;0.7947172706227749;-0.65185546875;
18:31:43;818.0;1574188304;84.886;28.876554164878364;0.7911384702706401;-0.6494140625;
18:31:44;819.0;1574188305;84.467;29.66031144199586;0.8126112723834482;-0.6640625;
18:31:45;820.0;1574188306;84.467;29.137806590584194;0.7982960709749094;-0.654296875;
18:31:46;821.0;1574188307;84.431;29.137806590584194;0.7982960709749094;-0.654296875;
18:31:47;822.0;1574188308;84.195;29.268432803437115;0.8018748713270443;-0.65673828125;
18:31:48;823.0;1574188309;84.594;29.00718037773128;0.7947172706227749;-0.65185546875;
18:31:49;824.0;1574188310;84.485;28.876554164878364;0.7911384702706401;-0.6494140625;
18:31:50;825.0;1574188311;84.503;29.137806590584194;0.7982960709749094;-0.654296875;
18:31:51;826.0;1574188312;84.521;29.790937654848776;0.8161900727355829;-0.66650390625;
18:31:52;827.0;1574188313;84.394;29.00718037773128;0.7947172706227749;-0.65185546875;
18:31:53;828.0;1574188314;84.358;29.00718037773128;0.7947172706227749;-0.65185546875;
18:31:54;829.0;1574188315;84.231;28.74592795202545;0.7875596699185055;-0.64697265625;
18:31:55;830.0;1574188316;84.159;29.00718037773128;0.7947172706227749;-0.65185546875;
18:31:56;831.0;1574188317;84.014;29.137806590584194;0.7982960709749094;-0.654296875;
18:31:57;832.0;1574188318;83.852;29.268432803437115;0.8018748713270443;-0.65673828125;
18:31:58;833.0;1574188319;84.014;30.444068719113353;0.8340840744962562;-0.6787109375;
18:31:59;834.0;1574188320;83.942;29.137806590584194;0.7982960709749094;-0.654296875;
18:32:00;835.0;1574188321;84.086;29.790937654848776;0.8161900727355829;-0.66650390625;
18:32:01;836.0;1574188322;83.942;29.790937654848776;0.8161900727355829;-0.66650390625;
18:32:02;837.0;1574188323;83.743;29.00718037773128;0.7947172706227749;-0.65185546875;
18:32:03;838.0;1574188324;83.798;29.66031144199586;0.8126112723834482;-0.6640625;
18:32:04;839.0;1574188325;83.725;28.74592795202545;0.7875596699185055;-0.64697265625;
18:32:05;840.0;1574188326;83.888;29.790937654848776;0.8161900727355829;-0.66650390625;
18:32:06;841.0;1574188327;83.942;29.268432803437115;0.8018748713270443;-0.65673828125;
18:32:07;842.0;1574188328;84.068;29.137806590584194;0.7982960709749094;-0.654296875;
18:32:08;843.0;1574188329;84.449;29.00718037773128;0.7947172706227749;-0.65185546875;
18:32:09;844.0;1574188330;84.612;26.525282333525887;0.7267200639322161;-0.60546875;
18:32:10;845.0;1574188331;84.904;29.268432803437115;0.8018748713270443;-0.65673828125;
18:32:11;846.0;1574188332;84.904;28.876554164878364;0.7911384702706401;-0.6494140625;
18:32:12;847.0;1574188333;84.467;27.962170674907956;0.7660868678056975;-0.63232421875;
18:32:13;848.0;1574188334;84.304;29.268432803437115;0.8018748713270443;-0.65673828125;
18:32:14;849.0;1574188335;83.942;29.39905901629003;0.8054536716791788;-0.6591796875;
18:32:15;850.0;1574188336;84.05;29.137806590584194;0.7982960709749094;-0.654296875;
18:32:16;851.0;1574188337;84.122;28.74592795202545;0.7875596699185055;-0.64697265625;
18:32:17;852.0;1574188338;84.177;29.00718037773128;0.7947172706227749;-0.65185546875;
18:32:18;853.0;1574188339;84.521;33.70972404043625;0.9235540832996233;-0.73974609375;
18:32:19;854.0;1574188340;84.122;28.74592795202545;0.7875596699185055;-0.64697265625;
18:32:20;855.0;1574188341;83.888;29.92156386770169;0.8197688730877175;-0.6689453125;
18:32:21;856.0;1574188342;83.654;29.39905901629003;0.8054536716791788;-0.6591796875;
18:32:22;857.0;1574188343;83.528;29.137806590584194;0.7982960709749094;-0.654296875;
18:32:23;858.0;1574188344;83.672;29.00718037773128;0.7947172706227749;-0.65185546875;
18:32:24;859.0;1574188345;83.816;28.876554164878364;0.7911384702706401;-0.6494140625;
18:32:25;860.0;1574188347;84.014;29.00718037773128;0.7947172706227749;-0.65185546875;
18:32:26;861.0;1574188348;83.87;29.00718037773128;0.7947172706227749;-0.65185546875;
18:32:27;862.0;1574188349;83.87;28.74592795202545;0.7875596699185055;-0.64697265625;
18:32:28;863.0;1574188350;83.78;28.74592795202545;0.7875596699185055;-0.64697265625;
18:32:29;864.0;1574188351;83.582;28.74592795202545;0.7875596699185055;-0.64697265625;
18:32:30;865.0;1574188352;83.564;28.615301739172534;0.7839808695663708;-0.64453125;
18:32:31;866.0;1574188353;83.564;28.615301739172534;0.7839808695663708;-0.64453125;
18:32:32;867.0;1574188354;83.816;25.741525056408392;0.705247261819408;-0.5908203125;
18:32:33;868.0;1574188355;83.96;29.137806590584194;0.7982960709749094;-0.654296875;
