Time;Seconds from start for linreg;Unix Time;ch1 po2;Uc;Ubl;Vc;
07:58:02;-1.0;1574409483;90.463;17.773326072380534;0.4869404403391927;-0.44189453125;
07:58:03;0.0;1574409484;90.58;18.55708334949803;0.5084132424520008;-0.45654296875;
07:58:04;1.0;1574409485;90.423;18.16520471093928;0.49767684139559665;-0.44921875;
07:58:05;2.0;1574409486;90.423;18.687709562350943;0.5119920428041355;-0.458984375;
07:58:06;3.0;1574409487;90.209;18.2958309237922;0.5012556417477315;-0.45166015625;
07:58:07;4.0;1574409488;89.839;17.773326072380534;0.4869404403391927;-0.44189453125;
07:58:08;5.0;1574409489;90.053;18.16520471093928;0.49767684139559665;-0.44921875;
07:58:09;6.0;1574409490;90.228;18.2958309237922;0.5012556417477315;-0.45166015625;
07:58:10;7.0;1574409491;90.209;18.948961988056773;0.5191496435084048;-0.4638671875;
07:58:11;8.0;1574409492;90.463;18.426457136645112;0.504834442099866;-0.4541015625;
07:58:12;9.0;1574409493;90.423;18.16520471093928;0.49767684139559665;-0.44921875;
07:58:13;10.0;1574409494;90.287;18.034578498086365;0.49409804104346206;-0.44677734375;
07:58:14;11.0;1574409495;90.365;17.773326072380534;0.4869404403391927;-0.44189453125;
07:58:15;12.0;1574409496;90.287;18.426457136645112;0.504834442099866;-0.4541015625;
07:58:16;13.0;1574409497;90.326;20.12459790373302;0.5513588466776169;-0.48583984375;
07:58:17;14.0;1574409498;90.131;18.81833577520386;0.5155708431562701;-0.46142578125;
07:58:19;16.0;1574409499;90.521;18.16520471093928;0.49767684139559665;-0.44921875;
07:58:20;17.0;1574409501;90.482;17.773326072380534;0.4869404403391927;-0.44189453125;
07:58:21;18.0;1574409502;90.678;18.034578498086365;0.49409804104346206;-0.44677734375;
07:58:22;19.0;1574409503;90.209;18.948961988056773;0.5191496435084048;-0.4638671875;
07:58:23;20.0;1574409504;90.15;18.2958309237922;0.5012556417477315;-0.45166015625;
07:58:24;21.0;1574409505;90.326;18.16520471093928;0.49767684139559665;-0.44921875;
07:58:25;22.0;1574409506;90.092;17.903952285233448;0.49051924069132735;-0.4443359375;
07:58:26;23.0;1574409507;90.209;18.16520471093928;0.49767684139559665;-0.44921875;
07:58:27;24.0;1574409508;90.384;18.16520471093928;0.49767684139559665;-0.44921875;
07:58:28;25.0;1574409509;90.189;18.426457136645112;0.504834442099866;-0.4541015625;
07:58:29;26.0;1574409510;90.423;18.2958309237922;0.5012556417477315;-0.45166015625;
07:58:30;27.0;1574409511;90.443;18.426457136645112;0.504834442099866;-0.4541015625;
07:58:31;28.0;1574409512;90.326;18.2958309237922;0.5012556417477315;-0.45166015625;
07:58:32;29.0;1574409513;90.17;17.903952285233448;0.49051924069132735;-0.4443359375;
07:58:33;30.0;1574409514;90.131;18.2958309237922;0.5012556417477315;-0.45166015625;
07:58:34;31.0;1574409515;90.287;16.33643773099846;0.4475736364657112;-0.4150390625;
07:58:35;32.0;1574409516;90.248;18.426457136645112;0.504834442099866;-0.4541015625;
07:58:36;33.0;1574409517;90.423;18.2958309237922;0.5012556417477315;-0.45166015625;
07:58:37;34.0;1574409518;90.463;18.2958309237922;0.5012556417477315;-0.45166015625;
07:58:38;35.0;1574409519;90.502;18.16520471093928;0.49767684139559665;-0.44921875;
07:58:39;36.0;1574409520;90.306;18.16520471093928;0.49767684139559665;-0.44921875;
07:58:40;37.0;1574409521;90.267;19.340840626615524;0.5298860445648089;-0.47119140625;
07:58:41;38.0;1574409522;90.228;18.426457136645112;0.504834442099866;-0.4541015625;
07:58:42;39.0;1574409523;89.664;18.16520471093928;0.49767684139559665;-0.44921875;
07:58:43;40.0;1574409524;89.878;18.16520471093928;0.49767684139559665;-0.44921875;
07:58:44;41.0;1574409525;89.8;18.16520471093928;0.49767684139559665;-0.44921875;
07:58:45;42.0;1574409526;89.819;18.034578498086365;0.49409804104346206;-0.44677734375;
07:58:46;43.0;1574409527;90.189;18.2958309237922;0.5012556417477315;-0.45166015625;
07:58:47;44.0;1574409528;90.326;18.034578498086365;0.49409804104346206;-0.44677734375;
07:58:48;45.0;1574409529;90.267;19.602093052321354;0.5370436452690782;-0.47607421875;
07:58:49;46.0;1574409530;90.072;18.426457136645112;0.504834442099866;-0.4541015625;
07:58:50;47.0;1574409532;90.404;16.205811518145545;0.4439948361135766;-0.41259765625;
07:58:51;48.0;1574409533;90.423;18.948961988056773;0.5191496435084048;-0.4638671875;
07:58:52;49.0;1574409534;90.6;18.16520471093928;0.49767684139559665;-0.44921875;
07:58:53;50.0;1574409535;90.973;18.2958309237922;0.5012556417477315;-0.45166015625;
07:58:54;51.0;1574409536;90.6;18.16520471093928;0.49767684139559665;-0.44921875;
07:58:55;52.0;1574409537;90.072;18.034578498086365;0.49409804104346206;-0.44677734375;
07:58:56;53.0;1574409538;89.722;19.602093052321354;0.5370436452690782;-0.47607421875;
07:58:57;54.0;1574409539;89.587;18.16520471093928;0.49767684139559665;-0.44921875;
07:58:58;55.0;1574409540;89.975;15.944559092439714;0.43683723540930725;-0.40771484375;
07:58:59;56.0;1574409541;90.482;18.55708334949803;0.5084132424520008;-0.45654296875;
07:59:00;57.0;1574409542;90.815;19.210214413762603;0.526307244212674;-0.46875;
07:59:01;58.0;1574409543;90.835;18.16520471093928;0.49767684139559665;-0.44921875;
07:59:03;60.0;1574409544;90.111;18.2958309237922;0.5012556417477315;-0.45166015625;
07:59:04;61.0;1574409545;89.936;18.16520471093928;0.49767684139559665;-0.44921875;
07:59:05;62.0;1574409546;89.917;18.81833577520386;0.5155708431562701;-0.46142578125;
07:59:06;63.0;1574409547;89.548;18.2958309237922;0.5012556417477315;-0.45166015625;
07:59:07;64.0;1574409548;89.955;18.426457136645112;0.504834442099866;-0.4541015625;
07:59:08;65.0;1574409549;89.936;18.426457136645112;0.504834442099866;-0.4541015625;
07:59:09;66.0;1574409550;90.131;18.55708334949803;0.5084132424520008;-0.45654296875;
07:59:10;67.0;1574409551;90.482;18.16520471093928;0.49767684139559665;-0.44921875;
07:59:11;68.0;1574409552;90.619;18.2958309237922;0.5012556417477315;-0.45166015625;
07:59:12;69.0;1574409553;90.639;18.426457136645112;0.504834442099866;-0.4541015625;
07:59:13;70.0;1574409554;90.463;18.16520471093928;0.49767684139559665;-0.44921875;
07:59:14;71.0;1574409555;90.287;18.426457136645112;0.504834442099866;-0.4541015625;
07:59:15;72.0;1574409556;90.072;18.16520471093928;0.49767684139559665;-0.44921875;
07:59:16;73.0;1574409557;90.111;18.16520471093928;0.49767684139559665;-0.44921875;
07:59:18;75.0;1574409558;89.936;18.16520471093928;0.49767684139559665;-0.44921875;
07:59:19;76.0;1574409560;89.819;18.426457136645112;0.504834442099866;-0.4541015625;
07:59:20;77.0;1574409561;89.781;18.16520471093928;0.49767684139559665;-0.44921875;
07:59:21;78.0;1574409562;90.111;18.2958309237922;0.5012556417477315;-0.45166015625;
07:59:22;79.0;1574409563;90.443;18.2958309237922;0.5012556417477315;-0.45166015625;
07:59:23;80.0;1574409564;90.776;18.2958309237922;0.5012556417477315;-0.45166015625;
07:59:24;81.0;1574409565;90.639;18.2958309237922;0.5012556417477315;-0.45166015625;
07:59:25;82.0;1574409566;90.423;18.948961988056773;0.5191496435084048;-0.4638671875;
07:59:26;83.0;1574409567;90.053;18.426457136645112;0.504834442099866;-0.4541015625;
07:59:27;84.0;1574409568;89.994;18.16520471093928;0.49767684139559665;-0.44921875;
07:59:28;85.0;1574409569;89.975;18.2958309237922;0.5012556417477315;-0.45166015625;
07:59:29;86.0;1574409570;89.703;19.602093052321354;0.5370436452690782;-0.47607421875;
07:59:30;87.0;1574409571;90.111;18.2958309237922;0.5012556417477315;-0.45166015625;
07:59:31;88.0;1574409572;89.858;17.773326072380534;0.4869404403391927;-0.44189453125;
07:59:32;89.0;1574409573;89.858;18.2958309237922;0.5012556417477315;-0.45166015625;
07:59:33;90.0;1574409574;90.033;18.2958309237922;0.5012556417477315;-0.45166015625;
07:59:34;91.0;1574409575;89.839;18.426457136645112;0.504834442099866;-0.4541015625;
07:59:35;92.0;1574409576;90.15;18.16520471093928;0.49767684139559665;-0.44921875;
07:59:36;93.0;1574409577;90.014;18.55708334949803;0.5084132424520008;-0.45654296875;
07:59:37;94.0;1574409578;90.345;18.2958309237922;0.5012556417477315;-0.45166015625;
07:59:38;95.0;1574409579;90.306;18.16520471093928;0.49767684139559665;-0.44921875;
07:59:39;96.0;1574409580;89.955;18.2958309237922;0.5012556417477315;-0.45166015625;
07:59:40;97.0;1574409581;90.072;18.16520471093928;0.49767684139559665;-0.44921875;
07:59:41;98.0;1574409582;89.878;18.81833577520386;0.5155708431562701;-0.46142578125;
07:59:42;99.0;1574409583;90.033;18.16520471093928;0.49767684139559665;-0.44921875;
07:59:43;100.0;1574409584;90.033;17.773326072380534;0.4869404403391927;-0.44189453125;
07:59:44;101.0;1574409585;90.014;18.16520471093928;0.49767684139559665;-0.44921875;
07:59:45;102.0;1574409586;89.8;18.16520471093928;0.49767684139559665;-0.44921875;
07:59:46;103.0;1574409587;89.664;18.426457136645112;0.504834442099866;-0.4541015625;
07:59:47;104.0;1574409588;89.839;18.034578498086365;0.49409804104346206;-0.44677734375;
07:59:48;105.0;1574409589;90.189;18.2958309237922;0.5012556417477315;-0.45166015625;
07:59:49;106.0;1574409590;90.619;19.993971690880098;0.5477800463254822;-0.4833984375;
07:59:50;107.0;1574409591;90.502;18.034578498086365;0.49409804104346206;-0.44677734375;
07:59:51;108.0;1574409592;90.365;18.16520471093928;0.49767684139559665;-0.44921875;
07:59:52;109.0;1574409593;90.111;18.16520471093928;0.49767684139559665;-0.44921875;
07:59:53;110.0;1574409594;89.781;18.2958309237922;0.5012556417477315;-0.45166015625;
07:59:54;111.0;1574409595;89.567;17.773326072380534;0.4869404403391927;-0.44189453125;
07:59:55;112.0;1574409596;89.239;18.2958309237922;0.5012556417477315;-0.45166015625;
07:59:56;113.0;1574409597;89.645;18.426457136645112;0.504834442099866;-0.4541015625;
07:59:57;114.0;1574409598;89.8;18.2958309237922;0.5012556417477315;-0.45166015625;
07:59:58;115.0;1574409599;90.072;18.426457136645112;0.504834442099866;-0.4541015625;
07:59:59;116.0;1574409600;90.658;18.2958309237922;0.5012556417477315;-0.45166015625;
08:00:00;117.0;1574409602;90.639;18.2958309237922;0.5012556417477315;-0.45166015625;
08:00:01;118.0;1574409603;90.267;18.81833577520386;0.5155708431562701;-0.46142578125;
08:00:02;119.0;1574409604;90.306;18.426457136645112;0.504834442099866;-0.4541015625;
08:00:03;120.0;1574409605;90.014;18.2958309237922;0.5012556417477315;-0.45166015625;
08:00:04;121.0;1574409606;89.548;18.2958309237922;0.5012556417477315;-0.45166015625;
08:00:05;122.0;1574409607;89.49;18.16520471093928;0.49767684139559665;-0.44921875;
08:00:07;124.0;1574409608;89.471;18.2958309237922;0.5012556417477315;-0.45166015625;
08:00:08;125.0;1574409609;89.684;18.426457136645112;0.504834442099866;-0.4541015625;
08:00:09;126.0;1574409610;89.722;18.16520471093928;0.49767684139559665;-0.44921875;
08:00:10;127.0;1574409611;90.267;19.07958820090969;0.5227284438605394;-0.46630859375;
08:00:11;128.0;1574409612;90.306;17.903952285233448;0.49051924069132735;-0.4443359375;
08:00:12;129.0;1574409613;90.267;17.773326072380534;0.4869404403391927;-0.44189453125;
08:00:13;130.0;1574409614;90.248;18.16520471093928;0.49767684139559665;-0.44921875;
08:00:14;131.0;1574409615;90.131;19.471466839468437;0.5334648449169435;-0.4736328125;
08:00:15;132.0;1574409616;90.131;18.2958309237922;0.5012556417477315;-0.45166015625;
08:00:17;134.0;1574409617;89.975;18.16520471093928;0.49767684139559665;-0.44921875;
08:00:18;135.0;1574409619;89.936;18.426457136645112;0.504834442099866;-0.4541015625;
08:00:19;136.0;1574409620;89.936;18.034578498086365;0.49409804104346206;-0.44677734375;
08:00:20;137.0;1574409621;90.111;18.2958309237922;0.5012556417477315;-0.45166015625;
08:00:21;138.0;1574409622;90.287;18.16520471093928;0.49767684139559665;-0.44921875;
08:00:22;139.0;1574409623;90.326;18.426457136645112;0.504834442099866;-0.4541015625;
08:00:23;140.0;1574409624;90.345;18.16520471093928;0.49767684139559665;-0.44921875;
08:00:24;141.0;1574409625;90.306;18.2958309237922;0.5012556417477315;-0.45166015625;
08:00:25;142.0;1574409626;90.267;18.426457136645112;0.504834442099866;-0.4541015625;
08:00:26;143.0;1574409627;90.326;18.2958309237922;0.5012556417477315;-0.45166015625;
08:00:27;144.0;1574409628;90.15;18.2958309237922;0.5012556417477315;-0.45166015625;
08:00:28;145.0;1574409629;90.15;18.2958309237922;0.5012556417477315;-0.45166015625;
08:00:29;146.0;1574409630;89.819;18.2958309237922;0.5012556417477315;-0.45166015625;
08:00:30;147.0;1574409631;89.548;18.034578498086365;0.49409804104346206;-0.44677734375;
08:00:31;148.0;1574409632;89.374;17.903952285233448;0.49051924069132735;-0.4443359375;
08:00:32;149.0;1574409633;89.355;18.81833577520386;0.5155708431562701;-0.46142578125;
08:00:33;150.0;1574409634;89.393;18.2958309237922;0.5012556417477315;-0.45166015625;
08:00:34;151.0;1574409635;89.548;18.2958309237922;0.5012556417477315;-0.45166015625;
08:00:35;152.0;1574409636;89.587;17.903952285233448;0.49051924069132735;-0.4443359375;
08:00:36;153.0;1574409637;89.413;18.426457136645112;0.504834442099866;-0.4541015625;
08:00:37;154.0;1574409638;89.374;20.38585032943885;0.5585164473818863;-0.49072265625;
08:00:38;155.0;1574409639;88.893;18.426457136645112;0.504834442099866;-0.4541015625;
08:00:39;156.0;1574409640;88.97;16.98956879526304;0.46546763822638465;-0.42724609375;
08:00:40;157.0;1574409641;88.874;18.426457136645112;0.504834442099866;-0.4541015625;
08:00:41;158.0;1574409642;89.104;18.2958309237922;0.5012556417477315;-0.45166015625;
08:00:42;159.0;1574409643;89.606;18.16520471093928;0.49767684139559665;-0.44921875;
08:00:43;160.0;1574409644;89.606;18.16520471093928;0.49767684139559665;-0.44921875;
08:00:44;161.0;1574409645;89.761;18.16520471093928;0.49767684139559665;-0.44921875;
08:00:45;162.0;1574409646;89.742;18.2958309237922;0.5012556417477315;-0.45166015625;
08:00:46;163.0;1574409647;89.393;18.426457136645112;0.504834442099866;-0.4541015625;
08:00:47;164.0;1574409648;89.393;16.98956879526304;0.46546763822638465;-0.42724609375;
08:00:48;165.0;1574409649;89.413;18.2958309237922;0.5012556417477315;-0.45166015625;
08:00:49;166.0;1574409650;89.355;21.692112457968;0.5943044509032329;-0.51513671875;
08:00:50;167.0;1574409651;89.703;18.2958309237922;0.5012556417477315;-0.45166015625;
08:00:51;168.0;1574409652;89.761;16.467063943851375;0.4511524368178459;-0.41748046875;
08:00:52;169.0;1574409654;89.722;18.16520471093928;0.49767684139559665;-0.44921875;
08:00:53;170.0;1574409655;89.781;18.55708334949803;0.5084132424520008;-0.45654296875;
08:00:54;171.0;1574409656;89.606;18.426457136645112;0.504834442099866;-0.4541015625;
08:00:55;172.0;1574409657;89.451;18.16520471093928;0.49767684139559665;-0.44921875;
08:00:56;173.0;1574409658;89.626;18.16520471093928;0.49767684139559665;-0.44921875;
08:00:57;174.0;1574409659;89.8;18.55708334949803;0.5084132424520008;-0.45654296875;
08:00:58;175.0;1574409660;89.781;18.2958309237922;0.5012556417477315;-0.45166015625;
08:00:59;176.0;1574409661;90.111;15.16080181532222;0.4153644332964992;-0.39306640625;
08:01:00;177.0;1574409662;89.567;18.2958309237922;0.5012556417477315;-0.45166015625;
08:01:01;178.0;1574409663;89.316;17.773326072380534;0.4869404403391927;-0.44189453125;
08:01:02;179.0;1574409664;89.027;18.2958309237922;0.5012556417477315;-0.45166015625;
08:01:03;180.0;1574409665;88.682;18.2958309237922;0.5012556417477315;-0.45166015625;
08:01:04;181.0;1574409666;89.181;18.426457136645112;0.504834442099866;-0.4541015625;
08:01:05;182.0;1574409667;89.393;18.16520471093928;0.49767684139559665;-0.44921875;
08:01:06;183.0;1574409668;89.567;18.81833577520386;0.5155708431562701;-0.46142578125;
08:01:07;184.0;1574409669;89.8;18.2958309237922;0.5012556417477315;-0.45166015625;
08:01:08;185.0;1574409670;89.471;18.16520471093928;0.49767684139559665;-0.44921875;
08:01:09;186.0;1574409671;89.316;18.426457136645112;0.504834442099866;-0.4541015625;
08:01:10;187.0;1574409672;89.471;18.426457136645112;0.504834442099866;-0.4541015625;
08:01:12;189.0;1574409673;89.336;18.16520471093928;0.49767684139559665;-0.44921875;
08:01:13;190.0;1574409674;89.509;18.2958309237922;0.5012556417477315;-0.45166015625;
08:01:14;191.0;1574409675;89.548;18.55708334949803;0.5084132424520008;-0.45654296875;
08:01:15;192.0;1574409676;89.509;18.2958309237922;0.5012556417477315;-0.45166015625;
08:01:16;193.0;1574409676;89.606;18.2958309237922;0.5012556417477315;-0.45166015625;
08:01:17;194.0;1574409678;89.722;18.2958309237922;0.5012556417477315;-0.45166015625;
08:01:18;195.0;1574409679;89.626;21.038981393703427;0.5764104491425597;-0.5029296875;
08:01:19;196.0;1574409680;89.781;18.426457136645112;0.504834442099866;-0.4541015625;
08:01:20;197.0;1574409681;89.781;18.16520471093928;0.49767684139559665;-0.44921875;
08:01:21;198.0;1574409682;89.684;17.773326072380534;0.4869404403391927;-0.44189453125;
08:01:22;199.0;1574409683;89.917;22.083991096526752;0.6050408519596371;-0.5224609375;
08:01:23;200.0;1574409684;89.955;18.16520471093928;0.49767684139559665;-0.44921875;
08:01:24;201.0;1574409685;90.131;18.16520471093928;0.49767684139559665;-0.44921875;
08:01:25;202.0;1574409686;90.15;18.55708334949803;0.5084132424520008;-0.45654296875;
08:01:26;203.0;1574409687;89.858;18.16520471093928;0.49767684139559665;-0.44921875;
08:01:27;204.0;1574409688;89.529;18.2958309237922;0.5012556417477315;-0.45166015625;
08:01:28;205.0;1574409689;89.451;18.2958309237922;0.5012556417477315;-0.45166015625;
08:01:29;206.0;1574409690;89.162;18.2958309237922;0.5012556417477315;-0.45166015625;
08:01:30;207.0;1574409691;89.336;18.426457136645112;0.504834442099866;-0.4541015625;
08:01:31;208.0;1574409692;89.143;18.426457136645112;0.504834442099866;-0.4541015625;
08:01:32;209.0;1574409693;88.989;18.2958309237922;0.5012556417477315;-0.45166015625;
08:01:33;210.0;1574409694;89.201;18.2958309237922;0.5012556417477315;-0.45166015625;
08:01:34;211.0;1574409695;88.97;18.81833577520386;0.5155708431562701;-0.46142578125;
08:01:35;212.0;1574409696;89.008;18.2958309237922;0.5012556417477315;-0.45166015625;
08:01:36;213.0;1574409697;89.027;18.16520471093928;0.49767684139559665;-0.44921875;
08:01:37;214.0;1574409698;88.739;18.55708334949803;0.5084132424520008;-0.45654296875;
08:01:38;215.0;1574409699;88.739;19.732719265174268;0.5406224456212129;-0.478515625;
08:01:39;216.0;1574409700;89.297;17.773326072380534;0.4869404403391927;-0.44189453125;
08:01:40;217.0;1574409701;89.316;17.903952285233448;0.49051924069132735;-0.4443359375;
08:01:41;218.0;1574409702;89.471;18.2958309237922;0.5012556417477315;-0.45166015625;
08:01:42;219.0;1574409703;89.509;18.2958309237922;0.5012556417477315;-0.45166015625;
08:01:43;220.0;1574409704;89.124;18.034578498086365;0.49409804104346206;-0.44677734375;
08:01:44;221.0;1574409706;88.931;18.426457136645112;0.504834442099866;-0.4541015625;
08:01:45;222.0;1574409707;88.989;18.16520471093928;0.49767684139559665;-0.44921875;
08:01:46;223.0;1574409708;89.162;18.2958309237922;0.5012556417477315;-0.45166015625;
08:01:47;224.0;1574409709;88.989;18.426457136645112;0.504834442099866;-0.4541015625;
08:01:48;225.0;1574409710;88.759;14.638296963910557;0.4010492318879605;-0.38330078125;
08:01:49;226.0;1574409711;88.912;18.034578498086365;0.49409804104346206;-0.44677734375;
08:01:50;227.0;1574409712;88.893;18.2958309237922;0.5012556417477315;-0.45166015625;
08:01:51;228.0;1574409713;89.22;18.426457136645112;0.504834442099866;-0.4541015625;
08:01:52;229.0;1574409714;89.626;18.2958309237922;0.5012556417477315;-0.45166015625;
08:01:53;230.0;1574409715;89.413;18.426457136645112;0.504834442099866;-0.4541015625;
08:01:54;231.0;1574409716;89.471;18.55708334949803;0.5084132424520008;-0.45654296875;
08:01:55;232.0;1574409717;89.143;18.16520471093928;0.49767684139559665;-0.44921875;
08:01:56;233.0;1574409718;88.644;17.773326072380534;0.4869404403391927;-0.44189453125;
08:01:57;234.0;1574409719;88.472;21.822738670820918;0.5978832512553676;-0.517578125;
08:01:58;235.0;1574409720;88.243;18.2958309237922;0.5012556417477315;-0.45166015625;
08:01:59;236.0;1574409721;88.395;18.2958309237922;0.5012556417477315;-0.45166015625;
08:02:00;237.0;1574409722;88.874;17.773326072380534;0.4869404403391927;-0.44189453125;
08:02:01;238.0;1574409723;89.22;18.2958309237922;0.5012556417477315;-0.45166015625;
08:02:02;239.0;1574409724;89.316;18.426457136645112;0.504834442099866;-0.4541015625;
08:02:03;240.0;1574409725;89.471;18.426457136645112;0.504834442099866;-0.4541015625;
08:02:04;241.0;1574409726;89.201;18.2958309237922;0.5012556417477315;-0.45166015625;
08:02:05;242.0;1574409727;89.181;18.16520471093928;0.49767684139559665;-0.44921875;
08:02:06;243.0;1574409728;88.931;18.2958309237922;0.5012556417477315;-0.45166015625;
08:02:07;244.0;1574409729;88.739;18.2958309237922;0.5012556417477315;-0.45166015625;
08:02:08;245.0;1574409730;89.047;18.2958309237922;0.5012556417477315;-0.45166015625;
08:02:09;246.0;1574409731;89.22;17.903952285233448;0.49051924069132735;-0.4443359375;
08:02:10;247.0;1574409732;89.162;18.16520471093928;0.49767684139559665;-0.44921875;
08:02:11;248.0;1574409733;89.22;18.2958309237922;0.5012556417477315;-0.45166015625;
08:02:12;249.0;1574409734;89.066;17.903952285233448;0.49051924069132735;-0.4443359375;
08:02:13;250.0;1574409735;88.931;18.426457136645112;0.504834442099866;-0.4541015625;
08:02:14;251.0;1574409735;88.989;17.903952285233448;0.49051924069132735;-0.4443359375;
08:02:16;253.0;1574409737;88.95;17.381447433821783;0.4762040392827886;-0.4345703125;
08:02:17;254.0;1574409738;88.97;17.25082122096887;0.472625238930654;-0.43212890625;
08:02:18;255.0;1574409739;88.625;18.426457136645112;0.504834442099866;-0.4541015625;
08:02:19;256.0;1574409740;88.739;18.2958309237922;0.5012556417477315;-0.45166015625;
08:02:20;257.0;1574409741;88.816;18.2958309237922;0.5012556417477315;-0.45166015625;
08:02:21;258.0;1574409742;88.759;17.642699859527617;0.483361639987058;-0.439453125;
08:02:22;259.0;1574409743;88.95;18.16520471093928;0.49767684139559665;-0.44921875;
08:02:23;260.0;1574409744;88.97;18.2958309237922;0.5012556417477315;-0.45166015625;
08:02:24;261.0;1574409745;88.816;18.034578498086365;0.49409804104346206;-0.44677734375;
08:02:25;262.0;1574409746;89.162;17.512073646674704;0.4797828396349234;-0.43701171875;
08:02:26;263.0;1574409747;89.181;17.773326072380534;0.4869404403391927;-0.44189453125;
08:02:27;264.0;1574409748;89.047;18.2958309237922;0.5012556417477315;-0.45166015625;
08:02:28;265.0;1574409749;89.143;17.120195008115953;0.46904643857851924;-0.4296875;
08:02:29;266.0;1574409750;88.835;18.16520471093928;0.49767684139559665;-0.44921875;
08:02:30;267.0;1574409751;88.778;18.2958309237922;0.5012556417477315;-0.45166015625;
08:02:31;268.0;1574409752;88.912;18.81833577520386;0.5155708431562701;-0.46142578125;
08:02:32;269.0;1574409753;89.258;17.903952285233448;0.49051924069132735;-0.4443359375;
08:02:33;270.0;1574409754;89.239;18.16520471093928;0.49767684139559665;-0.44921875;
08:02:34;271.0;1574409755;89.278;18.2958309237922;0.5012556417477315;-0.45166015625;
08:02:35;272.0;1574409756;89.124;17.903952285233448;0.49051924069132735;-0.4443359375;
08:02:36;273.0;1574409757;88.835;18.2958309237922;0.5012556417477315;-0.45166015625;
08:02:37;274.0;1574409758;88.797;18.55708334949803;0.5084132424520008;-0.45654296875;
08:02:38;275.0;1574409759;88.72;18.16520471093928;0.49767684139559665;-0.44921875;
08:02:39;276.0;1574409760;88.701;18.426457136645112;0.504834442099866;-0.4541015625;
08:02:40;277.0;1574409761;88.51;18.2958309237922;0.5012556417477315;-0.45166015625;
08:02:41;278.0;1574409762;88.529;18.034578498086365;0.49409804104346206;-0.44677734375;
08:02:42;279.0;1574409763;88.586;18.2958309237922;0.5012556417477315;-0.45166015625;
08:02:43;280.0;1574409764;88.816;18.426457136645112;0.504834442099866;-0.4541015625;
08:02:44;281.0;1574409765;89.124;18.034578498086365;0.49409804104346206;-0.44677734375;
08:02:45;282.0;1574409766;89.162;18.16520471093928;0.49767684139559665;-0.44921875;
08:02:46;283.0;1574409767;89.047;18.687709562350943;0.5119920428041355;-0.458984375;
08:02:47;284.0;1574409768;88.912;18.2958309237922;0.5012556417477315;-0.45166015625;
08:02:48;285.0;1574409769;88.548;16.858942582410123;0.46188883787424995;-0.4248046875;
08:02:49;286.0;1574409770;88.529;18.55708334949803;0.5084132424520008;-0.45654296875;
08:02:50;287.0;1574409771;88.625;18.16520471093928;0.49767684139559665;-0.44921875;
08:02:51;288.0;1574409772;89.008;18.16520471093928;0.49767684139559665;-0.44921875;
08:02:52;289.0;1574409773;89.027;18.034578498086365;0.49409804104346206;-0.44677734375;
08:02:53;290.0;1574409774;89.008;18.2958309237922;0.5012556417477315;-0.45166015625;
08:02:54;291.0;1574409775;89.027;19.210214413762603;0.526307244212674;-0.46875;
08:02:55;292.0;1574409776;88.759;18.426457136645112;0.504834442099866;-0.4541015625;
08:02:56;293.0;1574409777;88.548;17.773326072380534;0.4869404403391927;-0.44189453125;
08:02:57;294.0;1574409778;88.548;18.55708334949803;0.5084132424520008;-0.45654296875;
08:02:58;295.0;1574409779;88.453;21.692112457968;0.5943044509032329;-0.51513671875;
08:02:59;296.0;1574409781;88.3;18.2958309237922;0.5012556417477315;-0.45166015625;
08:03:00;297.0;1574409782;88.663;18.2958309237922;0.5012556417477315;-0.45166015625;
08:03:01;298.0;1574409783;88.682;18.2958309237922;0.5012556417477315;-0.45166015625;
08:03:02;299.0;1574409784;88.548;18.034578498086365;0.49409804104346206;-0.44677734375;
08:03:03;300.0;1574409785;88.395;18.2958309237922;0.5012556417477315;-0.45166015625;
08:03:04;301.0;1574409786;88.548;18.034578498086365;0.49409804104346206;-0.44677734375;
08:03:05;302.0;1574409787;88.759;17.903952285233448;0.49051924069132735;-0.4443359375;
08:03:06;303.0;1574409788;88.816;20.516476542291763;0.5620952477340209;-0.4931640625;
08:03:07;304.0;1574409789;89.047;18.2958309237922;0.5012556417477315;-0.45166015625;
08:03:08;305.0;1574409790;89.104;18.426457136645112;0.504834442099866;-0.4541015625;
08:03:09;306.0;1574409791;88.72;18.2958309237922;0.5012556417477315;-0.45166015625;
08:03:10;307.0;1574409792;88.548;18.034578498086365;0.49409804104346206;-0.44677734375;
08:03:11;308.0;1574409793;88.453;18.426457136645112;0.504834442099866;-0.4541015625;
08:03:12;309.0;1574409794;88.11;18.2958309237922;0.5012556417477315;-0.45166015625;
08:03:13;310.0;1574409794;88.148;18.2958309237922;0.5012556417477315;-0.45166015625;
08:03:14;311.0;1574409796;88.338;20.255224116585932;0.5549376470297516;-0.48828125;
08:03:15;312.0;1574409797;87.996;18.426457136645112;0.504834442099866;-0.4541015625;
08:03:16;313.0;1574409798;87.977;16.205811518145545;0.4439948361135766;-0.41259765625;
08:03:17;314.0;1574409799;87.958;18.2958309237922;0.5012556417477315;-0.45166015625;
08:03:18;315.0;1574409800;88.148;18.2958309237922;0.5012556417477315;-0.45166015625;
08:03:20;317.0;1574409801;88.148;18.2958309237922;0.5012556417477315;-0.45166015625;
08:03:21;318.0;1574409802;87.996;18.2958309237922;0.5012556417477315;-0.45166015625;
08:03:22;319.0;1574409803;88.167;18.426457136645112;0.504834442099866;-0.4541015625;
08:03:23;320.0;1574409804;87.863;18.426457136645112;0.504834442099866;-0.4541015625;
08:03:24;321.0;1574409805;88.243;18.2958309237922;0.5012556417477315;-0.45166015625;
08:03:25;322.0;1574409806;88.395;18.426457136645112;0.504834442099866;-0.4541015625;
08:03:26;323.0;1574409807;88.205;18.2958309237922;0.5012556417477315;-0.45166015625;
08:03:27;324.0;1574409808;88.472;18.2958309237922;0.5012556417477315;-0.45166015625;
08:03:28;325.0;1574409809;88.395;18.2958309237922;0.5012556417477315;-0.45166015625;
08:03:29;326.0;1574409810;88.548;18.2958309237922;0.5012556417477315;-0.45166015625;
08:03:30;327.0;1574409811;88.376;18.426457136645112;0.504834442099866;-0.4541015625;
08:03:31;328.0;1574409812;88.148;18.55708334949803;0.5084132424520008;-0.45654296875;
08:03:32;329.0;1574409813;88.148;18.2958309237922;0.5012556417477315;-0.45166015625;
08:03:33;330.0;1574409814;88.015;18.426457136645112;0.504834442099866;-0.4541015625;
08:03:34;331.0;1574409815;88.205;18.426457136645112;0.504834442099866;-0.4541015625;
08:03:35;332.0;1574409816;88.262;19.471466839468437;0.5334648449169435;-0.4736328125;
08:03:36;333.0;1574409817;88.3;18.16520471093928;0.49767684139559665;-0.44921875;
08:03:37;334.0;1574409818;88.129;18.2958309237922;0.5012556417477315;-0.45166015625;
08:03:38;335.0;1574409819;87.996;17.773326072380534;0.4869404403391927;-0.44189453125;
08:03:39;336.0;1574409820;88.129;18.16520471093928;0.49767684139559665;-0.44921875;
08:03:40;337.0;1574409821;88.11;18.16520471093928;0.49767684139559665;-0.44921875;
08:03:41;338.0;1574409822;88.243;18.034578498086365;0.49409804104346206;-0.44677734375;
08:03:42;339.0;1574409823;88.224;18.55708334949803;0.5084132424520008;-0.45654296875;
08:03:43;340.0;1574409824;88.11;18.2958309237922;0.5012556417477315;-0.45166015625;
08:03:44;341.0;1574409825;87.939;18.034578498086365;0.49409804104346206;-0.44677734375;
08:03:45;342.0;1574409826;87.977;18.426457136645112;0.504834442099866;-0.4541015625;
08:03:46;343.0;1574409827;88.11;18.426457136645112;0.504834442099866;-0.4541015625;
08:03:47;344.0;1574409828;88.262;18.426457136645112;0.504834442099866;-0.4541015625;
08:03:48;345.0;1574409829;88.586;18.426457136645112;0.504834442099866;-0.4541015625;
08:03:49;346.0;1574409830;88.644;18.16520471093928;0.49767684139559665;-0.44921875;
08:03:50;347.0;1574409831;88.759;18.2958309237922;0.5012556417477315;-0.45166015625;
08:03:51;348.0;1574409832;88.453;18.16520471093928;0.49767684139559665;-0.44921875;
08:03:52;349.0;1574409833;88.262;18.2958309237922;0.5012556417477315;-0.45166015625;
08:03:53;350.0;1574409834;88.281;18.2958309237922;0.5012556417477315;-0.45166015625;
08:03:54;351.0;1574409835;87.996;18.2958309237922;0.5012556417477315;-0.45166015625;
08:03:55;352.0;1574409836;88.034;18.2958309237922;0.5012556417477315;-0.45166015625;
08:03:56;353.0;1574409837;88.205;18.2958309237922;0.5012556417477315;-0.45166015625;
08:03:57;354.0;1574409838;87.92;18.2958309237922;0.5012556417477315;-0.45166015625;
08:03:58;355.0;1574409839;88.338;18.426457136645112;0.504834442099866;-0.4541015625;
08:03:59;356.0;1574409840;88.453;18.16520471093928;0.49767684139559665;-0.44921875;
08:04:00;357.0;1574409841;88.357;17.642699859527617;0.483361639987058;-0.439453125;
08:04:01;358.0;1574409842;88.224;18.2958309237922;0.5012556417477315;-0.45166015625;
08:04:02;359.0;1574409843;87.958;18.2958309237922;0.5012556417477315;-0.45166015625;
08:04:03;360.0;1574409844;87.958;18.16520471093928;0.49767684139559665;-0.44921875;
08:04:04;361.0;1574409845;87.939;18.2958309237922;0.5012556417477315;-0.45166015625;
08:04:05;362.0;1574409846;88.072;18.426457136645112;0.504834442099866;-0.4541015625;
08:04:06;363.0;1574409847;88.11;18.16520471093928;0.49767684139559665;-0.44921875;
08:04:07;364.0;1574409848;87.901;17.903952285233448;0.49051924069132735;-0.4443359375;
08:04:08;365.0;1574409849;87.996;18.426457136645112;0.504834442099866;-0.4541015625;
08:04:09;366.0;1574409850;87.844;18.16520471093928;0.49767684139559665;-0.44921875;
08:04:10;367.0;1574409851;87.636;18.426457136645112;0.504834442099866;-0.4541015625;
08:04:11;368.0;1574409852;87.674;19.471466839468437;0.5334648449169435;-0.4736328125;
08:04:12;369.0;1574409853;87.56;20.12459790373302;0.5513588466776169;-0.48583984375;
08:04:13;370.0;1574409854;87.73;16.858942582410123;0.46188883787424995;-0.4248046875;
08:04:14;371.0;1574409855;87.73;18.034578498086365;0.49409804104346206;-0.44677734375;
08:04:15;372.0;1574409856;88.053;19.602093052321354;0.5370436452690782;-0.47607421875;
08:04:16;373.0;1574409857;88.053;18.426457136645112;0.504834442099866;-0.4541015625;
08:04:17;374.0;1574409858;88.224;18.16520471093928;0.49767684139559665;-0.44921875;
08:04:18;375.0;1574409860;88.205;18.034578498086365;0.49409804104346206;-0.44677734375;
08:04:19;376.0;1574409861;87.996;18.426457136645112;0.504834442099866;-0.4541015625;
08:04:20;377.0;1574409862;87.863;18.948961988056773;0.5191496435084048;-0.4638671875;
08:04:21;378.0;1574409863;87.863;18.426457136645112;0.504834442099866;-0.4541015625;
08:04:22;379.0;1574409864;88.034;17.773326072380534;0.4869404403391927;-0.44189453125;
08:04:24;381.0;1574409865;88.148;18.426457136645112;0.504834442099866;-0.4541015625;
08:04:25;382.0;1574409866;88.414;18.55708334949803;0.5084132424520008;-0.45654296875;
08:04:26;383.0;1574409867;88.262;18.16520471093928;0.49767684139559665;-0.44921875;
08:04:27;384.0;1574409868;88.281;18.2958309237922;0.5012556417477315;-0.45166015625;
08:04:28;385.0;1574409869;88.186;18.2958309237922;0.5012556417477315;-0.45166015625;
08:04:29;386.0;1574409870;87.749;18.16520471093928;0.49767684139559665;-0.44921875;
08:04:30;387.0;1574409871;87.749;17.512073646674704;0.4797828396349234;-0.43701171875;
08:04:31;388.0;1574409872;87.844;18.16520471093928;0.49767684139559665;-0.44921875;
08:04:32;389.0;1574409873;87.674;18.948961988056773;0.5191496435084048;-0.4638671875;
08:04:33;390.0;1574409874;87.806;18.55708334949803;0.5084132424520008;-0.45654296875;
08:04:34;391.0;1574409875;87.825;18.2958309237922;0.5012556417477315;-0.45166015625;
08:04:35;392.0;1574409876;87.617;18.2958309237922;0.5012556417477315;-0.45166015625;
08:04:36;393.0;1574409877;87.522;18.034578498086365;0.49409804104346206;-0.44677734375;
08:04:37;394.0;1574409878;87.56;18.2958309237922;0.5012556417477315;-0.45166015625;
08:04:38;395.0;1574409879;87.409;17.903952285233448;0.49051924069132735;-0.4443359375;
08:04:39;396.0;1574409880;87.221;18.81833577520386;0.5155708431562701;-0.46142578125;
08:04:40;397.0;1574409881;87.334;17.512073646674704;0.4797828396349234;-0.43701171875;
08:04:41;398.0;1574409882;87.485;18.034578498086365;0.49409804104346206;-0.44677734375;
08:04:42;399.0;1574409883;87.825;18.2958309237922;0.5012556417477315;-0.45166015625;
08:04:43;400.0;1574409884;88.167;18.2958309237922;0.5012556417477315;-0.45166015625;
08:04:44;401.0;1574409885;88.338;18.16520471093928;0.49767684139559665;-0.44921875;
08:04:45;402.0;1574409886;88.015;18.426457136645112;0.504834442099866;-0.4541015625;
08:04:46;403.0;1574409887;87.806;17.773326072380534;0.4869404403391927;-0.44189453125;
08:04:47;404.0;1574409888;87.617;18.16520471093928;0.49767684139559665;-0.44921875;
08:04:48;405.0;1574409889;87.447;18.426457136645112;0.504834442099866;-0.4541015625;
08:04:49;406.0;1574409890;87.409;18.426457136645112;0.504834442099866;-0.4541015625;
08:04:50;407.0;1574409891;87.466;18.426457136645112;0.504834442099866;-0.4541015625;
08:04:51;408.0;1574409892;87.485;18.034578498086365;0.49409804104346206;-0.44677734375;
08:04:52;409.0;1574409893;87.636;18.2958309237922;0.5012556417477315;-0.45166015625;
08:04:53;410.0;1574409894;87.844;18.2958309237922;0.5012556417477315;-0.45166015625;
08:04:54;411.0;1574409895;87.806;18.426457136645112;0.504834442099866;-0.4541015625;
08:04:55;412.0;1574409896;87.825;18.16520471093928;0.49767684139559665;-0.44921875;
08:04:56;413.0;1574409897;87.958;18.16520471093928;0.49767684139559665;-0.44921875;
08:04:57;414.0;1574409898;87.579;18.948961988056773;0.5191496435084048;-0.4638671875;
08:04:58;415.0;1574409899;87.485;18.55708334949803;0.5084132424520008;-0.45654296875;
08:04:59;416.0;1574409900;87.485;15.291428028175133;0.4189432336486338;-0.3955078125;
08:05:00;417.0;1574409901;86.958;18.426457136645112;0.504834442099866;-0.4541015625;
08:05:01;418.0;1574409902;87.108;18.16520471093928;0.49767684139559665;-0.44921875;
08:05:02;419.0;1574409903;87.334;18.16520471093928;0.49767684139559665;-0.44921875;
08:05:03;420.0;1574409904;87.296;18.426457136645112;0.504834442099866;-0.4541015625;
08:05:04;421.0;1574409905;87.56;18.16520471093928;0.49767684139559665;-0.44921875;
08:05:05;422.0;1574409906;87.541;18.426457136645112;0.504834442099866;-0.4541015625;
08:05:06;423.0;1574409907;87.183;18.16520471093928;0.49767684139559665;-0.44921875;
08:05:07;424.0;1574409908;87.183;18.81833577520386;0.5155708431562701;-0.46142578125;
08:05:08;425.0;1574409909;87.108;18.2958309237922;0.5012556417477315;-0.45166015625;
08:05:09;426.0;1574409910;87.033;18.81833577520386;0.5155708431562701;-0.46142578125;
08:05:10;427.0;1574409911;87.372;18.034578498086365;0.49409804104346206;-0.44677734375;
08:05:11;428.0;1574409912;87.428;18.034578498086365;0.49409804104346206;-0.44677734375;
08:05:12;429.0;1574409913;87.353;18.55708334949803;0.5084132424520008;-0.45654296875;
08:05:13;430.0;1574409914;87.504;18.426457136645112;0.504834442099866;-0.4541015625;
08:05:14;431.0;1574409915;86.977;18.16520471093928;0.49767684139559665;-0.44921875;
08:05:15;432.0;1574409916;87.108;17.25082122096887;0.472625238930654;-0.43212890625;
08:05:16;433.0;1574409917;87.221;18.034578498086365;0.49409804104346206;-0.44677734375;
08:05:17;434.0;1574409919;87.39;18.2958309237922;0.5012556417477315;-0.45166015625;
08:05:18;435.0;1574409920;87.655;18.55708334949803;0.5084132424520008;-0.45654296875;
08:05:19;436.0;1574409921;87.674;18.16520471093928;0.49767684139559665;-0.44921875;
08:05:20;437.0;1574409922;87.636;18.16520471093928;0.49767684139559665;-0.44921875;
08:05:21;438.0;1574409923;87.617;18.16520471093928;0.49767684139559665;-0.44921875;
08:05:22;439.0;1574409924;87.73;17.773326072380534;0.4869404403391927;-0.44189453125;
08:05:23;440.0;1574409925;87.655;19.471466839468437;0.5334648449169435;-0.4736328125;
08:05:24;441.0;1574409926;87.711;18.2958309237922;0.5012556417477315;-0.45166015625;
08:05:25;442.0;1574409927;87.56;18.16520471093928;0.49767684139559665;-0.44921875;
08:05:26;443.0;1574409928;87.522;18.2958309237922;0.5012556417477315;-0.45166015625;
08:05:28;445.0;1574409929;87.39;17.903952285233448;0.49051924069132735;-0.4443359375;
08:05:29;446.0;1574409930;87.409;18.426457136645112;0.504834442099866;-0.4541015625;
08:05:30;447.0;1574409931;87.428;18.16520471093928;0.49767684139559665;-0.44921875;
08:05:31;448.0;1574409932;87.334;18.2958309237922;0.5012556417477315;-0.45166015625;
08:05:32;449.0;1574409933;87.334;18.16520471093928;0.49767684139559665;-0.44921875;
08:05:33;450.0;1574409934;87.372;18.034578498086365;0.49409804104346206;-0.44677734375;
08:05:34;451.0;1574409935;87.372;19.07958820090969;0.5227284438605394;-0.46630859375;
08:05:35;452.0;1574409936;87.334;18.16520471093928;0.49767684139559665;-0.44921875;
08:05:36;453.0;1574409937;87.108;18.948961988056773;0.5191496435084048;-0.4638671875;
08:05:37;454.0;1574409938;86.902;18.2958309237922;0.5012556417477315;-0.45166015625;
08:05:38;455.0;1574409939;86.883;19.340840626615524;0.5298860445648089;-0.47119140625;
08:05:39;456.0;1574409940;87.071;18.2958309237922;0.5012556417477315;-0.45166015625;
08:05:40;457.0;1574409941;87.165;18.2958309237922;0.5012556417477315;-0.45166015625;
08:05:41;458.0;1574409942;87.315;18.16520471093928;0.49767684139559665;-0.44921875;
08:05:42;459.0;1574409943;87.428;18.426457136645112;0.504834442099866;-0.4541015625;
08:05:43;460.0;1574409944;87.428;17.381447433821783;0.4762040392827886;-0.4345703125;
08:05:44;461.0;1574409945;87.24;18.2958309237922;0.5012556417477315;-0.45166015625;
08:05:45;462.0;1574409946;87.071;18.2958309237922;0.5012556417477315;-0.45166015625;
08:05:46;463.0;1574409947;86.977;19.07958820090969;0.5227284438605394;-0.46630859375;
08:05:47;464.0;1574409948;86.771;17.381447433821783;0.4762040392827886;-0.4345703125;
08:05:48;465.0;1574409949;86.977;18.2958309237922;0.5012556417477315;-0.45166015625;
08:05:49;466.0;1574409950;87.183;18.81833577520386;0.5155708431562701;-0.46142578125;
08:05:50;467.0;1574409951;87.165;18.55708334949803;0.5084132424520008;-0.45654296875;
08:05:51;468.0;1574409952;87.183;14.115792112498895;0.3867340304794218;-0.37353515625;
08:05:52;469.0;1574409953;87.296;18.16520471093928;0.49767684139559665;-0.44921875;
08:05:53;470.0;1574409954;87.089;18.16520471093928;0.49767684139559665;-0.44921875;
08:05:54;471.0;1574409955;87.089;18.2958309237922;0.5012556417477315;-0.45166015625;
08:05:55;472.0;1574409956;87.127;19.210214413762603;0.526307244212674;-0.46875;
08:05:56;473.0;1574409957;86.827;17.903952285233448;0.49051924069132735;-0.4443359375;
08:05:57;474.0;1574409958;87.033;18.2958309237922;0.5012556417477315;-0.45166015625;
08:05:58;475.0;1574409959;87.146;20.908355180850506;0.5728316487904248;-0.50048828125;
08:05:59;476.0;1574409960;87.165;18.426457136645112;0.504834442099866;-0.4541015625;
08:06:00;477.0;1574409961;87.334;17.773326072380534;0.4869404403391927;-0.44189453125;
08:06:01;478.0;1574409962;87.24;18.2958309237922;0.5012556417477315;-0.45166015625;
08:06:02;479.0;1574409963;87.127;18.2958309237922;0.5012556417477315;-0.45166015625;
08:06:03;480.0;1574409964;87.089;18.2958309237922;0.5012556417477315;-0.45166015625;
08:06:04;481.0;1574409965;86.864;18.16520471093928;0.49767684139559665;-0.44921875;
08:06:05;482.0;1574409966;86.846;18.2958309237922;0.5012556417477315;-0.45166015625;
08:06:06;483.0;1574409967;87.033;18.426457136645112;0.504834442099866;-0.4541015625;
08:06:07;484.0;1574409968;87.033;18.16520471093928;0.49767684139559665;-0.44921875;
08:06:08;485.0;1574409970;87.202;18.034578498086365;0.49409804104346206;-0.44677734375;
08:06:09;486.0;1574409971;87.315;18.2958309237922;0.5012556417477315;-0.45166015625;
08:06:10;487.0;1574409971;87.089;18.16520471093928;0.49767684139559665;-0.44921875;
08:06:11;488.0;1574409973;87.165;18.16520471093928;0.49767684139559665;-0.44921875;
08:06:12;489.0;1574409974;87.221;17.25082122096887;0.472625238930654;-0.43212890625;
08:06:13;490.0;1574409975;87.165;18.16520471093928;0.49767684139559665;-0.44921875;
08:06:14;491.0;1574409976;87.165;18.16520471093928;0.49767684139559665;-0.44921875;
08:06:15;492.0;1574409977;87.089;18.426457136645112;0.504834442099866;-0.4541015625;
08:06:16;493.0;1574409978;86.864;17.512073646674704;0.4797828396349234;-0.43701171875;
08:06:17;494.0;1574409979;86.734;18.2958309237922;0.5012556417477315;-0.45166015625;
08:06:18;495.0;1574409980;86.771;18.55708334949803;0.5084132424520008;-0.45654296875;
08:06:19;496.0;1574409981;86.659;18.2958309237922;0.5012556417477315;-0.45166015625;
08:06:20;497.0;1574409982;86.902;18.2958309237922;0.5012556417477315;-0.45166015625;
08:06:21;498.0;1574409983;87.221;18.55708334949803;0.5084132424520008;-0.45654296875;
08:06:22;499.0;1574409984;86.977;18.16520471093928;0.49767684139559665;-0.44921875;
08:06:23;500.0;1574409985;87.014;18.2958309237922;0.5012556417477315;-0.45166015625;
08:06:24;501.0;1574409986;86.808;17.512073646674704;0.4797828396349234;-0.43701171875;
08:06:25;502.0;1574409987;86.138;18.16520471093928;0.49767684139559665;-0.44921875;
08:06:26;503.0;1574409988;86.323;18.81833577520386;0.5155708431562701;-0.46142578125;
08:06:27;504.0;1574409989;86.379;17.903952285233448;0.49051924069132735;-0.4443359375;
08:06:28;505.0;1574409990;86.584;17.773326072380534;0.4869404403391927;-0.44189453125;
08:06:29;506.0;1574409991;86.958;18.426457136645112;0.504834442099866;-0.4541015625;
08:06:30;507.0;1574409992;87.052;18.16520471093928;0.49767684139559665;-0.44921875;
08:06:32;509.0;1574409993;87.146;18.2958309237922;0.5012556417477315;-0.45166015625;
08:06:33;510.0;1574409994;86.958;16.98956879526304;0.46546763822638465;-0.42724609375;
08:06:34;511.0;1574409995;86.771;17.903952285233448;0.49051924069132735;-0.4443359375;
08:06:35;512.0;1574409996;86.435;18.2958309237922;0.5012556417477315;-0.45166015625;
08:06:36;513.0;1574409997;86.342;17.773326072380534;0.4869404403391927;-0.44189453125;
08:06:37;514.0;1574409998;86.454;18.2958309237922;0.5012556417477315;-0.45166015625;
08:06:38;515.0;1574409999;86.51;18.2958309237922;0.5012556417477315;-0.45166015625;
08:06:39;516.0;1574410000;86.808;18.2958309237922;0.5012556417477315;-0.45166015625;
08:06:40;517.0;1574410001;86.565;18.16520471093928;0.49767684139559665;-0.44921875;
08:06:41;518.0;1574410002;86.734;18.034578498086365;0.49409804104346206;-0.44677734375;
08:06:42;519.0;1574410003;86.827;18.034578498086365;0.49409804104346206;-0.44677734375;
08:06:43;520.0;1574410004;86.846;18.426457136645112;0.504834442099866;-0.4541015625;
08:06:44;521.0;1574410005;86.977;18.2958309237922;0.5012556417477315;-0.45166015625;
08:06:45;522.0;1574410006;86.659;18.2958309237922;0.5012556417477315;-0.45166015625;
08:06:46;523.0;1574410007;86.677;18.2958309237922;0.5012556417477315;-0.45166015625;
08:06:47;524.0;1574410008;86.547;18.2958309237922;0.5012556417477315;-0.45166015625;
08:06:48;525.0;1574410009;86.547;18.16520471093928;0.49767684139559665;-0.44921875;
08:06:49;526.0;1574410010;86.827;18.2958309237922;0.5012556417477315;-0.45166015625;
08:06:50;527.0;1574410011;86.977;18.16520471093928;0.49767684139559665;-0.44921875;
08:06:51;528.0;1574410012;87.183;21.038981393703427;0.5764104491425597;-0.5029296875;
08:06:52;529.0;1574410013;87.296;18.426457136645112;0.504834442099866;-0.4541015625;
08:06:53;530.0;1574410014;87.089;18.2958309237922;0.5012556417477315;-0.45166015625;
08:06:54;531.0;1574410015;86.771;18.2958309237922;0.5012556417477315;-0.45166015625;
08:06:55;532.0;1574410016;86.323;18.16520471093928;0.49767684139559665;-0.44921875;
08:06:56;533.0;1574410017;86.175;18.948961988056773;0.5191496435084048;-0.4638671875;
08:06:57;534.0;1574410018;86.175;17.642699859527617;0.483361639987058;-0.439453125;
08:06:58;535.0;1574410019;86.045;18.2958309237922;0.5012556417477315;-0.45166015625;
08:06:59;536.0;1574410020;86.212;18.2958309237922;0.5012556417477315;-0.45166015625;
08:07:00;537.0;1574410021;86.063;18.426457136645112;0.504834442099866;-0.4541015625;
08:07:01;538.0;1574410022;86.008;18.426457136645112;0.504834442099866;-0.4541015625;
08:07:02;539.0;1574410023;86.101;18.55708334949803;0.5084132424520008;-0.45654296875;
08:07:03;540.0;1574410025;86.416;18.55708334949803;0.5084132424520008;-0.45654296875;
08:07:04;541.0;1574410026;86.734;18.16520471093928;0.49767684139559665;-0.44921875;
08:07:05;542.0;1574410027;86.565;18.16520471093928;0.49767684139559665;-0.44921875;
08:07:06;543.0;1574410028;86.621;18.16520471093928;0.49767684139559665;-0.44921875;
08:07:07;544.0;1574410029;86.472;18.426457136645112;0.504834442099866;-0.4541015625;
08:07:08;545.0;1574410030;86.193;18.426457136645112;0.504834442099866;-0.4541015625;
08:07:09;546.0;1574410030;86.249;18.034578498086365;0.49409804104346206;-0.44677734375;
08:07:10;547.0;1574410032;86.416;18.2958309237922;0.5012556417477315;-0.45166015625;
08:07:11;548.0;1574410033;86.138;18.2958309237922;0.5012556417477315;-0.45166015625;
08:07:12;549.0;1574410034;86.138;18.2958309237922;0.5012556417477315;-0.45166015625;
08:07:13;550.0;1574410035;86.305;18.426457136645112;0.504834442099866;-0.4541015625;
08:07:14;551.0;1574410036;85.989;18.16520471093928;0.49767684139559665;-0.44921875;
08:07:15;552.0;1574410037;86.138;18.16520471093928;0.49767684139559665;-0.44921875;
08:07:16;553.0;1574410038;86.64;18.034578498086365;0.49409804104346206;-0.44677734375;
08:07:17;554.0;1574410039;86.454;19.210214413762603;0.526307244212674;-0.46875;
08:07:18;555.0;1574410040;86.771;18.034578498086365;0.49409804104346206;-0.44677734375;
08:07:19;556.0;1574410041;86.677;18.2958309237922;0.5012556417477315;-0.45166015625;
08:07:20;557.0;1574410042;86.268;18.16520471093928;0.49767684139559665;-0.44921875;
08:07:21;558.0;1574410043;86.249;18.426457136645112;0.504834442099866;-0.4541015625;
08:07:22;559.0;1574410044;85.934;18.16520471093928;0.49767684139559665;-0.44921875;
08:07:23;560.0;1574410045;85.878;18.2958309237922;0.5012556417477315;-0.45166015625;
08:07:24;561.0;1574410046;86.119;18.2958309237922;0.5012556417477315;-0.45166015625;
08:07:25;562.0;1574410047;86.342;18.16520471093928;0.49767684139559665;-0.44921875;
08:07:26;563.0;1574410048;86.323;18.55708334949803;0.5084132424520008;-0.45654296875;
08:07:27;564.0;1574410049;86.454;18.2958309237922;0.5012556417477315;-0.45166015625;
08:07:28;565.0;1574410050;86.138;18.948961988056773;0.5191496435084048;-0.4638671875;
08:07:29;566.0;1574410051;86.063;18.426457136645112;0.504834442099866;-0.4541015625;
08:07:30;567.0;1574410052;86.193;18.2958309237922;0.5012556417477315;-0.45166015625;
08:07:31;568.0;1574410053;86.156;18.2958309237922;0.5012556417477315;-0.45166015625;
08:07:32;569.0;1574410054;86.268;18.687709562350943;0.5119920428041355;-0.458984375;
08:07:33;570.0;1574410055;86.323;18.2958309237922;0.5012556417477315;-0.45166015625;
08:07:34;571.0;1574410056;86.249;18.16520471093928;0.49767684139559665;-0.44921875;
08:07:36;573.0;1574410057;86.119;18.034578498086365;0.49409804104346206;-0.44677734375;
08:07:37;574.0;1574410058;86.082;18.687709562350943;0.5119920428041355;-0.458984375;
08:07:38;575.0;1574410059;86.026;17.773326072380534;0.4869404403391927;-0.44189453125;
08:07:39;576.0;1574410060;86.119;18.16520471093928;0.49767684139559665;-0.44921875;
08:07:40;577.0;1574410061;86.286;18.2958309237922;0.5012556417477315;-0.45166015625;
08:07:41;578.0;1574410062;86.472;18.2958309237922;0.5012556417477315;-0.45166015625;
08:07:42;579.0;1574410063;86.361;18.426457136645112;0.504834442099866;-0.4541015625;
08:07:43;580.0;1574410064;86.361;18.426457136645112;0.504834442099866;-0.4541015625;
08:07:44;581.0;1574410065;86.379;18.16520471093928;0.49767684139559665;-0.44921875;
08:07:45;582.0;1574410066;86.305;18.16520471093928;0.49767684139559665;-0.44921875;
08:07:46;583.0;1574410067;86.268;18.16520471093928;0.49767684139559665;-0.44921875;
08:07:47;584.0;1574410068;86.323;18.2958309237922;0.5012556417477315;-0.45166015625;
08:07:48;585.0;1574410069;86.193;18.16520471093928;0.49767684139559665;-0.44921875;
08:07:49;586.0;1574410070;86.082;18.2958309237922;0.5012556417477315;-0.45166015625;
08:07:50;587.0;1574410071;86.268;18.034578498086365;0.49409804104346206;-0.44677734375;
08:07:51;588.0;1574410072;86.101;18.426457136645112;0.504834442099866;-0.4541015625;
08:07:52;589.0;1574410073;86.175;18.426457136645112;0.504834442099866;-0.4541015625;
08:07:53;590.0;1574410074;86.323;18.2958309237922;0.5012556417477315;-0.45166015625;
08:07:54;591.0;1574410075;86.286;17.903952285233448;0.49051924069132735;-0.4443359375;
08:07:55;592.0;1574410076;86.398;18.2958309237922;0.5012556417477315;-0.45166015625;
08:07:56;593.0;1574410077;86.416;18.034578498086365;0.49409804104346206;-0.44677734375;
08:07:57;594.0;1574410078;86.342;18.16520471093928;0.49767684139559665;-0.44921875;
08:07:58;595.0;1574410079;86.23;18.16520471093928;0.49767684139559665;-0.44921875;
08:07:59;596.0;1574410080;86.063;18.2958309237922;0.5012556417477315;-0.45166015625;
08:08:00;597.0;1574410081;85.897;18.16520471093928;0.49767684139559665;-0.44921875;
08:08:01;598.0;1574410082;85.878;18.2958309237922;0.5012556417477315;-0.45166015625;
08:08:02;599.0;1574410083;85.952;17.773326072380534;0.4869404403391927;-0.44189453125;
08:08:03;600.0;1574410084;86.138;18.16520471093928;0.49767684139559665;-0.44921875;
08:08:04;601.0;1574410085;86.193;18.2958309237922;0.5012556417477315;-0.45166015625;
08:08:05;602.0;1574410086;86.008;18.2958309237922;0.5012556417477315;-0.45166015625;
08:08:06;603.0;1574410087;85.841;18.2958309237922;0.5012556417477315;-0.45166015625;
08:08:07;604.0;1574410088;85.638;18.16520471093928;0.49767684139559665;-0.44921875;
08:08:08;605.0;1574410089;85.749;18.426457136645112;0.504834442099866;-0.4541015625;
08:08:09;606.0;1574410090;85.73;18.2958309237922;0.5012556417477315;-0.45166015625;
08:08:10;607.0;1574410091;85.804;18.2958309237922;0.5012556417477315;-0.45166015625;
08:08:11;608.0;1574410092;85.804;18.16520471093928;0.49767684139559665;-0.44921875;
08:08:12;609.0;1574410093;85.86;18.16520471093928;0.49767684139559665;-0.44921875;
08:08:13;610.0;1574410094;85.897;18.426457136645112;0.504834442099866;-0.4541015625;
08:08:14;611.0;1574410095;85.86;18.2958309237922;0.5012556417477315;-0.45166015625;
08:08:15;612.0;1574410096;85.934;18.426457136645112;0.504834442099866;-0.4541015625;
08:08:16;613.0;1574410097;85.712;18.2958309237922;0.5012556417477315;-0.45166015625;
08:08:17;614.0;1574410098;85.675;18.55708334949803;0.5084132424520008;-0.45654296875;
08:08:18;615.0;1574410099;85.878;18.16520471093928;0.49767684139559665;-0.44921875;
08:08:19;616.0;1574410100;85.841;18.426457136645112;0.504834442099866;-0.4541015625;
08:08:20;617.0;1574410101;85.86;19.07958820090969;0.5227284438605394;-0.46630859375;
08:08:21;618.0;1574410102;85.878;18.16520471093928;0.49767684139559665;-0.44921875;
08:08:22;619.0;1574410103;85.694;18.16520471093928;0.49767684139559665;-0.44921875;
08:08:23;620.0;1574410104;85.804;18.2958309237922;0.5012556417477315;-0.45166015625;
08:08:24;621.0;1574410105;85.823;18.426457136645112;0.504834442099866;-0.4541015625;
08:08:25;622.0;1574410107;85.804;18.034578498086365;0.49409804104346206;-0.44677734375;
08:08:26;623.0;1574410108;85.786;18.55708334949803;0.5084132424520008;-0.45654296875;
08:08:27;624.0;1574410109;85.86;18.426457136645112;0.504834442099866;-0.4541015625;
08:08:28;625.0;1574410110;86.026;18.948961988056773;0.5191496435084048;-0.4638671875;
08:08:29;626.0;1574410111;86.026;18.16520471093928;0.49767684139559665;-0.44921875;
08:08:30;627.0;1574410112;86.063;16.858942582410123;0.46188883787424995;-0.4248046875;
08:08:31;628.0;1574410113;86.063;18.426457136645112;0.504834442099866;-0.4541015625;
08:08:32;629.0;1574410114;85.86;18.16520471093928;0.49767684139559665;-0.44921875;
08:08:33;630.0;1574410115;86.026;18.034578498086365;0.49409804104346206;-0.44677734375;
08:08:34;631.0;1574410116;86.045;18.2958309237922;0.5012556417477315;-0.45166015625;
08:08:35;632.0;1574410117;85.971;17.903952285233448;0.49051924069132735;-0.4443359375;
08:08:36;633.0;1574410118;85.971;18.16520471093928;0.49767684139559665;-0.44921875;
08:08:37;634.0;1574410119;85.841;18.81833577520386;0.5155708431562701;-0.46142578125;
08:08:38;635.0;1574410120;85.971;18.034578498086365;0.49409804104346206;-0.44677734375;
08:08:40;637.0;1574410121;86.045;16.858942582410123;0.46188883787424995;-0.4248046875;
08:08:41;638.0;1574410122;86.119;18.2958309237922;0.5012556417477315;-0.45166015625;
08:08:42;639.0;1574410123;86.119;18.2958309237922;0.5012556417477315;-0.45166015625;
08:08:43;640.0;1574410124;85.952;18.034578498086365;0.49409804104346206;-0.44677734375;
08:08:44;641.0;1574410125;85.767;18.2958309237922;0.5012556417477315;-0.45166015625;
08:08:45;642.0;1574410126;85.86;19.340840626615524;0.5298860445648089;-0.47119140625;
08:08:46;643.0;1574410127;85.897;18.2958309237922;0.5012556417477315;-0.45166015625;
08:08:47;644.0;1574410128;85.767;14.507670751057638;0.39747043153582573;-0.380859375;
08:08:48;645.0;1574410129;85.638;18.2958309237922;0.5012556417477315;-0.45166015625;
08:08:49;646.0;1574410130;85.546;18.426457136645112;0.504834442099866;-0.4541015625;
08:08:50;647.0;1574410131;85.675;18.16520471093928;0.49767684139559665;-0.44921875;
08:08:51;648.0;1574410132;85.841;18.55708334949803;0.5084132424520008;-0.45654296875;
08:08:52;649.0;1574410133;86.026;18.16520471093928;0.49767684139559665;-0.44921875;
08:08:53;650.0;1574410134;85.989;19.07958820090969;0.5227284438605394;-0.46630859375;
08:08:54;651.0;1574410135;85.971;18.16520471093928;0.49767684139559665;-0.44921875;
08:08:55;652.0;1574410136;85.934;17.773326072380534;0.4869404403391927;-0.44189453125;
08:08:56;653.0;1574410137;85.915;18.16520471093928;0.49767684139559665;-0.44921875;
08:08:57;654.0;1574410138;85.915;18.426457136645112;0.504834442099866;-0.4541015625;
08:08:58;655.0;1574410139;85.712;18.034578498086365;0.49409804104346206;-0.44677734375;
08:08:59;656.0;1574410140;85.749;18.55708334949803;0.5084132424520008;-0.45654296875;
08:09:00;657.0;1574410141;85.73;18.16520471093928;0.49767684139559665;-0.44921875;
08:09:01;658.0;1574410142;85.712;19.863345478027185;0.5442012459733475;-0.48095703125;
08:09:02;659.0;1574410143;85.73;18.16520471093928;0.49767684139559665;-0.44921875;
08:09:03;660.0;1574410144;85.897;18.55708334949803;0.5084132424520008;-0.45654296875;
08:09:04;661.0;1574410145;85.841;18.16520471093928;0.49767684139559665;-0.44921875;
08:09:05;662.0;1574410146;86.045;18.16520471093928;0.49767684139559665;-0.44921875;
08:09:06;663.0;1574410147;86.082;18.16520471093928;0.49767684139559665;-0.44921875;
08:09:08;665.0;1574410148;85.897;18.2958309237922;0.5012556417477315;-0.45166015625;
08:09:09;666.0;1574410150;85.491;18.16520471093928;0.49767684139559665;-0.44921875;
08:09:10;667.0;1574410151;85.509;18.16520471093928;0.49767684139559665;-0.44921875;
08:09:11;668.0;1574410152;85.546;18.2958309237922;0.5012556417477315;-0.45166015625;
08:09:12;669.0;1574410153;85.565;18.034578498086365;0.49409804104346206;-0.44677734375;
08:09:13;670.0;1574410154;85.749;18.2958309237922;0.5012556417477315;-0.45166015625;
08:09:14;671.0;1574410155;85.694;18.16520471093928;0.49767684139559665;-0.44921875;
08:09:15;672.0;1574410156;85.638;18.034578498086365;0.49409804104346206;-0.44677734375;
08:09:16;673.0;1574410157;85.73;18.2958309237922;0.5012556417477315;-0.45166015625;
08:09:17;674.0;1574410158;85.767;18.16520471093928;0.49767684139559665;-0.44921875;
08:09:18;675.0;1574410159;85.657;18.2958309237922;0.5012556417477315;-0.45166015625;
08:09:19;676.0;1574410160;85.694;18.16520471093928;0.49767684139559665;-0.44921875;
08:09:20;677.0;1574410161;85.657;18.16520471093928;0.49767684139559665;-0.44921875;
08:09:21;678.0;1574410162;85.657;18.034578498086365;0.49409804104346206;-0.44677734375;
08:09:22;679.0;1574410163;85.804;18.2958309237922;0.5012556417477315;-0.45166015625;
08:09:23;680.0;1574410164;85.804;18.81833577520386;0.5155708431562701;-0.46142578125;
08:09:24;681.0;1574410165;85.823;17.120195008115953;0.46904643857851924;-0.4296875;
08:09:25;682.0;1574410166;85.804;18.2958309237922;0.5012556417477315;-0.45166015625;
08:09:26;683.0;1574410167;85.804;18.034578498086365;0.49409804104346206;-0.44677734375;
08:09:27;684.0;1574410168;85.786;18.2958309237922;0.5012556417477315;-0.45166015625;
08:09:28;685.0;1574410169;85.694;18.2958309237922;0.5012556417477315;-0.45166015625;
08:09:29;686.0;1574410170;85.712;18.55708334949803;0.5084132424520008;-0.45654296875;
08:09:30;687.0;1574410171;85.583;18.16520471093928;0.49767684139559665;-0.44921875;
08:09:31;688.0;1574410172;85.583;18.16520471093928;0.49767684139559665;-0.44921875;
08:09:32;689.0;1574410173;85.62;18.2958309237922;0.5012556417477315;-0.45166015625;
08:09:33;690.0;1574410174;85.454;18.2958309237922;0.5012556417477315;-0.45166015625;
08:09:34;691.0;1574410175;85.712;20.64710275514468;0.5656740480861556;-0.49560546875;
08:09:35;692.0;1574410176;85.565;18.16520471093928;0.49767684139559665;-0.44921875;
08:09:36;693.0;1574410177;85.601;17.25082122096887;0.472625238930654;-0.43212890625;
08:09:37;694.0;1574410178;85.694;18.034578498086365;0.49409804104346206;-0.44677734375;
08:09:38;695.0;1574410179;85.565;18.2958309237922;0.5012556417477315;-0.45166015625;
08:09:39;696.0;1574410181;85.749;18.16520471093928;0.49767684139559665;-0.44921875;
08:09:40;697.0;1574410182;85.694;18.16520471093928;0.49767684139559665;-0.44921875;
08:09:41;698.0;1574410183;85.767;18.034578498086365;0.49409804104346206;-0.44677734375;
08:09:42;699.0;1574410184;85.786;18.034578498086365;0.49409804104346206;-0.44677734375;
08:09:43;700.0;1574410185;85.749;18.16520471093928;0.49767684139559665;-0.44921875;
08:09:45;702.0;1574410186;85.638;18.55708334949803;0.5084132424520008;-0.45654296875;
08:09:46;703.0;1574410187;85.454;18.81833577520386;0.5155708431562701;-0.46142578125;
08:09:47;704.0;1574410188;85.417;18.2958309237922;0.5012556417477315;-0.45166015625;
08:09:48;705.0;1574410189;85.417;17.903952285233448;0.49051924069132735;-0.4443359375;
08:09:49;706.0;1574410190;85.546;18.16520471093928;0.49767684139559665;-0.44921875;
08:09:50;707.0;1574410191;85.565;18.426457136645112;0.504834442099866;-0.4541015625;
08:09:51;708.0;1574410192;85.417;18.426457136645112;0.504834442099866;-0.4541015625;
08:09:52;709.0;1574410193;85.436;18.034578498086365;0.49409804104346206;-0.44677734375;
08:09:53;710.0;1574410194;85.417;18.16520471093928;0.49767684139559665;-0.44921875;
08:09:54;711.0;1574410195;85.675;18.16520471093928;0.49767684139559665;-0.44921875;
08:09:55;712.0;1574410196;85.657;18.426457136645112;0.504834442099866;-0.4541015625;
08:09:56;713.0;1574410197;85.657;17.773326072380534;0.4869404403391927;-0.44189453125;
08:09:57;714.0;1574410198;85.657;18.2958309237922;0.5012556417477315;-0.45166015625;
08:09:58;715.0;1574410199;85.362;18.16520471093928;0.49767684139559665;-0.44921875;
08:09:59;716.0;1574410200;85.509;21.300233819409257;0.583568049846829;-0.5078125;
08:10:00;717.0;1574410201;85.472;18.16520471093928;0.49767684139559665;-0.44921875;
08:10:01;718.0;1574410202;85.509;17.773326072380534;0.4869404403391927;-0.44189453125;
08:10:02;719.0;1574410203;85.583;18.2958309237922;0.5012556417477315;-0.45166015625;
08:10:03;720.0;1574410204;85.454;18.034578498086365;0.49409804104346206;-0.44677734375;
08:10:04;721.0;1574410205;85.472;18.034578498086365;0.49409804104346206;-0.44677734375;
08:10:05;722.0;1574410206;85.289;17.903952285233448;0.49051924069132735;-0.4443359375;
08:10:07;724.0;1574410207;85.601;18.16520471093928;0.49767684139559665;-0.44921875;
08:10:08;725.0;1574410209;85.62;18.2958309237922;0.5012556417477315;-0.45166015625;
08:10:09;726.0;1574410210;85.73;17.25082122096887;0.472625238930654;-0.43212890625;
08:10:10;727.0;1574410211;85.657;18.426457136645112;0.504834442099866;-0.4541015625;
08:10:11;728.0;1574410212;85.509;17.903952285233448;0.49051924069132735;-0.4443359375;
08:10:12;729.0;1574410213;85.491;18.687709562350943;0.5119920428041355;-0.458984375;
08:10:13;730.0;1574410214;85.417;17.773326072380534;0.4869404403391927;-0.44189453125;
08:10:14;731.0;1574410215;85.142;18.55708334949803;0.5084132424520008;-0.45654296875;
08:10:15;732.0;1574410216;85.16;21.038981393703427;0.5764104491425597;-0.5029296875;
08:10:16;733.0;1574410217;85.344;18.687709562350943;0.5119920428041355;-0.458984375;
08:10:17;734.0;1574410218;85.472;17.773326072380534;0.4869404403391927;-0.44189453125;
08:10:18;735.0;1574410219;85.62;18.2958309237922;0.5012556417477315;-0.45166015625;
08:10:19;736.0;1574410220;85.73;20.516476542291763;0.5620952477340209;-0.4931640625;
08:10:20;737.0;1574410221;85.436;18.16520471093928;0.49767684139559665;-0.44921875;
08:10:21;738.0;1574410222;85.27;18.16520471093928;0.49767684139559665;-0.44921875;
08:10:22;739.0;1574410223;85.417;18.2958309237922;0.5012556417477315;-0.45166015625;
08:10:23;740.0;1574410224;85.289;18.2958309237922;0.5012556417477315;-0.45166015625;
08:10:24;741.0;1574410225;85.454;18.2958309237922;0.5012556417477315;-0.45166015625;
08:10:25;742.0;1574410226;85.472;18.2958309237922;0.5012556417477315;-0.45166015625;
08:10:26;743.0;1574410227;85.472;18.2958309237922;0.5012556417477315;-0.45166015625;
08:10:27;744.0;1574410228;85.62;18.2958309237922;0.5012556417477315;-0.45166015625;
08:10:28;745.0;1574410229;85.399;18.2958309237922;0.5012556417477315;-0.45166015625;
08:10:29;746.0;1574410230;85.509;18.16520471093928;0.49767684139559665;-0.44921875;
08:10:30;747.0;1574410231;85.509;18.2958309237922;0.5012556417477315;-0.45166015625;
08:10:31;748.0;1574410232;85.491;18.948961988056773;0.5191496435084048;-0.4638671875;
08:10:32;749.0;1574410233;85.657;18.426457136645112;0.504834442099866;-0.4541015625;
08:10:33;750.0;1574410235;85.436;18.2958309237922;0.5012556417477315;-0.45166015625;
08:10:34;751.0;1574410236;85.252;18.426457136645112;0.504834442099866;-0.4541015625;
08:10:35;752.0;1574410237;85.032;18.426457136645112;0.504834442099866;-0.4541015625;
08:10:36;753.0;1574410238;85.014;18.034578498086365;0.49409804104346206;-0.44677734375;
08:10:37;754.0;1574410239;85.087;18.16520471093928;0.49767684139559665;-0.44921875;
08:10:38;755.0;1574410240;85.124;17.903952285233448;0.49051924069132735;-0.4443359375;
08:10:39;756.0;1574410241;85.417;18.2958309237922;0.5012556417477315;-0.45166015625;
08:10:40;757.0;1574410242;85.289;18.2958309237922;0.5012556417477315;-0.45166015625;
08:10:41;758.0;1574410243;84.977;18.2958309237922;0.5012556417477315;-0.45166015625;
08:10:42;759.0;1574410244;85.05;18.2958309237922;0.5012556417477315;-0.45166015625;
08:10:43;760.0;1574410245;84.886;18.2958309237922;0.5012556417477315;-0.45166015625;
08:10:44;761.0;1574410246;84.74;18.034578498086365;0.49409804104346206;-0.44677734375;
08:10:45;762.0;1574410247;85.234;17.120195008115953;0.46904643857851924;-0.4296875;
08:10:46;763.0;1574410248;85.142;18.2958309237922;0.5012556417477315;-0.45166015625;
08:10:47;764.0;1574410249;84.996;18.426457136645112;0.504834442099866;-0.4541015625;
08:10:49;766.0;1574410250;85.142;18.034578498086365;0.49409804104346206;-0.44677734375;
08:10:50;767.0;1574410251;84.959;17.903952285233448;0.49051924069132735;-0.4443359375;
08:10:51;768.0;1574410252;84.959;18.034578498086365;0.49409804104346206;-0.44677734375;
08:10:52;769.0;1574410253;84.703;18.55708334949803;0.5084132424520008;-0.45654296875;
08:10:53;770.0;1574410254;84.703;17.381447433821783;0.4762040392827886;-0.4345703125;
08:10:54;771.0;1574410255;84.594;15.683306666733882;0.4296796347050379;-0.40283203125;
08:10:55;772.0;1574410256;84.667;18.034578498086365;0.49409804104346206;-0.44677734375;
08:10:56;773.0;1574410257;84.996;18.2958309237922;0.5012556417477315;-0.45166015625;
08:10:57;774.0;1574410258;84.849;18.55708334949803;0.5084132424520008;-0.45654296875;
08:10:58;775.0;1574410259;84.795;18.2958309237922;0.5012556417477315;-0.45166015625;
08:10:59;776.0;1574410260;84.722;18.16520471093928;0.49767684139559665;-0.44921875;
08:11:00;777.0;1574410261;84.922;19.07958820090969;0.5227284438605394;-0.46630859375;
08:11:01;778.0;1574410262;85.105;18.426457136645112;0.504834442099866;-0.4541015625;
08:11:02;779.0;1574410263;85.197;17.512073646674704;0.4797828396349234;-0.43701171875;
08:11:03;780.0;1574410264;84.922;18.16520471093928;0.49767684139559665;-0.44921875;
08:11:04;781.0;1574410265;84.904;18.034578498086365;0.49409804104346206;-0.44677734375;
08:11:06;783.0;1574410266;85.087;18.16520471093928;0.49767684139559665;-0.44921875;
08:11:07;784.0;1574410268;85.344;18.55708334949803;0.5084132424520008;-0.45654296875;
08:11:08;785.0;1574410269;85.197;18.426457136645112;0.504834442099866;-0.4541015625;
08:11:09;786.0;1574410270;85.069;18.034578498086365;0.49409804104346206;-0.44677734375;
08:11:10;787.0;1574410271;85.087;18.16520471093928;0.49767684139559665;-0.44921875;
08:11:11;788.0;1574410272;84.977;18.426457136645112;0.504834442099866;-0.4541015625;
08:11:12;789.0;1574410273;85.142;17.903952285233448;0.49051924069132735;-0.4443359375;
08:11:13;790.0;1574410274;85.16;18.426457136645112;0.504834442099866;-0.4541015625;
08:11:14;791.0;1574410275;85.032;17.773326072380534;0.4869404403391927;-0.44189453125;
08:11:15;792.0;1574410276;85.234;18.55708334949803;0.5084132424520008;-0.45654296875;
08:11:16;793.0;1574410277;85.069;17.903952285233448;0.49051924069132735;-0.4443359375;
08:11:17;794.0;1574410278;84.886;18.2958309237922;0.5012556417477315;-0.45166015625;
08:11:18;795.0;1574410279;84.831;18.426457136645112;0.504834442099866;-0.4541015625;
08:11:19;796.0;1574410280;84.576;18.16520471093928;0.49767684139559665;-0.44921875;
08:11:20;797.0;1574410281;84.594;18.426457136645112;0.504834442099866;-0.4541015625;
08:11:21;798.0;1574410282;84.776;18.16520471093928;0.49767684139559665;-0.44921875;
08:11:22;799.0;1574410283;84.649;18.426457136645112;0.504834442099866;-0.4541015625;
08:11:23;800.0;1574410284;84.868;18.55708334949803;0.5084132424520008;-0.45654296875;
08:11:24;801.0;1574410285;84.703;18.2958309237922;0.5012556417477315;-0.45166015625;
08:11:25;802.0;1574410286;84.631;19.732719265174268;0.5406224456212129;-0.478515625;
08:11:26;803.0;1574410288;84.941;18.2958309237922;0.5012556417477315;-0.45166015625;
08:11:27;804.0;1574410289;84.959;18.2958309237922;0.5012556417477315;-0.45166015625;
08:11:28;805.0;1574410290;84.977;18.426457136645112;0.504834442099866;-0.4541015625;
08:11:29;806.0;1574410291;84.849;18.426457136645112;0.504834442099866;-0.4541015625;
08:11:30;807.0;1574410292;84.868;18.16520471093928;0.49767684139559665;-0.44921875;
08:11:31;808.0;1574410293;84.667;18.16520471093928;0.49767684139559665;-0.44921875;
08:11:32;809.0;1574410294;84.74;18.034578498086365;0.49409804104346206;-0.44677734375;
08:11:33;810.0;1574410295;84.813;18.2958309237922;0.5012556417477315;-0.45166015625;
08:11:34;811.0;1574410296;84.795;18.16520471093928;0.49767684139559665;-0.44921875;
08:11:35;812.0;1574410297;84.649;17.903952285233448;0.49051924069132735;-0.4443359375;
08:11:36;813.0;1574410298;84.376;18.2958309237922;0.5012556417477315;-0.45166015625;
08:11:37;814.0;1574410299;84.304;18.16520471093928;0.49767684139559665;-0.44921875;
08:11:38;815.0;1574410300;83.996;15.422054241028052;0.42252203400076854;-0.39794921875;
08:11:39;816.0;1574410301;84.177;17.773326072380534;0.4869404403391927;-0.44189453125;
08:11:40;817.0;1574410302;84.376;18.426457136645112;0.504834442099866;-0.4541015625;
08:11:41;818.0;1574410303;84.412;18.426457136645112;0.504834442099866;-0.4541015625;
08:11:42;819.0;1574410304;84.485;18.2958309237922;0.5012556417477315;-0.45166015625;
08:11:43;820.0;1574410305;84.467;18.2958309237922;0.5012556417477315;-0.45166015625;
08:11:44;821.0;1574410306;84.322;18.16520471093928;0.49767684139559665;-0.44921875;
08:11:45;822.0;1574410307;84.322;18.2958309237922;0.5012556417477315;-0.45166015625;
08:11:46;823.0;1574410308;84.594;18.55708334949803;0.5084132424520008;-0.45654296875;
08:11:47;824.0;1574410309;84.449;17.642699859527617;0.483361639987058;-0.439453125;
08:11:48;825.0;1574410310;84.558;18.2958309237922;0.5012556417477315;-0.45166015625;
08:11:49;826.0;1574410311;84.558;17.642699859527617;0.483361639987058;-0.439453125;
08:11:50;827.0;1574410312;84.213;18.16520471093928;0.49767684139559665;-0.44921875;
08:11:51;828.0;1574410313;84.34;18.034578498086365;0.49409804104346206;-0.44677734375;
08:11:53;830.0;1574410314;84.503;18.034578498086365;0.49409804104346206;-0.44677734375;
08:11:54;831.0;1574410315;84.412;18.426457136645112;0.504834442099866;-0.4541015625;
08:11:55;832.0;1574410316;84.886;18.034578498086365;0.49409804104346206;-0.44677734375;
08:11:56;833.0;1574410317;84.904;18.16520471093928;0.49767684139559665;-0.44921875;
08:11:57;834.0;1574410318;85.05;18.948961988056773;0.5191496435084048;-0.4638671875;
08:11:58;835.0;1574410319;84.996;18.426457136645112;0.504834442099866;-0.4541015625;
08:11:59;836.0;1574410320;84.849;18.16520471093928;0.49767684139559665;-0.44921875;
08:12:00;837.0;1574410321;84.849;18.426457136645112;0.504834442099866;-0.4541015625;
08:12:01;838.0;1574410322;84.54;18.687709562350943;0.5119920428041355;-0.458984375;
08:12:02;839.0;1574410323;84.521;18.2958309237922;0.5012556417477315;-0.45166015625;
08:12:03;840.0;1574410324;84.412;18.2958309237922;0.5012556417477315;-0.45166015625;
08:12:04;841.0;1574410325;84.576;18.426457136645112;0.504834442099866;-0.4541015625;
08:12:05;842.0;1574410325;84.449;18.2958309237922;0.5012556417477315;-0.45166015625;
08:12:06;843.0;1574410327;84.594;18.16520471093928;0.49767684139559665;-0.44921875;
08:12:07;844.0;1574410328;84.54;18.16520471093928;0.49767684139559665;-0.44921875;
08:12:08;845.0;1574410329;84.376;18.2958309237922;0.5012556417477315;-0.45166015625;
08:12:09;846.0;1574410330;84.776;18.2958309237922;0.5012556417477315;-0.45166015625;
08:12:10;847.0;1574410331;84.594;18.2958309237922;0.5012556417477315;-0.45166015625;
08:12:11;848.0;1574410332;84.449;18.16520471093928;0.49767684139559665;-0.44921875;
08:12:12;849.0;1574410333;84.34;18.2958309237922;0.5012556417477315;-0.45166015625;
08:12:13;850.0;1574410334;84.249;18.2958309237922;0.5012556417477315;-0.45166015625;
08:12:14;851.0;1574410335;84.412;17.903952285233448;0.49051924069132735;-0.4443359375;
08:12:15;852.0;1574410336;84.594;18.2958309237922;0.5012556417477315;-0.45166015625;
08:12:16;853.0;1574410337;84.703;18.2958309237922;0.5012556417477315;-0.45166015625;
08:12:17;854.0;1574410338;84.503;18.426457136645112;0.504834442099866;-0.4541015625;
08:12:18;855.0;1574410339;84.521;18.2958309237922;0.5012556417477315;-0.45166015625;
08:12:19;856.0;1574410340;84.177;18.16520471093928;0.49767684139559665;-0.44921875;
08:12:20;857.0;1574410341;84.358;18.426457136645112;0.504834442099866;-0.4541015625;
08:12:21;858.0;1574410342;84.431;18.2958309237922;0.5012556417477315;-0.45166015625;
08:12:22;859.0;1574410343;84.394;18.687709562350943;0.5119920428041355;-0.458984375;
08:12:23;860.0;1574410345;84.667;18.16520471093928;0.49767684139559665;-0.44921875;
08:12:24;861.0;1574410346;84.34;18.2958309237922;0.5012556417477315;-0.45166015625;
08:12:25;862.0;1574410347;84.285;18.687709562350943;0.5119920428041355;-0.458984375;
08:12:26;863.0;1574410348;84.358;18.2958309237922;0.5012556417477315;-0.45166015625;
08:12:27;864.0;1574410349;84.213;18.034578498086365;0.49409804104346206;-0.44677734375;
08:12:28;865.0;1574410350;84.394;18.16520471093928;0.49767684139559665;-0.44921875;
08:12:29;866.0;1574410351;84.503;18.55708334949803;0.5084132424520008;-0.45654296875;
08:12:30;867.0;1574410352;84.34;18.2958309237922;0.5012556417477315;-0.45166015625;
08:12:31;868.0;1574410353;84.558;18.16520471093928;0.49767684139559665;-0.44921875;
