Time;Seconds from start for linreg;Unix Time;ch1 po2;Uc;Ubl;Vc;
08:38:02;-1.0;1574411884;91.229;18.687709562350943;0.5119920428041355;-0.458984375;
08:38:03;0.0;1574411884;90.933;18.16520471093928;0.49767684139559665;-0.44921875;
08:38:04;1.0;1574411885;90.717;17.773326072380534;0.4869404403391927;-0.44189453125;
08:38:05;2.0;1574411886;90.521;17.773326072380534;0.4869404403391927;-0.44189453125;
08:38:06;3.0;1574411887;90.482;17.903952285233448;0.49051924069132735;-0.4443359375;
08:38:07;4.0;1574411888;90.58;21.822738670820918;0.5978832512553676;-0.517578125;
08:38:08;5.0;1574411889;90.815;18.426457136645112;0.504834442099866;-0.4541015625;
08:38:09;6.0;1574411891;90.835;13.201408622528486;0.3616824280144791;-0.3564453125;
08:38:10;7.0;1574411892;91.052;17.512073646674704;0.4797828396349234;-0.43701171875;
08:38:11;8.0;1574411893;91.17;18.2958309237922;0.5012556417477315;-0.45166015625;
08:38:12;9.0;1574411894;91.17;18.2958309237922;0.5012556417477315;-0.45166015625;
08:38:13;10.0;1574411895;91.407;18.034578498086365;0.49409804104346206;-0.44677734375;
08:38:14;11.0;1574411896;91.566;18.034578498086365;0.49409804104346206;-0.44677734375;
08:38:15;12.0;1574411896;91.645;18.55708334949803;0.5084132424520008;-0.45654296875;
08:38:16;13.0;1574411897;91.486;17.903952285233448;0.49051924069132735;-0.4443359375;
08:38:17;14.0;1574411898;91.209;18.687709562350943;0.5119920428041355;-0.458984375;
08:38:18;15.0;1574411899;90.874;18.034578498086365;0.49409804104346206;-0.44677734375;
08:38:19;16.0;1574411900;90.855;17.773326072380534;0.4869404403391927;-0.44189453125;
08:38:20;17.0;1574411901;90.973;18.16520471093928;0.49767684139559665;-0.44921875;
08:38:21;18.0;1574411902;91.012;14.246418325351808;0.3903128308315564;-0.3759765625;
08:38:22;19.0;1574411903;91.209;17.773326072380534;0.4869404403391927;-0.44189453125;
08:38:23;20.0;1574411904;91.091;18.034578498086365;0.49409804104346206;-0.44677734375;
08:38:24;21.0;1574411905;91.091;17.381447433821783;0.4762040392827886;-0.4345703125;
08:38:25;22.0;1574411907;91.249;17.903952285233448;0.49051924069132735;-0.4443359375;
08:38:26;23.0;1574411908;90.914;18.55708334949803;0.5084132424520008;-0.45654296875;
08:38:27;24.0;1574411909;91.071;18.426457136645112;0.504834442099866;-0.4541015625;
08:38:28;25.0;1574411910;91.427;16.858942582410123;0.46188883787424995;-0.4248046875;
08:38:29;26.0;1574411911;91.091;17.773326072380534;0.4869404403391927;-0.44189453125;
08:38:30;27.0;1574411912;91.407;18.16520471093928;0.49767684139559665;-0.44921875;
08:38:31;28.0;1574411913;91.348;17.903952285233448;0.49051924069132735;-0.4443359375;
08:38:32;29.0;1574411914;91.032;16.597690156704292;0.4547312371699806;-0.419921875;
08:38:33;30.0;1574411915;91.17;18.034578498086365;0.49409804104346206;-0.44677734375;
08:38:34;31.0;1574411916;90.933;18.16520471093928;0.49767684139559665;-0.44921875;
08:38:36;33.0;1574411917;90.6;18.034578498086365;0.49409804104346206;-0.44677734375;
08:38:37;34.0;1574411918;90.58;18.034578498086365;0.49409804104346206;-0.44677734375;
08:38:38;35.0;1574411918;90.482;18.16520471093928;0.49767684139559665;-0.44921875;
08:38:39;36.0;1574411920;90.521;18.034578498086365;0.49409804104346206;-0.44677734375;
08:38:40;37.0;1574411921;90.874;15.030175602469303;0.41178563294436443;-0.390625;
08:38:41;38.0;1574411922;90.874;18.034578498086365;0.49409804104346206;-0.44677734375;
08:38:42;39.0;1574411923;90.914;18.034578498086365;0.49409804104346206;-0.44677734375;
08:38:43;40.0;1574411924;90.835;17.381447433821783;0.4762040392827886;-0.4345703125;
08:38:44;41.0;1574411925;90.678;15.813932879586796;0.4332584350571725;-0.4052734375;
08:38:45;42.0;1574411926;90.521;18.16520471093928;0.49767684139559665;-0.44921875;
08:38:46;43.0;1574411927;90.639;17.903952285233448;0.49051924069132735;-0.4443359375;
08:38:47;44.0;1574411928;90.757;17.773326072380534;0.4869404403391927;-0.44189453125;
08:38:48;45.0;1574411929;90.757;17.773326072380534;0.4869404403391927;-0.44189453125;
08:38:49;46.0;1574411930;90.894;17.642699859527617;0.483361639987058;-0.439453125;
08:38:50;47.0;1574411931;91.032;18.948961988056773;0.5191496435084048;-0.4638671875;
08:38:51;48.0;1574411932;90.894;17.512073646674704;0.4797828396349234;-0.43701171875;
08:38:52;49.0;1574411933;90.757;17.773326072380534;0.4869404403391927;-0.44189453125;
08:38:53;50.0;1574411934;90.698;17.903952285233448;0.49051924069132735;-0.4443359375;
08:38:54;51.0;1574411935;90.658;18.034578498086365;0.49409804104346206;-0.44677734375;
08:38:55;52.0;1574411936;90.796;17.903952285233448;0.49051924069132735;-0.4443359375;
08:38:56;53.0;1574411937;91.111;17.903952285233448;0.49051924069132735;-0.4443359375;
08:38:57;54.0;1574411938;91.249;18.16520471093928;0.49767684139559665;-0.44921875;
08:38:58;55.0;1574411939;91.308;17.25082122096887;0.472625238930654;-0.43212890625;
08:38:59;56.0;1574411940;91.288;17.25082122096887;0.472625238930654;-0.43212890625;
08:39:00;57.0;1574411941;90.973;17.903952285233448;0.49051924069132735;-0.4443359375;
08:39:01;58.0;1574411942;90.737;18.034578498086365;0.49409804104346206;-0.44677734375;
08:39:02;59.0;1574411943;90.6;18.2958309237922;0.5012556417477315;-0.45166015625;
08:39:03;60.0;1574411944;90.757;18.034578498086365;0.49409804104346206;-0.44677734375;
08:39:04;61.0;1574411945;91.19;17.903952285233448;0.49051924069132735;-0.4443359375;
08:39:05;62.0;1574411946;91.367;21.038981393703427;0.5764104491425597;-0.5029296875;
08:39:06;63.0;1574411947;91.288;17.903952285233448;0.49051924069132735;-0.4443359375;
08:39:07;64.0;1574411948;91.427;17.903952285233448;0.49051924069132735;-0.4443359375;
08:39:08;65.0;1574411949;91.111;17.773326072380534;0.4869404403391927;-0.44189453125;
08:39:09;66.0;1574411950;91.071;19.340840626615524;0.5298860445648089;-0.47119140625;
08:39:10;67.0;1574411951;91.032;17.773326072380534;0.4869404403391927;-0.44189453125;
08:39:11;68.0;1574411953;90.58;18.034578498086365;0.49409804104346206;-0.44677734375;
08:39:12;69.0;1574411953;90.717;17.903952285233448;0.49051924069132735;-0.4443359375;
08:39:13;70.0;1574411954;91.091;18.16520471093928;0.49767684139559665;-0.44921875;
08:39:14;71.0;1574411955;91.17;9999.0;9999.0;9999.0;
08:39:15;72.0;1574411956;91.387;16.98956879526304;0.46546763822638465;-0.42724609375;
08:39:16;73.0;1574411957;91.447;18.034578498086365;0.49409804104346206;-0.44677734375;
08:39:17;74.0;1574411958;91.249;17.903952285233448;0.49051924069132735;-0.4443359375;
08:39:18;75.0;1574411959;91.447;17.903952285233448;0.49051924069132735;-0.4443359375;
08:39:19;76.0;1574411960;91.269;17.381447433821783;0.4762040392827886;-0.4345703125;
08:39:20;77.0;1574411961;91.032;17.773326072380534;0.4869404403391927;-0.44189453125;
08:39:21;78.0;1574411962;91.111;18.034578498086365;0.49409804104346206;-0.44677734375;
08:39:22;79.0;1574411963;90.953;17.903952285233448;0.49051924069132735;-0.4443359375;
08:39:23;80.0;1574411964;91.052;17.773326072380534;0.4869404403391927;-0.44189453125;
08:39:24;81.0;1574411965;91.071;18.16520471093928;0.49767684139559665;-0.44921875;
08:39:25;82.0;1574411966;90.855;17.773326072380534;0.4869404403391927;-0.44189453125;
08:39:26;83.0;1574411967;90.639;17.903952285233448;0.49051924069132735;-0.4443359375;
08:39:27;84.0;1574411969;90.717;18.034578498086365;0.49409804104346206;-0.44677734375;
08:39:28;85.0;1574411970;90.776;18.034578498086365;0.49409804104346206;-0.44677734375;
08:39:29;86.0;1574411971;90.796;17.773326072380534;0.4869404403391927;-0.44189453125;
08:39:30;87.0;1574411972;90.815;17.903952285233448;0.49051924069132735;-0.4443359375;
08:39:31;88.0;1574411973;90.6;18.2958309237922;0.5012556417477315;-0.45166015625;
08:39:32;89.0;1574411974;90.619;18.16520471093928;0.49767684139559665;-0.44921875;
08:39:33;90.0;1574411975;90.541;17.512073646674704;0.4797828396349234;-0.43701171875;
08:39:34;91.0;1574411976;90.835;17.903952285233448;0.49051924069132735;-0.4443359375;
08:39:35;92.0;1574411977;90.973;18.948961988056773;0.5191496435084048;-0.4638671875;
08:39:36;93.0;1574411977;91.15;18.034578498086365;0.49409804104346206;-0.44677734375;
08:39:37;94.0;1574411979;91.328;17.903952285233448;0.49051924069132735;-0.4443359375;
08:39:38;95.0;1574411980;91.071;17.773326072380534;0.4869404403391927;-0.44189453125;
08:39:40;97.0;1574411981;91.308;17.773326072380534;0.4869404403391927;-0.44189453125;
08:39:41;98.0;1574411982;91.052;18.034578498086365;0.49409804104346206;-0.44677734375;
08:39:42;99.0;1574411983;90.737;17.773326072380534;0.4869404403391927;-0.44189453125;
08:39:43;100.0;1574411984;90.815;19.340840626615524;0.5298860445648089;-0.47119140625;
08:39:44;101.0;1574411985;90.326;17.773326072380534;0.4869404403391927;-0.44189453125;
08:39:45;102.0;1574411986;90.365;17.642699859527617;0.483361639987058;-0.439453125;
08:39:46;103.0;1574411987;90.658;18.16520471093928;0.49767684139559665;-0.44921875;
08:39:47;104.0;1574411988;90.874;18.948961988056773;0.5191496435084048;-0.4638671875;
08:39:48;105.0;1574411989;91.17;17.381447433821783;0.4762040392827886;-0.4345703125;
08:39:49;106.0;1574411990;91.526;15.422054241028052;0.42252203400076854;-0.39794921875;
08:39:50;107.0;1574411991;91.269;18.16520471093928;0.49767684139559665;-0.44921875;
08:39:51;108.0;1574411992;91.447;18.034578498086365;0.49409804104346206;-0.44677734375;
08:39:52;109.0;1574411993;90.953;17.903952285233448;0.49051924069132735;-0.4443359375;
08:39:53;110.0;1574411994;90.815;18.426457136645112;0.504834442099866;-0.4541015625;
08:39:54;111.0;1574411995;90.993;18.81833577520386;0.5155708431562701;-0.46142578125;
08:39:55;112.0;1574411996;90.423;18.16520471093928;0.49767684139559665;-0.44921875;
08:39:56;113.0;1574411997;90.894;17.903952285233448;0.49051924069132735;-0.4443359375;
08:39:57;114.0;1574411998;90.502;18.034578498086365;0.49409804104346206;-0.44677734375;
08:39:58;115.0;1574411999;90.345;18.034578498086365;0.49409804104346206;-0.44677734375;
08:39:59;116.0;1574412000;90.541;18.2958309237922;0.5012556417477315;-0.45166015625;
08:40:00;117.0;1574412001;90.17;18.034578498086365;0.49409804104346206;-0.44677734375;
08:40:01;118.0;1574412002;90.209;17.773326072380534;0.4869404403391927;-0.44189453125;
08:40:02;119.0;1574412003;90.541;17.773326072380534;0.4869404403391927;-0.44189453125;
08:40:03;120.0;1574412004;90.56;17.903952285233448;0.49051924069132735;-0.4443359375;
08:40:04;121.0;1574412005;90.973;17.381447433821783;0.4762040392827886;-0.4345703125;
08:40:05;122.0;1574412006;90.993;18.16520471093928;0.49767684139559665;-0.44921875;
08:40:06;123.0;1574412007;90.619;17.773326072380534;0.4869404403391927;-0.44189453125;
08:40:07;124.0;1574412008;90.521;17.903952285233448;0.49051924069132735;-0.4443359375;
08:40:08;125.0;1574412009;90.678;17.773326072380534;0.4869404403391927;-0.44189453125;
08:40:09;126.0;1574412010;90.658;18.2958309237922;0.5012556417477315;-0.45166015625;
08:40:10;127.0;1574412011;90.973;18.16520471093928;0.49767684139559665;-0.44921875;
08:40:11;128.0;1574412012;90.953;16.075185305292628;0.44041603576144184;-0.41015625;
08:40:12;129.0;1574412014;90.404;18.16520471093928;0.49767684139559665;-0.44921875;
08:40:13;130.0;1574412014;90.56;18.034578498086365;0.49409804104346206;-0.44677734375;
08:40:14;131.0;1574412015;90.619;17.903952285233448;0.49051924069132735;-0.4443359375;
08:40:15;132.0;1574412016;90.541;17.773326072380534;0.4869404403391927;-0.44189453125;
08:40:16;133.0;1574412017;90.737;17.903952285233448;0.49051924069132735;-0.4443359375;
08:40:17;134.0;1574412018;90.698;18.16520471093928;0.49767684139559665;-0.44921875;
08:40:18;135.0;1574412019;90.287;21.692112457968;0.5943044509032329;-0.51513671875;
08:40:19;136.0;1574412020;90.521;18.034578498086365;0.49409804104346206;-0.44677734375;
08:40:20;137.0;1574412021;90.658;17.903952285233448;0.49051924069132735;-0.4443359375;
08:40:21;138.0;1574412022;90.521;18.034578498086365;0.49409804104346206;-0.44677734375;
08:40:22;139.0;1574412023;90.874;17.903952285233448;0.49051924069132735;-0.4443359375;
08:40:23;140.0;1574412024;90.717;17.773326072380534;0.4869404403391927;-0.44189453125;
08:40:24;141.0;1574412025;90.737;16.33643773099846;0.4475736364657112;-0.4150390625;
08:40:25;142.0;1574412026;90.58;17.903952285233448;0.49051924069132735;-0.4443359375;
08:40:26;143.0;1574412027;90.326;17.642699859527617;0.483361639987058;-0.439453125;
08:40:27;144.0;1574412028;90.287;18.55708334949803;0.5084132424520008;-0.45654296875;
08:40:28;145.0;1574412029;90.111;17.903952285233448;0.49051924069132735;-0.4443359375;
08:40:29;146.0;1574412030;90.209;17.381447433821783;0.4762040392827886;-0.4345703125;
08:40:30;147.0;1574412031;90.463;18.2958309237922;0.5012556417477315;-0.45166015625;
08:40:31;148.0;1574412032;90.443;17.642699859527617;0.483361639987058;-0.439453125;
08:40:32;149.0;1574412033;90.443;18.16520471093928;0.49767684139559665;-0.44921875;
08:40:33;150.0;1574412034;90.463;19.340840626615524;0.5298860445648089;-0.47119140625;
08:40:34;151.0;1574412036;90.189;18.034578498086365;0.49409804104346206;-0.44677734375;
08:40:35;152.0;1574412036;90.209;17.903952285233448;0.49051924069132735;-0.4443359375;
08:40:36;153.0;1574412038;90.365;18.2958309237922;0.5012556417477315;-0.45166015625;
08:40:37;154.0;1574412039;90.443;17.903952285233448;0.49051924069132735;-0.4443359375;
08:40:38;155.0;1574412040;90.502;17.903952285233448;0.49051924069132735;-0.4443359375;
08:40:39;156.0;1574412041;90.678;17.903952285233448;0.49051924069132735;-0.4443359375;
08:40:40;157.0;1574412042;90.717;18.034578498086365;0.49409804104346206;-0.44677734375;
08:40:41;158.0;1574412043;90.835;17.773326072380534;0.4869404403391927;-0.44189453125;
08:40:42;159.0;1574412044;90.737;18.2958309237922;0.5012556417477315;-0.45166015625;
08:40:44;161.0;1574412045;90.698;17.773326072380534;0.4869404403391927;-0.44189453125;
08:40:45;162.0;1574412046;90.365;17.903952285233448;0.49051924069132735;-0.4443359375;
08:40:46;163.0;1574412047;90.033;17.903952285233448;0.49051924069132735;-0.4443359375;
08:40:47;164.0;1574412048;90.248;16.858942582410123;0.46188883787424995;-0.4248046875;
08:40:48;165.0;1574412049;90.15;17.903952285233448;0.49051924069132735;-0.4443359375;
08:40:49;166.0;1574412050;90.17;27.962170674907956;0.7660868678056975;-0.63232421875;
08:40:50;167.0;1574412051;90.189;27.83154446205504;0.7625080674535627;-0.6298828125;
08:40:51;168.0;1574412052;89.994;27.700918249202125;0.758929267101428;-0.62744140625;
08:40:52;169.0;1574412053;89.8;27.962170674907956;0.7660868678056975;-0.63232421875;
08:40:53;170.0;1574412054;89.781;27.83154446205504;0.7625080674535627;-0.6298828125;
08:40:54;171.0;1574412055;90.092;27.83154446205504;0.7625080674535627;-0.6298828125;
08:40:55;172.0;1574412056;90.111;27.700918249202125;0.758929267101428;-0.62744140625;
08:40:56;173.0;1574412057;90.423;27.309039610643378;0.7481928660450241;-0.6201171875;
08:40:57;174.0;1574412058;90.521;39.196024980258706;1.0738636980892795;-0.84228515625;
08:40:58;175.0;1574412059;90.404;38.67352012884704;1.0595484966807407;-0.83251953125;
08:40:59;176.0;1574412060;90.6;38.93477255455288;1.0667060973850104;-0.83740234375;
08:41:00;177.0;1574412061;90.619;39.06539876740579;1.0702848977371449;-0.83984375;
08:41:01;178.0;1574412062;90.678;61.271854952401455;1.6786809576000399;-1.2548828125;
08:41:02;179.0;1574412063;90.639;61.14122873954854;1.6751021572479052;-1.25244140625;
08:41:03;180.0;1574412064;90.072;61.14122873954854;1.6751021572479052;-1.25244140625;
08:41:04;181.0;1574412065;89.897;61.53310737810728;1.6858385583043092;-1.259765625;
08:41:05;182.0;1574412066;90.189;60.749350100989794;1.6643657561915013;-1.2451171875;
08:41:06;183.0;1574412067;90.365;61.01060252669563;1.6715233568957706;-1.25;
08:41:07;184.0;1574412068;90.717;61.14122873954854;1.6751021572479052;-1.25244140625;
08:41:08;185.0;1574412069;90.384;61.14122873954854;1.6751021572479052;-1.25244140625;
08:41:09;186.0;1574412070;89.8;61.01060252669563;1.6715233568957706;-1.25;
08:41:10;187.0;1574412071;89.664;60.87997631384271;1.667944556543636;-1.24755859375;
08:41:11;188.0;1574412072;89.819;61.271854952401455;1.6786809576000399;-1.2548828125;
08:41:12;189.0;1574412073;90.092;61.6637335909602;1.6894173586564438;-1.26220703125;
08:41:13;190.0;1574412074;90.541;59.31246175960772;1.6249989523180197;-1.21826171875;
08:41:14;191.0;1574412075;90.443;61.271854952401455;1.6786809576000399;-1.2548828125;
08:41:15;192.0;1574412076;90.072;61.271854952401455;1.6786809576000399;-1.2548828125;
08:41:16;193.0;1574412077;90.092;61.14122873954854;1.6751021572479052;-1.25244140625;
08:41:17;194.0;1574412078;89.529;60.87997631384271;1.667944556543636;-1.24755859375;
08:41:18;195.0;1574412080;89.626;60.61872388813688;1.6607869558393664;-1.24267578125;
08:41:19;196.0;1574412081;89.471;61.14122873954854;1.6751021572479052;-1.25244140625;
08:41:20;197.0;1574412082;89.645;61.14122873954854;1.6751021572479052;-1.25244140625;
08:41:21;198.0;1574412082;90.092;61.14122873954854;1.6751021572479052;-1.25244140625;
08:41:22;199.0;1574412083;89.839;61.14122873954854;1.6751021572479052;-1.25244140625;
08:41:23;200.0;1574412084;90.228;60.61872388813688;1.6607869558393664;-1.24267578125;
08:41:24;201.0;1574412085;90.092;61.14122873954854;1.6751021572479052;-1.25244140625;
08:41:25;202.0;1574412086;90.189;61.01060252669563;1.6715233568957706;-1.25;
08:41:26;203.0;1574412087;90.111;61.271854952401455;1.6786809576000399;-1.2548828125;
08:41:27;204.0;1574412088;90.092;61.271854952401455;1.6786809576000399;-1.2548828125;
08:41:28;205.0;1574412089;89.917;60.87997631384271;1.667944556543636;-1.24755859375;
08:41:29;206.0;1574412090;89.781;61.271854952401455;1.6786809576000399;-1.2548828125;
08:41:30;207.0;1574412091;90.092;61.271854952401455;1.6786809576000399;-1.2548828125;
08:41:31;208.0;1574412092;90.072;60.749350100989794;1.6643657561915013;-1.2451171875;
08:41:32;209.0;1574412093;90.267;60.87997631384271;1.667944556543636;-1.24755859375;
08:41:33;210.0;1574412094;90.267;60.87997631384271;1.667944556543636;-1.24755859375;
08:41:34;211.0;1574412095;90.248;61.271854952401455;1.6786809576000399;-1.2548828125;
08:41:35;212.0;1574412097;90.287;60.87997631384271;1.667944556543636;-1.24755859375;
08:41:36;213.0;1574412098;90.287;60.87997631384271;1.667944556543636;-1.24755859375;
08:41:37;214.0;1574412099;89.955;61.271854952401455;1.6786809576000399;-1.2548828125;
08:41:38;215.0;1574412100;89.936;61.01060252669563;1.6715233568957706;-1.25;
08:41:39;216.0;1574412101;90.092;61.01060252669563;1.6715233568957706;-1.25;
08:41:40;217.0;1574412102;89.897;61.271854952401455;1.6786809576000399;-1.2548828125;
08:41:41;218.0;1574412103;90.228;61.794359803813116;1.6929961590085785;-1.2646484375;
08:41:42;219.0;1574412104;90.248;60.87997631384271;1.667944556543636;-1.24755859375;
08:41:43;220.0;1574412105;89.936;61.14122873954854;1.6751021572479052;-1.25244140625;
08:41:44;221.0;1574412106;90.072;60.61872388813688;1.6607869558393664;-1.24267578125;
08:41:45;222.0;1574412107;89.936;61.271854952401455;1.6786809576000399;-1.2548828125;
08:41:46;223.0;1574412108;89.606;61.01060252669563;1.6715233568957706;-1.25;
08:41:48;225.0;1574412109;89.529;61.40248116525437;1.6822597579521745;-1.25732421875;
08:41:49;226.0;1574412110;89.374;59.31246175960772;1.6249989523180197;-1.21826171875;
08:41:50;227.0;1574412111;89.355;60.61872388813688;1.6607869558393664;-1.24267578125;
08:41:51;228.0;1574412112;89.451;62.05561222951894;1.7001537597128478;-1.26953125;
08:41:52;229.0;1574412113;89.278;60.87997631384271;1.667944556543636;-1.24755859375;
08:41:53;230.0;1574412114;89.278;61.01060252669563;1.6715233568957706;-1.25;
08:41:54;231.0;1574412115;89.278;61.14122873954854;1.6751021572479052;-1.25244140625;
08:41:55;232.0;1574412116;89.124;62.839369506636444;1.721626561825656;-1.2841796875;
08:41:56;233.0;1574412117;89.451;60.749350100989794;1.6643657561915013;-1.2451171875;
08:41:57;234.0;1574412118;89.645;60.35747146243104;1.6536293551350971;-1.23779296875;
08:41:58;235.0;1574412119;89.471;61.271854952401455;1.6786809576000399;-1.2548828125;
08:41:59;236.0;1574412120;89.703;61.14122873954854;1.6751021572479052;-1.25244140625;
08:42:00;237.0;1574412121;89.548;59.704340398166465;1.6357353533744237;-1.2255859375;
08:42:01;238.0;1574412122;89.587;61.271854952401455;1.6786809576000399;-1.2548828125;
08:42:02;239.0;1574412123;89.936;61.271854952401455;1.6786809576000399;-1.2548828125;
08:42:03;240.0;1574412124;90.092;62.57811708093061;1.7144689611213866;-1.279296875;
08:42:04;241.0;1574412125;90.482;4.710704787088965;0.1290604051257251;-0.19775390625;
08:42:05;242.0;1574412126;90.404;5.886340702765207;0.16126960829493717;-0.2197265625;
08:42:06;243.0;1574412127;90.092;6.278219341323954;0.1720060093513412;-0.22705078125;
08:42:07;244.0;1574412128;90.092;5.886340702765207;0.16126960829493717;-0.2197265625;
08:42:08;245.0;1574412129;90.072;5.886340702765207;0.16126960829493717;-0.2197265625;
08:42:09;246.0;1574412130;90.092;18.55708334949803;0.5084132424520008;-0.45654296875;
08:42:10;247.0;1574412131;90.033;18.55708334949803;0.5084132424520008;-0.45654296875;
08:42:11;248.0;1574412132;90.033;18.426457136645112;0.504834442099866;-0.4541015625;
08:42:12;249.0;1574412133;89.703;18.687709562350943;0.5119920428041355;-0.458984375;
08:42:13;250.0;1574412134;89.529;18.426457136645112;0.504834442099866;-0.4541015625;
08:42:14;251.0;1574412135;89.858;18.55708334949803;0.5084132424520008;-0.45654296875;
08:42:15;252.0;1574412136;89.529;18.426457136645112;0.504834442099866;-0.4541015625;
08:42:16;253.0;1574412137;89.567;18.426457136645112;0.504834442099866;-0.4541015625;
08:42:17;254.0;1574412138;89.567;9999.0;9999.0;9999.0;
08:42:18;255.0;1574412139;89.413;18.948961988056773;0.5191496435084048;-0.4638671875;
08:42:19;256.0;1574412140;89.548;14.638296963910557;0.4010492318879605;-0.38330078125;
08:42:20;257.0;1574412141;89.529;18.16520471093928;0.49767684139559665;-0.44921875;
08:42:21;258.0;1574412142;89.316;18.2958309237922;0.5012556417477315;-0.45166015625;
08:42:22;259.0;1574412143;89.49;18.55708334949803;0.5084132424520008;-0.45654296875;
08:42:23;260.0;1574412144;89.509;18.687709562350943;0.5119920428041355;-0.458984375;
08:42:24;261.0;1574412145;89.49;18.687709562350943;0.5119920428041355;-0.458984375;
08:42:25;262.0;1574412146;89.374;18.687709562350943;0.5119920428041355;-0.458984375;
08:42:26;263.0;1574412147;89.201;18.2958309237922;0.5012556417477315;-0.45166015625;
08:42:27;264.0;1574412148;89.124;18.426457136645112;0.504834442099866;-0.4541015625;
08:42:28;265.0;1574412149;89.085;21.43086003226217;0.5871468501989636;-0.51025390625;
08:42:29;266.0;1574412150;89.645;18.034578498086365;0.49409804104346206;-0.44677734375;
08:42:30;267.0;1574412151;89.645;18.426457136645112;0.504834442099866;-0.4541015625;
08:42:31;268.0;1574412152;89.374;18.2958309237922;0.5012556417477315;-0.45166015625;
08:42:32;269.0;1574412154;89.548;18.948961988056773;0.5191496435084048;-0.4638671875;
08:42:33;270.0;1574412154;89.162;18.55708334949803;0.5084132424520008;-0.45654296875;
08:42:34;271.0;1574412156;88.989;18.426457136645112;0.504834442099866;-0.4541015625;
08:42:35;272.0;1574412157;89.297;18.81833577520386;0.5155708431562701;-0.46142578125;
08:42:36;273.0;1574412158;89.027;18.426457136645112;0.504834442099866;-0.4541015625;
08:42:37;274.0;1574412159;89.336;18.426457136645112;0.504834442099866;-0.4541015625;
08:42:38;275.0;1574412160;89.336;18.948961988056773;0.5191496435084048;-0.4638671875;
08:42:39;276.0;1574412161;89.374;19.602093052321354;0.5370436452690782;-0.47607421875;
08:42:40;277.0;1574412162;89.201;18.2958309237922;0.5012556417477315;-0.45166015625;
08:42:41;278.0;1574412163;88.778;17.25082122096887;0.472625238930654;-0.43212890625;
08:42:42;279.0;1574412164;88.97;18.426457136645112;0.504834442099866;-0.4541015625;
08:42:43;280.0;1574412165;88.797;18.426457136645112;0.504834442099866;-0.4541015625;
08:42:44;281.0;1574412166;89.047;18.426457136645112;0.504834442099866;-0.4541015625;
08:42:45;282.0;1574412167;89.316;17.512073646674704;0.4797828396349234;-0.43701171875;
08:42:46;283.0;1574412168;88.97;18.55708334949803;0.5084132424520008;-0.45654296875;
08:42:47;284.0;1574412169;89.143;18.55708334949803;0.5084132424520008;-0.45654296875;
08:42:48;285.0;1574412170;89.239;18.55708334949803;0.5084132424520008;-0.45654296875;
08:42:49;286.0;1574412171;89.104;18.426457136645112;0.504834442099866;-0.4541015625;
08:42:50;287.0;1574412172;89.413;17.773326072380534;0.4869404403391927;-0.44189453125;
08:42:51;288.0;1574412173;89.413;18.16520471093928;0.49767684139559665;-0.44921875;
08:42:53;290.0;1574412174;89.374;18.55708334949803;0.5084132424520008;-0.45654296875;
08:42:54;291.0;1574412175;89.336;18.55708334949803;0.5084132424520008;-0.45654296875;
08:42:55;292.0;1574412176;89.181;17.903952285233448;0.49051924069132735;-0.4443359375;
08:42:56;293.0;1574412177;89.162;18.687709562350943;0.5119920428041355;-0.458984375;
08:42:57;294.0;1574412178;88.835;18.55708334949803;0.5084132424520008;-0.45654296875;
08:42:58;295.0;1574412179;88.893;18.426457136645112;0.504834442099866;-0.4541015625;
08:42:59;296.0;1574412180;88.778;18.2958309237922;0.5012556417477315;-0.45166015625;
08:43:00;297.0;1574412181;88.625;18.55708334949803;0.5084132424520008;-0.45654296875;
08:43:01;298.0;1574412182;88.893;18.948961988056773;0.5191496435084048;-0.4638671875;
08:43:02;299.0;1574412183;88.835;18.81833577520386;0.5155708431562701;-0.46142578125;
08:43:03;300.0;1574412184;88.816;18.55708334949803;0.5084132424520008;-0.45654296875;
08:43:04;301.0;1574412185;88.778;18.55708334949803;0.5084132424520008;-0.45654296875;
08:43:05;302.0;1574412186;88.51;18.426457136645112;0.504834442099866;-0.4541015625;
08:43:06;303.0;1574412187;88.338;19.471466839468437;0.5334648449169435;-0.4736328125;
08:43:07;304.0;1574412188;88.51;18.55708334949803;0.5084132424520008;-0.45654296875;
08:43:08;305.0;1574412189;88.472;18.2958309237922;0.5012556417477315;-0.45166015625;
08:43:09;306.0;1574412190;88.644;18.426457136645112;0.504834442099866;-0.4541015625;
08:43:10;307.0;1574412191;88.874;18.034578498086365;0.49409804104346206;-0.44677734375;
08:43:11;308.0;1574412192;88.989;18.426457136645112;0.504834442099866;-0.4541015625;
08:43:12;309.0;1574412193;89.066;18.687709562350943;0.5119920428041355;-0.458984375;
08:43:13;310.0;1574412194;88.912;18.687709562350943;0.5119920428041355;-0.458984375;
08:43:14;311.0;1574412195;88.739;18.426457136645112;0.504834442099866;-0.4541015625;
08:43:15;312.0;1574412196;88.414;18.55708334949803;0.5084132424520008;-0.45654296875;
08:43:16;313.0;1574412197;88.3;18.426457136645112;0.504834442099866;-0.4541015625;
08:43:17;314.0;1574412198;88.281;18.55708334949803;0.5084132424520008;-0.45654296875;
08:43:18;315.0;1574412199;88.376;18.55708334949803;0.5084132424520008;-0.45654296875;
08:43:19;316.0;1574412200;88.529;18.034578498086365;0.49409804104346206;-0.44677734375;
08:43:20;317.0;1574412201;88.453;18.2958309237922;0.5012556417477315;-0.45166015625;
08:43:21;318.0;1574412202;88.433;18.55708334949803;0.5084132424520008;-0.45654296875;
08:43:22;319.0;1574412203;88.319;17.512073646674704;0.4797828396349234;-0.43701171875;
08:43:23;320.0;1574412204;87.996;18.55708334949803;0.5084132424520008;-0.45654296875;
08:43:24;321.0;1574412205;87.863;20.64710275514468;0.5656740480861556;-0.49560546875;
08:43:25;322.0;1574412206;87.73;18.687709562350943;0.5119920428041355;-0.458984375;
08:43:26;323.0;1574412207;87.692;16.075185305292628;0.44041603576144184;-0.41015625;
08:43:27;324.0;1574412208;88.015;18.426457136645112;0.504834442099866;-0.4541015625;
08:43:28;325.0;1574412209;88.186;20.64710275514468;0.5656740480861556;-0.49560546875;
08:43:29;326.0;1574412210;88.395;18.426457136645112;0.504834442099866;-0.4541015625;
08:43:30;327.0;1574412211;88.472;18.55708334949803;0.5084132424520008;-0.45654296875;
08:43:31;328.0;1574412212;88.548;21.16960760655634;0.5799892494946942;-0.50537109375;
08:43:32;329.0;1574412213;88.778;18.55708334949803;0.5084132424520008;-0.45654296875;
08:43:33;330.0;1574412214;88.874;17.773326072380534;0.4869404403391927;-0.44189453125;
08:43:34;331.0;1574412215;88.816;18.034578498086365;0.49409804104346206;-0.44677734375;
08:43:35;332.0;1574412216;88.567;18.55708334949803;0.5084132424520008;-0.45654296875;
08:43:36;333.0;1574412217;88.491;18.687709562350943;0.5119920428041355;-0.458984375;
08:43:37;334.0;1574412218;88.663;18.687709562350943;0.5119920428041355;-0.458984375;
08:43:38;335.0;1574412219;88.854;18.426457136645112;0.504834442099866;-0.4541015625;
08:43:39;336.0;1574412220;89.085;18.426457136645112;0.504834442099866;-0.4541015625;
08:43:40;337.0;1574412221;88.97;18.426457136645112;0.504834442099866;-0.4541015625;
08:43:41;338.0;1574412222;88.663;18.81833577520386;0.5155708431562701;-0.46142578125;
08:43:42;339.0;1574412223;88.663;18.2958309237922;0.5012556417477315;-0.45166015625;
08:43:43;340.0;1574412224;88.453;19.07958820090969;0.5227284438605394;-0.46630859375;
08:43:44;341.0;1574412226;88.453;18.426457136645112;0.504834442099866;-0.4541015625;
08:43:45;342.0;1574412227;88.605;18.426457136645112;0.504834442099866;-0.4541015625;
08:43:46;343.0;1574412228;88.605;18.426457136645112;0.504834442099866;-0.4541015625;
08:43:47;344.0;1574412229;88.414;18.426457136645112;0.504834442099866;-0.4541015625;
08:43:48;345.0;1574412230;88.243;18.55708334949803;0.5084132424520008;-0.45654296875;
08:43:49;346.0;1574412231;87.901;18.426457136645112;0.504834442099866;-0.4541015625;
08:43:50;347.0;1574412232;87.39;19.993971690880098;0.5477800463254822;-0.4833984375;
08:43:51;348.0;1574412233;87.277;18.687709562350943;0.5119920428041355;-0.458984375;
08:43:52;349.0;1574412234;87.598;18.16520471093928;0.49767684139559665;-0.44921875;
08:43:53;350.0;1574412235;87.768;18.55708334949803;0.5084132424520008;-0.45654296875;
08:43:54;351.0;1574412236;88.091;18.948961988056773;0.5191496435084048;-0.4638671875;
08:43:56;353.0;1574412237;88.567;18.426457136645112;0.504834442099866;-0.4541015625;
08:43:57;354.0;1574412238;88.529;17.903952285233448;0.49051924069132735;-0.4443359375;
08:43:58;355.0;1574412239;88.357;18.55708334949803;0.5084132424520008;-0.45654296875;
08:43:59;356.0;1574412240;88.186;18.426457136645112;0.504834442099866;-0.4541015625;
08:44:00;357.0;1574412241;88.167;18.426457136645112;0.504834442099866;-0.4541015625;
08:44:01;358.0;1574412242;88.053;18.948961988056773;0.5191496435084048;-0.4638671875;
08:44:02;359.0;1574412243;88.148;18.426457136645112;0.504834442099866;-0.4541015625;
08:44:03;360.0;1574412244;88.205;18.55708334949803;0.5084132424520008;-0.45654296875;
08:44:04;361.0;1574412245;87.92;18.55708334949803;0.5084132424520008;-0.45654296875;
08:44:05;362.0;1574412246;87.844;18.16520471093928;0.49767684139559665;-0.44921875;
08:44:06;363.0;1574412247;88.091;19.471466839468437;0.5334648449169435;-0.4736328125;
08:44:07;364.0;1574412248;88.205;18.426457136645112;0.504834442099866;-0.4541015625;
08:44:08;365.0;1574412249;88.338;18.55708334949803;0.5084132424520008;-0.45654296875;
08:44:09;366.0;1574412250;88.395;18.81833577520386;0.5155708431562701;-0.46142578125;
08:44:10;367.0;1574412251;88.262;18.55708334949803;0.5084132424520008;-0.45654296875;
08:44:11;368.0;1574412252;88.281;18.2958309237922;0.5012556417477315;-0.45166015625;
08:44:12;369.0;1574412253;88.243;9999.0;9999.0;9999.0;
08:44:13;370.0;1574412254;88.338;18.426457136645112;0.504834442099866;-0.4541015625;
08:44:14;371.0;1574412255;88.11;18.687709562350943;0.5119920428041355;-0.458984375;
08:44:15;372.0;1574412256;88.3;18.55708334949803;0.5084132424520008;-0.45654296875;
08:44:16;373.0;1574412257;88.319;19.210214413762603;0.526307244212674;-0.46875;
08:44:17;374.0;1574412258;88.091;18.426457136645112;0.504834442099866;-0.4541015625;
08:44:18;375.0;1574412259;88.148;18.2958309237922;0.5012556417477315;-0.45166015625;
08:44:19;376.0;1574412260;87.749;18.2958309237922;0.5012556417477315;-0.45166015625;
08:44:20;377.0;1574412261;87.466;18.426457136645112;0.504834442099866;-0.4541015625;
08:44:21;378.0;1574412262;87.485;18.426457136645112;0.504834442099866;-0.4541015625;
08:44:22;379.0;1574412263;87.749;15.683306666733882;0.4296796347050379;-0.40283203125;
08:44:23;380.0;1574412264;87.806;18.55708334949803;0.5084132424520008;-0.45654296875;
08:44:24;381.0;1574412265;87.977;18.948961988056773;0.5191496435084048;-0.4638671875;
08:44:25;382.0;1574412266;87.901;18.426457136645112;0.504834442099866;-0.4541015625;
08:44:26;383.0;1574412267;87.447;18.55708334949803;0.5084132424520008;-0.45654296875;
08:44:27;384.0;1574412268;87.447;18.948961988056773;0.5191496435084048;-0.4638671875;
08:44:28;385.0;1574412269;87.296;18.2958309237922;0.5012556417477315;-0.45166015625;
08:44:29;386.0;1574412270;87.315;17.773326072380534;0.4869404403391927;-0.44189453125;
08:44:30;387.0;1574412271;87.485;18.55708334949803;0.5084132424520008;-0.45654296875;
08:44:31;388.0;1574412272;87.504;18.426457136645112;0.504834442099866;-0.4541015625;
08:44:32;389.0;1574412273;87.787;18.2958309237922;0.5012556417477315;-0.45166015625;
08:44:33;390.0;1574412274;87.939;18.55708334949803;0.5084132424520008;-0.45654296875;
08:44:34;391.0;1574412276;88.243;18.2958309237922;0.5012556417477315;-0.45166015625;
08:44:35;392.0;1574412277;88.281;18.948961988056773;0.5191496435084048;-0.4638671875;
08:44:36;393.0;1574412278;87.977;18.55708334949803;0.5084132424520008;-0.45654296875;
08:44:37;394.0;1574412279;88.129;18.81833577520386;0.5155708431562701;-0.46142578125;
08:44:38;395.0;1574412280;88.015;19.07958820090969;0.5227284438605394;-0.46630859375;
08:44:39;396.0;1574412281;87.958;18.948961988056773;0.5191496435084048;-0.4638671875;
08:44:40;397.0;1574412282;88.091;18.55708334949803;0.5084132424520008;-0.45654296875;
08:44:41;398.0;1574412283;87.92;18.426457136645112;0.504834442099866;-0.4541015625;
08:44:42;399.0;1574412284;87.39;18.426457136645112;0.504834442099866;-0.4541015625;
08:44:43;400.0;1574412285;87.372;18.687709562350943;0.5119920428041355;-0.458984375;
08:44:44;401.0;1574412286;87.277;18.948961988056773;0.5191496435084048;-0.4638671875;
08:44:45;402.0;1574412287;87.146;18.16520471093928;0.49767684139559665;-0.44921875;
08:44:46;403.0;1574412288;87.655;18.948961988056773;0.5191496435084048;-0.4638671875;
08:44:47;404.0;1574412289;87.692;18.55708334949803;0.5084132424520008;-0.45654296875;
08:44:48;405.0;1574412290;87.655;18.426457136645112;0.504834442099866;-0.4541015625;
08:44:49;406.0;1574412291;87.485;18.55708334949803;0.5084132424520008;-0.45654296875;
08:44:50;407.0;1574412292;87.485;18.687709562350943;0.5119920428041355;-0.458984375;
08:44:51;408.0;1574412293;87.504;18.034578498086365;0.49409804104346206;-0.44677734375;
08:44:52;409.0;1574412294;87.504;18.55708334949803;0.5084132424520008;-0.45654296875;
08:44:53;410.0;1574412295;87.617;19.07958820090969;0.5227284438605394;-0.46630859375;
08:44:54;411.0;1574412296;87.409;18.81833577520386;0.5155708431562701;-0.46142578125;
08:44:55;412.0;1574412297;87.353;18.16520471093928;0.49767684139559665;-0.44921875;
08:44:56;413.0;1574412298;87.221;18.55708334949803;0.5084132424520008;-0.45654296875;
08:44:57;414.0;1574412299;86.977;18.426457136645112;0.504834442099866;-0.4541015625;
08:44:58;415.0;1574412300;87.165;18.687709562350943;0.5119920428041355;-0.458984375;
08:44:59;416.0;1574412301;87.146;18.81833577520386;0.5155708431562701;-0.46142578125;
08:45:01;418.0;1574412302;87.39;18.81833577520386;0.5155708431562701;-0.46142578125;
08:45:02;419.0;1574412303;87.541;19.602093052321354;0.5370436452690782;-0.47607421875;
08:45:03;420.0;1574412304;87.259;18.55708334949803;0.5084132424520008;-0.45654296875;
08:45:04;421.0;1574412305;87.315;18.55708334949803;0.5084132424520008;-0.45654296875;
08:45:05;422.0;1574412306;87.39;18.426457136645112;0.504834442099866;-0.4541015625;
08:45:06;423.0;1574412307;87.409;18.2958309237922;0.5012556417477315;-0.45166015625;
08:45:07;424.0;1574412308;87.504;9999.0;9999.0;9999.0;
08:45:08;425.0;1574412309;87.334;18.2958309237922;0.5012556417477315;-0.45166015625;
08:45:09;426.0;1574412310;87.014;18.55708334949803;0.5084132424520008;-0.45654296875;
08:45:10;427.0;1574412311;86.958;18.55708334949803;0.5084132424520008;-0.45654296875;
08:45:11;428.0;1574412312;87.089;18.55708334949803;0.5084132424520008;-0.45654296875;
08:45:12;429.0;1574412313;87.071;18.55708334949803;0.5084132424520008;-0.45654296875;
08:45:13;430.0;1574412314;87.541;19.602093052321354;0.5370436452690782;-0.47607421875;
08:45:14;431.0;1574412315;87.541;18.426457136645112;0.504834442099866;-0.4541015625;
08:45:15;432.0;1574412316;87.221;18.81833577520386;0.5155708431562701;-0.46142578125;
08:45:16;433.0;1574412317;87.183;18.426457136645112;0.504834442099866;-0.4541015625;
08:45:17;434.0;1574412318;86.864;18.2958309237922;0.5012556417477315;-0.45166015625;
08:45:18;435.0;1574412319;87.033;17.512073646674704;0.4797828396349234;-0.43701171875;
08:45:19;436.0;1574412320;87.259;18.55708334949803;0.5084132424520008;-0.45654296875;
08:45:20;437.0;1574412321;87.296;18.687709562350943;0.5119920428041355;-0.458984375;
08:45:21;438.0;1574412322;87.447;18.426457136645112;0.504834442099866;-0.4541015625;
08:45:22;439.0;1574412323;86.958;16.858942582410123;0.46188883787424995;-0.4248046875;
08:45:23;440.0;1574412324;86.771;18.687709562350943;0.5119920428041355;-0.458984375;
08:45:24;441.0;1574412325;87.146;20.38585032943885;0.5585164473818863;-0.49072265625;
08:45:25;442.0;1574412326;87.089;18.426457136645112;0.504834442099866;-0.4541015625;
08:45:26;443.0;1574412327;87.447;18.426457136645112;0.504834442099866;-0.4541015625;
08:45:27;444.0;1574412328;87.409;18.426457136645112;0.504834442099866;-0.4541015625;
08:45:28;445.0;1574412329;87.315;18.426457136645112;0.504834442099866;-0.4541015625;
08:45:29;446.0;1574412330;87.372;18.55708334949803;0.5084132424520008;-0.45654296875;
08:45:30;447.0;1574412331;87.541;17.773326072380534;0.4869404403391927;-0.44189453125;
08:45:31;448.0;1574412332;87.598;18.2958309237922;0.5012556417477315;-0.45166015625;
08:45:32;449.0;1574412333;87.146;18.55708334949803;0.5084132424520008;-0.45654296875;
08:45:33;450.0;1574412334;87.146;18.55708334949803;0.5084132424520008;-0.45654296875;
08:45:34;451.0;1574412335;87.108;18.55708334949803;0.5084132424520008;-0.45654296875;
08:45:35;452.0;1574412336;87.071;18.426457136645112;0.504834442099866;-0.4541015625;
08:45:36;453.0;1574412338;87.24;18.034578498086365;0.49409804104346206;-0.44677734375;
08:45:37;454.0;1574412339;87.165;18.426457136645112;0.504834442099866;-0.4541015625;
08:45:38;455.0;1574412339;87.146;18.55708334949803;0.5084132424520008;-0.45654296875;
08:45:39;456.0;1574412340;87.504;18.687709562350943;0.5119920428041355;-0.458984375;
08:45:40;457.0;1574412341;87.485;18.55708334949803;0.5084132424520008;-0.45654296875;
08:45:41;458.0;1574412342;87.39;18.2958309237922;0.5012556417477315;-0.45166015625;
08:45:42;459.0;1574412343;87.39;18.426457136645112;0.504834442099866;-0.4541015625;
08:45:43;460.0;1574412344;87.108;19.210214413762603;0.526307244212674;-0.46875;
08:45:44;461.0;1574412345;87.353;17.642699859527617;0.483361639987058;-0.439453125;
08:45:45;462.0;1574412347;87.202;18.2958309237922;0.5012556417477315;-0.45166015625;
08:45:46;463.0;1574412348;87.202;18.2958309237922;0.5012556417477315;-0.45166015625;
08:45:47;464.0;1574412349;87.127;19.07958820090969;0.5227284438605394;-0.46630859375;
08:45:48;465.0;1574412350;87.089;18.034578498086365;0.49409804104346206;-0.44677734375;
08:45:49;466.0;1574412351;86.883;18.55708334949803;0.5084132424520008;-0.45654296875;
08:45:50;467.0;1574412352;86.864;18.55708334949803;0.5084132424520008;-0.45654296875;
08:45:51;468.0;1574412353;86.603;18.426457136645112;0.504834442099866;-0.4541015625;
08:45:52;469.0;1574412354;86.119;18.426457136645112;0.504834442099866;-0.4541015625;
08:45:53;470.0;1574412355;86.659;18.16520471093928;0.49767684139559665;-0.44921875;
08:45:54;471.0;1574412356;86.398;18.81833577520386;0.5155708431562701;-0.46142578125;
08:45:55;472.0;1574412357;86.696;18.55708334949803;0.5084132424520008;-0.45654296875;
08:45:56;473.0;1574412358;87.014;18.426457136645112;0.504834442099866;-0.4541015625;
08:45:57;474.0;1574412359;86.659;18.55708334949803;0.5084132424520008;-0.45654296875;
08:45:58;475.0;1574412360;86.64;18.426457136645112;0.504834442099866;-0.4541015625;
08:45:59;476.0;1574412361;86.659;18.55708334949803;0.5084132424520008;-0.45654296875;
08:46:00;477.0;1574412362;86.64;18.687709562350943;0.5119920428041355;-0.458984375;
08:46:01;478.0;1574412363;86.977;18.55708334949803;0.5084132424520008;-0.45654296875;
08:46:02;479.0;1574412364;87.165;18.55708334949803;0.5084132424520008;-0.45654296875;
08:46:03;480.0;1574412365;86.996;18.948961988056773;0.5191496435084048;-0.4638671875;
08:46:05;482.0;1574412366;86.996;18.426457136645112;0.504834442099866;-0.4541015625;
08:46:06;483.0;1574412367;86.808;18.687709562350943;0.5119920428041355;-0.458984375;
08:46:07;484.0;1574412368;86.827;18.687709562350943;0.5119920428041355;-0.458984375;
08:46:08;485.0;1574412369;87.014;18.16520471093928;0.49767684139559665;-0.44921875;
08:46:09;486.0;1574412370;86.64;18.81833577520386;0.5155708431562701;-0.46142578125;
08:46:10;487.0;1574412371;86.64;18.948961988056773;0.5191496435084048;-0.4638671875;
08:46:11;488.0;1574412372;86.379;18.426457136645112;0.504834442099866;-0.4541015625;
08:46:12;489.0;1574412373;86.398;18.55708334949803;0.5084132424520008;-0.45654296875;
08:46:13;490.0;1574412374;86.64;22.345243522232582;0.6121984526639064;-0.52734375;
08:46:14;491.0;1574412375;86.696;18.16520471093928;0.49767684139559665;-0.44921875;
08:46:15;492.0;1574412376;86.883;18.426457136645112;0.504834442099866;-0.4541015625;
08:46:16;493.0;1574412377;86.696;18.81833577520386;0.5155708431562701;-0.46142578125;
08:46:17;494.0;1574412378;86.808;18.2958309237922;0.5012556417477315;-0.45166015625;
08:46:18;495.0;1574412379;86.659;18.687709562350943;0.5119920428041355;-0.458984375;
08:46:19;496.0;1574412380;86.472;18.426457136645112;0.504834442099866;-0.4541015625;
08:46:20;497.0;1574412381;86.472;18.81833577520386;0.5155708431562701;-0.46142578125;
08:46:21;498.0;1574412382;86.193;18.55708334949803;0.5084132424520008;-0.45654296875;
08:46:22;499.0;1574412383;86.305;18.426457136645112;0.504834442099866;-0.4541015625;
08:46:23;500.0;1574412384;86.379;18.687709562350943;0.5119920428041355;-0.458984375;
08:46:24;501.0;1574412385;86.323;18.2958309237922;0.5012556417477315;-0.45166015625;
08:46:25;502.0;1574412386;86.323;17.903952285233448;0.49051924069132735;-0.4443359375;
08:46:26;503.0;1574412387;86.305;18.55708334949803;0.5084132424520008;-0.45654296875;
08:46:27;504.0;1574412388;86.119;18.55708334949803;0.5084132424520008;-0.45654296875;
08:46:28;505.0;1574412389;86.323;18.426457136645112;0.504834442099866;-0.4541015625;
08:46:30;507.0;1574412390;86.156;18.55708334949803;0.5084132424520008;-0.45654296875;
08:46:31;508.0;1574412392;86.771;16.467063943851375;0.4511524368178459;-0.41748046875;
08:46:32;509.0;1574412393;86.603;18.81833577520386;0.5155708431562701;-0.46142578125;
08:46:33;510.0;1574412394;86.79;18.948961988056773;0.5191496435084048;-0.4638671875;
08:46:34;511.0;1574412395;87.108;15.291428028175133;0.4189432336486338;-0.3955078125;
08:46:35;512.0;1574412396;86.659;18.16520471093928;0.49767684139559665;-0.44921875;
08:46:36;513.0;1574412397;86.51;19.07958820090969;0.5227284438605394;-0.46630859375;
08:46:37;514.0;1574412398;86.156;18.426457136645112;0.504834442099866;-0.4541015625;
08:46:38;515.0;1574412399;85.878;18.55708334949803;0.5084132424520008;-0.45654296875;
08:46:39;516.0;1574412400;85.897;18.16520471093928;0.49767684139559665;-0.44921875;
08:46:40;517.0;1574412401;86.063;20.64710275514468;0.5656740480861556;-0.49560546875;
08:46:41;518.0;1574412402;86.23;18.426457136645112;0.504834442099866;-0.4541015625;
08:46:42;519.0;1574412403;86.342;18.81833577520386;0.5155708431562701;-0.46142578125;
08:46:43;520.0;1574412405;86.323;18.2958309237922;0.5012556417477315;-0.45166015625;
08:46:44;521.0;1574412406;86.156;18.426457136645112;0.504834442099866;-0.4541015625;
08:46:45;522.0;1574412407;86.342;16.597690156704292;0.4547312371699806;-0.419921875;
08:46:46;523.0;1574412407;86.305;18.2958309237922;0.5012556417477315;-0.45166015625;
08:46:47;524.0;1574412408;86.472;18.426457136645112;0.504834442099866;-0.4541015625;
08:46:48;525.0;1574412409;86.771;18.55708334949803;0.5084132424520008;-0.45654296875;
08:46:49;526.0;1574412410;86.79;18.81833577520386;0.5155708431562701;-0.46142578125;
08:46:50;527.0;1574412411;86.677;18.426457136645112;0.504834442099866;-0.4541015625;
08:46:51;528.0;1574412412;86.827;18.55708334949803;0.5084132424520008;-0.45654296875;
08:46:52;529.0;1574412413;86.808;18.16520471093928;0.49767684139559665;-0.44921875;
08:46:53;530.0;1574412414;86.64;18.426457136645112;0.504834442099866;-0.4541015625;
08:46:54;531.0;1574412415;86.659;18.687709562350943;0.5119920428041355;-0.458984375;
08:46:55;532.0;1574412416;86.51;18.2958309237922;0.5012556417477315;-0.45166015625;
08:46:56;533.0;1574412417;86.23;18.2958309237922;0.5012556417477315;-0.45166015625;
08:46:57;534.0;1574412418;86.23;16.205811518145545;0.4439948361135766;-0.41259765625;
08:46:58;535.0;1574412419;86.398;18.55708334949803;0.5084132424520008;-0.45654296875;
08:46:59;536.0;1574412420;86.063;18.55708334949803;0.5084132424520008;-0.45654296875;
08:47:00;537.0;1574412422;86.156;18.55708334949803;0.5084132424520008;-0.45654296875;
08:47:01;538.0;1574412423;86.156;18.2958309237922;0.5012556417477315;-0.45166015625;
08:47:02;539.0;1574412424;85.934;19.732719265174268;0.5406224456212129;-0.478515625;
08:47:03;540.0;1574412425;85.989;18.426457136645112;0.504834442099866;-0.4541015625;
08:47:04;541.0;1574412426;86.045;16.98956879526304;0.46546763822638465;-0.42724609375;
08:47:05;542.0;1574412427;85.841;18.55708334949803;0.5084132424520008;-0.45654296875;
08:47:06;543.0;1574412428;86.212;18.426457136645112;0.504834442099866;-0.4541015625;
08:47:07;544.0;1574412429;86.342;18.426457136645112;0.504834442099866;-0.4541015625;
08:47:09;546.0;1574412430;86.286;18.426457136645112;0.504834442099866;-0.4541015625;
08:47:10;547.0;1574412431;86.379;18.948961988056773;0.5191496435084048;-0.4638671875;
08:47:11;548.0;1574412432;86.193;18.2958309237922;0.5012556417477315;-0.45166015625;
08:47:12;549.0;1574412433;85.989;18.55708334949803;0.5084132424520008;-0.45654296875;
08:47:13;550.0;1574412434;86.045;18.81833577520386;0.5155708431562701;-0.46142578125;
08:47:14;551.0;1574412435;85.878;18.426457136645112;0.504834442099866;-0.4541015625;
08:47:15;552.0;1574412436;85.73;18.687709562350943;0.5119920428041355;-0.458984375;
08:47:16;553.0;1574412437;85.749;16.98956879526304;0.46546763822638465;-0.42724609375;
08:47:17;554.0;1574412438;85.601;18.55708334949803;0.5084132424520008;-0.45654296875;
08:47:18;555.0;1574412439;85.638;18.426457136645112;0.504834442099866;-0.4541015625;
08:47:19;556.0;1574412440;85.767;18.426457136645112;0.504834442099866;-0.4541015625;
08:47:20;557.0;1574412441;85.823;17.773326072380534;0.4869404403391927;-0.44189453125;
08:47:21;558.0;1574412442;85.841;21.300233819409257;0.583568049846829;-0.5078125;
08:47:22;559.0;1574412443;85.989;18.2958309237922;0.5012556417477315;-0.45166015625;
08:47:23;560.0;1574412444;86.101;13.985165899645981;0.38315523012728714;-0.37109375;
08:47:24;561.0;1574412445;86.045;17.903952285233448;0.49051924069132735;-0.4443359375;
08:47:25;562.0;1574412446;85.989;18.426457136645112;0.504834442099866;-0.4541015625;
08:47:26;563.0;1574412447;85.915;18.426457136645112;0.504834442099866;-0.4541015625;
08:47:27;564.0;1574412448;85.767;18.16520471093928;0.49767684139559665;-0.44921875;
08:47:29;566.0;1574412449;85.989;18.948961988056773;0.5191496435084048;-0.4638671875;
08:47:30;567.0;1574412451;86.008;18.948961988056773;0.5191496435084048;-0.4638671875;
08:47:31;568.0;1574412452;86.026;18.81833577520386;0.5155708431562701;-0.46142578125;
08:47:32;569.0;1574412453;85.897;18.426457136645112;0.504834442099866;-0.4541015625;
08:47:33;570.0;1574412454;85.878;18.16520471093928;0.49767684139559665;-0.44921875;
08:47:34;571.0;1574412455;85.934;18.55708334949803;0.5084132424520008;-0.45654296875;
08:47:35;572.0;1574412456;85.915;18.55708334949803;0.5084132424520008;-0.45654296875;
08:47:36;573.0;1574412457;86.008;20.38585032943885;0.5585164473818863;-0.49072265625;
08:47:37;574.0;1574412458;86.045;18.55708334949803;0.5084132424520008;-0.45654296875;
08:47:38;575.0;1574412459;85.971;18.55708334949803;0.5084132424520008;-0.45654296875;
08:47:39;576.0;1574412460;85.86;18.2958309237922;0.5012556417477315;-0.45166015625;
08:47:40;577.0;1574412461;85.786;18.55708334949803;0.5084132424520008;-0.45654296875;
08:47:41;578.0;1574412462;85.786;18.426457136645112;0.504834442099866;-0.4541015625;
08:47:42;579.0;1574412463;85.675;18.81833577520386;0.5155708431562701;-0.46142578125;
08:47:43;580.0;1574412464;85.694;19.340840626615524;0.5298860445648089;-0.47119140625;
08:47:44;581.0;1574412465;85.675;18.948961988056773;0.5191496435084048;-0.4638671875;
08:47:45;582.0;1574412466;85.62;18.426457136645112;0.504834442099866;-0.4541015625;
08:47:46;583.0;1574412468;85.565;18.2958309237922;0.5012556417477315;-0.45166015625;
08:47:47;584.0;1574412469;85.546;18.426457136645112;0.504834442099866;-0.4541015625;
08:47:48;585.0;1574412470;85.491;18.426457136645112;0.504834442099866;-0.4541015625;
08:47:49;586.0;1574412471;85.528;18.55708334949803;0.5084132424520008;-0.45654296875;
08:47:50;587.0;1574412472;85.73;18.55708334949803;0.5084132424520008;-0.45654296875;
08:47:51;588.0;1574412473;85.712;18.2958309237922;0.5012556417477315;-0.45166015625;
08:47:52;589.0;1574412474;85.675;19.340840626615524;0.5298860445648089;-0.47119140625;
08:47:53;590.0;1574412475;85.491;17.903952285233448;0.49051924069132735;-0.4443359375;
08:47:54;591.0;1574412476;85.454;18.2958309237922;0.5012556417477315;-0.45166015625;
08:47:55;592.0;1574412477;85.657;20.64710275514468;0.5656740480861556;-0.49560546875;
08:47:56;593.0;1574412478;85.694;18.2958309237922;0.5012556417477315;-0.45166015625;
08:47:57;594.0;1574412479;85.841;18.55708334949803;0.5084132424520008;-0.45654296875;
08:47:58;595.0;1574412480;85.841;18.2958309237922;0.5012556417477315;-0.45166015625;
08:47:59;596.0;1574412481;85.509;19.340840626615524;0.5298860445648089;-0.47119140625;
08:48:00;597.0;1574412482;85.509;18.55708334949803;0.5084132424520008;-0.45654296875;
08:48:01;598.0;1574412483;85.344;18.426457136645112;0.504834442099866;-0.4541015625;
08:48:02;599.0;1574412484;85.307;18.55708334949803;0.5084132424520008;-0.45654296875;
08:48:03;600.0;1574412485;85.454;18.55708334949803;0.5084132424520008;-0.45654296875;
08:48:04;601.0;1574412486;85.307;18.426457136645112;0.504834442099866;-0.4541015625;
08:48:05;602.0;1574412487;85.509;18.426457136645112;0.504834442099866;-0.4541015625;
08:48:06;603.0;1574412488;85.546;17.642699859527617;0.483361639987058;-0.439453125;
08:48:07;604.0;1574412489;85.528;18.426457136645112;0.504834442099866;-0.4541015625;
08:48:08;605.0;1574412490;85.694;18.2958309237922;0.5012556417477315;-0.45166015625;
08:48:09;606.0;1574412491;85.712;18.81833577520386;0.5155708431562701;-0.46142578125;
08:48:10;607.0;1574412492;85.694;18.426457136645112;0.504834442099866;-0.4541015625;
08:48:11;608.0;1574412493;85.62;18.55708334949803;0.5084132424520008;-0.45654296875;
08:48:13;610.0;1574412494;85.62;18.16520471093928;0.49767684139559665;-0.44921875;
08:48:14;611.0;1574412495;85.565;18.55708334949803;0.5084132424520008;-0.45654296875;
08:48:15;612.0;1574412496;85.601;18.16520471093928;0.49767684139559665;-0.44921875;
08:48:16;613.0;1574412497;85.657;18.16520471093928;0.49767684139559665;-0.44921875;
08:48:17;614.0;1574412498;85.454;18.16520471093928;0.49767684139559665;-0.44921875;
08:48:18;615.0;1574412499;85.491;18.16520471093928;0.49767684139559665;-0.44921875;
08:48:19;616.0;1574412500;85.252;18.2958309237922;0.5012556417477315;-0.45166015625;
08:48:20;617.0;1574412501;85.215;18.55708334949803;0.5084132424520008;-0.45654296875;
08:48:21;618.0;1574412502;85.362;18.687709562350943;0.5119920428041355;-0.458984375;
08:48:22;619.0;1574412503;85.197;18.426457136645112;0.504834442099866;-0.4541015625;
08:48:23;620.0;1574412504;85.417;18.426457136645112;0.504834442099866;-0.4541015625;
08:48:24;621.0;1574412505;85.528;19.340840626615524;0.5298860445648089;-0.47119140625;
08:48:25;622.0;1574412506;85.601;18.81833577520386;0.5155708431562701;-0.46142578125;
08:48:26;623.0;1574412507;85.62;18.426457136645112;0.504834442099866;-0.4541015625;
08:48:28;625.0;1574412508;85.62;18.55708334949803;0.5084132424520008;-0.45654296875;
08:48:29;626.0;1574412510;85.454;18.426457136645112;0.504834442099866;-0.4541015625;
08:48:30;627.0;1574412511;85.289;19.602093052321354;0.5370436452690782;-0.47607421875;
08:48:31;628.0;1574412512;85.252;18.426457136645112;0.504834442099866;-0.4541015625;
08:48:32;629.0;1574412513;85.069;18.2958309237922;0.5012556417477315;-0.45166015625;
08:48:33;630.0;1574412514;84.941;18.687709562350943;0.5119920428041355;-0.458984375;
08:48:34;631.0;1574412515;85.234;19.07958820090969;0.5227284438605394;-0.46630859375;
08:48:35;632.0;1574412516;85.069;18.948961988056773;0.5191496435084048;-0.4638671875;
08:48:36;633.0;1574412517;85.087;18.426457136645112;0.504834442099866;-0.4541015625;
08:48:37;634.0;1574412518;85.362;21.43086003226217;0.5871468501989636;-0.51025390625;
08:48:38;635.0;1574412519;85.124;18.426457136645112;0.504834442099866;-0.4541015625;
08:48:39;636.0;1574412520;85.325;18.426457136645112;0.504834442099866;-0.4541015625;
08:48:40;637.0;1574412521;85.491;18.55708334949803;0.5084132424520008;-0.45654296875;
08:48:41;638.0;1574412522;85.325;18.81833577520386;0.5155708431562701;-0.46142578125;
08:48:42;639.0;1574412523;85.436;18.687709562350943;0.5119920428041355;-0.458984375;
08:48:43;640.0;1574412524;85.417;17.381447433821783;0.4762040392827886;-0.4345703125;
08:48:44;641.0;1574412525;85.234;18.55708334949803;0.5084132424520008;-0.45654296875;
08:48:45;642.0;1574412526;85.215;18.426457136645112;0.504834442099866;-0.4541015625;
08:48:46;643.0;1574412527;85.344;9999.0;9999.0;9999.0;
08:48:47;644.0;1574412528;85.16;17.512073646674704;0.4797828396349234;-0.43701171875;
08:48:48;645.0;1574412529;85.197;18.687709562350943;0.5119920428041355;-0.458984375;
08:48:49;646.0;1574412530;85.417;19.602093052321354;0.5370436452690782;-0.47607421875;
08:48:50;647.0;1574412532;84.996;18.426457136645112;0.504834442099866;-0.4541015625;
08:48:51;648.0;1574412533;85.179;18.16520471093928;0.49767684139559665;-0.44921875;
08:48:52;649.0;1574412534;85.234;18.55708334949803;0.5084132424520008;-0.45654296875;
08:48:53;650.0;1574412535;85.197;18.2958309237922;0.5012556417477315;-0.45166015625;
08:48:54;651.0;1574412536;85.491;18.2958309237922;0.5012556417477315;-0.45166015625;
08:48:55;652.0;1574412537;85.325;18.426457136645112;0.504834442099866;-0.4541015625;
08:48:56;653.0;1574412538;85.399;19.340840626615524;0.5298860445648089;-0.47119140625;
08:48:57;654.0;1574412539;85.27;18.426457136645112;0.504834442099866;-0.4541015625;
08:48:58;655.0;1574412540;85.234;18.81833577520386;0.5155708431562701;-0.46142578125;
08:48:59;656.0;1574412541;85.307;18.55708334949803;0.5084132424520008;-0.45654296875;
08:49:00;657.0;1574412542;85.307;18.687709562350943;0.5119920428041355;-0.458984375;
08:49:01;658.0;1574412543;85.124;18.2958309237922;0.5012556417477315;-0.45166015625;
08:49:02;659.0;1574412543;85.197;18.55708334949803;0.5084132424520008;-0.45654296875;
08:49:03;660.0;1574412544;85.124;18.2958309237922;0.5012556417477315;-0.45166015625;
08:49:04;661.0;1574412545;84.849;18.426457136645112;0.504834442099866;-0.4541015625;
08:49:05;662.0;1574412546;84.849;18.426457136645112;0.504834442099866;-0.4541015625;
08:49:06;663.0;1574412547;84.685;18.55708334949803;0.5084132424520008;-0.45654296875;
08:49:07;664.0;1574412549;84.722;21.038981393703427;0.5764104491425597;-0.5029296875;
08:49:08;665.0;1574412550;84.831;18.426457136645112;0.504834442099866;-0.4541015625;
08:49:09;666.0;1574412551;84.849;19.07958820090969;0.5227284438605394;-0.46630859375;
08:49:10;667.0;1574412552;84.941;18.426457136645112;0.504834442099866;-0.4541015625;
08:49:11;668.0;1574412553;84.922;18.426457136645112;0.504834442099866;-0.4541015625;
08:49:12;669.0;1574412554;84.813;18.687709562350943;0.5119920428041355;-0.458984375;
08:49:13;670.0;1574412555;84.685;18.55708334949803;0.5084132424520008;-0.45654296875;
08:49:14;671.0;1574412556;84.54;18.81833577520386;0.5155708431562701;-0.46142578125;
08:49:15;672.0;1574412557;84.485;18.426457136645112;0.504834442099866;-0.4541015625;
08:49:17;674.0;1574412558;84.795;18.81833577520386;0.5155708431562701;-0.46142578125;
08:49:18;675.0;1574412559;85.069;18.2958309237922;0.5012556417477315;-0.45166015625;
08:49:19;676.0;1574412560;85.234;18.687709562350943;0.5119920428041355;-0.458984375;
08:49:20;677.0;1574412561;85.27;18.55708334949803;0.5084132424520008;-0.45654296875;
08:49:21;678.0;1574412562;85.105;18.426457136645112;0.504834442099866;-0.4541015625;
08:49:22;679.0;1574412563;85.142;18.55708334949803;0.5084132424520008;-0.45654296875;
08:49:23;680.0;1574412564;85.124;18.55708334949803;0.5084132424520008;-0.45654296875;
08:49:24;681.0;1574412565;85.142;18.55708334949803;0.5084132424520008;-0.45654296875;
08:49:25;682.0;1574412566;85.014;18.16520471093928;0.49767684139559665;-0.44921875;
08:49:26;683.0;1574412567;84.996;18.2958309237922;0.5012556417477315;-0.45166015625;
08:49:27;684.0;1574412567;84.941;18.426457136645112;0.504834442099866;-0.4541015625;
08:49:28;685.0;1574412569;84.631;18.2958309237922;0.5012556417477315;-0.45166015625;
08:49:29;686.0;1574412570;84.74;18.2958309237922;0.5012556417477315;-0.45166015625;
08:49:30;687.0;1574412571;84.74;18.55708334949803;0.5084132424520008;-0.45654296875;
08:49:31;688.0;1574412572;84.631;18.2958309237922;0.5012556417477315;-0.45166015625;
08:49:32;689.0;1574412573;84.996;18.687709562350943;0.5119920428041355;-0.458984375;
08:49:33;690.0;1574412574;84.831;18.426457136645112;0.504834442099866;-0.4541015625;
08:49:34;691.0;1574412575;84.813;18.2958309237922;0.5012556417477315;-0.45166015625;
08:49:35;692.0;1574412576;84.959;18.426457136645112;0.504834442099866;-0.4541015625;
08:49:36;693.0;1574412577;85.105;17.903952285233448;0.49051924069132735;-0.4443359375;
08:49:37;694.0;1574412578;85.087;18.948961988056773;0.5191496435084048;-0.4638671875;
08:49:38;695.0;1574412579;85.087;18.034578498086365;0.49409804104346206;-0.44677734375;
08:49:39;696.0;1574412580;85.142;18.55708334949803;0.5084132424520008;-0.45654296875;
08:49:40;697.0;1574412581;84.813;18.426457136645112;0.504834442099866;-0.4541015625;
08:49:41;698.0;1574412582;84.813;18.55708334949803;0.5084132424520008;-0.45654296875;
08:49:42;699.0;1574412583;84.849;18.948961988056773;0.5191496435084048;-0.4638671875;
08:49:43;700.0;1574412584;84.831;18.55708334949803;0.5084132424520008;-0.45654296875;
08:49:44;701.0;1574412585;84.831;18.55708334949803;0.5084132424520008;-0.45654296875;
08:49:45;702.0;1574412586;84.886;18.2958309237922;0.5012556417477315;-0.45166015625;
08:49:46;703.0;1574412587;84.813;18.55708334949803;0.5084132424520008;-0.45654296875;
08:49:47;704.0;1574412588;84.849;18.55708334949803;0.5084132424520008;-0.45654296875;
08:49:48;705.0;1574412589;84.703;18.55708334949803;0.5084132424520008;-0.45654296875;
08:49:49;706.0;1574412590;84.722;17.773326072380534;0.4869404403391927;-0.44189453125;
08:49:50;707.0;1574412591;84.467;18.426457136645112;0.504834442099866;-0.4541015625;
08:49:51;708.0;1574412592;84.358;18.55708334949803;0.5084132424520008;-0.45654296875;
08:49:52;709.0;1574412593;84.304;18.81833577520386;0.5155708431562701;-0.46142578125;
08:49:53;710.0;1574412594;84.267;18.948961988056773;0.5191496435084048;-0.4638671875;
08:49:54;711.0;1574412595;84.412;18.81833577520386;0.5155708431562701;-0.46142578125;
08:49:55;712.0;1574412596;84.376;18.55708334949803;0.5084132424520008;-0.45654296875;
08:49:56;713.0;1574412597;84.412;18.426457136645112;0.504834442099866;-0.4541015625;
08:49:57;714.0;1574412598;84.485;18.687709562350943;0.5119920428041355;-0.458984375;
08:49:58;715.0;1574412599;84.467;18.2958309237922;0.5012556417477315;-0.45166015625;
08:49:59;716.0;1574412600;84.394;18.948961988056773;0.5191496435084048;-0.4638671875;
08:50:00;717.0;1574412601;84.54;18.426457136645112;0.504834442099866;-0.4541015625;
08:50:01;718.0;1574412602;84.594;18.16520471093928;0.49767684139559665;-0.44921875;
08:50:02;719.0;1574412603;84.612;18.426457136645112;0.504834442099866;-0.4541015625;
08:50:03;720.0;1574412604;84.612;18.55708334949803;0.5084132424520008;-0.45654296875;
08:50:04;721.0;1574412605;84.594;24.043384289320485;0.6587228572416571;-0.55908203125;
08:50:05;722.0;1574412606;84.703;18.2958309237922;0.5012556417477315;-0.45166015625;
08:50:06;723.0;1574412608;84.703;18.426457136645112;0.504834442099866;-0.4541015625;
08:50:07;724.0;1574412609;84.703;18.2958309237922;0.5012556417477315;-0.45166015625;
08:50:08;725.0;1574412610;84.703;17.773326072380534;0.4869404403391927;-0.44189453125;
08:50:09;726.0;1574412611;84.576;18.55708334949803;0.5084132424520008;-0.45654296875;
08:50:10;727.0;1574412612;84.612;18.55708334949803;0.5084132424520008;-0.45654296875;
08:50:11;728.0;1574412613;84.594;18.426457136645112;0.504834442099866;-0.4541015625;
08:50:12;729.0;1574412614;84.431;18.55708334949803;0.5084132424520008;-0.45654296875;
08:50:13;730.0;1574412615;84.412;18.948961988056773;0.5191496435084048;-0.4638671875;
08:50:14;731.0;1574412616;84.104;18.426457136645112;0.504834442099866;-0.4541015625;
08:50:15;732.0;1574412617;84.014;18.81833577520386;0.5155708431562701;-0.46142578125;
08:50:16;733.0;1574412618;84.467;18.034578498086365;0.49409804104346206;-0.44677734375;
08:50:17;734.0;1574412619;84.503;17.903952285233448;0.49051924069132735;-0.4443359375;
08:50:18;735.0;1574412620;84.467;18.2958309237922;0.5012556417477315;-0.45166015625;
08:50:19;736.0;1574412621;84.467;18.2958309237922;0.5012556417477315;-0.45166015625;
08:50:21;738.0;1574412622;83.761;18.55708334949803;0.5084132424520008;-0.45654296875;
08:50:22;739.0;1574412623;83.636;18.55708334949803;0.5084132424520008;-0.45654296875;
08:50:23;740.0;1574412624;83.798;18.55708334949803;0.5084132424520008;-0.45654296875;
08:50:24;741.0;1574412625;83.924;18.687709562350943;0.5119920428041355;-0.458984375;
08:50:25;742.0;1574412626;84.195;18.2958309237922;0.5012556417477315;-0.45166015625;
08:50:26;743.0;1574412626;84.086;17.903952285233448;0.49051924069132735;-0.4443359375;
08:50:27;744.0;1574412628;83.888;18.426457136645112;0.504834442099866;-0.4541015625;
08:50:28;745.0;1574412629;83.888;18.2958309237922;0.5012556417477315;-0.45166015625;
08:50:29;746.0;1574412630;84.068;18.81833577520386;0.5155708431562701;-0.46142578125;
08:50:30;747.0;1574412631;83.996;18.2958309237922;0.5012556417477315;-0.45166015625;
08:50:31;748.0;1574412632;84.213;19.07958820090969;0.5227284438605394;-0.46630859375;
08:50:32;749.0;1574412633;84.104;18.426457136645112;0.504834442099866;-0.4541015625;
08:50:33;750.0;1574412634;83.924;14.507670751057638;0.39747043153582573;-0.380859375;
08:50:34;751.0;1574412635;84.249;18.426457136645112;0.504834442099866;-0.4541015625;
08:50:35;752.0;1574412636;84.177;17.773326072380534;0.4869404403391927;-0.44189453125;
08:50:36;753.0;1574412637;84.177;18.426457136645112;0.504834442099866;-0.4541015625;
08:50:37;754.0;1574412638;84.177;18.2958309237922;0.5012556417477315;-0.45166015625;
08:50:38;755.0;1574412639;83.906;18.55708334949803;0.5084132424520008;-0.45654296875;
08:50:39;756.0;1574412640;84.05;18.426457136645112;0.504834442099866;-0.4541015625;
08:50:40;757.0;1574412641;83.996;18.2958309237922;0.5012556417477315;-0.45166015625;
08:50:41;758.0;1574412642;83.725;18.16520471093928;0.49767684139559665;-0.44921875;
08:50:42;759.0;1574412643;83.725;18.55708334949803;0.5084132424520008;-0.45654296875;
08:50:43;760.0;1574412644;83.689;18.2958309237922;0.5012556417477315;-0.45166015625;
08:50:44;761.0;1574412645;83.743;15.813932879586796;0.4332584350571725;-0.4052734375;
08:50:45;762.0;1574412646;83.96;18.2958309237922;0.5012556417477315;-0.45166015625;
08:50:46;763.0;1574412647;83.761;18.81833577520386;0.5155708431562701;-0.46142578125;
08:50:47;764.0;1574412648;83.384;18.2958309237922;0.5012556417477315;-0.45166015625;
08:50:48;765.0;1574412649;83.456;18.426457136645112;0.504834442099866;-0.4541015625;
08:50:49;766.0;1574412650;83.528;18.55708334949803;0.5084132424520008;-0.45654296875;
08:50:50;767.0;1574412651;83.438;18.426457136645112;0.504834442099866;-0.4541015625;
08:50:51;768.0;1574412652;83.924;17.773326072380534;0.4869404403391927;-0.44189453125;
08:50:52;769.0;1574412653;83.852;18.55708334949803;0.5084132424520008;-0.45654296875;
08:50:53;770.0;1574412654;83.852;18.948961988056773;0.5191496435084048;-0.4638671875;
08:50:54;771.0;1574412655;84.141;18.55708334949803;0.5084132424520008;-0.45654296875;
08:50:55;772.0;1574412656;83.636;17.773326072380534;0.4869404403391927;-0.44189453125;
08:50:56;773.0;1574412658;83.78;18.687709562350943;0.5119920428041355;-0.458984375;
08:50:57;774.0;1574412659;83.761;18.55708334949803;0.5084132424520008;-0.45654296875;
08:50:58;775.0;1574412660;83.672;18.948961988056773;0.5191496435084048;-0.4638671875;
08:50:59;776.0;1574412661;84.05;18.2958309237922;0.5012556417477315;-0.45166015625;
08:51:00;777.0;1574412662;83.87;18.55708334949803;0.5084132424520008;-0.45654296875;
08:51:01;778.0;1574412663;83.743;18.55708334949803;0.5084132424520008;-0.45654296875;
08:51:02;779.0;1574412664;83.978;18.55708334949803;0.5084132424520008;-0.45654296875;
08:51:03;780.0;1574412665;83.816;18.2958309237922;0.5012556417477315;-0.45166015625;
08:51:04;781.0;1574412666;83.725;18.2958309237922;0.5012556417477315;-0.45166015625;
08:51:05;782.0;1574412667;83.707;18.81833577520386;0.5155708431562701;-0.46142578125;
08:51:06;783.0;1574412668;83.438;18.2958309237922;0.5012556417477315;-0.45166015625;
08:51:07;784.0;1574412669;83.564;18.55708334949803;0.5084132424520008;-0.45654296875;
08:51:08;785.0;1574412670;83.564;18.16520471093928;0.49767684139559665;-0.44921875;
08:51:09;786.0;1574412671;83.564;18.2958309237922;0.5012556417477315;-0.45166015625;
08:51:10;787.0;1574412672;83.672;19.07958820090969;0.5227284438605394;-0.46630859375;
08:51:11;788.0;1574412673;83.725;18.426457136645112;0.504834442099866;-0.4541015625;
08:51:12;789.0;1574412674;83.852;18.034578498086365;0.49409804104346206;-0.44677734375;
08:51:13;790.0;1574412675;83.942;18.81833577520386;0.5155708431562701;-0.46142578125;
08:51:14;791.0;1574412676;83.798;17.512073646674704;0.4797828396349234;-0.43701171875;
08:51:15;792.0;1574412677;83.743;18.426457136645112;0.504834442099866;-0.4541015625;
08:51:16;793.0;1574412678;83.6;19.340840626615524;0.5298860445648089;-0.47119140625;
08:51:17;794.0;1574412679;83.707;18.2958309237922;0.5012556417477315;-0.45166015625;
08:51:18;795.0;1574412680;83.978;18.687709562350943;0.5119920428041355;-0.458984375;
08:51:19;796.0;1574412681;83.798;18.687709562350943;0.5119920428041355;-0.458984375;
08:51:20;797.0;1574412682;84.05;18.55708334949803;0.5084132424520008;-0.45654296875;
08:51:21;798.0;1574412683;83.852;18.034578498086365;0.49409804104346206;-0.44677734375;
08:51:22;799.0;1574412684;83.707;18.426457136645112;0.504834442099866;-0.4541015625;
08:51:23;800.0;1574412685;83.942;18.426457136645112;0.504834442099866;-0.4541015625;
08:51:24;801.0;1574412685;83.654;18.2958309237922;0.5012556417477315;-0.45166015625;
08:51:26;803.0;1574412687;83.672;17.903952285233448;0.49051924069132735;-0.4443359375;
08:51:27;804.0;1574412688;83.725;18.426457136645112;0.504834442099866;-0.4541015625;
08:51:28;805.0;1574412689;83.492;19.07958820090969;0.5227284438605394;-0.46630859375;
08:51:29;806.0;1574412690;83.689;18.426457136645112;0.504834442099866;-0.4541015625;
08:51:30;807.0;1574412691;83.707;18.426457136645112;0.504834442099866;-0.4541015625;
08:51:31;808.0;1574412692;83.761;18.55708334949803;0.5084132424520008;-0.45654296875;
08:51:32;809.0;1574412693;83.834;18.55708334949803;0.5084132424520008;-0.45654296875;
08:51:33;810.0;1574412694;83.816;18.2958309237922;0.5012556417477315;-0.45166015625;
08:51:34;811.0;1574412695;83.798;18.55708334949803;0.5084132424520008;-0.45654296875;
08:51:35;812.0;1574412696;83.582;18.687709562350943;0.5119920428041355;-0.458984375;
08:51:36;813.0;1574412697;83.834;18.426457136645112;0.504834442099866;-0.4541015625;
08:51:37;814.0;1574412698;83.636;18.55708334949803;0.5084132424520008;-0.45654296875;
08:51:38;815.0;1574412699;83.636;18.687709562350943;0.5119920428041355;-0.458984375;
08:51:39;816.0;1574412700;83.654;18.426457136645112;0.504834442099866;-0.4541015625;
08:51:40;817.0;1574412701;83.223;18.948961988056773;0.5191496435084048;-0.4638671875;
08:51:41;818.0;1574412702;83.42;18.2958309237922;0.5012556417477315;-0.45166015625;
08:51:42;819.0;1574412703;83.42;18.55708334949803;0.5084132424520008;-0.45654296875;
08:51:43;820.0;1574412704;83.366;18.55708334949803;0.5084132424520008;-0.45654296875;
08:51:44;821.0;1574412705;83.51;18.55708334949803;0.5084132424520008;-0.45654296875;
08:51:45;822.0;1574412706;83.313;18.687709562350943;0.5119920428041355;-0.458984375;
08:51:46;823.0;1574412707;83.618;18.55708334949803;0.5084132424520008;-0.45654296875;
08:51:47;824.0;1574412708;83.474;18.426457136645112;0.504834442099866;-0.4541015625;
08:51:48;825.0;1574412709;83.438;18.55708334949803;0.5084132424520008;-0.45654296875;
08:51:49;826.0;1574412710;83.474;18.426457136645112;0.504834442099866;-0.4541015625;
08:51:50;827.0;1574412711;83.331;18.426457136645112;0.504834442099866;-0.4541015625;
08:51:51;828.0;1574412712;83.654;18.687709562350943;0.5119920428041355;-0.458984375;
08:51:52;829.0;1574412713;83.564;14.507670751057638;0.39747043153582573;-0.380859375;
08:51:53;830.0;1574412714;83.438;18.2958309237922;0.5012556417477315;-0.45166015625;
08:51:54;831.0;1574412715;83.116;19.471466839468437;0.5334648449169435;-0.4736328125;
08:51:55;832.0;1574412716;82.76;18.426457136645112;0.504834442099866;-0.4541015625;
08:51:56;833.0;1574412717;82.884;18.55708334949803;0.5084132424520008;-0.45654296875;
08:51:57;834.0;1574412718;82.991;18.426457136645112;0.504834442099866;-0.4541015625;
08:51:58;835.0;1574412720;83.045;18.426457136645112;0.504834442099866;-0.4541015625;
08:51:59;836.0;1574412721;83.223;18.426457136645112;0.504834442099866;-0.4541015625;
08:52:00;837.0;1574412721;83.187;14.377044538204725;0.3938916311836911;-0.37841796875;
08:52:01;838.0;1574412722;83.187;18.55708334949803;0.5084132424520008;-0.45654296875;
08:52:02;839.0;1574412723;83.259;18.55708334949803;0.5084132424520008;-0.45654296875;
08:52:03;840.0;1574412724;83.241;18.55708334949803;0.5084132424520008;-0.45654296875;
08:52:04;841.0;1574412725;83.241;18.426457136645112;0.504834442099866;-0.4541015625;
08:52:05;842.0;1574412726;83.402;19.471466839468437;0.5334648449169435;-0.4736328125;
08:52:06;843.0;1574412727;83.438;18.426457136645112;0.504834442099866;-0.4541015625;
08:52:07;844.0;1574412728;83.51;18.426457136645112;0.504834442099866;-0.4541015625;
08:52:08;845.0;1574412729;83.402;18.55708334949803;0.5084132424520008;-0.45654296875;
08:52:09;846.0;1574412731;83.009;18.426457136645112;0.504834442099866;-0.4541015625;
08:52:10;847.0;1574412732;82.884;18.55708334949803;0.5084132424520008;-0.45654296875;
08:52:11;848.0;1574412733;82.973;18.2958309237922;0.5012556417477315;-0.45166015625;
08:52:12;849.0;1574412734;82.973;19.210214413762603;0.526307244212674;-0.46875;
08:52:13;850.0;1574412735;83.062;18.426457136645112;0.504834442099866;-0.4541015625;
08:52:14;851.0;1574412736;83.187;18.426457136645112;0.504834442099866;-0.4541015625;
08:52:15;852.0;1574412737;82.724;18.426457136645112;0.504834442099866;-0.4541015625;
08:52:16;853.0;1574412738;82.866;18.426457136645112;0.504834442099866;-0.4541015625;
08:52:17;854.0;1574412739;83.062;18.55708334949803;0.5084132424520008;-0.45654296875;
08:52:18;855.0;1574412740;82.635;18.16520471093928;0.49767684139559665;-0.44921875;
08:52:19;856.0;1574412741;82.938;18.2958309237922;0.5012556417477315;-0.45166015625;
08:52:20;857.0;1574412742;82.777;20.255224116585932;0.5549376470297516;-0.48828125;
08:52:21;858.0;1574412743;82.422;18.2958309237922;0.5012556417477315;-0.45166015625;
08:52:22;859.0;1574412744;82.706;18.81833577520386;0.5155708431562701;-0.46142578125;
08:52:23;860.0;1574412744;82.529;18.2958309237922;0.5012556417477315;-0.45166015625;
08:52:24;861.0;1574412746;82.653;18.55708334949803;0.5084132424520008;-0.45654296875;
08:52:25;862.0;1574412747;82.653;18.55708334949803;0.5084132424520008;-0.45654296875;
08:52:26;863.0;1574412748;82.671;19.07958820090969;0.5227284438605394;-0.46630859375;
08:52:27;864.0;1574412749;83.045;18.55708334949803;0.5084132424520008;-0.45654296875;
08:52:28;865.0;1574412750;83.098;17.903952285233448;0.49051924069132735;-0.4443359375;
08:52:30;867.0;1574412751;83.241;18.55708334949803;0.5084132424520008;-0.45654296875;
08:52:31;868.0;1574412752;83.223;18.55708334949803;0.5084132424520008;-0.45654296875;
08:52:32;869.0;1574412753;82.795;18.426457136645112;0.504834442099866;-0.4541015625;
