Time;Seconds from start for linreg;Unix Time;ch1 po2;Uc;Ubl;Vc;
21:41:25;-1.0;1575409286;103.55;16.83479955066769;0.5025313298706773;-0.4345703125;
21:41:26;0.0;1575409287;103.054;17.0878355671231;0.5100846437947194;-0.439453125;
21:41:27;1.0;1575409288;103.392;16.83479955066769;0.5025313298706773;-0.4345703125;
21:41:28;2.0;1575409289;103.099;16.708281542439988;0.4987546729086563;-0.43212890625;
21:41:29;3.0;1575409290;102.494;16.83479955066769;0.5025313298706773;-0.4345703125;
21:41:30;4.0;1575409291;102.472;17.340871583578508;0.5176379577187614;-0.4443359375;
21:41:31;5.0;1575409292;102.226;17.214353575350806;0.5138613007567405;-0.44189453125;
21:41:32;6.0;1575409293;102.606;15.190065443707525;0.45343478936440373;-0.40283203125;
21:41:33;7.0;1575409294;102.293;16.708281542439988;0.4987546729086563;-0.43212890625;
21:41:34;8.0;1575409295;102.807;16.708281542439988;0.4987546729086563;-0.43212890625;
21:41:35;9.0;1575409296;103.031;16.328727517756867;0.4874247020225931;-0.4248046875;
21:41:36;10.0;1575409297;102.316;16.961317558895395;0.5063079868326984;-0.43701171875;
21:41:37;11.0;1575409298;102.472;16.07569150130146;0.47987138809855107;-0.419921875;
21:41:38;12.0;1575409299;101.982;17.720425608261625;0.5289679286048247;-0.45166015625;
21:41:39;13.0;1575409300;101.694;16.708281542439988;0.4987546729086563;-0.43212890625;
21:41:40;14.0;1575409301;102.026;16.961317558895395;0.5063079868326984;-0.43701171875;
21:41:41;15.0;1575409302;101.893;16.961317558895395;0.5063079868326984;-0.43701171875;
21:41:42;16.0;1575409303;101.871;16.708281542439988;0.4987546729086563;-0.43212890625;
21:41:43;17.0;1575409304;102.182;17.214353575350806;0.5138613007567405;-0.44189453125;
21:41:44;18.0;1575409305;102.182;17.214353575350806;0.5138613007567405;-0.44189453125;
21:41:45;19.0;1575409306;101.871;17.720425608261625;0.5289679286048247;-0.45166015625;
21:41:46;20.0;1575409307;101.583;15.949173493073756;0.47609473113653006;-0.41748046875;
21:41:47;21.0;1575409308;101.362;17.720425608261625;0.5289679286048247;-0.45166015625;
21:41:48;22.0;1575409309;100.856;17.467389591806217;0.5214146146807827;-0.44677734375;
21:41:49;23.0;1575409310;101.473;16.328727517756867;0.4874247020225931;-0.4248046875;
21:41:50;24.0;1575409311;101.982;16.708281542439988;0.4987546729086563;-0.43212890625;
21:41:51;25.0;1575409313;101.937;16.708281542439988;0.4987546729086563;-0.43212890625;
21:41:52;26.0;1575409314;102.74;17.720425608261625;0.5289679286048247;-0.45166015625;
21:41:53;27.0;1575409315;102.785;16.58176353421228;0.49497801594663515;-0.4296875;
21:41:54;28.0;1575409316;102.516;16.961317558895395;0.5063079868326984;-0.43701171875;
21:41:55;29.0;1575409317;102.539;16.961317558895395;0.5063079868326984;-0.43701171875;
21:41:56;30.0;1575409318;102.226;16.58176353421228;0.49497801594663515;-0.4296875;
21:41:57;31.0;1575409319;101.937;16.708281542439988;0.4987546729086563;-0.43212890625;
21:41:58;32.0;1575409320;101.96;16.83479955066769;0.5025313298706773;-0.4345703125;
21:41:59;33.0;1575409321;102.293;16.58176353421228;0.49497801594663515;-0.4296875;
21:42:00;34.0;1575409322;102.65;16.708281542439988;0.4987546729086563;-0.43212890625;
21:42:01;35.0;1575409323;102.606;21.642483863320482;0.6460442944274771;-0.52734375;
21:42:02;36.0;1575409324;102.852;16.961317558895395;0.5063079868326984;-0.43701171875;
21:42:03;37.0;1575409325;102.762;15.822655484846049;0.47231807417450894;-0.4150390625;
21:42:04;38.0;1575409326;102.74;17.340871583578508;0.5176379577187614;-0.4443359375;
21:42:05;39.0;1575409327;102.74;16.83479955066769;0.5025313298706773;-0.4345703125;
21:42:06;40.0;1575409328;102.807;16.83479955066769;0.5025313298706773;-0.4345703125;
21:42:07;41.0;1575409329;102.293;15.443101460162936;0.46098810328844586;-0.40771484375;
21:42:08;42.0;1575409330;101.982;17.214353575350806;0.5138613007567405;-0.44189453125;
21:42:09;43.0;1575409331;102.004;16.58176353421228;0.49497801594663515;-0.4296875;
21:42:10;44.0;1575409332;101.716;16.708281542439988;0.4987546729086563;-0.43212890625;
21:42:11;45.0;1575409333;101.96;16.83479955066769;0.5025313298706773;-0.4345703125;
21:42:12;46.0;1575409334;102.249;17.214353575350806;0.5138613007567405;-0.44189453125;
21:42:13;47.0;1575409335;102.249;16.83479955066769;0.5025313298706773;-0.4345703125;
21:42:14;48.0;1575409336;101.937;16.58176353421228;0.49497801594663515;-0.4296875;
21:42:15;49.0;1575409336;102.316;16.708281542439988;0.4987546729086563;-0.43212890625;
21:42:16;50.0;1575409338;101.738;16.328727517756867;0.4874247020225931;-0.4248046875;
21:42:18;52.0;1575409339;101.76;12.659705279153425;0.3779016501239828;-0.35400390625;
21:42:19;53.0;1575409340;101.738;16.455245525984576;0.4912013589846142;-0.42724609375;
21:42:20;54.0;1575409341;101.384;17.84694361648933;0.5327445855668457;-0.4541015625;
21:42:21;55.0;1575409342;101.716;17.214353575350806;0.5138613007567405;-0.44189453125;
21:42:22;56.0;1575409343;101.406;16.708281542439988;0.4987546729086563;-0.43212890625;
21:42:23;57.0;1575409344;101.428;16.708281542439988;0.4987546729086563;-0.43212890625;
21:42:24;58.0;1575409345;101.915;16.961317558895395;0.5063079868326984;-0.43701171875;
21:42:25;59.0;1575409346;101.96;16.961317558895395;0.5063079868326984;-0.43701171875;
21:42:26;60.0;1575409347;102.249;17.214353575350806;0.5138613007567405;-0.44189453125;
21:42:27;61.0;1575409348;102.83;16.58176353421228;0.49497801594663515;-0.4296875;
21:42:28;62.0;1575409349;102.271;17.214353575350806;0.5138613007567405;-0.44189453125;
21:42:29;63.0;1575409350;102.516;17.214353575350806;0.5138613007567405;-0.44189453125;
21:42:30;64.0;1575409351;102.74;15.696137476618345;0.46854141721248793;-0.41259765625;
21:42:31;65.0;1575409352;102.137;17.0878355671231;0.5100846437947194;-0.439453125;
21:42:32;66.0;1575409353;102.204;17.214353575350806;0.5138613007567405;-0.44189453125;
21:42:33;67.0;1575409354;101.937;16.961317558895395;0.5063079868326984;-0.43701171875;
21:42:34;68.0;1575409355;101.716;16.708281542439988;0.4987546729086563;-0.43212890625;
21:42:35;69.0;1575409356;101.982;16.708281542439988;0.4987546729086563;-0.43212890625;
21:42:36;70.0;1575409357;101.649;16.83479955066769;0.5025313298706773;-0.4345703125;
21:42:37;71.0;1575409358;101.583;17.214353575350806;0.5138613007567405;-0.44189453125;
21:42:38;72.0;1575409359;101.539;16.961317558895395;0.5063079868326984;-0.43701171875;
21:42:39;73.0;1575409360;101.23;17.214353575350806;0.5138613007567405;-0.44189453125;
21:42:40;74.0;1575409361;101.782;17.214353575350806;0.5138613007567405;-0.44189453125;
21:42:41;75.0;1575409362;101.23;16.961317558895395;0.5063079868326984;-0.43701171875;
21:42:42;76.0;1575409363;101.274;16.83479955066769;0.5025313298706773;-0.4345703125;
21:42:43;77.0;1575409364;101.893;17.214353575350806;0.5138613007567405;-0.44189453125;
21:42:44;78.0;1575409365;101.694;16.58176353421228;0.49497801594663515;-0.4296875;
21:42:45;79.0;1575409366;102.226;18.099979632944738;0.5402978994908877;-0.458984375;
21:42:46;80.0;1575409367;102.494;16.83479955066769;0.5025313298706773;-0.4345703125;
21:42:47;81.0;1575409368;102.226;17.59390760003392;0.5251912716428035;-0.44921875;
21:42:48;82.0;1575409369;101.605;17.214353575350806;0.5138613007567405;-0.44189453125;
21:42:49;83.0;1575409370;101.362;16.708281542439988;0.4987546729086563;-0.43212890625;
21:42:50;84.0;1575409371;101.406;16.83479955066769;0.5025313298706773;-0.4345703125;
21:42:51;85.0;1575409372;101.384;16.708281542439988;0.4987546729086563;-0.43212890625;
21:42:52;86.0;1575409373;101.96;17.0878355671231;0.5100846437947194;-0.439453125;
21:42:53;87.0;1575409374;102.249;16.58176353421228;0.49497801594663515;-0.4296875;
21:42:54;88.0;1575409375;101.893;17.0878355671231;0.5100846437947194;-0.439453125;
21:42:55;89.0;1575409376;101.362;16.58176353421228;0.49497801594663515;-0.4296875;
21:42:56;90.0;1575409377;101.054;16.708281542439988;0.4987546729086563;-0.43212890625;
21:42:57;91.0;1575409378;100.769;16.83479955066769;0.5025313298706773;-0.4345703125;
21:42:58;92.0;1575409379;100.791;16.83479955066769;0.5025313298706773;-0.4345703125;
21:42:59;93.0;1575409380;101.34;16.961317558895395;0.5063079868326984;-0.43701171875;
21:43:00;94.0;1575409381;101.605;16.58176353421228;0.49497801594663515;-0.4296875;
21:43:01;95.0;1575409382;101.893;17.720425608261625;0.5289679286048247;-0.45166015625;
21:43:02;96.0;1575409383;101.937;17.59390760003392;0.5251912716428035;-0.44921875;
21:43:03;97.0;1575409384;101.539;16.708281542439988;0.4987546729086563;-0.43212890625;
21:43:04;98.0;1575409385;101.561;17.0878355671231;0.5100846437947194;-0.439453125;
21:43:05;99.0;1575409387;101.849;16.961317558895395;0.5063079868326984;-0.43701171875;
21:43:06;100.0;1575409388;102.093;16.83479955066769;0.5025313298706773;-0.4345703125;
21:43:07;101.0;1575409389;102.226;15.822655484846049;0.47231807417450894;-0.4150390625;
21:43:08;102.0;1575409390;101.96;17.340871583578508;0.5176379577187614;-0.4443359375;
21:43:09;103.0;1575409391;101.716;16.202209509529165;0.4836480450605721;-0.42236328125;
21:43:10;104.0;1575409392;101.738;16.83479955066769;0.5025313298706773;-0.4345703125;
21:43:11;105.0;1575409393;102.271;16.708281542439988;0.4987546729086563;-0.43212890625;
21:43:12;106.0;1575409394;102.83;17.0878355671231;0.5100846437947194;-0.439453125;
21:43:13;107.0;1575409395;102.852;16.961317558895395;0.5063079868326984;-0.43701171875;
21:43:14;108.0;1575409396;102.026;16.961317558895395;0.5063079868326984;-0.43701171875;
21:43:15;109.0;1575409397;102.026;16.58176353421228;0.49497801594663515;-0.4296875;
21:43:16;110.0;1575409398;101.738;17.214353575350806;0.5138613007567405;-0.44189453125;
21:43:17;111.0;1575409399;101.672;16.455245525984576;0.4912013589846142;-0.42724609375;
21:43:18;112.0;1575409400;102.249;16.328727517756867;0.4874247020225931;-0.4248046875;
21:43:19;113.0;1575409401;101.627;16.83479955066769;0.5025313298706773;-0.4345703125;
21:43:20;114.0;1575409402;101.362;16.708281542439988;0.4987546729086563;-0.43212890625;
21:43:22;116.0;1575409403;101.12;21.769001871548184;0.649820951389498;-0.52978515625;
21:43:23;117.0;1575409404;101.098;17.340871583578508;0.5176379577187614;-0.4443359375;
21:43:24;118.0;1575409405;101.186;17.59390760003392;0.5251912716428035;-0.44921875;
21:43:25;119.0;1575409406;101.428;16.708281542439988;0.4987546729086563;-0.43212890625;
21:43:26;120.0;1575409407;101.915;17.340871583578508;0.5176379577187614;-0.4443359375;
21:43:27;121.0;1575409408;102.204;16.202209509529165;0.4836480450605721;-0.42236328125;
21:43:28;122.0;1575409409;102.449;15.949173493073756;0.47609473113653006;-0.41748046875;
21:43:29;123.0;1575409410;102.472;18.35301564940015;0.5478512134149298;-0.4638671875;
21:43:30;124.0;1575409411;102.516;17.214353575350806;0.5138613007567405;-0.44189453125;
21:43:31;125.0;1575409412;101.871;14.051403369658178;0.4194448767062143;-0.380859375;
21:43:32;126.0;1575409413;102.071;17.467389591806217;0.5214146146807827;-0.44677734375;
21:43:33;127.0;1575409414;102.36;17.0878355671231;0.5100846437947194;-0.439453125;
21:43:34;128.0;1575409415;102.026;15.949173493073756;0.47609473113653006;-0.41748046875;
21:43:35;129.0;1575409416;102.071;17.340871583578508;0.5176379577187614;-0.4443359375;
21:43:36;130.0;1575409417;101.893;16.708281542439988;0.4987546729086563;-0.43212890625;
21:43:37;131.0;1575409418;102.182;14.557475402568999;0.4345515045542985;-0.390625;
21:43:38;132.0;1575409419;102.204;16.708281542439988;0.4987546729086563;-0.43212890625;
21:43:39;133.0;1575409420;102.16;17.467389591806217;0.5214146146807827;-0.44677734375;
21:43:40;134.0;1575409421;102.427;16.708281542439988;0.4987546729086563;-0.43212890625;
21:43:41;135.0;1575409422;102.226;16.83479955066769;0.5025313298706773;-0.4345703125;
21:43:42;136.0;1575409423;101.937;17.214353575350806;0.5138613007567405;-0.44189453125;
21:43:43;137.0;1575409424;102.293;14.683993410796704;0.43832816151631954;-0.39306640625;
21:43:44;138.0;1575409425;101.605;14.937029427252115;0.44588147544036166;-0.39794921875;
21:43:45;139.0;1575409426;101.208;16.708281542439988;0.4987546729086563;-0.43212890625;
21:43:46;140.0;1575409427;100.944;16.328727517756867;0.4874247020225931;-0.4248046875;
21:43:47;141.0;1575409428;101.142;17.214353575350806;0.5138613007567405;-0.44189453125;
21:43:48;142.0;1575409429;101.539;14.810511419024408;0.44210481847834054;-0.3955078125;
21:43:49;143.0;1575409430;101.605;17.467389591806217;0.5214146146807827;-0.44677734375;
21:43:50;144.0;1575409431;102.16;16.328727517756867;0.4874247020225931;-0.4248046875;
21:43:51;145.0;1575409432;101.804;17.59390760003392;0.5251912716428035;-0.44921875;
21:43:52;146.0;1575409433;101.76;16.328727517756867;0.4874247020225931;-0.4248046875;
21:43:53;147.0;1575409434;101.716;16.455245525984576;0.4912013589846142;-0.42724609375;
21:43:54;148.0;1575409435;101.23;17.467389591806217;0.5214146146807827;-0.44677734375;
21:43:55;149.0;1575409436;101.362;16.708281542439988;0.4987546729086563;-0.43212890625;
21:43:56;150.0;1575409437;101.142;17.973461624717036;0.5365212425288668;-0.45654296875;
21:43:57;151.0;1575409438;100.856;16.961317558895395;0.5063079868326984;-0.43701171875;
21:43:58;152.0;1575409439;101.428;16.708281542439988;0.4987546729086563;-0.43212890625;
21:43:59;153.0;1575409440;101.054;16.961317558895395;0.5063079868326984;-0.43701171875;
21:44:00;154.0;1575409441;100.988;16.202209509529165;0.4836480450605721;-0.42236328125;
21:44:01;155.0;1575409442;100.966;16.708281542439988;0.4987546729086563;-0.43212890625;
21:44:02;156.0;1575409443;100.659;17.467389591806217;0.5214146146807827;-0.44677734375;
21:44:03;157.0;1575409444;101.274;16.202209509529165;0.4836480450605721;-0.42236328125;
21:44:04;158.0;1575409445;101.098;17.214353575350806;0.5138613007567405;-0.44189453125;
21:44:05;159.0;1575409446;101.076;17.0878355671231;0.5100846437947194;-0.439453125;
21:44:06;160.0;1575409447;101.076;17.340871583578508;0.5176379577187614;-0.4443359375;
21:44:07;161.0;1575409448;100.528;16.961317558895395;0.5063079868326984;-0.43701171875;
21:44:08;162.0;1575409449;101.054;17.0878355671231;0.5100846437947194;-0.439453125;
21:44:09;163.0;1575409450;101.142;16.708281542439988;0.4987546729086563;-0.43212890625;
21:44:10;164.0;1575409451;101.142;16.328727517756867;0.4874247020225931;-0.4248046875;
21:44:11;165.0;1575409452;101.428;16.708281542439988;0.4987546729086563;-0.43212890625;
21:44:12;166.0;1575409453;101.649;16.328727517756867;0.4874247020225931;-0.4248046875;
21:44:13;167.0;1575409454;102.16;16.58176353421228;0.49497801594663515;-0.4296875;
21:44:14;168.0;1575409455;102.182;17.467389591806217;0.5214146146807827;-0.44677734375;
21:44:15;169.0;1575409456;102.204;17.59390760003392;0.5251912716428035;-0.44921875;
21:44:16;170.0;1575409457;101.937;16.58176353421228;0.49497801594663515;-0.4296875;
21:44:17;171.0;1575409458;101.362;16.83479955066769;0.5025313298706773;-0.4345703125;
21:44:18;172.0;1575409459;101.561;16.961317558895395;0.5063079868326984;-0.43701171875;
21:44:19;173.0;1575409460;101.517;17.59390760003392;0.5251912716428035;-0.44921875;
21:44:20;174.0;1575409461;101.252;16.202209509529165;0.4836480450605721;-0.42236328125;
21:44:21;175.0;1575409462;101.274;16.708281542439988;0.4987546729086563;-0.43212890625;
21:44:22;176.0;1575409463;101.054;16.961317558895395;0.5063079868326984;-0.43701171875;
21:44:23;177.0;1575409465;101.098;16.961317558895395;0.5063079868326984;-0.43701171875;
21:44:24;178.0;1575409466;101.12;17.0878355671231;0.5100846437947194;-0.439453125;
21:44:26;180.0;1575409467;102.093;19.238641706994088;0.5742878121490772;-0.48095703125;
21:44:27;181.0;1575409468;102.316;16.83479955066769;0.5025313298706773;-0.4345703125;
21:44:28;182.0;1575409469;102.293;15.316583451935228;0.45721144632642474;-0.4052734375;
21:44:29;183.0;1575409470;102.494;16.58176353421228;0.49497801594663515;-0.4296875;
21:44:30;184.0;1575409471;101.804;17.0878355671231;0.5100846437947194;-0.439453125;
21:44:31;185.0;1575409472;101.915;15.822655484846049;0.47231807417450894;-0.4150390625;
21:44:32;186.0;1575409473;101.937;17.214353575350806;0.5138613007567405;-0.44189453125;
21:44:33;187.0;1575409474;102.004;16.83479955066769;0.5025313298706773;-0.4345703125;
21:44:34;188.0;1575409475;102.65;16.961317558895395;0.5063079868326984;-0.43701171875;
21:44:35;189.0;1575409476;102.293;16.83479955066769;0.5025313298706773;-0.4345703125;
21:44:36;190.0;1575409477;101.982;16.961317558895395;0.5063079868326984;-0.43701171875;
21:44:37;191.0;1575409478;101.406;17.214353575350806;0.5138613007567405;-0.44189453125;
21:44:38;192.0;1575409479;100.528;17.340871583578508;0.5176379577187614;-0.4443359375;
21:44:39;193.0;1575409480;100.835;17.59390760003392;0.5251912716428035;-0.44921875;
21:44:40;194.0;1575409481;100.835;17.0878355671231;0.5100846437947194;-0.439453125;
21:44:41;195.0;1575409482;101.142;17.214353575350806;0.5138613007567405;-0.44189453125;
21:44:42;196.0;1575409483;101.164;17.214353575350806;0.5138613007567405;-0.44189453125;
21:44:43;197.0;1575409484;101.186;16.58176353421228;0.49497801594663515;-0.4296875;
21:44:44;198.0;1575409485;101.186;17.0878355671231;0.5100846437947194;-0.439453125;
21:44:45;199.0;1575409486;101.473;17.340871583578508;0.5176379577187614;-0.4443359375;
21:44:46;200.0;1575409487;102.004;16.961317558895395;0.5063079868326984;-0.43701171875;
21:44:47;201.0;1575409488;102.271;16.328727517756867;0.4874247020225931;-0.4248046875;
21:44:48;202.0;1575409489;102.316;17.0878355671231;0.5100846437947194;-0.439453125;
21:44:49;203.0;1575409490;102.316;17.340871583578508;0.5176379577187614;-0.4443359375;
21:44:50;204.0;1575409491;102.026;16.708281542439988;0.4987546729086563;-0.43212890625;
21:44:51;205.0;1575409492;101.738;17.467389591806217;0.5214146146807827;-0.44677734375;
21:44:52;206.0;1575409493;101.694;17.214353575350806;0.5138613007567405;-0.44189453125;
21:44:53;207.0;1575409494;101.186;16.83479955066769;0.5025313298706773;-0.4345703125;
21:44:54;208.0;1575409495;101.23;17.720425608261625;0.5289679286048247;-0.45166015625;
21:44:55;209.0;1575409496;101.561;16.58176353421228;0.49497801594663515;-0.4296875;
21:44:56;210.0;1575409497;101.893;17.214353575350806;0.5138613007567405;-0.44189453125;
21:44:57;211.0;1575409498;102.048;16.961317558895395;0.5063079868326984;-0.43701171875;
21:44:58;212.0;1575409499;101.982;16.961317558895395;0.5063079868326984;-0.43701171875;
21:44:59;213.0;1575409500;101.318;18.226497641172447;0.5440745564529088;-0.46142578125;
21:45:00;214.0;1575409501;101.054;16.455245525984576;0.4912013589846142;-0.42724609375;
21:45:01;215.0;1575409502;101.428;16.83479955066769;0.5025313298706773;-0.4345703125;
21:45:02;216.0;1575409503;101.362;16.58176353421228;0.49497801594663515;-0.4296875;
21:45:03;217.0;1575409504;101.428;17.720425608261625;0.5289679286048247;-0.45166015625;
21:45:04;218.0;1575409505;101.871;16.961317558895395;0.5063079868326984;-0.43701171875;
21:45:05;219.0;1575409506;101.871;16.455245525984576;0.4912013589846142;-0.42724609375;
21:45:06;220.0;1575409507;101.384;16.328727517756867;0.4874247020225931;-0.4248046875;
21:45:07;221.0;1575409508;101.583;17.467389591806217;0.5214146146807827;-0.44677734375;
21:45:08;222.0;1575409509;101.649;17.59390760003392;0.5251912716428035;-0.44921875;
21:45:09;223.0;1575409510;101.871;17.214353575350806;0.5138613007567405;-0.44189453125;
21:45:10;224.0;1575409511;102.204;16.58176353421228;0.49497801594663515;-0.4296875;
21:45:11;225.0;1575409512;102.204;16.328727517756867;0.4874247020225931;-0.4248046875;
21:45:12;226.0;1575409513;101.982;16.961317558895395;0.5063079868326984;-0.43701171875;
21:45:13;227.0;1575409514;101.473;17.340871583578508;0.5176379577187614;-0.4443359375;
21:45:14;228.0;1575409515;101.406;16.83479955066769;0.5025313298706773;-0.4345703125;
21:45:15;229.0;1575409516;101.142;16.58176353421228;0.49497801594663515;-0.4296875;
21:45:16;230.0;1575409517;101.032;17.0878355671231;0.5100846437947194;-0.439453125;
21:45:17;231.0;1575409518;100.747;16.58176353421228;0.49497801594663515;-0.4296875;
21:45:18;232.0;1575409519;101.054;16.328727517756867;0.4874247020225931;-0.4248046875;
21:45:19;233.0;1575409520;101.362;16.961317558895395;0.5063079868326984;-0.43701171875;
21:45:20;234.0;1575409521;100.856;17.720425608261625;0.5289679286048247;-0.45166015625;
21:45:21;235.0;1575409523;100.878;16.961317558895395;0.5063079868326984;-0.43701171875;
21:45:22;236.0;1575409524;100.572;15.443101460162936;0.46098810328844586;-0.40771484375;
21:45:23;237.0;1575409525;100.572;16.83479955066769;0.5025313298706773;-0.4345703125;
21:45:24;238.0;1575409526;100.835;9999.0;9999.0;9999.0;
21:45:25;239.0;1575409527;101.318;16.83479955066769;0.5025313298706773;-0.4345703125;
21:45:26;240.0;1575409528;101.318;15.569619468390638;0.4647647602504668;-0.41015625;
21:45:27;241.0;1575409529;101.362;17.214353575350806;0.5138613007567405;-0.44189453125;
21:45:28;242.0;1575409530;101.583;16.708281542439988;0.4987546729086563;-0.43212890625;
21:45:30;244.0;1575409531;101.583;16.708281542439988;0.4987546729086563;-0.43212890625;
21:45:31;245.0;1575409532;101.915;16.708281542439988;0.4987546729086563;-0.43212890625;
21:45:32;246.0;1575409533;102.449;17.59390760003392;0.5251912716428035;-0.44921875;
21:45:33;247.0;1575409534;102.516;16.961317558895395;0.5063079868326984;-0.43701171875;
21:45:34;248.0;1575409535;102.583;16.961317558895395;0.5063079868326984;-0.43701171875;
21:45:35;249.0;1575409536;102.271;17.340871583578508;0.5176379577187614;-0.4443359375;
21:45:36;250.0;1575409537;101.384;16.83479955066769;0.5025313298706773;-0.4345703125;
21:45:37;251.0;1575409538;101.12;17.340871583578508;0.5176379577187614;-0.4443359375;
21:45:38;252.0;1575409539;100.813;16.58176353421228;0.49497801594663515;-0.4296875;
21:45:39;253.0;1575409540;100.835;16.07569150130146;0.47987138809855107;-0.419921875;
21:45:40;254.0;1575409541;101.142;17.973461624717036;0.5365212425288668;-0.45654296875;
21:45:41;255.0;1575409542;101.12;16.455245525984576;0.4912013589846142;-0.42724609375;
21:45:42;256.0;1575409543;101.34;17.214353575350806;0.5138613007567405;-0.44189453125;
21:45:43;257.0;1575409544;101.296;17.467389591806217;0.5214146146807827;-0.44677734375;
21:45:44;258.0;1575409545;100.988;16.83479955066769;0.5025313298706773;-0.4345703125;
21:45:45;259.0;1575409546;101.318;16.455245525984576;0.4912013589846142;-0.42724609375;
21:45:46;260.0;1575409547;101.098;17.467389591806217;0.5214146146807827;-0.44677734375;
21:45:47;261.0;1575409548;101.34;16.455245525984576;0.4912013589846142;-0.42724609375;
21:45:48;262.0;1575409549;101.362;16.83479955066769;0.5025313298706773;-0.4345703125;
21:45:49;263.0;1575409550;101.34;16.961317558895395;0.5063079868326984;-0.43701171875;
21:45:50;264.0;1575409551;101.318;16.83479955066769;0.5025313298706773;-0.4345703125;
21:45:51;265.0;1575409552;101.318;13.039259303836541;0.389231621010046;-0.361328125;
21:45:52;266.0;1575409553;101.627;16.83479955066769;0.5025313298706773;-0.4345703125;
21:45:53;267.0;1575409554;101.627;18.85908768231097;0.5629578412630141;-0.4736328125;
21:45:54;268.0;1575409555;101.937;17.214353575350806;0.5138613007567405;-0.44189453125;
21:45:55;269.0;1575409556;101.96;17.467389591806217;0.5214146146807827;-0.44677734375;
21:45:56;270.0;1575409557;101.937;16.961317558895395;0.5063079868326984;-0.43701171875;
21:45:57;271.0;1575409558;101.649;16.202209509529165;0.4836480450605721;-0.42236328125;
21:45:58;272.0;1575409559;101.296;15.822655484846049;0.47231807417450894;-0.4150390625;
21:45:59;273.0;1575409560;101.076;17.0878355671231;0.5100846437947194;-0.439453125;
21:46:00;274.0;1575409561;101.076;18.479533657627858;0.5516278703769509;-0.46630859375;
21:46:01;275.0;1575409562;101.054;16.83479955066769;0.5025313298706773;-0.4345703125;
21:46:02;276.0;1575409563;101.406;16.708281542439988;0.4987546729086563;-0.43212890625;
21:46:03;277.0;1575409564;101.384;17.340871583578508;0.5176379577187614;-0.4443359375;
21:46:04;278.0;1575409565;101.098;16.961317558895395;0.5063079868326984;-0.43701171875;
21:46:05;279.0;1575409566;101.12;16.961317558895395;0.5063079868326984;-0.43701171875;
21:46:06;280.0;1575409567;101.12;16.83479955066769;0.5025313298706773;-0.4345703125;
21:46:07;281.0;1575409568;100.791;16.58176353421228;0.49497801594663515;-0.4296875;
21:46:08;282.0;1575409569;100.791;16.708281542439988;0.4987546729086563;-0.43212890625;
21:46:09;283.0;1575409570;100.703;16.708281542439988;0.4987546729086563;-0.43212890625;
21:46:10;284.0;1575409571;100.419;16.07569150130146;0.47987138809855107;-0.419921875;
21:46:11;285.0;1575409572;100.397;16.961317558895395;0.5063079868326984;-0.43701171875;
21:46:12;286.0;1575409573;100.375;17.214353575350806;0.5138613007567405;-0.44189453125;
21:46:13;287.0;1575409574;100.484;15.949173493073756;0.47609473113653006;-0.41748046875;
21:46:14;288.0;1575409575;100.484;17.973461624717036;0.5365212425288668;-0.45654296875;
21:46:15;289.0;1575409576;100.506;16.961317558895395;0.5063079868326984;-0.43701171875;
21:46:16;290.0;1575409578;100.005;16.961317558895395;0.5063079868326984;-0.43701171875;
21:46:17;291.0;1575409579;100.005;17.0878355671231;0.5100846437947194;-0.439453125;
21:46:18;292.0;1575409580;99.918;16.328727517756867;0.4874247020225931;-0.4248046875;
21:46:19;293.0;1575409581;100.223;16.58176353421228;0.49497801594663515;-0.4296875;
21:46:20;294.0;1575409582;101.054;16.455245525984576;0.4912013589846142;-0.42724609375;
21:46:21;295.0;1575409583;101.01;16.961317558895395;0.5063079868326984;-0.43701171875;
21:46:22;296.0;1575409584;101.473;17.0878355671231;0.5100846437947194;-0.439453125;
21:46:23;297.0;1575409585;101.208;16.83479955066769;0.5025313298706773;-0.4345703125;
21:46:24;298.0;1575409586;101.142;17.214353575350806;0.5138613007567405;-0.44189453125;
21:46:25;299.0;1575409587;101.142;17.0878355671231;0.5100846437947194;-0.439453125;
21:46:26;300.0;1575409588;100.703;15.822655484846049;0.47231807417450894;-0.4150390625;
21:46:27;301.0;1575409589;100.637;16.328727517756867;0.4874247020225931;-0.4248046875;
21:46:28;302.0;1575409590;100.659;16.961317558895395;0.5063079868326984;-0.43701171875;
21:46:29;303.0;1575409591;100.9;16.708281542439988;0.4987546729086563;-0.43212890625;
21:46:30;304.0;1575409592;100.856;15.822655484846049;0.47231807417450894;-0.4150390625;
21:46:31;305.0;1575409593;100.878;16.83479955066769;0.5025313298706773;-0.4345703125;
21:46:32;306.0;1575409594;100.594;16.961317558895395;0.5063079868326984;-0.43701171875;
21:46:34;308.0;1575409595;100.594;17.59390760003392;0.5251912716428035;-0.44921875;
21:46:35;309.0;1575409596;101.252;17.0878355671231;0.5100846437947194;-0.439453125;
21:46:36;310.0;1575409597;101.871;16.83479955066769;0.5025313298706773;-0.4345703125;
21:46:37;311.0;1575409598;102.115;16.961317558895395;0.5063079868326984;-0.43701171875;
21:46:38;312.0;1575409599;101.915;17.214353575350806;0.5138613007567405;-0.44189453125;
21:46:39;313.0;1575409600;101.054;16.83479955066769;0.5025313298706773;-0.4345703125;
21:46:40;314.0;1575409601;100.988;16.83479955066769;0.5025313298706773;-0.4345703125;
21:46:41;315.0;1575409602;100.463;16.455245525984576;0.4912013589846142;-0.42724609375;
21:46:42;316.0;1575409603;100.179;16.708281542439988;0.4987546729086563;-0.43212890625;
21:46:43;317.0;1575409604;100.791;17.0878355671231;0.5100846437947194;-0.439453125;
21:46:44;318.0;1575409605;100.835;17.340871583578508;0.5176379577187614;-0.4443359375;
21:46:45;319.0;1575409606;100.835;16.961317558895395;0.5063079868326984;-0.43701171875;
21:46:46;320.0;1575409607;100.769;16.83479955066769;0.5025313298706773;-0.4345703125;
21:46:47;321.0;1575409608;100.179;16.961317558895395;0.5063079868326984;-0.43701171875;
21:46:48;322.0;1575409609;99.702;17.0878355671231;0.5100846437947194;-0.439453125;
21:46:49;323.0;1575409610;100.266;16.58176353421228;0.49497801594663515;-0.4296875;
21:46:50;324.0;1575409611;100.266;16.961317558895395;0.5063079868326984;-0.43701171875;
21:46:51;325.0;1575409612;100.55;16.58176353421228;0.49497801594663515;-0.4296875;
21:46:52;326.0;1575409613;100.966;16.961317558895395;0.5063079868326984;-0.43701171875;
21:46:53;327.0;1575409614;100.681;16.961317558895395;0.5063079868326984;-0.43701171875;
21:46:54;328.0;1575409615;100.747;16.708281542439988;0.4987546729086563;-0.43212890625;
21:46:55;329.0;1575409616;101.032;17.340871583578508;0.5176379577187614;-0.4443359375;
21:46:56;330.0;1575409617;100.878;17.214353575350806;0.5138613007567405;-0.44189453125;
21:46:57;331.0;1575409618;101.208;16.83479955066769;0.5025313298706773;-0.4345703125;
21:46:58;332.0;1575409619;101.406;17.973461624717036;0.5365212425288668;-0.45654296875;
21:46:59;333.0;1575409620;101.054;16.961317558895395;0.5063079868326984;-0.43701171875;
21:47:00;334.0;1575409621;100.966;16.83479955066769;0.5025313298706773;-0.4345703125;
21:47:01;335.0;1575409622;100.988;17.214353575350806;0.5138613007567405;-0.44189453125;
21:47:02;336.0;1575409623;100.747;16.328727517756867;0.4874247020225931;-0.4248046875;
21:47:03;337.0;1575409624;100.835;17.0878355671231;0.5100846437947194;-0.439453125;
21:47:04;338.0;1575409625;101.428;15.443101460162936;0.46098810328844586;-0.40771484375;
21:47:05;339.0;1575409626;101.098;17.467389591806217;0.5214146146807827;-0.44677734375;
21:47:06;340.0;1575409627;101.384;17.214353575350806;0.5138613007567405;-0.44189453125;
21:47:07;341.0;1575409628;101.406;13.165777312064245;0.393008277972067;-0.36376953125;
21:47:08;342.0;1575409629;100.813;16.328727517756867;0.4874247020225931;-0.4248046875;
21:47:09;343.0;1575409630;100.813;16.328727517756867;0.4874247020225931;-0.4248046875;
21:47:11;345.0;1575409632;101.01;16.455245525984576;0.4912013589846142;-0.42724609375;
21:47:12;346.0;1575409634;100.725;16.83479955066769;0.5025313298706773;-0.4345703125;
21:47:13;347.0;1575409635;100.441;16.961317558895395;0.5063079868326984;-0.43701171875;
21:47:14;348.0;1575409636;100.484;16.708281542439988;0.4987546729086563;-0.43212890625;
21:47:15;349.0;1575409637;100.31;16.961317558895395;0.5063079868326984;-0.43701171875;
21:47:16;350.0;1575409638;100.9;16.961317558895395;0.5063079868326984;-0.43701171875;
21:47:17;351.0;1575409639;101.164;16.58176353421228;0.49497801594663515;-0.4296875;
21:47:18;352.0;1575409640;101.142;17.214353575350806;0.5138613007567405;-0.44189453125;
21:47:19;353.0;1575409641;101.142;16.202209509529165;0.4836480450605721;-0.42236328125;
21:47:20;354.0;1575409642;100.594;17.467389591806217;0.5214146146807827;-0.44677734375;
21:47:21;355.0;1575409643;100.616;15.696137476618345;0.46854141721248793;-0.41259765625;
21:47:22;356.0;1575409644;100.878;16.708281542439988;0.4987546729086563;-0.43212890625;
21:47:23;357.0;1575409645;101.032;16.58176353421228;0.49497801594663515;-0.4296875;
21:47:24;358.0;1575409646;101.627;16.58176353421228;0.49497801594663515;-0.4296875;
21:47:25;359.0;1575409647;101.34;16.708281542439988;0.4987546729086563;-0.43212890625;
21:47:26;360.0;1575409648;101.098;16.83479955066769;0.5025313298706773;-0.4345703125;
21:47:27;361.0;1575409649;100.878;15.822655484846049;0.47231807417450894;-0.4150390625;
21:47:28;362.0;1575409650;100.878;17.214353575350806;0.5138613007567405;-0.44189453125;
21:47:29;363.0;1575409651;100.856;16.58176353421228;0.49497801594663515;-0.4296875;
21:47:30;364.0;1575409652;100.55;16.708281542439988;0.4987546729086563;-0.43212890625;
21:47:31;365.0;1575409653;100.856;19.997749756360317;0.5969477539212035;-0.49560546875;
21:47:32;366.0;1575409654;100.506;16.708281542439988;0.4987546729086563;-0.43212890625;
21:47:33;367.0;1575409655;101.076;16.83479955066769;0.5025313298706773;-0.4345703125;
21:47:34;368.0;1575409656;101.694;17.0878355671231;0.5100846437947194;-0.439453125;
21:47:35;369.0;1575409657;101.428;17.59390760003392;0.5251912716428035;-0.44921875;
21:47:36;370.0;1575409658;101.186;16.58176353421228;0.49497801594663515;-0.4296875;
21:47:37;371.0;1575409659;101.208;16.58176353421228;0.49497801594663515;-0.4296875;
21:47:39;373.0;1575409660;100.55;16.328727517756867;0.4874247020225931;-0.4248046875;
21:47:40;374.0;1575409661;100.506;17.720425608261625;0.5289679286048247;-0.45166015625;
21:47:41;375.0;1575409662;100.441;15.949173493073756;0.47609473113653006;-0.41748046875;
21:47:42;376.0;1575409663;100.463;16.961317558895395;0.5063079868326984;-0.43701171875;
21:47:43;377.0;1575409664;100.484;16.455245525984576;0.4912013589846142;-0.42724609375;
21:47:44;378.0;1575409665;100.223;16.708281542439988;0.4987546729086563;-0.43212890625;
21:47:45;379.0;1575409666;100.9;16.708281542439988;0.4987546729086563;-0.43212890625;
21:47:46;380.0;1575409667;100.288;16.708281542439988;0.4987546729086563;-0.43212890625;
21:47:47;381.0;1575409668;100.637;16.708281542439988;0.4987546729086563;-0.43212890625;
21:47:48;382.0;1575409669;100.922;17.340871583578508;0.5176379577187614;-0.4443359375;
21:47:49;383.0;1575409670;100.616;17.720425608261625;0.5289679286048247;-0.45166015625;
21:47:50;384.0;1575409671;100.616;16.961317558895395;0.5063079868326984;-0.43701171875;
21:47:51;385.0;1575409672;100.594;15.316583451935228;0.45721144632642474;-0.4052734375;
21:47:52;386.0;1575409673;100.332;17.214353575350806;0.5138613007567405;-0.44189453125;
21:47:53;387.0;1575409674;100.332;18.226497641172447;0.5440745564529088;-0.46142578125;
21:47:54;388.0;1575409675;100.332;18.099979632944738;0.5402978994908877;-0.458984375;
21:47:55;389.0;1575409676;100.288;16.83479955066769;0.5025313298706773;-0.4345703125;
21:47:56;390.0;1575409677;100.179;16.961317558895395;0.5063079868326984;-0.43701171875;
21:47:57;391.0;1575409678;100.157;17.340871583578508;0.5176379577187614;-0.4443359375;
21:47:58;392.0;1575409679;100.245;16.83479955066769;0.5025313298706773;-0.4345703125;
21:47:59;393.0;1575409680;99.918;16.328727517756867;0.4874247020225931;-0.4248046875;
21:48:00;394.0;1575409681;100.484;16.961317558895395;0.5063079868326984;-0.43701171875;
21:48:01;395.0;1575409682;100.179;16.83479955066769;0.5025313298706773;-0.4345703125;
21:48:02;396.0;1575409683;100.136;17.720425608261625;0.5289679286048247;-0.45166015625;
21:48:03;397.0;1575409684;100.441;16.961317558895395;0.5063079868326984;-0.43701171875;
21:48:04;398.0;1575409685;99.962;17.84694361648933;0.5327445855668457;-0.4541015625;
21:48:05;399.0;1575409686;100.245;17.467389591806217;0.5214146146807827;-0.44677734375;
21:48:06;400.0;1575409687;100.245;16.58176353421228;0.49497801594663515;-0.4296875;
21:48:07;401.0;1575409688;100.245;17.467389591806217;0.5214146146807827;-0.44677734375;
21:48:08;402.0;1575409689;100.506;16.83479955066769;0.5025313298706773;-0.4345703125;
21:48:10;404.0;1575409691;100.769;17.214353575350806;0.5138613007567405;-0.44189453125;
21:48:11;405.0;1575409693;100.835;16.58176353421228;0.49497801594663515;-0.4296875;
21:48:12;406.0;1575409694;101.076;16.961317558895395;0.5063079868326984;-0.43701171875;
21:48:13;407.0;1575409695;101.362;16.961317558895395;0.5063079868326984;-0.43701171875;
21:48:14;408.0;1575409696;101.076;16.961317558895395;0.5063079868326984;-0.43701171875;
21:48:15;409.0;1575409697;101.076;15.949173493073756;0.47609473113653006;-0.41748046875;
21:48:16;410.0;1575409698;100.791;18.099979632944738;0.5402978994908877;-0.458984375;
21:48:17;411.0;1575409699;100.769;15.696137476618345;0.46854141721248793;-0.41259765625;
21:48:18;412.0;1575409700;100.813;16.961317558895395;0.5063079868326984;-0.43701171875;
21:48:19;413.0;1575409701;100.528;16.961317558895395;0.5063079868326984;-0.43701171875;
21:48:20;414.0;1575409702;100.878;16.961317558895395;0.5063079868326984;-0.43701171875;
21:48:21;415.0;1575409703;100.9;17.0878355671231;0.5100846437947194;-0.439453125;
21:48:22;416.0;1575409704;101.12;16.708281542439988;0.4987546729086563;-0.43212890625;
21:48:23;417.0;1575409705;101.054;16.455245525984576;0.4912013589846142;-0.42724609375;
21:48:24;418.0;1575409706;101.01;17.340871583578508;0.5176379577187614;-0.4443359375;
21:48:25;419.0;1575409707;101.054;18.226497641172447;0.5440745564529088;-0.46142578125;
21:48:26;420.0;1575409708;100.441;17.0878355671231;0.5100846437947194;-0.439453125;
21:48:27;421.0;1575409709;101.098;16.961317558895395;0.5063079868326984;-0.43701171875;
21:48:28;422.0;1575409710;100.55;16.328727517756867;0.4874247020225931;-0.4248046875;
21:48:29;423.0;1575409711;100.856;16.83479955066769;0.5025313298706773;-0.4345703125;
21:48:30;424.0;1575409712;101.539;16.83479955066769;0.5025313298706773;-0.4345703125;
21:48:31;425.0;1575409713;101.164;17.214353575350806;0.5138613007567405;-0.44189453125;
21:48:32;426.0;1575409714;101.451;16.455245525984576;0.4912013589846142;-0.42724609375;
21:48:33;427.0;1575409715;101.142;16.961317558895395;0.5063079868326984;-0.43701171875;
21:48:34;428.0;1575409716;100.791;16.708281542439988;0.4987546729086563;-0.43212890625;
21:48:35;429.0;1575409717;100.528;16.961317558895395;0.5063079868326984;-0.43701171875;
21:48:36;430.0;1575409718;100.201;20.37730378104343;0.6082777248072666;-0.5029296875;
21:48:37;431.0;1575409719;99.918;17.340871583578508;0.5176379577187614;-0.4443359375;
21:48:38;432.0;1575409720;99.897;16.961317558895395;0.5063079868326984;-0.43701171875;
21:48:39;433.0;1575409721;100.157;16.328727517756867;0.4874247020225931;-0.4248046875;
21:48:40;434.0;1575409722;100.835;17.59390760003392;0.5251912716428035;-0.44921875;
21:48:41;435.0;1575409723;101.054;15.822655484846049;0.47231807417450894;-0.4150390625;
21:48:43;437.0;1575409724;101.076;16.961317558895395;0.5063079868326984;-0.43701171875;
21:48:44;438.0;1575409725;101.098;17.214353575350806;0.5138613007567405;-0.44189453125;
21:48:45;439.0;1575409726;100.528;16.83479955066769;0.5025313298706773;-0.4345703125;
21:48:46;440.0;1575409727;100.288;16.708281542439988;0.4987546729086563;-0.43212890625;
21:48:47;441.0;1575409728;100.353;16.455245525984576;0.4912013589846142;-0.42724609375;
21:48:48;442.0;1575409729;100.353;17.467389591806217;0.5214146146807827;-0.44677734375;
21:48:49;443.0;1575409730;100.245;16.455245525984576;0.4912013589846142;-0.42724609375;
21:48:50;444.0;1575409731;100.463;16.328727517756867;0.4874247020225931;-0.4248046875;
21:48:51;445.0;1575409732;100.114;18.732569674083265;0.559181184300993;-0.47119140625;
21:48:52;446.0;1575409733;100.136;16.708281542439988;0.4987546729086563;-0.43212890625;
21:48:53;447.0;1575409734;100.506;16.708281542439988;0.4987546729086563;-0.43212890625;
21:48:54;448.0;1575409735;100.594;17.84694361648933;0.5327445855668457;-0.4541015625;
21:48:55;449.0;1575409736;100.9;16.83479955066769;0.5025313298706773;-0.4345703125;
21:48:56;450.0;1575409737;100.9;18.35301564940015;0.5478512134149298;-0.4638671875;
21:48:57;451.0;1575409738;100.572;16.961317558895395;0.5063079868326984;-0.43701171875;
21:48:58;452.0;1575409739;100.616;16.83479955066769;0.5025313298706773;-0.4345703125;
21:48:59;453.0;1575409740;100.397;17.467389591806217;0.5214146146807827;-0.44677734375;
21:49:00;454.0;1575409741;100.353;15.696137476618345;0.46854141721248793;-0.41259765625;
21:49:01;455.0;1575409742;100.31;16.455245525984576;0.4912013589846142;-0.42724609375;
21:49:02;456.0;1575409743;100.484;17.720425608261625;0.5289679286048247;-0.45166015625;
21:49:03;457.0;1575409744;100.725;15.949173493073756;0.47609473113653006;-0.41748046875;
21:49:04;458.0;1575409745;100.791;16.708281542439988;0.4987546729086563;-0.43212890625;
21:49:05;459.0;1575409746;101.164;16.328727517756867;0.4874247020225931;-0.4248046875;
21:49:06;460.0;1575409747;100.922;17.0878355671231;0.5100846437947194;-0.439453125;
21:49:07;461.0;1575409748;100.637;16.83479955066769;0.5025313298706773;-0.4345703125;
21:49:09;463.0;1575409749;100.027;16.83479955066769;0.5025313298706773;-0.4345703125;
21:49:10;464.0;1575409751;100.005;16.58176353421228;0.49497801594663515;-0.4296875;
21:49:11;465.0;1575409752;100.223;16.708281542439988;0.4987546729086563;-0.43212890625;
21:49:12;466.0;1575409753;100.528;16.58176353421228;0.49497801594663515;-0.4296875;
21:49:13;467.0;1575409754;100.769;16.708281542439988;0.4987546729086563;-0.43212890625;
21:49:14;468.0;1575409755;100.245;16.83479955066769;0.5025313298706773;-0.4345703125;
21:49:15;469.0;1575409756;99.984;17.214353575350806;0.5138613007567405;-0.44189453125;
21:49:16;470.0;1575409757;99.702;17.0878355671231;0.5100846437947194;-0.439453125;
21:49:17;471.0;1575409758;99.485;16.961317558895395;0.5063079868326984;-0.43701171875;
21:49:18;472.0;1575409759;100.005;12.53318727092572;0.3741249931619618;-0.3515625;
21:49:19;473.0;1575409760;100.594;16.455245525984576;0.4912013589846142;-0.42724609375;
21:49:20;474.0;1575409761;100.681;16.83479955066769;0.5025313298706773;-0.4345703125;
21:49:21;475.0;1575409762;101.495;16.83479955066769;0.5025313298706773;-0.4345703125;
21:49:22;476.0;1575409763;101.208;17.0878355671231;0.5100846437947194;-0.439453125;
21:49:23;477.0;1575409764;101.208;17.0878355671231;0.5100846437947194;-0.439453125;
21:49:24;478.0;1575409765;101.12;17.59390760003392;0.5251912716428035;-0.44921875;
21:49:25;479.0;1575409766;100.55;16.961317558895395;0.5063079868326984;-0.43701171875;
21:49:26;480.0;1575409767;101.076;16.83479955066769;0.5025313298706773;-0.4345703125;
21:49:27;481.0;1575409769;100.463;17.340871583578508;0.5176379577187614;-0.4443359375;
21:49:28;482.0;1575409770;100.441;16.58176353421228;0.49497801594663515;-0.4296875;
21:49:29;483.0;1575409771;100.114;17.0878355671231;0.5100846437947194;-0.439453125;
21:49:30;484.0;1575409772;99.593;17.340871583578508;0.5176379577187614;-0.4443359375;
21:49:31;485.0;1575409773;99.615;16.961317558895395;0.5063079868326984;-0.43701171875;
21:49:32;486.0;1575409774;99.593;16.708281542439988;0.4987546729086563;-0.43212890625;
21:49:33;487.0;1575409775;99.637;17.214353575350806;0.5138613007567405;-0.44189453125;
21:49:34;488.0;1575409776;99.637;16.202209509529165;0.4836480450605721;-0.42236328125;
21:49:35;489.0;1575409777;99.723;16.455245525984576;0.4912013589846142;-0.42724609375;
21:49:36;490.0;1575409778;100.049;16.455245525984576;0.4912013589846142;-0.42724609375;
21:49:37;491.0;1575409779;100.049;16.83479955066769;0.5025313298706773;-0.4345703125;
21:49:38;492.0;1575409780;100.616;17.59390760003392;0.5251912716428035;-0.44921875;
21:49:39;493.0;1575409781;100.506;17.214353575350806;0.5138613007567405;-0.44189453125;
21:49:40;494.0;1575409782;100.157;16.708281542439988;0.4987546729086563;-0.43212890625;
21:49:41;495.0;1575409783;100.637;16.708281542439988;0.4987546729086563;-0.43212890625;
21:49:42;496.0;1575409784;100.114;17.214353575350806;0.5138613007567405;-0.44189453125;
21:49:43;497.0;1575409785;100.441;13.545331336747362;0.4043382488581302;-0.37109375;
21:49:44;498.0;1575409786;100.463;17.214353575350806;0.5138613007567405;-0.44189453125;
21:49:45;499.0;1575409787;100.005;16.708281542439988;0.4987546729086563;-0.43212890625;
21:49:47;501.0;1575409788;100.027;17.340871583578508;0.5176379577187614;-0.4443359375;
21:49:48;502.0;1575409789;99.745;15.949173493073756;0.47609473113653006;-0.41748046875;
21:49:49;503.0;1575409790;100.092;17.973461624717036;0.5365212425288668;-0.45654296875;
21:49:50;504.0;1575409791;100.353;17.0878355671231;0.5100846437947194;-0.439453125;
21:49:51;505.0;1575409792;100.572;17.0878355671231;0.5100846437947194;-0.439453125;
21:49:52;506.0;1575409793;100.55;16.708281542439988;0.4987546729086563;-0.43212890625;
21:49:53;507.0;1575409794;100.179;19.36515971522179;0.5780644691110982;-0.4833984375;
21:49:54;508.0;1575409795;100.136;17.340871583578508;0.5176379577187614;-0.4443359375;
21:49:55;509.0;1575409796;99.897;17.720425608261625;0.5289679286048247;-0.45166015625;
21:49:56;510.0;1575409797;99.918;17.214353575350806;0.5138613007567405;-0.44189453125;
21:49:57;511.0;1575409798;100.266;16.708281542439988;0.4987546729086563;-0.43212890625;
21:49:58;512.0;1575409799;100.027;16.58176353421228;0.49497801594663515;-0.4296875;
21:49:59;513.0;1575409800;100.07;16.708281542439988;0.4987546729086563;-0.43212890625;
21:50:00;514.0;1575409801;100.027;17.340871583578508;0.5176379577187614;-0.4443359375;
21:50:01;515.0;1575409802;99.723;16.58176353421228;0.49497801594663515;-0.4296875;
21:50:02;516.0;1575409803;99.68;16.961317558895395;0.5063079868326984;-0.43701171875;
21:50:03;517.0;1575409804;99.658;17.340871583578508;0.5176379577187614;-0.4443359375;
21:50:04;518.0;1575409805;99.723;17.0878355671231;0.5100846437947194;-0.439453125;
21:50:05;519.0;1575409806;99.615;16.961317558895395;0.5063079868326984;-0.43701171875;
21:50:06;520.0;1575409807;99.68;17.340871583578508;0.5176379577187614;-0.4443359375;
21:50:08;522.0;1575409808;99.832;16.83479955066769;0.5025313298706773;-0.4345703125;
21:50:09;523.0;1575409810;99.897;13.039259303836541;0.389231621010046;-0.361328125;
21:50:10;524.0;1575409811;100.157;17.0878355671231;0.5100846437947194;-0.439453125;
21:50:11;525.0;1575409812;100.157;16.708281542439988;0.4987546729086563;-0.43212890625;
21:50:12;526.0;1575409813;99.984;17.214353575350806;0.5138613007567405;-0.44189453125;
21:50:13;527.0;1575409814;100.31;16.961317558895395;0.5063079868326984;-0.43701171875;
21:50:14;528.0;1575409815;99.984;16.07569150130146;0.47987138809855107;-0.419921875;
21:50:15;529.0;1575409816;99.984;16.455245525984576;0.4912013589846142;-0.42724609375;
21:50:16;530.0;1575409817;99.918;16.202209509529165;0.4836480450605721;-0.42236328125;
21:50:17;531.0;1575409818;100.179;16.83479955066769;0.5025313298706773;-0.4345703125;
21:50:18;532.0;1575409819;100.484;16.961317558895395;0.5063079868326984;-0.43701171875;
21:50:19;533.0;1575409820;100.791;16.961317558895395;0.5063079868326984;-0.43701171875;
21:50:20;534.0;1575409821;100.484;16.708281542439988;0.4987546729086563;-0.43212890625;
21:50:21;535.0;1575409822;100.266;17.214353575350806;0.5138613007567405;-0.44189453125;
21:50:22;536.0;1575409823;100.266;16.83479955066769;0.5025313298706773;-0.4345703125;
21:50:23;537.0;1575409824;100.594;16.83479955066769;0.5025313298706773;-0.4345703125;
21:50:24;538.0;1575409825;100.9;16.83479955066769;0.5025313298706773;-0.4345703125;
21:50:25;539.0;1575409826;100.878;16.455245525984576;0.4912013589846142;-0.42724609375;
21:50:26;540.0;1575409827;100.966;17.0878355671231;0.5100846437947194;-0.439453125;
21:50:27;541.0;1575409828;100.878;16.328727517756867;0.4874247020225931;-0.4248046875;
21:50:28;542.0;1575409829;101.12;16.961317558895395;0.5063079868326984;-0.43701171875;
21:50:29;543.0;1575409830;100.9;16.961317558895395;0.5063079868326984;-0.43701171875;
21:50:30;544.0;1575409831;100.747;16.83479955066769;0.5025313298706773;-0.4345703125;
21:50:31;545.0;1575409832;100.245;16.83479955066769;0.5025313298706773;-0.4345703125;
21:50:32;546.0;1575409833;99.962;17.59390760003392;0.5251912716428035;-0.44921875;
21:50:33;547.0;1575409834;99.853;16.961317558895395;0.5063079868326984;-0.43701171875;
21:50:34;548.0;1575409835;99.918;17.0878355671231;0.5100846437947194;-0.439453125;
21:50:35;549.0;1575409836;100.179;16.708281542439988;0.4987546729086563;-0.43212890625;
21:50:36;550.0;1575409837;100.813;16.58176353421228;0.49497801594663515;-0.4296875;
21:50:37;551.0;1575409838;101.384;17.214353575350806;0.5138613007567405;-0.44189453125;
21:50:38;552.0;1575409839;101.076;17.214353575350806;0.5138613007567405;-0.44189453125;
21:50:39;553.0;1575409840;101.076;16.83479955066769;0.5025313298706773;-0.4345703125;
21:50:40;554.0;1575409841;100.463;16.455245525984576;0.4912013589846142;-0.42724609375;
21:50:41;555.0;1575409842;99.984;16.83479955066769;0.5025313298706773;-0.4345703125;
21:50:42;556.0;1575409844;100.637;13.798367353202767;0.41189156278217215;-0.3759765625;
21:50:43;557.0;1575409845;100.353;17.720425608261625;0.5289679286048247;-0.45166015625;
21:50:44;558.0;1575409846;100.659;16.708281542439988;0.4987546729086563;-0.43212890625;
21:50:45;559.0;1575409847;100.856;16.58176353421228;0.49497801594663515;-0.4296875;
21:50:46;560.0;1575409848;100.266;17.214353575350806;0.5138613007567405;-0.44189453125;
21:50:47;561.0;1575409849;100.266;17.59390760003392;0.5251912716428035;-0.44921875;
21:50:48;562.0;1575409850;99.984;17.214353575350806;0.5138613007567405;-0.44189453125;
21:50:49;563.0;1575409851;100.266;17.720425608261625;0.5289679286048247;-0.45166015625;
21:50:51;565.0;1575409852;100.288;16.83479955066769;0.5025313298706773;-0.4345703125;
21:50:52;566.0;1575409853;100.55;22.022037888003595;0.6573742653135402;-0.53466796875;
21:50:53;567.0;1575409854;100.572;17.214353575350806;0.5138613007567405;-0.44189453125;
21:50:54;568.0;1575409855;100.31;16.83479955066769;0.5025313298706773;-0.4345703125;
21:50:55;569.0;1575409856;100.31;17.340871583578508;0.5176379577187614;-0.4443359375;
21:50:56;570.0;1575409857;100.027;18.226497641172447;0.5440745564529088;-0.46142578125;
21:50:57;571.0;1575409858;100.005;17.340871583578508;0.5176379577187614;-0.4443359375;
21:50:58;572.0;1575409859;99.745;17.214353575350806;0.5138613007567405;-0.44189453125;
21:50:59;573.0;1575409860;99.658;16.83479955066769;0.5025313298706773;-0.4345703125;
21:51:00;574.0;1575409861;99.658;17.214353575350806;0.5138613007567405;-0.44189453125;
21:51:01;575.0;1575409862;99.68;16.83479955066769;0.5025313298706773;-0.4345703125;
21:51:02;576.0;1575409863;99.615;16.708281542439988;0.4987546729086563;-0.43212890625;
21:51:03;577.0;1575409864;99.637;17.59390760003392;0.5251912716428035;-0.44921875;
21:51:04;578.0;1575409865;99.897;16.961317558895395;0.5063079868326984;-0.43701171875;
21:51:05;579.0;1575409866;99.94;17.720425608261625;0.5289679286048247;-0.45166015625;
21:51:07;581.0;1575409867;99.984;17.214353575350806;0.5138613007567405;-0.44189453125;
21:51:08;582.0;1575409869;99.723;16.455245525984576;0.4912013589846142;-0.42724609375;
21:51:09;583.0;1575409870;99.658;16.83479955066769;0.5025313298706773;-0.4345703125;
21:51:10;584.0;1575409871;99.55;16.708281542439988;0.4987546729086563;-0.43212890625;
21:51:11;585.0;1575409872;100.114;16.455245525984576;0.4912013589846142;-0.42724609375;
21:51:12;586.0;1575409873;100.397;17.214353575350806;0.5138613007567405;-0.44189453125;
21:51:13;587.0;1575409874;100.375;16.58176353421228;0.49497801594663515;-0.4296875;
21:51:14;588.0;1575409875;100.506;16.83479955066769;0.5025313298706773;-0.4345703125;
21:51:15;589.0;1575409876;100.288;14.051403369658178;0.4194448767062143;-0.380859375;
21:51:16;590.0;1575409877;100.332;16.83479955066769;0.5025313298706773;-0.4345703125;
21:51:17;591.0;1575409878;100.07;18.226497641172447;0.5440745564529088;-0.46142578125;
21:51:18;592.0;1575409879;100.245;14.810511419024408;0.44210481847834054;-0.3955078125;
21:51:19;593.0;1575409880;100.005;16.708281542439988;0.4987546729086563;-0.43212890625;
21:51:20;594.0;1575409881;99.918;16.708281542439988;0.4987546729086563;-0.43212890625;
21:51:21;595.0;1575409882;100.506;16.708281542439988;0.4987546729086563;-0.43212890625;
21:51:22;596.0;1575409883;100.31;16.58176353421228;0.49497801594663515;-0.4296875;
21:51:23;597.0;1575409884;100.223;16.961317558895395;0.5063079868326984;-0.43701171875;
21:51:24;598.0;1575409885;99.962;16.83479955066769;0.5025313298706773;-0.4345703125;
21:51:25;599.0;1575409886;99.637;16.961317558895395;0.5063079868326984;-0.43701171875;
21:51:26;600.0;1575409887;99.875;16.202209509529165;0.4836480450605721;-0.42236328125;
21:51:27;601.0;1575409888;100.245;17.0878355671231;0.5100846437947194;-0.439453125;
21:51:28;602.0;1575409889;100.332;17.467389591806217;0.5214146146807827;-0.44677734375;
21:51:29;603.0;1575409890;100.027;15.696137476618345;0.46854141721248793;-0.41259765625;
21:51:30;604.0;1575409891;99.745;17.59390760003392;0.5251912716428035;-0.44921875;
21:51:31;605.0;1575409892;99.421;16.708281542439988;0.4987546729086563;-0.43212890625;
21:51:32;606.0;1575409893;99.399;16.708281542439988;0.4987546729086563;-0.43212890625;
21:51:33;607.0;1575409894;99.637;16.708281542439988;0.4987546729086563;-0.43212890625;
21:51:34;608.0;1575409895;99.702;16.83479955066769;0.5025313298706773;-0.4345703125;
21:51:35;609.0;1575409896;99.615;16.961317558895395;0.5063079868326984;-0.43701171875;
21:51:36;610.0;1575409897;99.55;17.0878355671231;0.5100846437947194;-0.439453125;
21:51:37;611.0;1575409898;99.658;17.214353575350806;0.5138613007567405;-0.44189453125;
21:51:38;612.0;1575409899;99.572;16.708281542439988;0.4987546729086563;-0.43212890625;
21:51:39;613.0;1575409900;99.637;17.214353575350806;0.5138613007567405;-0.44189453125;
21:51:40;614.0;1575409901;99.637;16.708281542439988;0.4987546729086563;-0.43212890625;
21:51:41;615.0;1575409902;99.615;16.961317558895395;0.5063079868326984;-0.43701171875;
21:51:42;616.0;1575409903;99.94;17.59390760003392;0.5251912716428035;-0.44921875;
21:51:43;617.0;1575409904;100.223;16.961317558895395;0.5063079868326984;-0.43701171875;
21:51:44;618.0;1575409905;100.266;16.455245525984576;0.4912013589846142;-0.42724609375;
21:51:45;619.0;1575409906;100.332;17.214353575350806;0.5138613007567405;-0.44189453125;
21:51:46;620.0;1575409907;100.266;17.973461624717036;0.5365212425288668;-0.45654296875;
21:51:47;621.0;1575409908;99.962;16.961317558895395;0.5063079868326984;-0.43701171875;
21:51:48;622.0;1575409909;100.027;17.720425608261625;0.5289679286048247;-0.45166015625;
21:51:49;623.0;1575409910;99.918;15.949173493073756;0.47609473113653006;-0.41748046875;
21:51:50;624.0;1575409912;99.68;16.83479955066769;0.5025313298706773;-0.4345703125;
21:51:51;625.0;1575409913;99.68;15.696137476618345;0.46854141721248793;-0.41259765625;
21:51:52;626.0;1575409914;99.853;16.328727517756867;0.4874247020225931;-0.4248046875;
21:51:53;627.0;1575409915;99.918;16.961317558895395;0.5063079868326984;-0.43701171875;
21:51:55;629.0;1575409916;100.223;15.822655484846049;0.47231807417450894;-0.4150390625;
21:51:56;630.0;1575409917;100.856;16.07569150130146;0.47987138809855107;-0.419921875;
21:51:57;631.0;1575409918;101.098;17.59390760003392;0.5251912716428035;-0.44921875;
21:51:58;632.0;1575409919;101.384;16.455245525984576;0.4912013589846142;-0.42724609375;
21:51:59;633.0;1575409920;101.098;16.83479955066769;0.5025313298706773;-0.4345703125;
21:52:00;634.0;1575409921;100.506;17.84694361648933;0.5327445855668457;-0.4541015625;
21:52:01;635.0;1575409922;100.31;17.0878355671231;0.5100846437947194;-0.439453125;
21:52:02;636.0;1575409923;100.049;16.708281542439988;0.4987546729086563;-0.43212890625;
21:52:03;637.0;1575409924;100.07;17.214353575350806;0.5138613007567405;-0.44189453125;
21:52:04;638.0;1575409925;100.027;16.961317558895395;0.5063079868326984;-0.43701171875;
21:52:05;639.0;1575409926;99.745;16.202209509529165;0.4836480450605721;-0.42236328125;
21:52:06;640.0;1575409927;99.702;16.961317558895395;0.5063079868326984;-0.43701171875;
21:52:07;641.0;1575409928;99.637;16.58176353421228;0.49497801594663515;-0.4296875;
21:52:08;642.0;1575409929;99.962;17.340871583578508;0.5176379577187614;-0.4443359375;
21:52:09;643.0;1575409930;99.962;16.202209509529165;0.4836480450605721;-0.42236328125;
21:52:10;644.0;1575409931;100.201;16.58176353421228;0.49497801594663515;-0.4296875;
21:52:11;645.0;1575409932;100.245;16.708281542439988;0.4987546729086563;-0.43212890625;
21:52:12;646.0;1575409933;99.442;16.455245525984576;0.4912013589846142;-0.42724609375;
21:52:13;647.0;1575409934;99.464;16.328727517756867;0.4874247020225931;-0.4248046875;
21:52:14;648.0;1575409935;99.248;16.83479955066769;0.5025313298706773;-0.4345703125;
21:52:15;649.0;1575409936;99.529;16.455245525984576;0.4912013589846142;-0.42724609375;
21:52:16;650.0;1575409937;100.049;16.328727517756867;0.4874247020225931;-0.4248046875;
21:52:17;651.0;1575409938;100.005;16.961317558895395;0.5063079868326984;-0.43701171875;
21:52:18;652.0;1575409939;99.962;16.58176353421228;0.49497801594663515;-0.4296875;
21:52:19;653.0;1575409940;99.658;17.214353575350806;0.5138613007567405;-0.44189453125;
21:52:20;654.0;1575409941;99.658;16.202209509529165;0.4836480450605721;-0.42236328125;
21:52:21;655.0;1575409942;99.637;16.58176353421228;0.49497801594663515;-0.4296875;
21:52:22;656.0;1575409943;99.572;17.340871583578508;0.5176379577187614;-0.4443359375;
21:52:23;657.0;1575409944;99.529;17.214353575350806;0.5138613007567405;-0.44189453125;
21:52:24;658.0;1575409945;99.377;16.708281542439988;0.4987546729086563;-0.43212890625;
21:52:25;659.0;1575409946;99.723;16.455245525984576;0.4912013589846142;-0.42724609375;
21:52:26;660.0;1575409947;99.81;17.0878355671231;0.5100846437947194;-0.439453125;
21:52:27;661.0;1575409948;100.157;16.455245525984576;0.4912013589846142;-0.42724609375;
21:52:28;662.0;1575409949;100.375;15.443101460162936;0.46098810328844586;-0.40771484375;
21:52:29;663.0;1575409950;100.027;17.467389591806217;0.5214146146807827;-0.44677734375;
21:52:30;664.0;1575409951;100.005;16.708281542439988;0.4987546729086563;-0.43212890625;
21:52:31;665.0;1575409952;99.745;16.58176353421228;0.49497801594663515;-0.4296875;
21:52:32;666.0;1575409953;99.68;17.0878355671231;0.5100846437947194;-0.439453125;
21:52:33;667.0;1575409954;99.702;16.708281542439988;0.4987546729086563;-0.43212890625;
21:52:34;668.0;1575409955;100.223;16.202209509529165;0.4836480450605721;-0.42236328125;
21:52:35;669.0;1575409956;100.288;16.83479955066769;0.5025313298706773;-0.4345703125;
21:52:36;670.0;1575409957;99.918;16.961317558895395;0.5063079868326984;-0.43701171875;
21:52:37;671.0;1575409958;99.94;17.214353575350806;0.5138613007567405;-0.44189453125;
21:52:38;672.0;1575409959;99.464;15.822655484846049;0.47231807417450894;-0.4150390625;
21:52:39;673.0;1575409960;99.399;16.58176353421228;0.49497801594663515;-0.4296875;
21:52:40;674.0;1575409961;99.767;17.214353575350806;0.5138613007567405;-0.44189453125;
21:52:41;675.0;1575409962;99.767;16.83479955066769;0.5025313298706773;-0.4345703125;
21:52:42;676.0;1575409963;99.984;16.58176353421228;0.49497801594663515;-0.4296875;
21:52:43;677.0;1575409964;99.94;16.83479955066769;0.5025313298706773;-0.4345703125;
21:52:44;678.0;1575409965;99.918;16.708281542439988;0.4987546729086563;-0.43212890625;
21:52:45;679.0;1575409966;99.918;16.58176353421228;0.49497801594663515;-0.4296875;
21:52:46;680.0;1575409967;100.005;16.83479955066769;0.5025313298706773;-0.4345703125;
21:52:47;681.0;1575409968;99.984;16.83479955066769;0.5025313298706773;-0.4345703125;
21:52:48;682.0;1575409970;100.005;17.0878355671231;0.5100846437947194;-0.439453125;
21:52:49;683.0;1575409971;100.005;16.328727517756867;0.4874247020225931;-0.4248046875;
21:52:50;684.0;1575409972;99.68;16.961317558895395;0.5063079868326984;-0.43701171875;
21:52:51;685.0;1575409973;99.745;17.0878355671231;0.5100846437947194;-0.439453125;
21:52:52;686.0;1575409974;99.464;16.708281542439988;0.4987546729086563;-0.43212890625;
21:52:53;687.0;1575409975;99.162;16.202209509529165;0.4836480450605721;-0.42236328125;
21:52:54;688.0;1575409976;99.356;16.58176353421228;0.49497801594663515;-0.4296875;
21:52:55;689.0;1575409977;99.421;17.720425608261625;0.5289679286048247;-0.45166015625;
21:52:56;690.0;1575409978;99.637;15.06354743547982;0.44965813240238267;-0.400390625;
21:52:57;691.0;1575409979;99.962;16.202209509529165;0.4836480450605721;-0.42236328125;
21:52:59;693.0;1575409980;99.767;17.0878355671231;0.5100846437947194;-0.439453125;
21:53:00;694.0;1575409981;99.94;16.708281542439988;0.4987546729086563;-0.43212890625;
21:53:01;695.0;1575409982;100.223;17.0878355671231;0.5100846437947194;-0.439453125;
21:53:02;696.0;1575409983;100.201;17.214353575350806;0.5138613007567405;-0.44189453125;
21:53:03;697.0;1575409984;100.201;16.83479955066769;0.5025313298706773;-0.4345703125;
21:53:04;698.0;1575409985;99.94;15.696137476618345;0.46854141721248793;-0.41259765625;
21:53:05;699.0;1575409985;99.464;15.696137476618345;0.46854141721248793;-0.41259765625;
21:53:06;700.0;1575409987;99.529;16.83479955066769;0.5025313298706773;-0.4345703125;
21:53:07;701.0;1575409988;99.572;17.340871583578508;0.5176379577187614;-0.4443359375;
21:53:08;702.0;1575409989;99.832;17.467389591806217;0.5214146146807827;-0.44677734375;
21:53:09;703.0;1575409990;100.049;16.455245525984576;0.4912013589846142;-0.42724609375;
21:53:10;704.0;1575409991;100.005;16.708281542439988;0.4987546729086563;-0.43212890625;
21:53:11;705.0;1575409992;99.984;16.708281542439988;0.4987546729086563;-0.43212890625;
21:53:12;706.0;1575409993;99.68;16.58176353421228;0.49497801594663515;-0.4296875;
21:53:13;707.0;1575409994;99.68;16.83479955066769;0.5025313298706773;-0.4345703125;
21:53:14;708.0;1575409995;99.399;17.0878355671231;0.5100846437947194;-0.439453125;
21:53:15;709.0;1575409996;99.399;17.214353575350806;0.5138613007567405;-0.44189453125;
21:53:16;710.0;1575409997;99.464;16.961317558895395;0.5063079868326984;-0.43701171875;
21:53:17;711.0;1575409998;99.767;17.214353575350806;0.5138613007567405;-0.44189453125;
21:53:18;712.0;1575409999;100.049;17.720425608261625;0.5289679286048247;-0.45166015625;
21:53:19;713.0;1575410000;100.332;16.07569150130146;0.47987138809855107;-0.419921875;
21:53:20;714.0;1575410001;100.397;17.467389591806217;0.5214146146807827;-0.44677734375;
21:53:21;715.0;1575410002;100.049;18.60605166585556;0.5554045273389719;-0.46875;
21:53:22;716.0;1575410003;100.266;16.58176353421228;0.49497801594663515;-0.4296875;
21:53:23;717.0;1575410004;99.658;14.304439386113588;0.42699819063025635;-0.3857421875;
21:53:24;718.0;1575410005;99.334;17.214353575350806;0.5138613007567405;-0.44189453125;
21:53:25;719.0;1575410006;99.68;16.07569150130146;0.47987138809855107;-0.419921875;
21:53:26;720.0;1575410007;99.702;17.214353575350806;0.5138613007567405;-0.44189453125;
21:53:27;721.0;1575410008;99.984;16.83479955066769;0.5025313298706773;-0.4345703125;
21:53:28;722.0;1575410009;100.223;17.0878355671231;0.5100846437947194;-0.439453125;
21:53:29;723.0;1575410010;100.027;17.214353575350806;0.5138613007567405;-0.44189453125;
21:53:30;724.0;1575410011;99.745;13.418813328519654;0.40056159189610907;-0.36865234375;
21:53:31;725.0;1575410012;99.485;17.214353575350806;0.5138613007567405;-0.44189453125;
21:53:32;726.0;1575410013;99.529;16.58176353421228;0.49497801594663515;-0.4296875;
21:53:33;727.0;1575410014;99.767;16.455245525984576;0.4912013589846142;-0.42724609375;
21:53:34;728.0;1575410015;99.745;16.328727517756867;0.4874247020225931;-0.4248046875;
21:53:35;729.0;1575410016;100.332;16.961317558895395;0.5063079868326984;-0.43701171875;
21:53:36;730.0;1575410017;100.027;17.0878355671231;0.5100846437947194;-0.439453125;
21:53:37;731.0;1575410018;99.442;17.340871583578508;0.5176379577187614;-0.4443359375;
21:53:38;732.0;1575410019;99.27;17.467389591806217;0.5214146146807827;-0.44677734375;
21:53:39;733.0;1575410020;98.99;16.83479955066769;0.5025313298706773;-0.4345703125;
21:53:40;734.0;1575410021;99.248;17.214353575350806;0.5138613007567405;-0.44189453125;
21:53:41;735.0;1575410022;99.81;16.83479955066769;0.5025313298706773;-0.4345703125;
21:53:42;736.0;1575410023;100.049;17.84694361648933;0.5327445855668457;-0.4541015625;
21:53:43;737.0;1575410024;100.266;17.467389591806217;0.5214146146807827;-0.44677734375;
21:53:44;738.0;1575410026;100.201;17.214353575350806;0.5138613007567405;-0.44189453125;
21:53:45;739.0;1575410027;99.875;17.973461624717036;0.5365212425288668;-0.45654296875;
21:53:46;740.0;1575410028;99.875;16.708281542439988;0.4987546729086563;-0.43212890625;
21:53:47;741.0;1575410029;99.399;16.202209509529165;0.4836480450605721;-0.42236328125;
21:53:48;742.0;1575410030;99.442;17.0878355671231;0.5100846437947194;-0.439453125;
21:53:49;743.0;1575410031;99.658;18.732569674083265;0.559181184300993;-0.47119140625;
21:53:50;744.0;1575410032;99.94;15.190065443707525;0.45343478936440373;-0.40283203125;
21:53:51;745.0;1575410033;100.157;16.83479955066769;0.5025313298706773;-0.4345703125;
21:53:52;746.0;1575410034;99.593;16.07569150130146;0.47987138809855107;-0.419921875;
21:53:53;747.0;1575410035;99.442;16.708281542439988;0.4987546729086563;-0.43212890625;
21:53:54;748.0;1575410036;99.141;17.59390760003392;0.5251912716428035;-0.44921875;
21:53:55;749.0;1575410037;99.205;17.0878355671231;0.5100846437947194;-0.439453125;
21:53:56;750.0;1575410038;99.745;16.83479955066769;0.5025313298706773;-0.4345703125;
21:53:57;751.0;1575410039;99.658;16.708281542439988;0.4987546729086563;-0.43212890625;
21:53:58;752.0;1575410040;99.658;16.83479955066769;0.5025313298706773;-0.4345703125;
21:53:59;753.0;1575410041;99.658;17.214353575350806;0.5138613007567405;-0.44189453125;
21:54:00;754.0;1575410042;99.097;16.83479955066769;0.5025313298706773;-0.4345703125;
21:54:01;755.0;1575410043;99.162;16.328727517756867;0.4874247020225931;-0.4248046875;
21:54:03;757.0;1575410044;99.162;17.214353575350806;0.5138613007567405;-0.44189453125;
21:54:04;758.0;1575410044;99.377;16.455245525984576;0.4912013589846142;-0.42724609375;
21:54:05;759.0;1575410046;99.723;16.961317558895395;0.5063079868326984;-0.43701171875;
21:54:06;760.0;1575410047;99.68;15.316583451935228;0.45721144632642474;-0.4052734375;
21:54:07;761.0;1575410048;99.962;17.214353575350806;0.5138613007567405;-0.44189453125;
21:54:08;762.0;1575410049;99.702;16.961317558895395;0.5063079868326984;-0.43701171875;
21:54:09;763.0;1575410050;100.245;16.961317558895395;0.5063079868326984;-0.43701171875;
21:54:10;764.0;1575410051;100.179;12.786223287381132;0.3816783070860039;-0.3564453125;
21:54:11;765.0;1575410052;99.897;16.708281542439988;0.4987546729086563;-0.43212890625;
21:54:12;766.0;1575410053;99.897;16.961317558895395;0.5063079868326984;-0.43701171875;
21:54:13;767.0;1575410054;99.68;16.708281542439988;0.4987546729086563;-0.43212890625;
21:54:14;768.0;1575410055;99.767;16.83479955066769;0.5025313298706773;-0.4345703125;
21:54:15;769.0;1575410056;99.745;17.0878355671231;0.5100846437947194;-0.439453125;
21:54:16;770.0;1575410057;99.464;17.467389591806217;0.5214146146807827;-0.44677734375;
21:54:17;771.0;1575410058;99.377;17.214353575350806;0.5138613007567405;-0.44189453125;
21:54:18;772.0;1575410059;99.399;16.961317558895395;0.5063079868326984;-0.43701171875;
21:54:19;773.0;1575410060;99.464;17.720425608261625;0.5289679286048247;-0.45166015625;
21:54:20;774.0;1575410061;100.049;17.340871583578508;0.5176379577187614;-0.4443359375;
21:54:21;775.0;1575410062;100.07;17.340871583578508;0.5176379577187614;-0.4443359375;
21:54:22;776.0;1575410063;99.984;16.708281542439988;0.4987546729086563;-0.43212890625;
21:54:23;777.0;1575410064;99.658;17.214353575350806;0.5138613007567405;-0.44189453125;
21:54:24;778.0;1575410065;99.356;16.83479955066769;0.5025313298706773;-0.4345703125;
21:54:25;779.0;1575410066;99.377;19.6181957316772;0.5856177830351403;-0.48828125;
21:54:26;780.0;1575410067;99.399;16.202209509529165;0.4836480450605721;-0.42236328125;
21:54:27;781.0;1575410068;99.421;17.214353575350806;0.5138613007567405;-0.44189453125;
21:54:28;782.0;1575410069;99.442;17.0878355671231;0.5100846437947194;-0.439453125;
21:54:29;783.0;1575410070;99.421;16.58176353421228;0.49497801594663515;-0.4296875;
21:54:30;784.0;1575410071;99.464;16.961317558895395;0.5063079868326984;-0.43701171875;
21:54:31;785.0;1575410072;99.723;16.961317558895395;0.5063079868326984;-0.43701171875;
21:54:32;786.0;1575410073;99.702;16.708281542439988;0.4987546729086563;-0.43212890625;
21:54:33;787.0;1575410074;99.745;16.708281542439988;0.4987546729086563;-0.43212890625;
21:54:34;788.0;1575410075;99.442;17.973461624717036;0.5365212425288668;-0.45654296875;
21:54:35;789.0;1575410076;99.485;17.214353575350806;0.5138613007567405;-0.44189453125;
21:54:36;790.0;1575410077;99.723;17.214353575350806;0.5138613007567405;-0.44189453125;
21:54:37;791.0;1575410078;99.421;17.973461624717036;0.5365212425288668;-0.45654296875;
21:54:38;792.0;1575410080;99.442;16.328727517756867;0.4874247020225931;-0.4248046875;
21:54:39;793.0;1575410081;99.377;16.58176353421228;0.49497801594663515;-0.4296875;
21:54:40;794.0;1575410082;99.141;16.455245525984576;0.4912013589846142;-0.42724609375;
21:54:41;795.0;1575410083;99.076;16.58176353421228;0.49497801594663515;-0.4296875;
21:54:42;796.0;1575410084;99.399;16.58176353421228;0.49497801594663515;-0.4296875;
21:54:43;797.0;1575410085;99.356;16.83479955066769;0.5025313298706773;-0.4345703125;
21:54:44;798.0;1575410086;99.076;17.214353575350806;0.5138613007567405;-0.44189453125;
21:54:45;799.0;1575410087;99.162;17.214353575350806;0.5138613007567405;-0.44189453125;
21:54:46;800.0;1575410088;99.097;16.961317558895395;0.5063079868326984;-0.43701171875;
21:54:47;801.0;1575410089;99.162;16.58176353421228;0.49497801594663515;-0.4296875;
21:54:48;802.0;1575410090;99.377;16.961317558895395;0.5063079868326984;-0.43701171875;
21:54:49;803.0;1575410091;99.377;17.0878355671231;0.5100846437947194;-0.439453125;
21:54:50;804.0;1575410092;99.421;17.84694361648933;0.5327445855668457;-0.4541015625;
21:54:51;805.0;1575410093;99.184;16.58176353421228;0.49497801594663515;-0.4296875;
21:54:52;806.0;1575410094;99.27;17.0878355671231;0.5100846437947194;-0.439453125;
21:54:53;807.0;1575410095;99.442;17.0878355671231;0.5100846437947194;-0.439453125;
21:54:54;808.0;1575410096;99.442;16.708281542439988;0.4987546729086563;-0.43212890625;
21:54:55;809.0;1575410097;99.702;16.455245525984576;0.4912013589846142;-0.42724609375;
21:54:56;810.0;1575410098;99.68;13.545331336747362;0.4043382488581302;-0.37109375;
21:54:57;811.0;1575410099;99.745;17.340871583578508;0.5176379577187614;-0.4443359375;
21:54:58;812.0;1575410100;99.702;16.83479955066769;0.5025313298706773;-0.4345703125;
21:54:59;813.0;1575410101;99.745;16.455245525984576;0.4912013589846142;-0.42724609375;
21:55:00;814.0;1575410102;99.637;17.720425608261625;0.5289679286048247;-0.45166015625;
21:55:01;815.0;1575410103;99.637;16.83479955066769;0.5025313298706773;-0.4345703125;
21:55:02;816.0;1575410103;99.377;16.83479955066769;0.5025313298706773;-0.4345703125;
21:55:03;817.0;1575410105;99.356;17.214353575350806;0.5138613007567405;-0.44189453125;
21:55:04;818.0;1575410106;99.227;16.708281542439988;0.4987546729086563;-0.43212890625;
21:55:05;819.0;1575410107;99.141;17.214353575350806;0.5138613007567405;-0.44189453125;
21:55:06;820.0;1575410108;99.421;17.467389591806217;0.5214146146807827;-0.44677734375;
21:55:08;822.0;1575410109;99.421;16.961317558895395;0.5063079868326984;-0.43701171875;
21:55:09;823.0;1575410110;99.702;18.35301564940015;0.5478512134149298;-0.4638671875;
21:55:10;824.0;1575410111;99.788;16.202209509529165;0.4836480450605721;-0.42236328125;
21:55:11;825.0;1575410112;99.464;16.58176353421228;0.49497801594663515;-0.4296875;
21:55:12;826.0;1575410113;99.723;17.0878355671231;0.5100846437947194;-0.439453125;
21:55:13;827.0;1575410114;99.658;16.58176353421228;0.49497801594663515;-0.4296875;
21:55:14;828.0;1575410115;99.658;17.340871583578508;0.5176379577187614;-0.4443359375;
21:55:15;829.0;1575410116;99.984;17.214353575350806;0.5138613007567405;-0.44189453125;
21:55:16;830.0;1575410117;99.658;18.985605690538677;0.5667344982250351;-0.47607421875;
21:55:17;831.0;1575410118;99.658;16.961317558895395;0.5063079868326984;-0.43701171875;
21:55:18;832.0;1575410119;99.637;16.961317558895395;0.5063079868326984;-0.43701171875;
21:55:19;833.0;1575410120;99.637;16.708281542439988;0.4987546729086563;-0.43212890625;
21:55:20;834.0;1575410121;99.637;16.708281542439988;0.4987546729086563;-0.43212890625;
21:55:21;835.0;1575410122;99.658;17.0878355671231;0.5100846437947194;-0.439453125;
21:55:22;836.0;1575410123;99.723;16.328727517756867;0.4874247020225931;-0.4248046875;
21:55:23;837.0;1575410124;99.745;17.0878355671231;0.5100846437947194;-0.439453125;
21:55:24;838.0;1575410125;99.68;16.83479955066769;0.5025313298706773;-0.4345703125;
21:55:25;839.0;1575410126;99.702;14.683993410796704;0.43832816151631954;-0.39306640625;
21:55:26;840.0;1575410127;99.572;17.214353575350806;0.5138613007567405;-0.44189453125;
21:55:27;841.0;1575410128;99.572;17.340871583578508;0.5176379577187614;-0.4443359375;
21:55:28;842.0;1575410129;99.658;16.708281542439988;0.4987546729086563;-0.43212890625;
21:55:29;843.0;1575410130;99.593;16.58176353421228;0.49497801594663515;-0.4296875;
21:55:30;844.0;1575410131;99.658;16.83479955066769;0.5025313298706773;-0.4345703125;
21:55:31;845.0;1575410132;99.615;16.83479955066769;0.5025313298706773;-0.4345703125;
21:55:32;846.0;1575410133;99.615;16.83479955066769;0.5025313298706773;-0.4345703125;
21:55:33;847.0;1575410134;99.593;16.708281542439988;0.4987546729086563;-0.43212890625;
21:55:34;848.0;1575410135;99.529;17.340871583578508;0.5176379577187614;-0.4443359375;
21:55:35;849.0;1575410136;99.248;16.83479955066769;0.5025313298706773;-0.4345703125;
21:55:36;850.0;1575410137;99.227;15.822655484846049;0.47231807417450894;-0.4150390625;
21:55:37;851.0;1575410138;99.291;16.83479955066769;0.5025313298706773;-0.4345703125;
21:55:38;852.0;1575410139;99.054;16.708281542439988;0.4987546729086563;-0.43212890625;
21:55:39;853.0;1575410140;99.442;17.214353575350806;0.5138613007567405;-0.44189453125;
21:55:40;854.0;1575410142;99.442;17.214353575350806;0.5138613007567405;-0.44189453125;
21:55:41;855.0;1575410143;99.485;16.455245525984576;0.4912013589846142;-0.42724609375;
21:55:42;856.0;1575410144;99.81;16.708281542439988;0.4987546729086563;-0.43212890625;
21:55:43;857.0;1575410145;99.702;16.202209509529165;0.4836480450605721;-0.42236328125;
21:55:44;858.0;1575410146;99.442;16.58176353421228;0.49497801594663515;-0.4296875;
21:55:45;859.0;1575410147;99.184;19.6181957316772;0.5856177830351403;-0.48828125;
21:55:46;860.0;1575410148;99.205;16.83479955066769;0.5025313298706773;-0.4345703125;
21:55:47;861.0;1575410149;99.291;17.59390760003392;0.5251912716428035;-0.44921875;
21:55:48;862.0;1575410150;99.593;17.214353575350806;0.5138613007567405;-0.44189453125;
21:55:49;863.0;1575410151;99.832;16.83479955066769;0.5025313298706773;-0.4345703125;
21:55:50;864.0;1575410152;99.55;17.214353575350806;0.5138613007567405;-0.44189453125;
21:55:51;865.0;1575410153;99.464;16.83479955066769;0.5025313298706773;-0.4345703125;
21:55:52;866.0;1575410154;99.658;16.83479955066769;0.5025313298706773;-0.4345703125;
21:55:53;867.0;1575410155;99.399;16.961317558895395;0.5063079868326984;-0.43701171875;
21:55:54;868.0;1575410156;99.442;16.07569150130146;0.47987138809855107;-0.419921875;
