Time;Seconds from start for linreg;Unix Time;ch1 po2;Uc;Ubl;Vc;
06:51:25;-2.0;1575442287;101.738;10.25586312282703;0.306145167845583;-0.3076171875;
06:51:26;-1.0;1575442288;100.944;8.864165032322276;0.2646019412633515;-0.28076171875;
06:51:27;0.0;1575442289;101.362;10.508899139282441;0.3136984817696251;-0.3125;
06:51:28;1.0;1575442290;101.738;10.25586312282703;0.306145167845583;-0.3076171875;
06:51:29;2.0;1575442291;101.827;10.382381131054737;0.3099218248076041;-0.31005859375;
06:51:30;3.0;1575442292;102.071;12.0271152380149;0.35901836531387765;-0.341796875;
06:51:31;4.0;1575442293;102.093;10.635417147510143;0.31747513873164607;-0.31494140625;
06:51:33;6.0;1575442294;102.093;10.382381131054737;0.3099218248076041;-0.31005859375;
06:51:34;7.0;1575442295;102.628;10.888453163965554;0.3250284526556882;-0.31982421875;
06:51:35;8.0;1575442296;102.606;10.635417147510143;0.31747513873164607;-0.31494140625;
06:51:36;9.0;1575442297;102.36;10.76193515573785;0.3212517956936672;-0.3173828125;
06:51:37;10.0;1575442298;102.316;10.25586312282703;0.306145167845583;-0.3076171875;
06:51:38;11.0;1575442299;101.96;10.635417147510143;0.31747513873164607;-0.31494140625;
06:51:39;12.0;1575442300;102.36;9.876309098143917;0.2948151969595199;-0.30029296875;
06:51:40;13.0;1575442301;102.316;10.635417147510143;0.31747513873164607;-0.31494140625;
06:51:41;14.0;1575442302;102.65;10.00282710637162;0.2985918539215409;-0.302734375;
06:51:42;15.0;1575442303;102.382;9.876309098143917;0.2948151969595199;-0.30029296875;
06:51:43;16.0;1575442304;101.672;9.876309098143917;0.2948151969595199;-0.30029296875;
06:51:44;17.0;1575442305;101.716;9.876309098143917;0.2948151969595199;-0.30029296875;
06:51:45;18.0;1575442306;101.982;17.59390760003392;0.5251912716428035;-0.44921875;
06:51:46;19.0;1575442307;101.451;10.25586312282703;0.306145167845583;-0.3076171875;
06:51:47;20.0;1575442308;101.827;10.382381131054737;0.3099218248076041;-0.31005859375;
06:51:48;21.0;1575442309;101.473;10.888453163965554;0.3250284526556882;-0.31982421875;
06:51:49;22.0;1575442310;100.681;9.4967550734608;0.2834852260734567;-0.29296875;
06:51:50;23.0;1575442311;101.849;9.74979108991621;0.2910385399974988;-0.2978515625;
06:51:51;24.0;1575442312;102.137;10.129345114599326;0.302368510883562;-0.30517578125;
06:51:52;25.0;1575442313;102.427;10.25586312282703;0.306145167845583;-0.3076171875;
06:51:53;26.0;1575442314;102.606;10.635417147510143;0.31747513873164607;-0.31494140625;
06:51:54;27.0;1575442315;102.293;10.25586312282703;0.306145167845583;-0.3076171875;
06:51:55;28.0;1575442316;101.893;10.129345114599326;0.302368510883562;-0.30517578125;
06:51:56;29.0;1575442317;101.915;11.141489180420963;0.33258176657973026;-0.32470703125;
06:51:57;30.0;1575442317;101.96;10.25586312282703;0.306145167845583;-0.3076171875;
06:51:58;31.0;1575442319;101.672;10.25586312282703;0.306145167845583;-0.3076171875;
06:51:59;32.0;1575442320;101.539;10.129345114599326;0.302368510883562;-0.30517578125;
06:52:00;33.0;1575442321;101.296;10.129345114599326;0.302368510883562;-0.30517578125;
06:52:01;34.0;1575442322;101.252;10.129345114599326;0.302368510883562;-0.30517578125;
06:52:02;35.0;1575442323;100.988;10.635417147510143;0.31747513873164607;-0.31494140625;
06:52:03;36.0;1575442324;101.142;10.25586312282703;0.306145167845583;-0.3076171875;
06:52:04;37.0;1575442325;101.428;10.635417147510143;0.31747513873164607;-0.31494140625;
06:52:05;38.0;1575442326;101.716;10.508899139282441;0.3136984817696251;-0.3125;
06:52:06;39.0;1575442328;102.004;10.508899139282441;0.3136984817696251;-0.3125;
06:52:07;40.0;1575442329;102.048;10.635417147510143;0.31747513873164607;-0.31494140625;
06:52:08;41.0;1575442330;102.004;9.74979108991621;0.2910385399974988;-0.2978515625;
06:52:09;42.0;1575442331;101.495;10.888453163965554;0.3250284526556882;-0.31982421875;
06:52:10;43.0;1575442332;101.208;10.382381131054737;0.3099218248076041;-0.31005859375;
06:52:11;44.0;1575442333;100.944;7.8520209665006355;0.23438868556718315;-0.26123046875;
06:52:12;45.0;1575442334;100.659;10.129345114599326;0.302368510883562;-0.30517578125;
06:52:13;46.0;1575442335;101.517;10.76193515573785;0.3212517956936672;-0.3173828125;
06:52:14;47.0;1575442336;102.093;10.635417147510143;0.31747513873164607;-0.31494140625;
06:52:15;48.0;1575442337;102.026;8.864165032322276;0.2646019412633515;-0.28076171875;
06:52:16;49.0;1575442338;102.382;9.623273081688508;0.28726188303547784;-0.29541015625;
06:52:17;50.0;1575442339;102.071;6.333804867768174;0.18906880202293058;-0.23193359375;
06:52:18;51.0;1575442340;101.96;10.508899139282441;0.3136984817696251;-0.3125;
06:52:19;52.0;1575442341;102.271;10.382381131054737;0.3099218248076041;-0.31005859375;
06:52:20;53.0;1575442342;102.249;9.4967550734608;0.2834852260734567;-0.29296875;
06:52:21;54.0;1575442343;101.937;10.635417147510143;0.31747513873164607;-0.31494140625;
06:52:22;55.0;1575442344;101.738;10.382381131054737;0.3099218248076041;-0.31005859375;
06:52:23;56.0;1575442345;102.071;10.508899139282441;0.3136984817696251;-0.3125;
06:52:24;57.0;1575442346;102.65;10.888453163965554;0.3250284526556882;-0.31982421875;
06:52:25;58.0;1575442347;102.338;10.635417147510143;0.31747513873164607;-0.31494140625;
06:52:26;59.0;1575442348;102.048;10.25586312282703;0.306145167845583;-0.3076171875;
06:52:27;60.0;1575442349;101.672;10.00282710637162;0.2985918539215409;-0.302734375;
06:52:28;61.0;1575442350;101.12;10.129345114599326;0.302368510883562;-0.30517578125;
06:52:29;62.0;1575442351;102.026;9.74979108991621;0.2910385399974988;-0.2978515625;
06:52:30;63.0;1575442352;102.606;10.635417147510143;0.31747513873164607;-0.31494140625;
06:52:31;64.0;1575442353;102.673;8.737647024094569;0.2608252843013304;-0.2783203125;
06:52:32;65.0;1575442354;102.628;9.876309098143917;0.2948151969595199;-0.30029296875;
06:52:33;66.0;1575442355;101.672;10.508899139282441;0.3136984817696251;-0.3125;
06:52:34;67.0;1575442356;101.032;11.647561213331784;0.34768839442781446;-0.33447265625;
06:52:35;68.0;1575442357;100.813;10.508899139282441;0.3136984817696251;-0.3125;
06:52:36;69.0;1575442358;101.12;10.129345114599326;0.302368510883562;-0.30517578125;
06:52:38;71.0;1575442359;101.252;10.635417147510143;0.31747513873164607;-0.31494140625;
06:52:39;72.0;1575442360;101.782;9.74979108991621;0.2910385399974988;-0.2978515625;
06:52:40;73.0;1575442361;102.071;10.508899139282441;0.3136984817696251;-0.3125;
06:52:41;74.0;1575442362;101.76;9.74979108991621;0.2910385399974988;-0.2978515625;
06:52:42;75.0;1575442363;102.293;10.25586312282703;0.306145167845583;-0.3076171875;
06:52:43;76.0;1575442364;102.427;10.129345114599326;0.302368510883562;-0.30517578125;
06:52:44;77.0;1575442365;102.115;10.635417147510143;0.31747513873164607;-0.31494140625;
06:52:45;78.0;1575442366;102.16;10.25586312282703;0.306145167845583;-0.3076171875;
06:52:46;79.0;1575442367;102.427;9.4967550734608;0.2834852260734567;-0.29296875;
06:52:47;80.0;1575442368;101.849;9.4967550734608;0.2834852260734567;-0.29296875;
06:52:48;81.0;1575442369;101.827;9.24371905700539;0.2759319121494146;-0.2880859375;
06:52:49;82.0;1575442370;101.539;8.737647024094569;0.2608252843013304;-0.2783203125;
06:52:50;83.0;1575442371;101.01;11.394525196876375;0.3401350805037724;-0.32958984375;
06:52:51;84.0;1575442372;101.34;10.888453163965554;0.3250284526556882;-0.31982421875;
06:52:52;85.0;1575442373;101.672;11.52104320510408;0.34391173746579345;-0.33203125;
06:52:53;86.0;1575442374;101.583;11.141489180420963;0.33258176657973026;-0.32470703125;
06:52:54;87.0;1575442375;101.561;9.74979108991621;0.2910385399974988;-0.2978515625;
06:52:55;88.0;1575442376;101.208;9.24371905700539;0.2759319121494146;-0.2880859375;
06:52:56;89.0;1575442376;101.208;9.876309098143917;0.2948151969595199;-0.30029296875;
06:52:57;90.0;1575442378;101.871;10.25586312282703;0.306145167845583;-0.3076171875;
06:52:58;91.0;1575442379;101.871;10.635417147510143;0.31747513873164607;-0.31494140625;
06:52:59;92.0;1575442380;102.16;10.129345114599326;0.302368510883562;-0.30517578125;
06:53:00;93.0;1575442381;102.695;10.888453163965554;0.3250284526556882;-0.31982421875;
06:53:01;94.0;1575442382;102.628;10.25586312282703;0.306145167845583;-0.3076171875;
06:53:02;95.0;1575442383;102.673;10.888453163965554;0.3250284526556882;-0.31982421875;
06:53:03;96.0;1575442384;102.964;10.888453163965554;0.3250284526556882;-0.31982421875;
06:53:04;97.0;1575442385;102.338;10.635417147510143;0.31747513873164607;-0.31494140625;
06:53:05;98.0;1575442386;102.071;9.876309098143917;0.2948151969595199;-0.30029296875;
06:53:06;99.0;1575442387;101.76;10.508899139282441;0.3136984817696251;-0.3125;
06:53:07;100.0;1575442388;101.451;10.508899139282441;0.3136984817696251;-0.3125;
06:53:08;101.0;1575442389;101.274;11.647561213331784;0.34768839442781446;-0.33447265625;
06:53:09;102.0;1575442390;101.296;10.635417147510143;0.31747513873164607;-0.31494140625;
06:53:10;103.0;1575442391;101.605;10.508899139282441;0.3136984817696251;-0.3125;
06:53:11;104.0;1575442393;101.362;9.74979108991621;0.2910385399974988;-0.2978515625;
06:53:12;105.0;1575442394;101.849;9.876309098143917;0.2948151969595199;-0.30029296875;
06:53:13;106.0;1575442395;102.182;9.74979108991621;0.2910385399974988;-0.2978515625;
06:53:14;107.0;1575442396;102.115;9.74979108991621;0.2910385399974988;-0.2978515625;
06:53:15;108.0;1575442397;102.093;9.74979108991621;0.2910385399974988;-0.2978515625;
06:53:16;109.0;1575442398;102.026;8.864165032322276;0.2646019412633515;-0.28076171875;
06:53:17;110.0;1575442399;101.098;10.25586312282703;0.306145167845583;-0.3076171875;
06:53:18;111.0;1575442400;101.605;10.00282710637162;0.2985918539215409;-0.302734375;
06:53:19;112.0;1575442401;101.871;10.25586312282703;0.306145167845583;-0.3076171875;
06:53:20;113.0;1575442402;101.937;9.4967550734608;0.2834852260734567;-0.29296875;
06:53:21;114.0;1575442403;102.583;10.635417147510143;0.31747513873164607;-0.31494140625;
06:53:22;115.0;1575442404;101.804;10.76193515573785;0.3212517956936672;-0.3173828125;
06:53:23;116.0;1575442405;101.539;10.129345114599326;0.302368510883562;-0.30517578125;
06:53:24;117.0;1575442406;100.966;9.623273081688508;0.28726188303547784;-0.29541015625;
06:53:25;118.0;1575442407;100.922;7.47246694181752;0.22305871468111999;-0.25390625;
06:53:26;119.0;1575442408;101.208;10.382381131054737;0.3099218248076041;-0.31005859375;
06:53:27;120.0;1575442409;101.142;10.129345114599326;0.302368510883562;-0.30517578125;
06:53:28;121.0;1575442410;102.004;10.382381131054737;0.3099218248076041;-0.31005859375;
06:53:29;122.0;1575442411;101.672;9.74979108991621;0.2910385399974988;-0.2978515625;
06:53:30;123.0;1575442412;101.893;11.01497117219326;0.32880510961770926;-0.322265625;
06:53:31;124.0;1575442413;102.249;10.129345114599326;0.302368510883562;-0.30517578125;
06:53:32;125.0;1575442414;101.649;10.508899139282441;0.3136984817696251;-0.3125;
06:53:33;126.0;1575442415;101.716;10.508899139282441;0.3136984817696251;-0.3125;
06:53:34;127.0;1575442416;101.76;10.25586312282703;0.306145167845583;-0.3076171875;
06:53:35;128.0;1575442417;101.451;10.129345114599326;0.302368510883562;-0.30517578125;
06:53:36;129.0;1575442418;101.142;10.129345114599326;0.302368510883562;-0.30517578125;
06:53:37;130.0;1575442419;101.318;10.635417147510143;0.31747513873164607;-0.31494140625;
06:53:38;131.0;1575442420;101.672;10.25586312282703;0.306145167845583;-0.3076171875;
06:53:39;132.0;1575442421;101.672;10.382381131054737;0.3099218248076041;-0.31005859375;
06:53:40;133.0;1575442422;101.428;10.129345114599326;0.302368510883562;-0.30517578125;
06:53:42;135.0;1575442423;101.561;9.876309098143917;0.2948151969595199;-0.30029296875;
06:53:43;136.0;1575442424;100.944;9.74979108991621;0.2910385399974988;-0.2978515625;
06:53:44;137.0;1575442425;101.274;11.141489180420963;0.33258176657973026;-0.32470703125;
06:53:45;138.0;1575442426;101.517;12.280151254470312;0.3665716792379197;-0.3466796875;
06:53:46;139.0;1575442427;100.835;10.00282710637162;0.2985918539215409;-0.302734375;
06:53:47;140.0;1575442428;100.747;10.25586312282703;0.306145167845583;-0.3076171875;
06:53:48;141.0;1575442429;100.397;10.888453163965554;0.3250284526556882;-0.31982421875;
06:53:49;142.0;1575442430;100.747;10.508899139282441;0.3136984817696251;-0.3125;
06:53:50;143.0;1575442431;101.672;9.623273081688508;0.28726188303547784;-0.29541015625;
06:53:51;144.0;1575442432;101.252;10.25586312282703;0.306145167845583;-0.3076171875;
06:53:52;145.0;1575442433;102.093;10.888453163965554;0.3250284526556882;-0.31982421875;
06:53:53;146.0;1575442434;101.539;10.382381131054737;0.3099218248076041;-0.31005859375;
06:53:54;147.0;1575442435;100.922;10.888453163965554;0.3250284526556882;-0.31982421875;
06:53:55;148.0;1575442435;101.473;10.508899139282441;0.3136984817696251;-0.3125;
06:53:56;149.0;1575442437;100.966;11.01497117219326;0.32880510961770926;-0.322265625;
06:53:57;150.0;1575442438;101.76;10.888453163965554;0.3250284526556882;-0.31982421875;
06:53:58;151.0;1575442439;102.093;10.382381131054737;0.3099218248076041;-0.31005859375;
06:53:59;152.0;1575442440;101.716;10.129345114599326;0.302368510883562;-0.30517578125;
06:54:00;153.0;1575442441;102.004;10.382381131054737;0.3099218248076041;-0.31005859375;
06:54:01;154.0;1575442442;102.093;10.00282710637162;0.2985918539215409;-0.302734375;
06:54:02;155.0;1575442443;102.071;9.876309098143917;0.2948151969595199;-0.30029296875;
06:54:03;156.0;1575442444;102.628;10.508899139282441;0.3136984817696251;-0.3125;
06:54:04;157.0;1575442445;102.293;9.623273081688508;0.28726188303547784;-0.29541015625;
06:54:05;158.0;1575442446;101.982;9.74979108991621;0.2910385399974988;-0.2978515625;
06:54:06;159.0;1575442447;101.649;10.635417147510143;0.31747513873164607;-0.31494140625;
06:54:07;160.0;1575442448;101.428;9.74979108991621;0.2910385399974988;-0.2978515625;
06:54:08;161.0;1575442449;101.804;10.25586312282703;0.306145167845583;-0.3076171875;
06:54:09;162.0;1575442450;101.451;10.635417147510143;0.31747513873164607;-0.31494140625;
06:54:10;163.0;1575442451;101.804;9.370237065233097;0.2797085691114357;-0.29052734375;
06:54:11;164.0;1575442452;101.517;10.635417147510143;0.31747513873164607;-0.31494140625;
06:54:12;165.0;1575442453;101.517;10.635417147510143;0.31747513873164607;-0.31494140625;
06:54:13;166.0;1575442454;101.76;10.888453163965554;0.3250284526556882;-0.31982421875;
06:54:14;167.0;1575442455;101.428;10.635417147510143;0.31747513873164607;-0.31494140625;
06:54:15;168.0;1575442456;101.12;10.25586312282703;0.306145167845583;-0.3076171875;
06:54:16;169.0;1575442457;100.484;10.25586312282703;0.306145167845583;-0.3076171875;
06:54:17;170.0;1575442458;100.528;10.25586312282703;0.306145167845583;-0.3076171875;
06:54:18;171.0;1575442459;100.835;10.635417147510143;0.31747513873164607;-0.31494140625;
06:54:19;172.0;1575442460;101.406;11.141489180420963;0.33258176657973026;-0.32470703125;
06:54:20;173.0;1575442461;101.716;10.635417147510143;0.31747513873164607;-0.31494140625;
06:54:21;174.0;1575442462;101.495;10.129345114599326;0.302368510883562;-0.30517578125;
06:54:22;175.0;1575442463;101.252;10.508899139282441;0.3136984817696251;-0.3125;
06:54:23;176.0;1575442464;100.944;11.141489180420963;0.33258176657973026;-0.32470703125;
06:54:24;177.0;1575442465;100.9;10.00282710637162;0.2985918539215409;-0.302734375;
06:54:25;178.0;1575442466;100.878;10.382381131054737;0.3099218248076041;-0.31005859375;
06:54:26;179.0;1575442467;100.813;9.623273081688508;0.28726188303547784;-0.29541015625;
06:54:27;180.0;1575442468;100.835;9.876309098143917;0.2948151969595199;-0.30029296875;
06:54:28;181.0;1575442470;100.375;12.53318727092572;0.3741249931619618;-0.3515625;
06:54:29;182.0;1575442471;100.616;10.129345114599326;0.302368510883562;-0.30517578125;
06:54:30;183.0;1575442472;100.878;9.623273081688508;0.28726188303547784;-0.29541015625;
06:54:31;184.0;1575442473;101.186;9.74979108991621;0.2910385399974988;-0.2978515625;
06:54:32;185.0;1575442474;101.649;10.508899139282441;0.3136984817696251;-0.3125;
06:54:33;186.0;1575442475;101.937;11.26800718864867;0.3363584235417514;-0.3271484375;
06:54:34;187.0;1575442476;101.937;14.937029427252115;0.44588147544036166;-0.39794921875;
06:54:35;188.0;1575442477;101.982;9.117201048777687;0.27215525518739364;-0.28564453125;
06:54:36;189.0;1575442478;101.982;10.382381131054737;0.3099218248076041;-0.31005859375;
06:54:37;190.0;1575442479;101.76;10.25586312282703;0.306145167845583;-0.3076171875;
06:54:38;191.0;1575442480;101.827;9.4967550734608;0.2834852260734567;-0.29296875;
06:54:39;192.0;1575442481;101.451;9.876309098143917;0.2948151969595199;-0.30029296875;
06:54:40;193.0;1575442482;100.878;10.25586312282703;0.306145167845583;-0.3076171875;
06:54:41;194.0;1575442483;100.9;10.76193515573785;0.3212517956936672;-0.3173828125;
06:54:42;195.0;1575442484;100.572;10.25586312282703;0.306145167845583;-0.3076171875;
06:54:43;196.0;1575442485;100.572;10.25586312282703;0.306145167845583;-0.3076171875;
06:54:44;197.0;1575442486;100.813;9.876309098143917;0.2948151969595199;-0.30029296875;
06:54:46;199.0;1575442487;100.747;10.635417147510143;0.31747513873164607;-0.31494140625;
06:54:47;200.0;1575442488;101.384;10.25586312282703;0.306145167845583;-0.3076171875;
06:54:48;201.0;1575442489;101.362;10.00282710637162;0.2985918539215409;-0.302734375;
06:54:49;202.0;1575442490;101.694;10.76193515573785;0.3212517956936672;-0.3173828125;
06:54:50;203.0;1575442491;101.672;10.00282710637162;0.2985918539215409;-0.302734375;
06:54:51;204.0;1575442492;101.098;10.25586312282703;0.306145167845583;-0.3076171875;
06:54:52;205.0;1575442493;101.12;9999.0;9999.0;9999.0;
06:54:53;206.0;1575442494;100.878;9.876309098143917;0.2948151969595199;-0.30029296875;
06:54:54;207.0;1575442494;100.878;10.129345114599326;0.302368510883562;-0.30517578125;
06:54:55;208.0;1575442496;100.528;10.635417147510143;0.31747513873164607;-0.31494140625;
06:54:56;209.0;1575442497;100.835;9.876309098143917;0.2948151969595199;-0.30029296875;
06:54:57;210.0;1575442498;101.12;10.129345114599326;0.302368510883562;-0.30517578125;
06:54:58;211.0;1575442499;100.572;10.635417147510143;0.31747513873164607;-0.31494140625;
06:54:59;212.0;1575442500;101.186;9.74979108991621;0.2910385399974988;-0.2978515625;
06:55:00;213.0;1575442501;100.9;10.635417147510143;0.31747513873164607;-0.31494140625;
06:55:01;214.0;1575442502;101.142;10.508899139282441;0.3136984817696251;-0.3125;
06:55:02;215.0;1575442503;101.098;10.76193515573785;0.3212517956936672;-0.3173828125;
06:55:03;216.0;1575442504;100.835;11.394525196876375;0.3401350805037724;-0.32958984375;
06:55:04;217.0;1575442505;100.813;9.623273081688508;0.28726188303547784;-0.29541015625;
06:55:05;218.0;1575442506;100.245;10.635417147510143;0.31747513873164607;-0.31494140625;
06:55:06;219.0;1575442507;100.288;10.00282710637162;0.2985918539215409;-0.302734375;
06:55:07;220.0;1575442508;100.31;10.635417147510143;0.31747513873164607;-0.31494140625;
06:55:08;221.0;1575442509;100.353;10.635417147510143;0.31747513873164607;-0.31494140625;
06:55:09;222.0;1575442510;100.353;8.611129015866865;0.2570486273393094;-0.27587890625;
06:55:10;223.0;1575442511;101.186;10.129345114599326;0.302368510883562;-0.30517578125;
06:55:11;224.0;1575442512;101.473;10.129345114599326;0.302368510883562;-0.30517578125;
06:55:12;225.0;1575442513;101.428;10.635417147510143;0.31747513873164607;-0.31494140625;
06:55:13;226.0;1575442514;101.782;10.635417147510143;0.31747513873164607;-0.31494140625;
06:55:14;227.0;1575442515;101.23;9.74979108991621;0.2910385399974988;-0.2978515625;
06:55:15;228.0;1575442516;101.164;10.382381131054737;0.3099218248076041;-0.31005859375;
06:55:16;229.0;1575442517;100.9;10.508899139282441;0.3136984817696251;-0.3125;
06:55:17;230.0;1575442518;100.813;7.092912917134405;0.21172874379505688;-0.24658203125;
06:55:18;231.0;1575442519;101.098;10.635417147510143;0.31747513873164607;-0.31494140625;
06:55:19;232.0;1575442520;101.098;9.74979108991621;0.2910385399974988;-0.2978515625;
06:55:20;233.0;1575442521;101.716;11.26800718864867;0.3363584235417514;-0.3271484375;
06:55:21;234.0;1575442522;101.473;10.888453163965554;0.3250284526556882;-0.31982421875;
06:55:22;235.0;1575442523;101.142;9.74979108991621;0.2910385399974988;-0.2978515625;
06:55:23;236.0;1575442524;101.142;10.129345114599326;0.302368510883562;-0.30517578125;
06:55:24;237.0;1575442525;101.473;8.864165032322276;0.2646019412633515;-0.28076171875;
06:55:25;238.0;1575442526;101.561;10.635417147510143;0.31747513873164607;-0.31494140625;
06:55:26;239.0;1575442527;101.318;11.394525196876375;0.3401350805037724;-0.32958984375;
06:55:27;240.0;1575442528;100.703;10.888453163965554;0.3250284526556882;-0.31982421875;
06:55:28;241.0;1575442529;100.005;9.623273081688508;0.28726188303547784;-0.29541015625;
06:55:29;242.0;1575442530;99.94;10.129345114599326;0.302368510883562;-0.30517578125;
06:55:30;243.0;1575442531;100.484;9.74979108991621;0.2910385399974988;-0.2978515625;
06:55:31;244.0;1575442532;101.362;10.25586312282703;0.306145167845583;-0.3076171875;
06:55:32;245.0;1575442533;101.384;5.195142793718829;0.15507888936474115;-0.2099609375;
06:55:33;246.0;1575442534;101.362;10.635417147510143;0.31747513873164607;-0.31494140625;
06:55:34;247.0;1575442535;100.813;10.129345114599326;0.302368510883562;-0.30517578125;
06:55:35;248.0;1575442536;100.856;9.876309098143917;0.2948151969595199;-0.30029296875;
06:55:36;249.0;1575442537;100.922;8.864165032322276;0.2646019412633515;-0.28076171875;
06:55:37;250.0;1575442538;100.616;10.129345114599326;0.302368510883562;-0.30517578125;
06:55:38;251.0;1575442539;101.716;9.876309098143917;0.2948151969595199;-0.30029296875;
06:55:39;252.0;1575442540;101.362;9.117201048777687;0.27215525518739364;-0.28564453125;
06:55:40;253.0;1575442541;101.627;10.00282710637162;0.2985918539215409;-0.302734375;
06:55:41;254.0;1575442542;102.026;10.25586312282703;0.306145167845583;-0.3076171875;
06:55:42;255.0;1575442544;101.12;10.25586312282703;0.306145167845583;-0.3076171875;
06:55:43;256.0;1575442545;100.878;9.623273081688508;0.28726188303547784;-0.29541015625;
06:55:44;257.0;1575442546;100.813;10.508899139282441;0.3136984817696251;-0.3125;
06:55:45;258.0;1575442547;101.032;10.00282710637162;0.2985918539215409;-0.302734375;
06:55:46;259.0;1575442548;101.451;10.25586312282703;0.306145167845583;-0.3076171875;
06:55:47;260.0;1575442549;101.406;10.635417147510143;0.31747513873164607;-0.31494140625;
06:55:48;261.0;1575442550;101.473;9.876309098143917;0.2948151969595199;-0.30029296875;
06:55:50;263.0;1575442551;101.186;10.00282710637162;0.2985918539215409;-0.302734375;
06:55:51;264.0;1575442552;101.186;10.888453163965554;0.3250284526556882;-0.31982421875;
06:55:52;265.0;1575442553;101.804;9.876309098143917;0.2948151969595199;-0.30029296875;
06:55:53;266.0;1575442554;101.208;8.105056982956045;0.24194199949122522;-0.26611328125;
06:55:54;267.0;1575442555;101.473;9.623273081688508;0.28726188303547784;-0.29541015625;
06:55:55;268.0;1575442556;101.186;9.876309098143917;0.2948151969595199;-0.30029296875;
06:55:56;269.0;1575442557;100.703;10.635417147510143;0.31747513873164607;-0.31494140625;
06:55:57;270.0;1575442558;100.791;10.25586312282703;0.306145167845583;-0.3076171875;
06:55:58;271.0;1575442559;100.528;10.635417147510143;0.31747513873164607;-0.31494140625;
06:55:59;272.0;1575442560;100.791;11.141489180420963;0.33258176657973026;-0.32470703125;
06:56:00;273.0;1575442561;100.922;10.00282710637162;0.2985918539215409;-0.302734375;
06:56:01;274.0;1575442562;101.384;10.25586312282703;0.306145167845583;-0.3076171875;
06:56:02;275.0;1575442563;101.937;10.635417147510143;0.31747513873164607;-0.31494140625;
06:56:03;276.0;1575442564;101.318;10.635417147510143;0.31747513873164607;-0.31494140625;
06:56:04;277.0;1575442565;101.384;11.01497117219326;0.32880510961770926;-0.322265625;
06:56:05;278.0;1575442566;100.835;9.74979108991621;0.2910385399974988;-0.2978515625;
06:56:06;279.0;1575442567;100.55;11.141489180420963;0.33258176657973026;-0.32470703125;
06:56:07;280.0;1575442568;101.12;10.00282710637162;0.2985918539215409;-0.302734375;
06:56:08;281.0;1575442569;101.142;10.25586312282703;0.306145167845583;-0.3076171875;
06:56:09;282.0;1575442570;101.76;9.876309098143917;0.2948151969595199;-0.30029296875;
06:56:10;283.0;1575442571;101.76;9.4967550734608;0.2834852260734567;-0.29296875;
06:56:11;284.0;1575442572;101.517;9.4967550734608;0.2834852260734567;-0.29296875;
06:56:12;285.0;1575442573;101.495;10.25586312282703;0.306145167845583;-0.3076171875;
06:56:13;286.0;1575442574;101.473;10.508899139282441;0.3136984817696251;-0.3125;
06:56:14;287.0;1575442575;101.208;10.382381131054737;0.3099218248076041;-0.31005859375;
06:56:15;288.0;1575442576;100.856;10.888453163965554;0.3250284526556882;-0.31982421875;
06:56:16;289.0;1575442577;100.856;9.623273081688508;0.28726188303547784;-0.29541015625;
06:56:17;290.0;1575442578;100.791;10.25586312282703;0.306145167845583;-0.3076171875;
06:56:18;291.0;1575442579;100.813;10.129345114599326;0.302368510883562;-0.30517578125;
06:56:19;292.0;1575442580;101.208;10.00282710637162;0.2985918539215409;-0.302734375;
06:56:20;293.0;1575442581;100.922;9.876309098143917;0.2948151969595199;-0.30029296875;
06:56:21;294.0;1575442582;100.966;10.508899139282441;0.3136984817696251;-0.3125;
06:56:22;295.0;1575442583;101.274;9.4967550734608;0.2834852260734567;-0.29296875;
06:56:23;296.0;1575442584;100.878;6.71335889245129;0.20039877290899374;-0.2392578125;
06:56:24;297.0;1575442585;101.186;10.129345114599326;0.302368510883562;-0.30517578125;
06:56:25;298.0;1575442586;100.922;10.00282710637162;0.2985918539215409;-0.302734375;
06:56:26;299.0;1575442587;100.616;9.623273081688508;0.28726188303547784;-0.29541015625;
06:56:27;300.0;1575442588;101.473;10.508899139282441;0.3136984817696251;-0.3125;
06:56:28;301.0;1575442589;101.451;14.430957394341295;0.43077484759227747;-0.38818359375;
06:56:29;302.0;1575442590;102.004;10.25586312282703;0.306145167845583;-0.3076171875;
06:56:30;303.0;1575442591;101.716;10.508899139282441;0.3136984817696251;-0.3125;
06:56:31;304.0;1575442592;100.878;9.876309098143917;0.2948151969595199;-0.30029296875;
06:56:32;305.0;1575442593;100.637;10.635417147510143;0.31747513873164607;-0.31494140625;
06:56:33;306.0;1575442594;100.07;10.129345114599326;0.302368510883562;-0.30517578125;
06:56:34;307.0;1575442595;100.288;10.508899139282441;0.3136984817696251;-0.3125;
06:56:35;308.0;1575442596;100.353;10.76193515573785;0.3212517956936672;-0.3173828125;
06:56:36;309.0;1575442597;100.353;9.74979108991621;0.2910385399974988;-0.2978515625;
06:56:37;310.0;1575442598;100.332;10.129345114599326;0.302368510883562;-0.30517578125;
06:56:38;311.0;1575442599;100.966;9.623273081688508;0.28726188303547784;-0.29541015625;
06:56:39;312.0;1575442600;101.208;10.508899139282441;0.3136984817696251;-0.3125;
06:56:40;313.0;1575442601;101.517;10.635417147510143;0.31747513873164607;-0.31494140625;
06:56:41;314.0;1575442602;101.274;9.876309098143917;0.2948151969595199;-0.30029296875;
06:56:42;315.0;1575442603;100.681;10.00282710637162;0.2985918539215409;-0.302734375;
06:56:43;316.0;1575442604;100.922;10.635417147510143;0.31747513873164607;-0.31494140625;
06:56:44;317.0;1575442605;100.835;10.25586312282703;0.306145167845583;-0.3076171875;
06:56:45;318.0;1575442606;101.362;10.635417147510143;0.31747513873164607;-0.31494140625;
06:56:46;319.0;1575442607;101.362;10.508899139282441;0.3136984817696251;-0.3125;
06:56:47;320.0;1575442608;101.186;11.26800718864867;0.3363584235417514;-0.3271484375;
06:56:48;321.0;1575442610;101.23;10.382381131054737;0.3099218248076041;-0.31005859375;
06:56:49;322.0;1575442611;101.274;9.74979108991621;0.2910385399974988;-0.2978515625;
06:56:50;323.0;1575442612;101.274;9.370237065233097;0.2797085691114357;-0.29052734375;
06:56:51;324.0;1575442612;101.208;9.4967550734608;0.2834852260734567;-0.29296875;
06:56:52;325.0;1575442614;100.594;10.508899139282441;0.3136984817696251;-0.3125;
06:56:54;327.0;1575442615;100.572;9.4967550734608;0.2834852260734567;-0.29296875;
06:56:55;328.0;1575442616;100.813;10.508899139282441;0.3136984817696251;-0.3125;
06:56:56;329.0;1575442617;100.55;10.129345114599326;0.302368510883562;-0.30517578125;
06:56:57;330.0;1575442618;101.164;10.635417147510143;0.31747513873164607;-0.31494140625;
06:56:58;331.0;1575442619;100.616;10.129345114599326;0.302368510883562;-0.30517578125;
06:56:59;332.0;1575442620;100.353;10.76193515573785;0.3212517956936672;-0.3173828125;
06:57:00;333.0;1575442621;100.572;10.00282710637162;0.2985918539215409;-0.302734375;
06:57:01;334.0;1575442622;100.616;10.00282710637162;0.2985918539215409;-0.302734375;
06:57:02;335.0;1575442623;100.637;10.635417147510143;0.31747513873164607;-0.31494140625;
06:57:03;336.0;1575442624;100.397;10.635417147510143;0.31747513873164607;-0.31494140625;
06:57:04;337.0;1575442625;100.791;9.4967550734608;0.2834852260734567;-0.29296875;
06:57:05;338.0;1575442626;100.136;11.647561213331784;0.34768839442781446;-0.33447265625;
06:57:06;339.0;1575442627;100.353;10.129345114599326;0.302368510883562;-0.30517578125;
06:57:07;340.0;1575442628;100.813;10.508899139282441;0.3136984817696251;-0.3125;
06:57:08;341.0;1575442629;100.725;10.382381131054737;0.3099218248076041;-0.31005859375;
06:57:09;342.0;1575442630;100.791;10.382381131054737;0.3099218248076041;-0.31005859375;
06:57:10;343.0;1575442631;101.054;10.00282710637162;0.2985918539215409;-0.302734375;
06:57:11;344.0;1575442632;100.791;10.888453163965554;0.3250284526556882;-0.31982421875;
06:57:12;345.0;1575442633;100.572;10.25586312282703;0.306145167845583;-0.3076171875;
06:57:13;346.0;1575442634;100.484;10.382381131054737;0.3099218248076041;-0.31005859375;
06:57:14;347.0;1575442635;99.962;10.635417147510143;0.31747513873164607;-0.31494140625;
06:57:15;348.0;1575442636;100.31;10.25586312282703;0.306145167845583;-0.3076171875;
06:57:16;349.0;1575442637;100.31;11.01497117219326;0.32880510961770926;-0.322265625;
06:57:17;350.0;1575442638;100.616;10.25586312282703;0.306145167845583;-0.3076171875;
06:57:18;351.0;1575442639;100.616;10.635417147510143;0.31747513873164607;-0.31494140625;
06:57:19;352.0;1575442640;100.005;10.00282710637162;0.2985918539215409;-0.302734375;
06:57:20;353.0;1575442641;99.984;10.00282710637162;0.2985918539215409;-0.302734375;
06:57:21;354.0;1575442642;99.702;9.4967550734608;0.2834852260734567;-0.29296875;
06:57:22;355.0;1575442643;99.984;10.25586312282703;0.306145167845583;-0.3076171875;
06:57:23;356.0;1575442644;100.878;10.635417147510143;0.31747513873164607;-0.31494140625;
06:57:24;357.0;1575442645;100.856;11.52104320510408;0.34391173746579345;-0.33203125;
06:57:25;358.0;1575442646;101.208;9.24371905700539;0.2759319121494146;-0.2880859375;
06:57:26;359.0;1575442647;101.186;10.382381131054737;0.3099218248076041;-0.31005859375;
06:57:27;360.0;1575442648;100.353;9.623273081688508;0.28726188303547784;-0.29541015625;
06:57:28;361.0;1575442649;100.572;9.623273081688508;0.28726188303547784;-0.29541015625;
06:57:29;362.0;1575442650;100.245;9.876309098143917;0.2948151969595199;-0.30029296875;
06:57:30;363.0;1575442651;100.245;10.129345114599326;0.302368510883562;-0.30517578125;
06:57:31;364.0;1575442652;100.835;10.508899139282441;0.3136984817696251;-0.3125;
06:57:32;365.0;1575442653;100.944;10.25586312282703;0.306145167845583;-0.3076171875;
06:57:33;366.0;1575442654;101.23;10.635417147510143;0.31747513873164607;-0.31494140625;
06:57:34;367.0;1575442655;100.922;10.508899139282441;0.3136984817696251;-0.3125;
06:57:35;368.0;1575442656;100.55;10.508899139282441;0.3136984817696251;-0.3125;
06:57:36;369.0;1575442657;100.157;10.25586312282703;0.306145167845583;-0.3076171875;
06:57:37;370.0;1575442658;100.201;10.382381131054737;0.3099218248076041;-0.31005859375;
06:57:38;371.0;1575442659;100.223;9.24371905700539;0.2759319121494146;-0.2880859375;
06:57:39;372.0;1575442660;100.55;10.00282710637162;0.2985918539215409;-0.302734375;
06:57:40;373.0;1575442661;100.594;10.635417147510143;0.31747513873164607;-0.31494140625;
06:57:41;374.0;1575442662;100.9;10.25586312282703;0.306145167845583;-0.3076171875;
06:57:42;375.0;1575442663;100.922;9.876309098143917;0.2948151969595199;-0.30029296875;
06:57:43;376.0;1575442664;100.594;10.129345114599326;0.302368510883562;-0.30517578125;
06:57:44;377.0;1575442665;100.9;10.382381131054737;0.3099218248076041;-0.31005859375;
06:57:45;378.0;1575442666;100.528;7.598984950045225;0.22683537164314105;-0.25634765625;
06:57:46;379.0;1575442667;100.572;10.25586312282703;0.306145167845583;-0.3076171875;
06:57:47;380.0;1575442669;100.223;9.74979108991621;0.2910385399974988;-0.2978515625;
06:57:48;381.0;1575442670;100.179;11.01497117219326;0.32880510961770926;-0.322265625;
06:57:49;382.0;1575442671;100.201;11.141489180420963;0.33258176657973026;-0.32470703125;
06:57:50;383.0;1575442671;100.769;9.74979108991621;0.2910385399974988;-0.2978515625;
06:57:51;384.0;1575442673;101.164;10.382381131054737;0.3099218248076041;-0.31005859375;
06:57:52;385.0;1575442674;101.01;9.623273081688508;0.28726188303547784;-0.29541015625;
06:57:53;386.0;1575442675;100.725;10.129345114599326;0.302368510883562;-0.30517578125;
06:57:54;387.0;1575442676;100.397;10.00282710637162;0.2985918539215409;-0.302734375;
06:57:55;388.0;1575442677;100.114;9.4967550734608;0.2834852260734567;-0.29296875;
06:57:56;389.0;1575442678;100.07;9.876309098143917;0.2948151969595199;-0.30029296875;
06:57:58;391.0;1575442679;100.375;9.74979108991621;0.2910385399974988;-0.2978515625;
06:57:59;392.0;1575442680;100.114;10.888453163965554;0.3250284526556882;-0.31982421875;
06:58:00;393.0;1575442681;100.397;9.876309098143917;0.2948151969595199;-0.30029296875;
06:58:01;394.0;1575442682;100.266;9.117201048777687;0.27215525518739364;-0.28564453125;
06:58:02;395.0;1575442683;100.441;9.876309098143917;0.2948151969595199;-0.30029296875;
06:58:03;396.0;1575442684;100.703;10.635417147510143;0.31747513873164607;-0.31494140625;
06:58:04;397.0;1575442685;100.988;10.25586312282703;0.306145167845583;-0.3076171875;
06:58:05;398.0;1575442686;101.362;11.26800718864867;0.3363584235417514;-0.3271484375;
06:58:06;399.0;1575442687;101.716;10.25586312282703;0.306145167845583;-0.3076171875;
06:58:07;400.0;1575442688;101.738;10.129345114599326;0.302368510883562;-0.30517578125;
06:58:08;401.0;1575442689;101.384;9.74979108991621;0.2910385399974988;-0.2978515625;
06:58:09;402.0;1575442690;100.835;10.382381131054737;0.3099218248076041;-0.31005859375;
06:58:10;403.0;1575442691;100.005;10.129345114599326;0.302368510883562;-0.30517578125;
06:58:11;404.0;1575442692;100.027;9.623273081688508;0.28726188303547784;-0.29541015625;
06:58:12;405.0;1575442693;100.397;10.635417147510143;0.31747513873164607;-0.31494140625;
06:58:13;406.0;1575442694;100.9;10.508899139282441;0.3136984817696251;-0.3125;
06:58:14;407.0;1575442695;101.23;10.25586312282703;0.306145167845583;-0.3076171875;
06:58:15;408.0;1575442696;101.186;11.141489180420963;0.33258176657973026;-0.32470703125;
06:58:16;409.0;1575442697;100.572;11.141489180420963;0.33258176657973026;-0.32470703125;
06:58:17;410.0;1575442698;100.332;9.623273081688508;0.28726188303547784;-0.29541015625;
06:58:18;411.0;1575442699;100.266;10.129345114599326;0.302368510883562;-0.30517578125;
06:58:19;412.0;1575442700;100.223;10.508899139282441;0.3136984817696251;-0.3125;
06:58:20;413.0;1575442701;100.245;10.76193515573785;0.3212517956936672;-0.3173828125;
06:58:21;414.0;1575442702;99.94;10.25586312282703;0.306145167845583;-0.3076171875;
06:58:22;415.0;1575442703;99.702;10.00282710637162;0.2985918539215409;-0.302734375;
06:58:23;416.0;1575442704;99.745;9.24371905700539;0.2759319121494146;-0.2880859375;
06:58:24;417.0;1575442705;99.984;10.25586312282703;0.306145167845583;-0.3076171875;
06:58:25;418.0;1575442706;100.353;9.74979108991621;0.2910385399974988;-0.2978515625;
06:58:26;419.0;1575442707;100.353;13.165777312064245;0.393008277972067;-0.36376953125;
06:58:27;420.0;1575442708;100.31;11.141489180420963;0.33258176657973026;-0.32470703125;
06:58:28;421.0;1575442709;100.616;9.876309098143917;0.2948151969595199;-0.30029296875;
06:58:29;422.0;1575442710;100.769;8.611129015866865;0.2570486273393094;-0.27587890625;
06:58:30;423.0;1575442711;101.296;10.76193515573785;0.3212517956936672;-0.3173828125;
06:58:31;424.0;1575442712;101.384;10.508899139282441;0.3136984817696251;-0.3125;
06:58:32;425.0;1575442713;101.142;11.141489180420963;0.33258176657973026;-0.32470703125;
06:58:33;426.0;1575442714;100.944;11.900597229787193;0.35524170835185653;-0.33935546875;
06:58:34;427.0;1575442715;100.966;11.01497117219326;0.32880510961770926;-0.322265625;
06:58:35;428.0;1575442716;100.9;9.623273081688508;0.28726188303547784;-0.29541015625;
06:58:36;429.0;1575442717;101.12;9.74979108991621;0.2910385399974988;-0.2978515625;
06:58:37;430.0;1575442718;101.34;11.141489180420963;0.33258176657973026;-0.32470703125;
06:58:38;431.0;1575442719;100.791;9.74979108991621;0.2910385399974988;-0.2978515625;
06:58:39;432.0;1575442720;100.506;10.382381131054737;0.3099218248076041;-0.31005859375;
06:58:40;433.0;1575442721;100.223;10.508899139282441;0.3136984817696251;-0.3125;
06:58:41;434.0;1575442722;99.658;10.635417147510143;0.31747513873164607;-0.31494140625;
06:58:42;435.0;1575442724;100.157;11.141489180420963;0.33258176657973026;-0.32470703125;
06:58:43;436.0;1575442725;100.463;10.635417147510143;0.31747513873164607;-0.31494140625;
06:58:44;437.0;1575442726;100.463;9.876309098143917;0.2948151969595199;-0.30029296875;
06:58:45;438.0;1575442727;100.594;10.25586312282703;0.306145167845583;-0.3076171875;
06:58:46;439.0;1575442728;100.375;10.00282710637162;0.2985918539215409;-0.302734375;
06:58:47;440.0;1575442729;100.397;10.25586312282703;0.306145167845583;-0.3076171875;
06:58:48;441.0;1575442730;100.201;10.25586312282703;0.306145167845583;-0.3076171875;
06:58:49;442.0;1575442730;100.07;10.635417147510143;0.31747513873164607;-0.31494140625;
06:58:50;443.0;1575442732;100.07;10.129345114599326;0.302368510883562;-0.30517578125;
06:58:51;444.0;1575442733;99.853;9.876309098143917;0.2948151969595199;-0.30029296875;
06:58:52;445.0;1575442734;99.788;10.382381131054737;0.3099218248076041;-0.31005859375;
06:58:53;446.0;1575442735;100.441;10.635417147510143;0.31747513873164607;-0.31494140625;
06:58:54;447.0;1575442736;100.114;9.74979108991621;0.2910385399974988;-0.2978515625;
06:58:55;448.0;1575442737;100.288;10.508899139282441;0.3136984817696251;-0.3125;
06:58:56;449.0;1575442738;100.245;10.129345114599326;0.302368510883562;-0.30517578125;
06:58:57;450.0;1575442739;100.136;11.394525196876375;0.3401350805037724;-0.32958984375;
06:58:58;451.0;1575442740;100.179;10.25586312282703;0.306145167845583;-0.3076171875;
06:58:59;452.0;1575442741;100.484;9.623273081688508;0.28726188303547784;-0.29541015625;
06:59:00;453.0;1575442742;100.856;10.129345114599326;0.302368510883562;-0.30517578125;
06:59:02;455.0;1575442743;100.637;9.623273081688508;0.28726188303547784;-0.29541015625;
06:59:03;456.0;1575442744;100.922;12.659705279153425;0.3779016501239828;-0.35400390625;
06:59:04;457.0;1575442745;100.332;10.635417147510143;0.31747513873164607;-0.31494140625;
06:59:05;458.0;1575442746;99.745;10.635417147510143;0.31747513873164607;-0.31494140625;
06:59:06;459.0;1575442747;99.421;9.623273081688508;0.28726188303547784;-0.29541015625;
06:59:07;460.0;1575442748;99.377;10.25586312282703;0.306145167845583;-0.3076171875;
06:59:08;461.0;1575442749;100.005;10.25586312282703;0.306145167845583;-0.3076171875;
06:59:09;462.0;1575442750;100.9;10.129345114599326;0.302368510883562;-0.30517578125;
06:59:10;463.0;1575442751;100.966;10.76193515573785;0.3212517956936672;-0.3173828125;
06:59:11;464.0;1575442752;100.681;10.635417147510143;0.31747513873164607;-0.31494140625;
06:59:12;465.0;1575442753;100.07;11.141489180420963;0.33258176657973026;-0.32470703125;
06:59:13;466.0;1575442754;99.507;10.635417147510143;0.31747513873164607;-0.31494140625;
06:59:14;467.0;1575442755;100.092;8.864165032322276;0.2646019412633515;-0.28076171875;
06:59:15;468.0;1575442756;100.397;10.635417147510143;0.31747513873164607;-0.31494140625;
06:59:16;469.0;1575442757;100.681;10.25586312282703;0.306145167845583;-0.3076171875;
06:59:17;470.0;1575442758;100.572;10.25586312282703;0.306145167845583;-0.3076171875;
06:59:18;471.0;1575442759;100.266;9.876309098143917;0.2948151969595199;-0.30029296875;
06:59:19;472.0;1575442760;100.484;10.382381131054737;0.3099218248076041;-0.31005859375;
06:59:20;473.0;1575442761;100.201;11.26800718864867;0.3363584235417514;-0.3271484375;
06:59:21;474.0;1575442762;100.179;9.74979108991621;0.2910385399974988;-0.2978515625;
06:59:22;475.0;1575442763;100.201;10.129345114599326;0.302368510883562;-0.30517578125;
06:59:23;476.0;1575442764;99.918;10.129345114599326;0.302368510883562;-0.30517578125;
06:59:24;477.0;1575442765;99.984;10.25586312282703;0.306145167845583;-0.3076171875;
06:59:25;478.0;1575442766;100.005;10.129345114599326;0.302368510883562;-0.30517578125;
06:59:26;479.0;1575442767;100.005;10.129345114599326;0.302368510883562;-0.30517578125;
06:59:27;480.0;1575442768;100.07;10.635417147510143;0.31747513873164607;-0.31494140625;
06:59:28;481.0;1575442769;100.027;10.508899139282441;0.3136984817696251;-0.3125;
06:59:29;482.0;1575442770;100.659;10.25586312282703;0.306145167845583;-0.3076171875;
06:59:30;483.0;1575442771;100.332;10.382381131054737;0.3099218248076041;-0.31005859375;
06:59:31;484.0;1575442772;100.07;10.129345114599326;0.302368510883562;-0.30517578125;
06:59:32;485.0;1575442773;100.616;9.876309098143917;0.2948151969595199;-0.30029296875;
06:59:33;486.0;1575442774;100.005;10.382381131054737;0.3099218248076041;-0.31005859375;
06:59:34;487.0;1575442775;100.353;10.888453163965554;0.3250284526556882;-0.31982421875;
06:59:35;488.0;1575442776;100.332;10.129345114599326;0.302368510883562;-0.30517578125;
06:59:36;489.0;1575442777;99.788;10.635417147510143;0.31747513873164607;-0.31494140625;
06:59:37;490.0;1575442779;99.81;10.508899139282441;0.3136984817696251;-0.3125;
06:59:38;491.0;1575442780;99.162;10.00282710637162;0.2985918539215409;-0.302734375;
06:59:39;492.0;1575442781;99.205;11.141489180420963;0.33258176657973026;-0.32470703125;
06:59:40;493.0;1575442782;99.464;10.508899139282441;0.3136984817696251;-0.3125;
06:59:41;494.0;1575442783;99.507;10.00282710637162;0.2985918539215409;-0.302734375;
06:59:42;495.0;1575442784;100.049;10.635417147510143;0.31747513873164607;-0.31494140625;
06:59:43;496.0;1575442785;100.005;10.888453163965554;0.3250284526556882;-0.31982421875;
06:59:44;497.0;1575442786;99.767;10.00282710637162;0.2985918539215409;-0.302734375;
06:59:45;498.0;1575442787;99.723;10.382381131054737;0.3099218248076041;-0.31005859375;
06:59:46;499.0;1575442788;100.136;10.508899139282441;0.3136984817696251;-0.3125;
06:59:47;500.0;1575442789;100.157;11.774079221559491;0.3514650513898356;-0.3369140625;
06:59:48;501.0;1575442789;100.114;9.876309098143917;0.2948151969595199;-0.30029296875;
06:59:49;502.0;1575442791;100.441;10.888453163965554;0.3250284526556882;-0.31982421875;
06:59:50;503.0;1575442792;99.788;10.508899139282441;0.3136984817696251;-0.3125;
06:59:51;504.0;1575442793;100.027;10.635417147510143;0.31747513873164607;-0.31494140625;
06:59:52;505.0;1575442794;100.332;11.394525196876375;0.3401350805037724;-0.32958984375;
06:59:53;506.0;1575442795;100.049;10.129345114599326;0.302368510883562;-0.30517578125;
06:59:54;507.0;1575442796;100.31;10.129345114599326;0.302368510883562;-0.30517578125;
06:59:55;508.0;1575442797;100.07;9.370237065233097;0.2797085691114357;-0.29052734375;
06:59:56;509.0;1575442798;100.049;9.24371905700539;0.2759319121494146;-0.2880859375;
06:59:57;510.0;1575442799;100.245;10.00282710637162;0.2985918539215409;-0.302734375;
06:59:58;511.0;1575442800;100.506;10.129345114599326;0.302368510883562;-0.30517578125;
06:59:59;512.0;1575442801;101.054;7.092912917134405;0.21172874379505688;-0.24658203125;
07:00:00;513.0;1575442802;100.747;9.876309098143917;0.2948151969595199;-0.30029296875;
07:00:01;514.0;1575442803;100.463;10.508899139282441;0.3136984817696251;-0.3125;
07:00:02;515.0;1575442804;100.245;9.876309098143917;0.2948151969595199;-0.30029296875;
07:00:03;516.0;1575442805;99.658;9.74979108991621;0.2910385399974988;-0.2978515625;
07:00:04;517.0;1575442806;99.68;10.129345114599326;0.302368510883562;-0.30517578125;
07:00:06;519.0;1575442807;99.984;10.129345114599326;0.302368510883562;-0.30517578125;
07:00:07;520.0;1575442808;99.962;10.129345114599326;0.302368510883562;-0.30517578125;
07:00:08;521.0;1575442809;99.984;9.74979108991621;0.2910385399974988;-0.2978515625;
07:00:09;522.0;1575442810;100.005;10.508899139282441;0.3136984817696251;-0.3125;
07:00:10;523.0;1575442811;99.767;10.129345114599326;0.302368510883562;-0.30517578125;
07:00:11;524.0;1575442812;99.55;10.129345114599326;0.302368510883562;-0.30517578125;
07:00:12;525.0;1575442813;99.572;11.01497117219326;0.32880510961770926;-0.322265625;
07:00:13;526.0;1575442814;99.615;10.508899139282441;0.3136984817696251;-0.3125;
07:00:14;527.0;1575442815;99.529;10.129345114599326;0.302368510883562;-0.30517578125;
07:00:15;528.0;1575442816;99.529;8.737647024094569;0.2608252843013304;-0.2783203125;
07:00:16;529.0;1575442817;99.55;10.76193515573785;0.3212517956936672;-0.3173828125;
07:00:17;530.0;1575442818;99.442;10.635417147510143;0.31747513873164607;-0.31494140625;
07:00:18;531.0;1575442819;99.745;11.26800718864867;0.3363584235417514;-0.3271484375;
07:00:19;532.0;1575442820;99.615;10.00282710637162;0.2985918539215409;-0.302734375;
07:00:20;533.0;1575442821;99.55;10.508899139282441;0.3136984817696251;-0.3125;
07:00:21;534.0;1575442822;99.853;9.876309098143917;0.2948151969595199;-0.30029296875;
07:00:22;535.0;1575442823;99.615;9.623273081688508;0.28726188303547784;-0.29541015625;
07:00:23;536.0;1575442824;99.68;10.382381131054737;0.3099218248076041;-0.31005859375;
07:00:24;537.0;1575442825;99.984;10.382381131054737;0.3099218248076041;-0.31005859375;
07:00:25;538.0;1575442826;100.179;10.635417147510143;0.31747513873164607;-0.31494140625;
07:00:26;539.0;1575442827;100.791;10.25586312282703;0.306145167845583;-0.3076171875;
07:00:27;540.0;1575442828;100.856;10.25586312282703;0.306145167845583;-0.3076171875;
07:00:28;541.0;1575442829;100.922;9.876309098143917;0.2948151969595199;-0.30029296875;
07:00:29;542.0;1575442830;100.463;10.129345114599326;0.302368510883562;-0.30517578125;
07:00:30;543.0;1575442831;99.853;10.508899139282441;0.3136984817696251;-0.3125;
07:00:31;544.0;1575442832;99.853;9.117201048777687;0.27215525518739364;-0.28564453125;
07:00:32;545.0;1575442833;99.529;10.129345114599326;0.302368510883562;-0.30517578125;
07:00:33;546.0;1575442834;99.767;10.382381131054737;0.3099218248076041;-0.31005859375;
07:00:34;547.0;1575442835;99.767;10.00282710637162;0.2985918539215409;-0.302734375;
07:00:35;548.0;1575442836;99.918;9.74979108991621;0.2910385399974988;-0.2978515625;
07:00:36;549.0;1575442837;99.94;10.382381131054737;0.3099218248076041;-0.31005859375;
07:00:37;550.0;1575442838;99.723;10.00282710637162;0.2985918539215409;-0.302734375;
07:00:38;551.0;1575442839;99.702;10.129345114599326;0.302368510883562;-0.30517578125;
07:00:39;552.0;1575442841;99.485;9.623273081688508;0.28726188303547784;-0.29541015625;
07:00:40;553.0;1575442842;99.097;10.635417147510143;0.31747513873164607;-0.31494140625;
07:00:41;554.0;1575442843;99.076;10.129345114599326;0.302368510883562;-0.30517578125;
07:00:42;555.0;1575442844;99.119;9.876309098143917;0.2948151969595199;-0.30029296875;
07:00:43;556.0;1575442845;99.119;7.97853897472834;0.23816534252920418;-0.263671875;
07:00:44;557.0;1575442846;99.745;10.129345114599326;0.302368510883562;-0.30517578125;
07:00:45;558.0;1575442847;100.07;11.52104320510408;0.34391173746579345;-0.33203125;
07:00:46;559.0;1575442848;100.049;11.141489180420963;0.33258176657973026;-0.32470703125;
07:00:47;560.0;1575442849;100.375;13.039259303836541;0.389231621010046;-0.361328125;
07:00:48;561.0;1575442850;100.375;11.26800718864867;0.3363584235417514;-0.3271484375;
07:00:49;562.0;1575442851;100.375;10.508899139282441;0.3136984817696251;-0.3125;
07:00:50;563.0;1575442852;100.419;9.876309098143917;0.2948151969595199;-0.30029296875;
07:00:51;564.0;1575442853;100.441;9.74979108991621;0.2910385399974988;-0.2978515625;
07:00:52;565.0;1575442854;100.157;10.00282710637162;0.2985918539215409;-0.302734375;
07:00:53;566.0;1575442855;100.136;10.382381131054737;0.3099218248076041;-0.31005859375;
07:00:54;567.0;1575442856;100.397;10.635417147510143;0.31747513873164607;-0.31494140625;
07:00:55;568.0;1575442857;99.962;10.382381131054737;0.3099218248076041;-0.31005859375;
07:00:56;569.0;1575442858;100.027;10.25586312282703;0.306145167845583;-0.3076171875;
07:00:57;570.0;1575442859;99.962;10.888453163965554;0.3250284526556882;-0.31982421875;
07:00:58;571.0;1575442860;99.918;9.4967550734608;0.2834852260734567;-0.29296875;
07:00:59;572.0;1575442861;100.332;10.129345114599326;0.302368510883562;-0.30517578125;
07:01:00;573.0;1575442862;100.223;10.25586312282703;0.306145167845583;-0.3076171875;
07:01:01;574.0;1575442863;99.658;9.876309098143917;0.2948151969595199;-0.30029296875;
07:01:02;575.0;1575442864;99.356;11.774079221559491;0.3514650513898356;-0.3369140625;
07:01:03;576.0;1575442865;99.033;10.129345114599326;0.302368510883562;-0.30517578125;
07:01:04;577.0;1575442866;99.054;10.635417147510143;0.31747513873164607;-0.31494140625;
07:01:05;578.0;1575442867;99.637;9.623273081688508;0.28726188303547784;-0.29541015625;
07:01:06;579.0;1575442868;99.723;10.382381131054737;0.3099218248076041;-0.31005859375;
07:01:07;580.0;1575442869;100.245;10.129345114599326;0.302368510883562;-0.30517578125;
07:01:08;581.0;1575442870;100.266;10.382381131054737;0.3099218248076041;-0.31005859375;
07:01:09;582.0;1575442871;100.027;10.129345114599326;0.302368510883562;-0.30517578125;
07:01:11;584.0;1575442872;99.918;10.635417147510143;0.31747513873164607;-0.31494140625;
07:01:12;585.0;1575442873;99.421;10.00282710637162;0.2985918539215409;-0.302734375;
07:01:13;586.0;1575442874;99.334;9.623273081688508;0.28726188303547784;-0.29541015625;
07:01:14;587.0;1575442875;99.615;8.611129015866865;0.2570486273393094;-0.27587890625;
07:01:15;588.0;1575442876;100.332;9.74979108991621;0.2910385399974988;-0.2978515625;
07:01:16;589.0;1575442877;100.288;9.24371905700539;0.2759319121494146;-0.2880859375;
07:01:17;590.0;1575442878;100.944;9.876309098143917;0.2948151969595199;-0.30029296875;
07:01:18;591.0;1575442879;100.681;10.635417147510143;0.31747513873164607;-0.31494140625;
07:01:19;592.0;1575442880;100.027;10.129345114599326;0.302368510883562;-0.30517578125;
07:01:20;593.0;1575442881;99.962;10.635417147510143;0.31747513873164607;-0.31494140625;
07:01:21;594.0;1575442882;99.702;10.635417147510143;0.31747513873164607;-0.31494140625;
07:01:22;595.0;1575442883;99.702;10.635417147510143;0.31747513873164607;-0.31494140625;
07:01:23;596.0;1575442884;100.027;10.382381131054737;0.3099218248076041;-0.31005859375;
07:01:24;597.0;1575442885;100.092;10.635417147510143;0.31747513873164607;-0.31494140625;
07:01:25;598.0;1575442886;99.832;10.129345114599326;0.302368510883562;-0.30517578125;
07:01:26;599.0;1575442887;99.832;10.635417147510143;0.31747513873164607;-0.31494140625;
07:01:27;600.0;1575442888;99.464;10.129345114599326;0.302368510883562;-0.30517578125;
07:01:28;601.0;1575442889;99.529;8.864165032322276;0.2646019412633515;-0.28076171875;
07:01:29;602.0;1575442890;99.507;9.876309098143917;0.2948151969595199;-0.30029296875;
07:01:30;603.0;1575442891;99.464;10.25586312282703;0.306145167845583;-0.3076171875;
07:01:31;604.0;1575442892;99.485;10.508899139282441;0.3136984817696251;-0.3125;
07:01:32;605.0;1575442893;99.421;10.00282710637162;0.2985918539215409;-0.302734375;
07:01:33;606.0;1575442894;99.658;10.129345114599326;0.302368510883562;-0.30517578125;
07:01:34;607.0;1575442895;99.637;10.382381131054737;0.3099218248076041;-0.31005859375;
07:01:35;608.0;1575442896;100.005;10.129345114599326;0.302368510883562;-0.30517578125;
07:01:36;609.0;1575442897;100.027;10.382381131054737;0.3099218248076041;-0.31005859375;
07:01:37;610.0;1575442898;99.767;10.635417147510143;0.31747513873164607;-0.31494140625;
07:01:38;611.0;1575442899;100.353;10.76193515573785;0.3212517956936672;-0.3173828125;
07:01:39;612.0;1575442900;100.005;10.129345114599326;0.302368510883562;-0.30517578125;
07:01:40;613.0;1575442901;100.31;10.25586312282703;0.306145167845583;-0.3076171875;
07:01:41;614.0;1575442902;100.55;9.24371905700539;0.2759319121494146;-0.2880859375;
07:01:42;615.0;1575442903;99.984;10.25586312282703;0.306145167845583;-0.3076171875;
07:01:43;616.0;1575442904;100.288;10.25586312282703;0.306145167845583;-0.3076171875;
07:01:44;617.0;1575442905;99.962;9999.0;9999.0;9999.0;
07:01:45;618.0;1575442906;99.442;9.876309098143917;0.2948151969595199;-0.30029296875;
07:01:47;620.0;1575442908;99.097;11.141489180420963;0.33258176657973026;-0.32470703125;
07:01:48;621.0;1575442910;99.162;9.74979108991621;0.2910385399974988;-0.2978515625;
07:01:49;622.0;1575442911;99.464;9.876309098143917;0.2948151969595199;-0.30029296875;
07:01:50;623.0;1575442912;99.184;9.117201048777687;0.27215525518739364;-0.28564453125;
07:01:51;624.0;1575442913;99.507;6.46032287599588;0.19284545898495165;-0.234375;
07:01:52;625.0;1575442914;99.55;9.876309098143917;0.2948151969595199;-0.30029296875;
07:01:53;626.0;1575442915;99.788;9.74979108991621;0.2910385399974988;-0.2978515625;
07:01:54;627.0;1575442916;100.353;10.508899139282441;0.3136984817696251;-0.3125;
07:01:55;628.0;1575442917;100.07;10.25586312282703;0.306145167845583;-0.3076171875;
07:01:56;629.0;1575442918;100.332;9.876309098143917;0.2948151969595199;-0.30029296875;
07:01:57;630.0;1575442919;100.07;9.4967550734608;0.2834852260734567;-0.29296875;
07:01:58;631.0;1575442920;100.07;10.129345114599326;0.302368510883562;-0.30517578125;
07:01:59;632.0;1575442921;100.136;10.635417147510143;0.31747513873164607;-0.31494140625;
07:02:00;633.0;1575442922;99.81;10.635417147510143;0.31747513873164607;-0.31494140625;
07:02:01;634.0;1575442923;99.81;10.76193515573785;0.3212517956936672;-0.3173828125;
07:02:02;635.0;1575442924;99.507;10.00282710637162;0.2985918539215409;-0.302734375;
07:02:03;636.0;1575442925;99.399;10.00282710637162;0.2985918539215409;-0.302734375;
07:02:04;637.0;1575442926;99.442;9.74979108991621;0.2910385399974988;-0.2978515625;
07:02:05;638.0;1575442927;99.68;10.382381131054737;0.3099218248076041;-0.31005859375;
07:02:06;639.0;1575442928;99.962;10.635417147510143;0.31747513873164607;-0.31494140625;
07:02:07;640.0;1575442929;100.332;10.382381131054737;0.3099218248076041;-0.31005859375;
07:02:08;641.0;1575442930;100.528;10.00282710637162;0.2985918539215409;-0.302734375;
07:02:09;642.0;1575442931;100.288;11.647561213331784;0.34768839442781446;-0.33447265625;
07:02:10;643.0;1575442932;100.375;9.74979108991621;0.2910385399974988;-0.2978515625;
07:02:11;644.0;1575442933;100.07;11.141489180420963;0.33258176657973026;-0.32470703125;
07:02:12;645.0;1575442934;99.832;10.00282710637162;0.2985918539215409;-0.302734375;
07:02:13;646.0;1575442935;99.853;9.24371905700539;0.2759319121494146;-0.2880859375;
07:02:15;648.0;1575442936;99.767;10.382381131054737;0.3099218248076041;-0.31005859375;
07:02:16;649.0;1575442937;99.767;10.00282710637162;0.2985918539215409;-0.302734375;
07:02:17;650.0;1575442938;99.788;10.635417147510143;0.31747513873164607;-0.31494140625;
07:02:18;651.0;1575442939;99.81;10.635417147510143;0.31747513873164607;-0.31494140625;
07:02:19;652.0;1575442940;99.81;10.508899139282441;0.3136984817696251;-0.3125;
07:02:20;653.0;1575442941;99.767;10.635417147510143;0.31747513873164607;-0.31494140625;
07:02:21;654.0;1575442942;99.723;10.508899139282441;0.3136984817696251;-0.3125;
07:02:22;655.0;1575442943;99.984;10.25586312282703;0.306145167845583;-0.3076171875;
07:02:23;656.0;1575442944;99.984;10.382381131054737;0.3099218248076041;-0.31005859375;
07:02:24;657.0;1575442945;100.288;9.876309098143917;0.2948151969595199;-0.30029296875;
07:02:25;658.0;1575442946;100.506;10.76193515573785;0.3212517956936672;-0.3173828125;
07:02:26;659.0;1575442947;100.179;10.635417147510143;0.31747513873164607;-0.31494140625;
07:02:27;660.0;1575442948;100.463;10.635417147510143;0.31747513873164607;-0.31494140625;
07:02:28;661.0;1575442949;100.245;10.00282710637162;0.2985918539215409;-0.302734375;
07:02:29;662.0;1575442950;100.005;10.129345114599326;0.302368510883562;-0.30517578125;
07:02:30;663.0;1575442951;99.962;10.25586312282703;0.306145167845583;-0.3076171875;
07:02:31;664.0;1575442952;99.377;10.25586312282703;0.306145167845583;-0.3076171875;
07:02:32;665.0;1575442953;99.313;10.508899139282441;0.3136984817696251;-0.3125;
07:02:33;666.0;1575442954;99.615;9.117201048777687;0.27215525518739364;-0.28564453125;
07:02:34;667.0;1575442955;99.745;11.774079221559491;0.3514650513898356;-0.3369140625;
07:02:35;668.0;1575442956;99.832;10.508899139282441;0.3136984817696251;-0.3125;
07:02:36;669.0;1575442957;99.81;9.623273081688508;0.28726188303547784;-0.29541015625;
07:02:37;670.0;1575442958;99.464;9.4967550734608;0.2834852260734567;-0.29296875;
07:02:38;671.0;1575442959;99.658;10.382381131054737;0.3099218248076041;-0.31005859375;
07:02:39;672.0;1575442960;99.593;10.00282710637162;0.2985918539215409;-0.302734375;
07:02:40;673.0;1575442961;99.897;10.508899139282441;0.3136984817696251;-0.3125;
07:02:41;674.0;1575442962;99.94;10.25586312282703;0.306145167845583;-0.3076171875;
07:02:42;675.0;1575442963;99.68;10.25586312282703;0.306145167845583;-0.3076171875;
07:02:43;676.0;1575442964;99.918;11.141489180420963;0.33258176657973026;-0.32470703125;
07:02:44;677.0;1575442965;99.637;10.382381131054737;0.3099218248076041;-0.31005859375;
07:02:46;679.0;1575442966;99.658;10.25586312282703;0.306145167845583;-0.3076171875;
07:02:47;680.0;1575442968;99.442;9.74979108991621;0.2910385399974988;-0.2978515625;
07:02:48;681.0;1575442969;99.767;10.129345114599326;0.302368510883562;-0.30517578125;
07:02:49;682.0;1575442970;99.723;10.00282710637162;0.2985918539215409;-0.302734375;
07:02:50;683.0;1575442971;99.875;11.647561213331784;0.34768839442781446;-0.33447265625;
07:02:51;684.0;1575442972;99.853;10.508899139282441;0.3136984817696251;-0.3125;
07:02:52;685.0;1575442973;99.615;10.888453163965554;0.3250284526556882;-0.31982421875;
07:02:53;686.0;1575442974;99.853;12.153633246242604;0.36279502227589866;-0.34423828125;
07:02:54;687.0;1575442975;100.027;9.4967550734608;0.2834852260734567;-0.29296875;
07:02:55;688.0;1575442976;100.07;9.74979108991621;0.2910385399974988;-0.2978515625;
07:02:56;689.0;1575442977;99.984;10.129345114599326;0.302368510883562;-0.30517578125;
07:02:57;690.0;1575442978;99.702;10.635417147510143;0.31747513873164607;-0.31494140625;
07:02:58;691.0;1575442979;99.421;9.117201048777687;0.27215525518739364;-0.28564453125;
07:02:59;692.0;1575442981;99.162;11.141489180420963;0.33258176657973026;-0.32470703125;
07:03:00;693.0;1575442982;99.205;9.24371905700539;0.2759319121494146;-0.2880859375;
07:03:01;694.0;1575442983;99.55;10.129345114599326;0.302368510883562;-0.30517578125;
07:03:02;695.0;1575442984;99.572;9.623273081688508;0.28726188303547784;-0.29541015625;
07:03:03;696.0;1575442985;100.027;11.01497117219326;0.32880510961770926;-0.322265625;
07:03:04;697.0;1575442986;99.897;9.117201048777687;0.27215525518739364;-0.28564453125;
07:03:05;698.0;1575442987;99.593;8.864165032322276;0.2646019412633515;-0.28076171875;
07:03:06;699.0;1575442988;99.572;10.25586312282703;0.306145167845583;-0.3076171875;
07:03:07;700.0;1575442989;99.637;9.876309098143917;0.2948151969595199;-0.30029296875;
07:03:08;701.0;1575442990;99.94;9.876309098143917;0.2948151969595199;-0.30029296875;
07:03:09;702.0;1575442991;99.897;11.141489180420963;0.33258176657973026;-0.32470703125;
07:03:10;703.0;1575442992;99.81;10.25586312282703;0.306145167845583;-0.3076171875;
07:03:11;704.0;1575442993;99.485;10.129345114599326;0.302368510883562;-0.30517578125;
07:03:12;705.0;1575442994;98.969;10.508899139282441;0.3136984817696251;-0.3125;
07:03:13;706.0;1575442995;98.711;10.635417147510143;0.31747513873164607;-0.31494140625;
07:03:14;707.0;1575442996;98.797;10.129345114599326;0.302368510883562;-0.30517578125;
07:03:15;708.0;1575442997;98.84;10.25586312282703;0.306145167845583;-0.3076171875;
07:03:16;709.0;1575442998;99.119;9.24371905700539;0.2759319121494146;-0.2880859375;
07:03:17;710.0;1575442999;99.421;10.888453163965554;0.3250284526556882;-0.31982421875;
07:03:19;712.0;1575443000;99.442;11.141489180420963;0.33258176657973026;-0.32470703125;
07:03:20;713.0;1575443001;99.485;9.74979108991621;0.2910385399974988;-0.2978515625;
07:03:21;714.0;1575443002;99.334;9.370237065233097;0.2797085691114357;-0.29052734375;
07:03:22;715.0;1575443003;99.054;10.129345114599326;0.302368510883562;-0.30517578125;
07:03:23;716.0;1575443004;99.054;10.00282710637162;0.2985918539215409;-0.302734375;
07:03:24;717.0;1575443005;99.012;10.382381131054737;0.3099218248076041;-0.31005859375;
07:03:25;718.0;1575443006;98.926;9.74979108991621;0.2910385399974988;-0.2978515625;
07:03:26;719.0;1575443007;99.248;9.876309098143917;0.2948151969595199;-0.30029296875;
07:03:27;720.0;1575443008;99.227;10.25586312282703;0.306145167845583;-0.3076171875;
07:03:28;721.0;1575443009;99.205;9.74979108991621;0.2910385399974988;-0.2978515625;
07:03:29;722.0;1575443010;99.141;9.24371905700539;0.2759319121494146;-0.2880859375;
07:03:30;723.0;1575443011;99.141;9.876309098143917;0.2948151969595199;-0.30029296875;
07:03:31;724.0;1575443012;99.377;11.394525196876375;0.3401350805037724;-0.32958984375;
07:03:32;725.0;1575443013;99.356;9.876309098143917;0.2948151969595199;-0.30029296875;
07:03:33;726.0;1575443014;99.962;9.623273081688508;0.28726188303547784;-0.29541015625;
07:03:34;727.0;1575443015;99.918;10.00282710637162;0.2985918539215409;-0.302734375;
07:03:35;728.0;1575443016;99.658;10.635417147510143;0.31747513873164607;-0.31494140625;
07:03:36;729.0;1575443017;99.962;10.382381131054737;0.3099218248076041;-0.31005859375;
07:03:37;730.0;1575443018;99.702;10.00282710637162;0.2985918539215409;-0.302734375;
07:03:38;731.0;1575443019;99.745;9.876309098143917;0.2948151969595199;-0.30029296875;
07:03:39;732.0;1575443020;100.027;10.00282710637162;0.2985918539215409;-0.302734375;
07:03:40;733.0;1575443021;99.442;9.370237065233097;0.2797085691114357;-0.29052734375;
07:03:41;734.0;1575443022;99.399;10.129345114599326;0.302368510883562;-0.30517578125;
07:03:42;735.0;1575443023;99.421;10.129345114599326;0.302368510883562;-0.30517578125;
07:03:43;736.0;1575443024;99.205;9.370237065233097;0.2797085691114357;-0.29052734375;
07:03:45;738.0;1575443025;99.637;11.394525196876375;0.3401350805037724;-0.32958984375;
07:03:46;739.0;1575443027;99.637;10.508899139282441;0.3136984817696251;-0.3125;
07:03:47;740.0;1575443028;99.593;9.876309098143917;0.2948151969595199;-0.30029296875;
07:03:48;741.0;1575443029;99.853;10.129345114599326;0.302368510883562;-0.30517578125;
07:03:49;742.0;1575443030;99.853;9.117201048777687;0.27215525518739364;-0.28564453125;
07:03:50;743.0;1575443031;99.853;10.76193515573785;0.3212517956936672;-0.3173828125;
07:03:51;744.0;1575443032;99.853;10.25586312282703;0.306145167845583;-0.3076171875;
07:03:52;745.0;1575443033;99.507;9.74979108991621;0.2910385399974988;-0.2978515625;
07:03:53;746.0;1575443034;99.723;10.635417147510143;0.31747513873164607;-0.31494140625;
07:03:54;747.0;1575443035;99.637;10.508899139282441;0.3136984817696251;-0.3125;
07:03:55;748.0;1575443036;99.615;9.876309098143917;0.2948151969595199;-0.30029296875;
07:03:56;749.0;1575443037;99.658;9.876309098143917;0.2948151969595199;-0.30029296875;
07:03:57;750.0;1575443038;99.485;9.4967550734608;0.2834852260734567;-0.29296875;
07:03:58;751.0;1575443039;99.55;10.635417147510143;0.31747513873164607;-0.31494140625;
07:03:59;752.0;1575443040;99.291;9.24371905700539;0.2759319121494146;-0.2880859375;
07:04:00;753.0;1575443041;99.27;10.129345114599326;0.302368510883562;-0.30517578125;
07:04:01;754.0;1575443042;99.162;10.508899139282441;0.3136984817696251;-0.3125;
07:04:02;755.0;1575443044;99.119;10.635417147510143;0.31747513873164607;-0.31494140625;
07:04:03;756.0;1575443045;99.421;9.24371905700539;0.2759319121494146;-0.2880859375;
07:04:04;757.0;1575443046;99.184;9.74979108991621;0.2910385399974988;-0.2978515625;
07:04:05;758.0;1575443047;99.141;10.888453163965554;0.3250284526556882;-0.31982421875;
07:04:06;759.0;1575443048;99.162;9.623273081688508;0.28726188303547784;-0.29541015625;
07:04:07;760.0;1575443049;99.205;8.864165032322276;0.2646019412633515;-0.28076171875;
07:04:08;761.0;1575443050;99.464;10.25586312282703;0.306145167845583;-0.3076171875;
07:04:09;762.0;1575443051;99.81;12.659705279153425;0.3779016501239828;-0.35400390625;
07:04:10;763.0;1575443052;99.745;10.25586312282703;0.306145167845583;-0.3076171875;
07:04:11;764.0;1575443053;99.745;10.635417147510143;0.31747513873164607;-0.31494140625;
07:04:12;765.0;1575443054;99.832;9.74979108991621;0.2910385399974988;-0.2978515625;
07:04:13;766.0;1575443055;99.572;10.129345114599326;0.302368510883562;-0.30517578125;
07:04:14;767.0;1575443056;99.377;10.635417147510143;0.31747513873164607;-0.31494140625;
07:04:15;768.0;1575443057;99.313;9.876309098143917;0.2948151969595199;-0.30029296875;
07:04:16;769.0;1575443058;99.227;11.01497117219326;0.32880510961770926;-0.322265625;
07:04:17;770.0;1575443059;99.205;10.129345114599326;0.302368510883562;-0.30517578125;
07:04:18;771.0;1575443060;99.162;9.74979108991621;0.2910385399974988;-0.2978515625;
07:04:19;772.0;1575443061;99.141;10.508899139282441;0.3136984817696251;-0.3125;
07:04:20;773.0;1575443062;99.205;10.508899139282441;0.3136984817696251;-0.3125;
07:04:21;774.0;1575443063;98.883;10.76193515573785;0.3212517956936672;-0.3173828125;
07:04:23;776.0;1575443064;99.162;9.370237065233097;0.2797085691114357;-0.29052734375;
07:04:24;777.0;1575443065;99.184;10.25586312282703;0.306145167845583;-0.3076171875;
07:04:25;778.0;1575443066;99.119;10.00282710637162;0.2985918539215409;-0.302734375;
07:04:26;779.0;1575443067;99.442;11.141489180420963;0.33258176657973026;-0.32470703125;
07:04:27;780.0;1575443068;99.485;10.25586312282703;0.306145167845583;-0.3076171875;
07:04:28;781.0;1575443069;99.745;8.737647024094569;0.2608252843013304;-0.2783203125;
07:04:29;782.0;1575443070;100.027;10.888453163965554;0.3250284526556882;-0.31982421875;
07:04:30;783.0;1575443071;100.332;10.635417147510143;0.31747513873164607;-0.31494140625;
07:04:31;784.0;1575443072;100.31;10.888453163965554;0.3250284526556882;-0.31982421875;
07:04:32;785.0;1575443073;99.485;9.876309098143917;0.2948151969595199;-0.30029296875;
07:04:33;786.0;1575443074;99.248;10.888453163965554;0.3250284526556882;-0.31982421875;
07:04:34;787.0;1575443075;98.99;10.00282710637162;0.2985918539215409;-0.302734375;
07:04:35;788.0;1575443076;99.033;8.99068304054998;0.2683785982253725;-0.283203125;
07:04:36;789.0;1575443077;99.615;9.370237065233097;0.2797085691114357;-0.29052734375;
07:04:37;790.0;1575443078;99.572;10.25586312282703;0.306145167845583;-0.3076171875;
07:04:38;791.0;1575443079;99.529;10.25586312282703;0.306145167845583;-0.3076171875;
07:04:39;792.0;1575443080;100.027;10.25586312282703;0.306145167845583;-0.3076171875;
07:04:40;793.0;1575443081;99.962;10.635417147510143;0.31747513873164607;-0.31494140625;
07:04:41;794.0;1575443082;99.962;9.74979108991621;0.2910385399974988;-0.2978515625;
07:04:42;795.0;1575443083;100.266;9.74979108991621;0.2910385399974988;-0.2978515625;
07:04:44;797.0;1575443084;99.529;9.876309098143917;0.2948151969595199;-0.30029296875;
07:04:45;798.0;1575443086;99.572;9.623273081688508;0.28726188303547784;-0.29541015625;
07:04:46;799.0;1575443087;99.291;10.635417147510143;0.31747513873164607;-0.31494140625;
07:04:47;800.0;1575443088;99.593;9.623273081688508;0.28726188303547784;-0.29541015625;
07:04:48;801.0;1575443089;99.615;10.382381131054737;0.3099218248076041;-0.31005859375;
07:04:49;802.0;1575443090;99.572;10.00282710637162;0.2985918539215409;-0.302734375;
07:04:50;803.0;1575443091;99.572;9.623273081688508;0.28726188303547784;-0.29541015625;
07:04:51;804.0;1575443092;99.313;7.8520209665006355;0.23438868556718315;-0.26123046875;
07:04:52;805.0;1575443093;99.248;10.888453163965554;0.3250284526556882;-0.31982421875;
07:04:53;806.0;1575443094;99.162;10.382381131054737;0.3099218248076041;-0.31005859375;
07:04:54;807.0;1575443095;99.442;10.635417147510143;0.31747513873164607;-0.31494140625;
07:04:55;808.0;1575443096;99.399;10.129345114599326;0.302368510883562;-0.30517578125;
07:04:56;809.0;1575443097;99.421;10.508899139282441;0.3136984817696251;-0.3125;
07:04:57;810.0;1575443098;99.227;10.382381131054737;0.3099218248076041;-0.31005859375;
07:04:58;811.0;1575443099;98.904;9.623273081688508;0.28726188303547784;-0.29541015625;
07:04:59;812.0;1575443100;98.861;10.635417147510143;0.31747513873164607;-0.31494140625;
07:05:00;813.0;1575443101;98.818;10.382381131054737;0.3099218248076041;-0.31005859375;
07:05:01;814.0;1575443102;99.141;10.129345114599326;0.302368510883562;-0.30517578125;
07:05:02;815.0;1575443103;99.162;9.876309098143917;0.2948151969595199;-0.30029296875;
07:05:03;816.0;1575443104;99.421;10.382381131054737;0.3099218248076041;-0.31005859375;
07:05:04;817.0;1575443105;99.399;10.25586312282703;0.306145167845583;-0.3076171875;
07:05:05;818.0;1575443106;99.097;10.129345114599326;0.302368510883562;-0.30517578125;
07:05:06;819.0;1575443107;99.097;8.864165032322276;0.2646019412633515;-0.28076171875;
07:05:07;820.0;1575443108;98.861;9.74979108991621;0.2910385399974988;-0.2978515625;
07:05:08;821.0;1575443109;98.947;10.129345114599326;0.302368510883562;-0.30517578125;
07:05:09;822.0;1575443110;99.227;11.141489180420963;0.33258176657973026;-0.32470703125;
07:05:10;823.0;1575443111;99.227;9.623273081688508;0.28726188303547784;-0.29541015625;
07:05:11;824.0;1575443112;99.55;10.382381131054737;0.3099218248076041;-0.31005859375;
07:05:12;825.0;1575443113;99.485;10.382381131054737;0.3099218248076041;-0.31005859375;
07:05:13;826.0;1575443114;99.507;10.25586312282703;0.306145167845583;-0.3076171875;
07:05:14;827.0;1575443115;99.184;10.00282710637162;0.2985918539215409;-0.302734375;
07:05:15;828.0;1575443116;99.141;10.25586312282703;0.306145167845583;-0.3076171875;
07:05:16;829.0;1575443117;98.904;10.129345114599326;0.302368510883562;-0.30517578125;
07:05:17;830.0;1575443119;98.904;11.26800718864867;0.3363584235417514;-0.3271484375;
07:05:18;831.0;1575443120;99.205;10.76193515573785;0.3212517956936672;-0.3173828125;
07:05:19;832.0;1575443121;99.227;10.382381131054737;0.3099218248076041;-0.31005859375;
07:05:20;833.0;1575443122;99.485;10.382381131054737;0.3099218248076041;-0.31005859375;
07:05:21;834.0;1575443123;99.399;10.635417147510143;0.31747513873164607;-0.31494140625;
07:05:22;835.0;1575443124;99.377;9.370237065233097;0.2797085691114357;-0.29052734375;
07:05:23;836.0;1575443125;99.356;9.74979108991621;0.2910385399974988;-0.2978515625;
07:05:24;837.0;1575443126;99.377;11.394525196876375;0.3401350805037724;-0.32958984375;
07:05:25;838.0;1575443127;99.399;10.508899139282441;0.3136984817696251;-0.3125;
07:05:27;840.0;1575443128;99.464;10.76193515573785;0.3212517956936672;-0.3173828125;
07:05:28;841.0;1575443129;99.205;10.508899139282441;0.3136984817696251;-0.3125;
07:05:29;842.0;1575443130;99.162;10.25586312282703;0.306145167845583;-0.3076171875;
07:05:30;843.0;1575443131;99.162;9.876309098143917;0.2948151969595199;-0.30029296875;
07:05:31;844.0;1575443132;99.442;10.508899139282441;0.3136984817696251;-0.3125;
07:05:32;845.0;1575443133;99.788;10.635417147510143;0.31747513873164607;-0.31494140625;
07:05:33;846.0;1575443134;99.464;12.406669262698014;0.3703483361999407;-0.34912109375;
07:05:34;847.0;1575443135;99.529;8.99068304054998;0.2683785982253725;-0.283203125;
07:05:35;848.0;1575443136;99.227;10.382381131054737;0.3099218248076041;-0.31005859375;
07:05:36;849.0;1575443137;99.119;10.129345114599326;0.302368510883562;-0.30517578125;
07:05:37;850.0;1575443138;99.442;10.129345114599326;0.302368510883562;-0.30517578125;
07:05:38;851.0;1575443139;99.356;10.129345114599326;0.302368510883562;-0.30517578125;
07:05:39;852.0;1575443140;99.313;10.00282710637162;0.2985918539215409;-0.302734375;
07:05:40;853.0;1575443141;99.313;10.00282710637162;0.2985918539215409;-0.302734375;
07:05:41;854.0;1575443142;99.356;10.25586312282703;0.306145167845583;-0.3076171875;
07:05:43;856.0;1575443143;99.421;10.129345114599326;0.302368510883562;-0.30517578125;
07:05:44;857.0;1575443145;99.442;10.00282710637162;0.2985918539215409;-0.302734375;
07:05:45;858.0;1575443146;99.788;10.635417147510143;0.31747513873164607;-0.31494140625;
07:05:46;859.0;1575443147;99.767;10.508899139282441;0.3136984817696251;-0.3125;
07:05:47;860.0;1575443148;99.745;10.25586312282703;0.306145167845583;-0.3076171875;
07:05:48;861.0;1575443149;99.767;10.129345114599326;0.302368510883562;-0.30517578125;
07:05:49;862.0;1575443150;99.442;10.508899139282441;0.3136984817696251;-0.3125;
07:05:50;863.0;1575443151;99.205;10.635417147510143;0.31747513873164607;-0.31494140625;
07:05:51;864.0;1575443152;98.99;9.117201048777687;0.27215525518739364;-0.28564453125;
07:05:52;865.0;1575443153;99.033;10.635417147510143;0.31747513873164607;-0.31494140625;
07:05:53;866.0;1575443154;99.012;14.304439386113588;0.42699819063025635;-0.3857421875;
07:05:54;867.0;1575443155;99.313;10.635417147510143;0.31747513873164607;-0.31494140625;
07:05:55;868.0;1575443156;99.55;10.76193515573785;0.3212517956936672;-0.3173828125;
07:05:56;869.0;1575443157;99.184;11.26800718864867;0.3363584235417514;-0.3271484375;
