Time;Seconds from start for linreg;Unix Time;ch1 po2;Uc;Ubl;Vc;
02:31:22;-2.0;1575340284;99.442;-2.142901683488061;-0.06396721443247944;-0.068359375;
02:31:24;0.0;1575340285;99.162;-2.142901683488061;-0.06396721443247944;-0.068359375;
02:31:25;1.0;1575340286;99.119;-2.142901683488061;-0.06396721443247944;-0.068359375;
02:31:26;2.0;1575340287;99.356;-2.142901683488061;-0.06396721443247944;-0.068359375;
02:31:27;3.0;1575340288;99.313;-2.142901683488061;-0.06396721443247944;-0.068359375;
02:31:28;4.0;1575340289;99.615;-2.142901683488061;-0.06396721443247944;-0.068359375;
02:31:29;5.0;1575340290;99.615;-2.142901683488061;-0.06396721443247944;-0.068359375;
02:31:30;6.0;1575340291;99.227;-2.142901683488061;-0.06396721443247944;-0.068359375;
02:31:31;7.0;1575340292;99.205;-2.142901683488061;-0.06396721443247944;-0.068359375;
02:31:32;8.0;1575340293;98.99;-2.142901683488061;-0.06396721443247944;-0.068359375;
02:31:33;9.0;1575340294;99.205;-2.142901683488061;-0.06396721443247944;-0.068359375;
02:31:34;10.0;1575340295;99.399;-2.142901683488061;-0.06396721443247944;-0.068359375;
02:31:35;11.0;1575340296;99.399;-2.142901683488061;-0.06396721443247944;-0.068359375;
02:31:36;12.0;1575340297;99.334;-2.142901683488061;-0.06396721443247944;-0.068359375;
02:31:37;13.0;1575340298;99.141;-2.142901683488061;-0.06396721443247944;-0.068359375;
02:31:38;14.0;1575340299;99.141;-2.142901683488061;-0.06396721443247944;-0.068359375;
02:31:39;15.0;1575340300;99.184;-2.142901683488061;-0.06396721443247944;-0.068359375;
02:31:40;16.0;1575340301;99.637;-2.142901683488061;-0.06396721443247944;-0.068359375;
02:31:41;17.0;1575340302;99.832;-2.142901683488061;-0.06396721443247944;-0.068359375;
02:31:42;18.0;1575340303;99.593;-2.142901683488061;-0.06396721443247944;-0.068359375;
02:31:43;19.0;1575340304;99.68;-2.142901683488061;-0.06396721443247944;-0.068359375;
02:31:44;20.0;1575340305;99.334;-2.142901683488061;-0.06396721443247944;-0.068359375;
02:31:45;21.0;1575340306;99.141;-2.142901683488061;-0.06396721443247944;-0.068359375;
02:31:46;22.0;1575340306;99.55;-2.142901683488061;-0.06396721443247944;-0.068359375;
02:31:47;23.0;1575340308;99.464;-2.142901683488061;-0.06396721443247944;-0.068359375;
02:31:48;24.0;1575340309;99.377;-2.142901683488061;-0.06396721443247944;-0.068359375;
02:31:49;25.0;1575340310;99.356;-2.142901683488061;-0.06396721443247944;-0.068359375;
02:31:50;26.0;1575340311;99.162;-2.142901683488061;-0.06396721443247944;-0.068359375;
02:31:51;27.0;1575340312;98.969;-2.142901683488061;-0.06396721443247944;-0.068359375;
02:31:52;28.0;1575340313;98.969;-2.142901683488061;-0.06396721443247944;-0.068359375;
02:31:53;29.0;1575340314;99.054;-2.142901683488061;-0.06396721443247944;-0.068359375;
02:31:54;30.0;1575340315;99.076;-2.142901683488061;-0.06396721443247944;-0.068359375;
02:31:55;31.0;1575340316;99.248;-2.142901683488061;-0.06396721443247944;-0.068359375;
02:31:56;32.0;1575340317;99.27;-2.142901683488061;-0.06396721443247944;-0.068359375;
02:31:57;33.0;1575340318;99.399;-2.142901683488061;-0.06396721443247944;-0.068359375;
02:31:58;34.0;1575340319;99.356;-2.142901683488061;-0.06396721443247944;-0.068359375;
02:31:59;35.0;1575340320;99.356;-2.142901683488061;-0.06396721443247944;-0.068359375;
02:32:00;36.0;1575340321;99.615;-2.142901683488061;-0.06396721443247944;-0.068359375;
02:32:01;37.0;1575340322;99.377;-2.142901683488061;-0.06396721443247944;-0.068359375;
02:32:02;38.0;1575340323;99.377;-2.142901683488061;-0.06396721443247944;-0.068359375;
02:32:03;39.0;1575340324;99.377;-2.142901683488061;-0.06396721443247944;-0.068359375;
02:32:04;40.0;1575340325;99.356;-2.142901683488061;-0.06396721443247944;-0.068359375;
02:32:05;41.0;1575340326;99.356;-2.142901683488061;-0.06396721443247944;-0.068359375;
02:32:06;42.0;1575340327;99.334;-2.142901683488061;-0.06396721443247944;-0.068359375;
02:32:07;43.0;1575340328;99.334;-2.142901683488061;-0.06396721443247944;-0.068359375;
02:32:08;44.0;1575340329;98.904;-2.142901683488061;-0.06396721443247944;-0.068359375;
02:32:09;45.0;1575340331;99.227;-2.142901683488061;-0.06396721443247944;-0.068359375;
02:32:10;46.0;1575340332;99.27;-2.142901683488061;-0.06396721443247944;-0.068359375;
02:32:11;47.0;1575340333;99.054;-2.142901683488061;-0.06396721443247944;-0.068359375;
02:32:12;48.0;1575340334;99.227;-2.142901683488061;-0.06396721443247944;-0.068359375;
02:32:13;49.0;1575340335;99.334;-2.142901683488061;-0.06396721443247944;-0.068359375;
02:32:14;50.0;1575340336;99.572;-2.142901683488061;-0.06396721443247944;-0.068359375;
02:32:15;51.0;1575340337;99.615;-2.142901683488061;-0.06396721443247944;-0.068359375;
02:32:16;52.0;1575340338;99.593;-2.142901683488061;-0.06396721443247944;-0.068359375;
02:32:17;53.0;1575340339;99.248;-2.142901683488061;-0.06396721443247944;-0.068359375;
02:32:18;54.0;1575340340;99.097;-2.142901683488061;-0.06396721443247944;-0.068359375;
02:32:19;55.0;1575340341;99.334;-2.142901683488061;-0.06396721443247944;-0.068359375;
02:32:20;56.0;1575340342;99.248;-2.142901683488061;-0.06396721443247944;-0.068359375;
02:32:21;57.0;1575340343;99.377;-2.142901683488061;-0.06396721443247944;-0.068359375;
02:32:22;58.0;1575340344;99.507;-2.142901683488061;-0.06396721443247944;-0.068359375;
02:32:23;59.0;1575340345;99.442;-2.142901683488061;-0.06396721443247944;-0.068359375;
02:32:24;60.0;1575340346;99.507;-2.142901683488061;-0.06396721443247944;-0.068359375;
02:32:25;61.0;1575340347;99.377;-2.142901683488061;-0.06396721443247944;-0.068359375;
02:32:26;62.0;1575340348;99.076;-2.142901683488061;-0.06396721443247944;-0.068359375;
02:32:28;64.0;1575340349;99.141;-2.142901683488061;-0.06396721443247944;-0.068359375;
02:32:29;65.0;1575340350;98.969;-2.142901683488061;-0.06396721443247944;-0.068359375;
02:32:30;66.0;1575340351;98.947;-2.142901683488061;-0.06396721443247944;-0.068359375;
02:32:31;67.0;1575340352;98.776;-2.142901683488061;-0.06396721443247944;-0.068359375;
02:32:32;68.0;1575340353;98.733;-2.142901683488061;-0.06396721443247944;-0.068359375;
02:32:33;69.0;1575340354;98.969;-2.142901683488061;-0.06396721443247944;-0.068359375;
02:32:34;70.0;1575340355;99.012;-2.142901683488061;-0.06396721443247944;-0.068359375;
02:32:35;71.0;1575340356;99.27;-2.142901683488061;-0.06396721443247944;-0.068359375;
02:32:36;72.0;1575340357;99.68;-2.142901683488061;-0.06396721443247944;-0.068359375;
02:32:37;73.0;1575340358;99.853;-2.142901683488061;-0.06396721443247944;-0.068359375;
02:32:38;74.0;1575340359;99.81;-2.142901683488061;-0.06396721443247944;-0.068359375;
02:32:39;75.0;1575340360;99.832;-2.142901683488061;-0.06396721443247944;-0.068359375;
02:32:40;76.0;1575340361;99.399;-2.142901683488061;-0.06396721443247944;-0.068359375;
02:32:41;77.0;1575340362;99.184;-2.142901683488061;-0.06396721443247944;-0.068359375;
02:32:42;78.0;1575340363;99.162;-2.142901683488061;-0.06396721443247944;-0.068359375;
02:32:43;79.0;1575340364;98.99;-2.142901683488061;-0.06396721443247944;-0.068359375;
02:32:45;81.0;1575340365;99.076;-2.142901683488061;-0.06396721443247944;-0.068359375;
02:32:46;82.0;1575340367;99.076;-2.142901683488061;-0.06396721443247944;-0.068359375;
02:32:47;83.0;1575340368;99.248;-2.142901683488061;-0.06396721443247944;-0.068359375;
02:32:48;84.0;1575340369;99.205;-2.142901683488061;-0.06396721443247944;-0.068359375;
02:32:49;85.0;1575340370;99.141;-2.142901683488061;-0.06396721443247944;-0.068359375;
02:32:50;86.0;1575340371;99.119;-2.142901683488061;-0.06396721443247944;-0.068359375;
02:32:51;87.0;1575340372;99.119;-2.142901683488061;-0.06396721443247944;-0.068359375;
02:32:52;88.0;1575340373;99.141;-2.142901683488061;-0.06396721443247944;-0.068359375;
02:32:53;89.0;1575340374;99.205;-2.142901683488061;-0.06396721443247944;-0.068359375;
02:32:54;90.0;1575340375;99.248;-2.142901683488061;-0.06396721443247944;-0.068359375;
02:32:55;91.0;1575340376;99.27;-2.142901683488061;-0.06396721443247944;-0.068359375;
02:32:56;92.0;1575340377;99.313;-2.142901683488061;-0.06396721443247944;-0.068359375;
02:32:57;93.0;1575340378;99.27;-2.142901683488061;-0.06396721443247944;-0.068359375;
02:32:58;94.0;1575340379;99.442;-2.142901683488061;-0.06396721443247944;-0.068359375;
02:32:59;95.0;1575340380;99.356;-2.142901683488061;-0.06396721443247944;-0.068359375;
02:33:00;96.0;1575340381;99.356;-2.142901683488061;-0.06396721443247944;-0.068359375;
02:33:01;97.0;1575340382;99.356;-2.142901683488061;-0.06396721443247944;-0.068359375;
02:33:02;98.0;1575340383;99.162;-2.142901683488061;-0.06396721443247944;-0.068359375;
02:33:03;99.0;1575340384;99.184;-2.142901683488061;-0.06396721443247944;-0.068359375;
02:33:04;100.0;1575340385;99.205;-2.142901683488061;-0.06396721443247944;-0.068359375;
02:33:05;101.0;1575340386;99.205;-2.142901683488061;-0.06396721443247944;-0.068359375;
02:33:06;102.0;1575340387;99.012;-2.142901683488061;-0.06396721443247944;-0.068359375;
02:33:07;103.0;1575340388;99.356;-2.142901683488061;-0.06396721443247944;-0.068359375;
02:33:08;104.0;1575340389;99.291;-2.142901683488061;-0.06396721443247944;-0.068359375;
02:33:09;105.0;1575340390;99.248;-2.142901683488061;-0.06396721443247944;-0.068359375;
02:33:10;106.0;1575340391;99.68;-2.142901683488061;-0.06396721443247944;-0.068359375;
02:33:11;107.0;1575340392;99.356;-2.142901683488061;-0.06396721443247944;-0.068359375;
02:33:12;108.0;1575340393;99.356;-2.142901683488061;-0.06396721443247944;-0.068359375;
02:33:13;109.0;1575340394;99.442;-2.142901683488061;-0.06396721443247944;-0.068359375;
02:33:14;110.0;1575340395;99.162;-2.142901683488061;-0.06396721443247944;-0.068359375;
02:33:15;111.0;1575340396;98.926;-2.142901683488061;-0.06396721443247944;-0.068359375;
02:33:16;112.0;1575340397;99.313;-2.142901683488061;-0.06396721443247944;-0.068359375;
02:33:17;113.0;1575340398;99.313;-2.142901683488061;-0.06396721443247944;-0.068359375;
02:33:18;114.0;1575340399;99.356;-2.142901683488061;-0.06396721443247944;-0.068359375;
02:33:19;115.0;1575340400;99.572;-2.142901683488061;-0.06396721443247944;-0.068359375;
02:33:20;116.0;1575340401;99.485;-2.142901683488061;-0.06396721443247944;-0.068359375;
02:33:21;117.0;1575340403;99.464;-2.142901683488061;-0.06396721443247944;-0.068359375;
02:33:22;118.0;1575340404;99.27;-2.142901683488061;-0.06396721443247944;-0.068359375;
02:33:23;119.0;1575340405;99.27;-2.142901683488061;-0.06396721443247944;-0.068359375;
02:33:24;120.0;1575340406;98.99;-2.142901683488061;-0.06396721443247944;-0.068359375;
02:33:25;121.0;1575340407;99.119;-2.142901683488061;-0.06396721443247944;-0.068359375;
02:33:26;122.0;1575340408;99.27;-2.142901683488061;-0.06396721443247944;-0.068359375;
02:33:27;123.0;1575340409;99.27;-2.142901683488061;-0.06396721443247944;-0.068359375;
02:33:28;124.0;1575340410;99.27;-2.142901683488061;-0.06396721443247944;-0.068359375;
02:33:29;125.0;1575340411;99.205;-2.142901683488061;-0.06396721443247944;-0.068359375;
02:33:30;126.0;1575340412;99.248;-2.142901683488061;-0.06396721443247944;-0.068359375;
02:33:32;128.0;1575340413;99.27;-2.142901683488061;-0.06396721443247944;-0.068359375;
02:33:33;129.0;1575340414;99.421;-2.142901683488061;-0.06396721443247944;-0.068359375;
02:33:34;130.0;1575340415;99.615;-2.142901683488061;-0.06396721443247944;-0.068359375;
02:33:35;131.0;1575340416;99.615;-2.142901683488061;-0.06396721443247944;-0.068359375;
02:33:36;132.0;1575340417;99.637;-2.142901683488061;-0.06396721443247944;-0.068359375;
02:33:37;133.0;1575340418;99.767;-2.142901683488061;-0.06396721443247944;-0.068359375;
02:33:38;134.0;1575340419;99.507;-2.142901683488061;-0.06396721443247944;-0.068359375;
02:33:39;135.0;1575340420;99.745;-2.142901683488061;-0.06396721443247944;-0.068359375;
02:33:40;136.0;1575340421;99.962;-2.142901683488061;-0.06396721443247944;-0.068359375;
02:33:41;137.0;1575340422;99.507;-2.142901683488061;-0.06396721443247944;-0.068359375;
02:33:42;138.0;1575340423;99.572;-2.142901683488061;-0.06396721443247944;-0.068359375;
02:33:43;139.0;1575340424;99.399;-2.142901683488061;-0.06396721443247944;-0.068359375;
02:33:44;140.0;1575340424;99.162;-2.142901683488061;-0.06396721443247944;-0.068359375;
02:33:45;141.0;1575340426;99.572;-2.142901683488061;-0.06396721443247944;-0.068359375;
02:33:46;142.0;1575340427;99.227;-2.142901683488061;-0.06396721443247944;-0.068359375;
02:33:47;143.0;1575340428;98.883;-2.142901683488061;-0.06396721443247944;-0.068359375;
02:33:48;144.0;1575340429;98.84;-2.142901683488061;-0.06396721443247944;-0.068359375;
02:33:49;145.0;1575340430;98.604;-2.142901683488061;-0.06396721443247944;-0.068359375;
02:33:50;146.0;1575340431;98.883;-2.142901683488061;-0.06396721443247944;-0.068359375;
02:33:51;147.0;1575340432;99.248;-2.142901683488061;-0.06396721443247944;-0.068359375;
02:33:52;148.0;1575340433;99.291;-2.142901683488061;-0.06396721443247944;-0.068359375;
02:33:53;149.0;1575340434;99.313;-2.142901683488061;-0.06396721443247944;-0.068359375;
02:33:54;150.0;1575340435;99.27;-2.142901683488061;-0.06396721443247944;-0.068359375;
02:33:55;151.0;1575340436;99.227;-2.142901683488061;-0.06396721443247944;-0.068359375;
02:33:56;152.0;1575340437;99.076;-2.142901683488061;-0.06396721443247944;-0.068359375;
02:33:57;153.0;1575340438;98.99;-2.142901683488061;-0.06396721443247944;-0.068359375;
02:33:58;154.0;1575340439;98.969;-2.142901683488061;-0.06396721443247944;-0.068359375;
02:33:59;155.0;1575340440;98.904;-2.142901683488061;-0.06396721443247944;-0.068359375;
02:34:00;156.0;1575340441;99.076;-2.142901683488061;-0.06396721443247944;-0.068359375;
02:34:01;157.0;1575340442;99.184;-2.142901683488061;-0.06396721443247944;-0.068359375;
02:34:02;158.0;1575340443;99.227;-2.142901683488061;-0.06396721443247944;-0.068359375;
02:34:03;159.0;1575340444;99.227;-2.142901683488061;-0.06396721443247944;-0.068359375;
02:34:04;160.0;1575340445;99.227;-2.142901683488061;-0.06396721443247944;-0.068359375;
02:34:05;161.0;1575340446;99.162;-2.142901683488061;-0.06396721443247944;-0.068359375;
02:34:06;162.0;1575340447;99.141;-2.142901683488061;-0.06396721443247944;-0.068359375;
02:34:07;163.0;1575340449;99.162;-2.142901683488061;-0.06396721443247944;-0.068359375;
02:34:08;164.0;1575340450;99.162;-2.142901683488061;-0.06396721443247944;-0.068359375;
02:34:09;165.0;1575340451;99.162;-2.142901683488061;-0.06396721443247944;-0.068359375;
02:34:10;166.0;1575340452;99.27;-2.142901683488061;-0.06396721443247944;-0.068359375;
02:34:11;167.0;1575340453;99.227;-2.142901683488061;-0.06396721443247944;-0.068359375;
02:34:12;168.0;1575340454;99.184;-2.142901683488061;-0.06396721443247944;-0.068359375;
02:34:13;169.0;1575340455;99.012;-2.142901683488061;-0.06396721443247944;-0.068359375;
02:34:14;170.0;1575340456;98.754;-2.142901683488061;-0.06396721443247944;-0.068359375;
02:34:15;171.0;1575340457;98.776;-2.142901683488061;-0.06396721443247944;-0.068359375;
02:34:16;172.0;1575340458;98.519;-2.142901683488061;-0.06396721443247944;-0.068359375;
02:34:17;173.0;1575340459;98.711;-2.142901683488061;-0.06396721443247944;-0.068359375;
02:34:18;174.0;1575340460;98.926;-2.142901683488061;-0.06396721443247944;-0.068359375;
02:34:19;175.0;1575340461;98.947;-2.142901683488061;-0.06396721443247944;-0.068359375;
02:34:20;176.0;1575340462;99.291;-2.142901683488061;-0.06396721443247944;-0.068359375;
02:34:21;177.0;1575340463;99.076;-2.142901683488061;-0.06396721443247944;-0.068359375;
02:34:22;178.0;1575340464;98.883;-2.142901683488061;-0.06396721443247944;-0.068359375;
02:34:23;179.0;1575340465;98.904;-2.142901683488061;-0.06396721443247944;-0.068359375;
02:34:24;180.0;1575340466;98.84;-2.142901683488061;-0.06396721443247944;-0.068359375;
02:34:25;181.0;1575340467;98.818;-2.142901683488061;-0.06396721443247944;-0.068359375;
02:34:26;182.0;1575340468;99.033;-2.142901683488061;-0.06396721443247944;-0.068359375;
02:34:27;183.0;1575340469;98.84;-2.142901683488061;-0.06396721443247944;-0.068359375;
02:34:28;184.0;1575340470;98.861;-2.142901683488061;-0.06396721443247944;-0.068359375;
02:34:29;185.0;1575340471;99.119;-2.142901683488061;-0.06396721443247944;-0.068359375;
02:34:30;186.0;1575340472;99.054;-2.142901683488061;-0.06396721443247944;-0.068359375;
02:34:31;187.0;1575340473;99.054;-2.142901683488061;-0.06396721443247944;-0.068359375;
02:34:32;188.0;1575340474;98.583;-2.142901683488061;-0.06396721443247944;-0.068359375;
02:34:33;189.0;1575340475;98.604;-2.142901683488061;-0.06396721443247944;-0.068359375;
02:34:34;190.0;1575340476;98.583;-2.142901683488061;-0.06396721443247944;-0.068359375;
02:34:36;192.0;1575340477;98.776;-2.142901683488061;-0.06396721443247944;-0.068359375;
02:34:37;193.0;1575340478;99.27;-2.142901683488061;-0.06396721443247944;-0.068359375;
02:34:38;194.0;1575340479;99.227;-2.142901683488061;-0.06396721443247944;-0.068359375;
02:34:39;195.0;1575340480;99.033;-2.142901683488061;-0.06396721443247944;-0.068359375;
02:34:40;196.0;1575340481;98.776;-2.142901683488061;-0.06396721443247944;-0.068359375;
02:34:41;197.0;1575340482;98.797;-2.142901683488061;-0.06396721443247944;-0.068359375;
02:34:42;198.0;1575340483;98.754;-2.142901683488061;-0.06396721443247944;-0.068359375;
02:34:43;199.0;1575340483;98.99;-2.142901683488061;-0.06396721443247944;-0.068359375;
02:34:44;200.0;1575340485;99.227;-2.142901683488061;-0.06396721443247944;-0.068359375;
02:34:45;201.0;1575340486;99.334;-2.142901683488061;-0.06396721443247944;-0.068359375;
02:34:46;202.0;1575340487;99.334;-2.142901683488061;-0.06396721443247944;-0.068359375;
02:34:47;203.0;1575340488;99.291;-2.142901683488061;-0.06396721443247944;-0.068359375;
02:34:48;204.0;1575340489;99.313;-2.142901683488061;-0.06396721443247944;-0.068359375;
02:34:49;205.0;1575340490;99.162;-2.142901683488061;-0.06396721443247944;-0.068359375;
02:34:50;206.0;1575340491;99.184;-2.142901683488061;-0.06396721443247944;-0.068359375;
02:34:51;207.0;1575340492;99.184;-2.142901683488061;-0.06396721443247944;-0.068359375;
02:34:52;208.0;1575340493;99.184;-2.142901683488061;-0.06396721443247944;-0.068359375;
02:34:53;209.0;1575340494;99.162;-2.142901683488061;-0.06396721443247944;-0.068359375;
02:34:54;210.0;1575340495;99.162;-2.142901683488061;-0.06396721443247944;-0.068359375;
02:34:55;211.0;1575340496;99.119;-2.142901683488061;-0.06396721443247944;-0.068359375;
02:34:56;212.0;1575340497;99.076;-2.142901683488061;-0.06396721443247944;-0.068359375;
02:34:57;213.0;1575340498;99.141;-2.142901683488061;-0.06396721443247944;-0.068359375;
02:34:58;214.0;1575340499;99.593;-2.142901683488061;-0.06396721443247944;-0.068359375;
02:34:59;215.0;1575340500;99.658;-2.142901683488061;-0.06396721443247944;-0.068359375;
02:35:00;216.0;1575340501;99.745;-2.142901683488061;-0.06396721443247944;-0.068359375;
02:35:01;217.0;1575340502;99.68;-2.142901683488061;-0.06396721443247944;-0.068359375;
02:35:02;218.0;1575340503;99.248;-2.142901683488061;-0.06396721443247944;-0.068359375;
02:35:03;219.0;1575340504;99.313;-2.142901683488061;-0.06396721443247944;-0.068359375;
02:35:04;220.0;1575340505;99.27;-2.142901683488061;-0.06396721443247944;-0.068359375;
02:35:05;221.0;1575340506;99.248;-2.142901683488061;-0.06396721443247944;-0.068359375;
02:35:06;222.0;1575340507;99.205;-2.142901683488061;-0.06396721443247944;-0.068359375;
02:35:07;223.0;1575340508;99.184;-2.142901683488061;-0.06396721443247944;-0.068359375;
02:35:08;224.0;1575340509;99.184;-2.142901683488061;-0.06396721443247944;-0.068359375;
02:35:09;225.0;1575340510;99.205;-2.142901683488061;-0.06396721443247944;-0.068359375;
02:35:10;226.0;1575340511;99.507;-2.142901683488061;-0.06396721443247944;-0.068359375;
02:35:11;227.0;1575340512;99.485;-2.142901683488061;-0.06396721443247944;-0.068359375;
02:35:12;228.0;1575340513;99.68;-2.142901683488061;-0.06396721443247944;-0.068359375;
02:35:13;229.0;1575340514;99.529;-2.142901683488061;-0.06396721443247944;-0.068359375;
02:35:14;230.0;1575340515;99.248;-2.142901683488061;-0.06396721443247944;-0.068359375;
02:35:15;231.0;1575340516;99.205;-2.142901683488061;-0.06396721443247944;-0.068359375;
02:35:16;232.0;1575340517;99.033;-2.142901683488061;-0.06396721443247944;-0.068359375;
02:35:17;233.0;1575340518;99.205;-2.142901683488061;-0.06396721443247944;-0.068359375;
02:35:18;234.0;1575340519;99.248;-2.142901683488061;-0.06396721443247944;-0.068359375;
02:35:19;235.0;1575340520;99.248;-2.142901683488061;-0.06396721443247944;-0.068359375;
02:35:20;236.0;1575340521;99.227;-2.142901683488061;-0.06396721443247944;-0.068359375;
02:35:21;237.0;1575340522;99.205;-2.142901683488061;-0.06396721443247944;-0.068359375;
02:35:22;238.0;1575340523;99.205;-2.142901683488061;-0.06396721443247944;-0.068359375;
02:35:23;239.0;1575340524;99.442;-2.142901683488061;-0.06396721443247944;-0.068359375;
02:35:24;240.0;1575340525;99.421;-2.142901683488061;-0.06396721443247944;-0.068359375;
02:35:25;241.0;1575340526;99.507;-2.142901683488061;-0.06396721443247944;-0.068359375;
02:35:26;242.0;1575340527;99.788;-2.142901683488061;-0.06396721443247944;-0.068359375;
02:35:27;243.0;1575340528;99.637;-2.142901683488061;-0.06396721443247944;-0.068359375;
02:35:28;244.0;1575340529;99.637;-2.142901683488061;-0.06396721443247944;-0.068359375;
02:35:29;245.0;1575340530;99.529;-2.142901683488061;-0.06396721443247944;-0.068359375;
02:35:30;246.0;1575340531;99.485;-2.142901683488061;-0.06396721443247944;-0.068359375;
02:35:31;247.0;1575340532;99.399;-2.142901683488061;-0.06396721443247944;-0.068359375;
02:35:32;248.0;1575340533;99.442;-2.142901683488061;-0.06396721443247944;-0.068359375;
02:35:33;249.0;1575340534;99.421;-2.142901683488061;-0.06396721443247944;-0.068359375;
02:35:34;250.0;1575340535;99.184;-2.142901683488061;-0.06396721443247944;-0.068359375;
02:35:35;251.0;1575340536;99.227;-2.142901683488061;-0.06396721443247944;-0.068359375;
02:35:36;252.0;1575340537;99.227;-2.142901683488061;-0.06396721443247944;-0.068359375;
02:35:37;253.0;1575340538;99.313;-2.142901683488061;-0.06396721443247944;-0.068359375;
02:35:38;254.0;1575340540;99.334;-2.142901683488061;-0.06396721443247944;-0.068359375;
02:35:39;255.0;1575340541;99.291;-2.142901683488061;-0.06396721443247944;-0.068359375;
02:35:41;257.0;1575340542;99.248;-2.142901683488061;-0.06396721443247944;-0.068359375;
02:35:42;258.0;1575340543;99.442;-2.142901683488061;-0.06396721443247944;-0.068359375;
02:35:43;259.0;1575340544;99.421;-2.142901683488061;-0.06396721443247944;-0.068359375;
02:35:44;260.0;1575340545;99.421;-2.142901683488061;-0.06396721443247944;-0.068359375;
02:35:45;261.0;1575340546;99.442;-2.142901683488061;-0.06396721443247944;-0.068359375;
02:35:46;262.0;1575340547;98.99;-2.142901683488061;-0.06396721443247944;-0.068359375;
02:35:47;263.0;1575340548;99.184;-2.142901683488061;-0.06396721443247944;-0.068359375;
02:35:48;264.0;1575340549;99.248;-2.142901683488061;-0.06396721443247944;-0.068359375;
02:35:49;265.0;1575340550;99.227;-2.142901683488061;-0.06396721443247944;-0.068359375;
02:35:50;266.0;1575340551;99.529;-2.142901683488061;-0.06396721443247944;-0.068359375;
02:35:51;267.0;1575340552;99.27;-2.142901683488061;-0.06396721443247944;-0.068359375;
02:35:52;268.0;1575340553;99.27;-2.142901683488061;-0.06396721443247944;-0.068359375;
02:35:53;269.0;1575340554;99.313;-2.142901683488061;-0.06396721443247944;-0.068359375;
02:35:54;270.0;1575340555;99.162;-2.142901683488061;-0.06396721443247944;-0.068359375;
02:35:55;271.0;1575340556;99.485;-2.142901683488061;-0.06396721443247944;-0.068359375;
02:35:56;272.0;1575340557;99.248;-2.142901683488061;-0.06396721443247944;-0.068359375;
02:35:57;273.0;1575340558;99.227;-2.142901683488061;-0.06396721443247944;-0.068359375;
02:35:58;274.0;1575340559;99.27;-2.142901683488061;-0.06396721443247944;-0.068359375;
02:35:59;275.0;1575340560;98.84;-2.142901683488061;-0.06396721443247944;-0.068359375;
02:36:00;276.0;1575340561;99.097;-2.142901683488061;-0.06396721443247944;-0.068359375;
02:36:01;277.0;1575340562;99.076;-2.142901683488061;-0.06396721443247944;-0.068359375;
02:36:02;278.0;1575340563;99.291;-2.142901683488061;-0.06396721443247944;-0.068359375;
02:36:03;279.0;1575340564;99.421;-2.142901683488061;-0.06396721443247944;-0.068359375;
02:36:04;280.0;1575340565;99.356;-2.142901683488061;-0.06396721443247944;-0.068359375;
02:36:05;281.0;1575340566;99.421;-2.142901683488061;-0.06396721443247944;-0.068359375;
02:36:06;282.0;1575340567;99.291;-2.142901683488061;-0.06396721443247944;-0.068359375;
02:36:07;283.0;1575340568;99.334;-2.142901683488061;-0.06396721443247944;-0.068359375;
02:36:08;284.0;1575340569;99.377;-2.142901683488061;-0.06396721443247944;-0.068359375;
02:36:09;285.0;1575340570;99.313;-2.142901683488061;-0.06396721443247944;-0.068359375;
02:36:10;286.0;1575340571;99.291;-2.142901683488061;-0.06396721443247944;-0.068359375;
02:36:11;287.0;1575340572;99.313;-2.142901683488061;-0.06396721443247944;-0.068359375;
02:36:12;288.0;1575340573;99.334;-2.142901683488061;-0.06396721443247944;-0.068359375;
02:36:13;289.0;1575340574;99.313;-2.142901683488061;-0.06396721443247944;-0.068359375;
02:36:14;290.0;1575340575;99.227;-2.142901683488061;-0.06396721443247944;-0.068359375;
02:36:15;291.0;1575340576;99.27;-2.142901683488061;-0.06396721443247944;-0.068359375;
02:36:16;292.0;1575340577;99.227;-2.142901683488061;-0.06396721443247944;-0.068359375;
02:36:17;293.0;1575340578;99.334;-2.142901683488061;-0.06396721443247944;-0.068359375;
02:36:18;294.0;1575340579;99.377;-2.142901683488061;-0.06396721443247944;-0.068359375;
02:36:19;295.0;1575340580;99.291;-2.142901683488061;-0.06396721443247944;-0.068359375;
02:36:20;296.0;1575340581;99.248;-2.142901683488061;-0.06396721443247944;-0.068359375;
02:36:21;297.0;1575340582;99.162;-2.142901683488061;-0.06396721443247944;-0.068359375;
02:36:22;298.0;1575340583;99.227;-2.142901683488061;-0.06396721443247944;-0.068359375;
02:36:23;299.0;1575340584;98.99;-2.142901683488061;-0.06396721443247944;-0.068359375;
02:36:24;300.0;1575340585;98.818;-2.142901683488061;-0.06396721443247944;-0.068359375;
02:36:25;301.0;1575340586;98.647;-2.142901683488061;-0.06396721443247944;-0.068359375;
02:36:26;302.0;1575340588;98.647;-2.142901683488061;-0.06396721443247944;-0.068359375;
02:36:27;303.0;1575340589;99.076;-2.142901683488061;-0.06396721443247944;-0.068359375;
02:36:28;304.0;1575340590;99.291;-2.142901683488061;-0.06396721443247944;-0.068359375;
02:36:29;305.0;1575340591;99.658;-2.142901683488061;-0.06396721443247944;-0.068359375;
02:36:30;306.0;1575340592;99.593;-2.142901683488061;-0.06396721443247944;-0.068359375;
02:36:31;307.0;1575340593;99.377;-2.142901683488061;-0.06396721443247944;-0.068359375;
02:36:32;308.0;1575340594;99.399;-2.142901683488061;-0.06396721443247944;-0.068359375;
02:36:33;309.0;1575340595;98.99;-2.142901683488061;-0.06396721443247944;-0.068359375;
02:36:34;310.0;1575340596;98.861;-2.142901683488061;-0.06396721443247944;-0.068359375;
02:36:35;311.0;1575340597;99.141;-2.142901683488061;-0.06396721443247944;-0.068359375;
02:36:36;312.0;1575340598;99.141;-2.142901683488061;-0.06396721443247944;-0.068359375;
02:36:37;313.0;1575340599;99.356;-2.142901683488061;-0.06396721443247944;-0.068359375;
02:36:38;314.0;1575340600;99.572;-2.142901683488061;-0.06396721443247944;-0.068359375;
02:36:39;315.0;1575340601;99.377;-2.142901683488061;-0.06396721443247944;-0.068359375;
02:36:40;316.0;1575340601;99.313;-2.142901683488061;-0.06396721443247944;-0.068359375;
02:36:41;317.0;1575340603;99.291;-2.142901683488061;-0.06396721443247944;-0.068359375;
02:36:42;318.0;1575340604;99.205;-2.142901683488061;-0.06396721443247944;-0.068359375;
02:36:43;319.0;1575340605;99.399;-2.142901683488061;-0.06396721443247944;-0.068359375;
02:36:45;321.0;1575340606;99.464;-2.142901683488061;-0.06396721443247944;-0.068359375;
02:36:46;322.0;1575340607;99.442;-2.142901683488061;-0.06396721443247944;-0.068359375;
02:36:47;323.0;1575340608;99.529;-2.142901683488061;-0.06396721443247944;-0.068359375;
02:36:48;324.0;1575340609;99.227;-2.142901683488061;-0.06396721443247944;-0.068359375;
02:36:49;325.0;1575340610;99.012;-2.142901683488061;-0.06396721443247944;-0.068359375;
02:36:50;326.0;1575340611;99.033;-2.142901683488061;-0.06396721443247944;-0.068359375;
02:36:51;327.0;1575340612;98.776;-2.142901683488061;-0.06396721443247944;-0.068359375;
02:36:52;328.0;1575340613;98.84;-2.142901683488061;-0.06396721443247944;-0.068359375;
02:36:53;329.0;1575340614;99.097;-2.142901683488061;-0.06396721443247944;-0.068359375;
02:36:54;330.0;1575340615;98.947;-2.142901683488061;-0.06396721443247944;-0.068359375;
02:36:55;331.0;1575340616;99.248;-2.142901683488061;-0.06396721443247944;-0.068359375;
02:36:56;332.0;1575340617;99.227;-2.142901683488061;-0.06396721443247944;-0.068359375;
02:36:57;333.0;1575340618;98.733;-2.142901683488061;-0.06396721443247944;-0.068359375;
02:36:58;334.0;1575340619;98.969;-2.142901683488061;-0.06396721443247944;-0.068359375;
02:36:59;335.0;1575340620;98.818;-2.142901683488061;-0.06396721443247944;-0.068359375;
02:37:00;336.0;1575340621;98.883;-2.142901683488061;-0.06396721443247944;-0.068359375;
02:37:01;337.0;1575340622;99.248;-2.142901683488061;-0.06396721443247944;-0.068359375;
02:37:02;338.0;1575340623;99.054;-2.142901683488061;-0.06396721443247944;-0.068359375;
02:37:03;339.0;1575340624;98.861;-2.142901683488061;-0.06396721443247944;-0.068359375;
02:37:04;340.0;1575340625;98.647;-2.142901683488061;-0.06396721443247944;-0.068359375;
02:37:05;341.0;1575340626;98.668;-2.142901683488061;-0.06396721443247944;-0.068359375;
02:37:06;342.0;1575340627;98.519;-2.142901683488061;-0.06396721443247944;-0.068359375;
02:37:07;343.0;1575340628;98.476;-2.142901683488061;-0.06396721443247944;-0.068359375;
02:37:08;344.0;1575340629;98.647;-2.142901683488061;-0.06396721443247944;-0.068359375;
02:37:09;345.0;1575340630;98.69;-2.142901683488061;-0.06396721443247944;-0.068359375;
02:37:10;346.0;1575340631;98.947;-2.142901683488061;-0.06396721443247944;-0.068359375;
02:37:11;347.0;1575340632;99.227;-2.142901683488061;-0.06396721443247944;-0.068359375;
02:37:12;348.0;1575340633;99.205;-2.142901683488061;-0.06396721443247944;-0.068359375;
02:37:13;349.0;1575340634;99.162;-2.142901683488061;-0.06396721443247944;-0.068359375;
02:37:14;350.0;1575340635;99.205;-2.142901683488061;-0.06396721443247944;-0.068359375;
02:37:15;351.0;1575340636;99.162;-2.142901683488061;-0.06396721443247944;-0.068359375;
02:37:16;352.0;1575340637;98.969;-2.142901683488061;-0.06396721443247944;-0.068359375;
02:37:17;353.0;1575340639;98.818;-2.142901683488061;-0.06396721443247944;-0.068359375;
02:37:18;354.0;1575340640;98.776;-2.142901683488061;-0.06396721443247944;-0.068359375;
02:37:19;355.0;1575340641;98.883;-2.142901683488061;-0.06396721443247944;-0.068359375;
02:37:20;356.0;1575340642;99.033;-2.142901683488061;-0.06396721443247944;-0.068359375;
02:37:21;357.0;1575340643;99.205;-2.142901683488061;-0.06396721443247944;-0.068359375;
02:37:22;358.0;1575340644;99.291;-2.142901683488061;-0.06396721443247944;-0.068359375;
02:37:23;359.0;1575340645;99.205;-2.142901683488061;-0.06396721443247944;-0.068359375;
02:37:24;360.0;1575340646;99.291;-2.142901683488061;-0.06396721443247944;-0.068359375;
02:37:25;361.0;1575340647;99.119;-2.142901683488061;-0.06396721443247944;-0.068359375;
02:37:26;362.0;1575340648;99.076;-2.142901683488061;-0.06396721443247944;-0.068359375;
02:37:27;363.0;1575340649;99.291;-2.142901683488061;-0.06396721443247944;-0.068359375;
02:37:28;364.0;1575340650;99.27;-2.142901683488061;-0.06396721443247944;-0.068359375;
02:37:29;365.0;1575340651;99.205;-2.142901683488061;-0.06396721443247944;-0.068359375;
02:37:30;366.0;1575340652;98.969;-2.142901683488061;-0.06396721443247944;-0.068359375;
02:37:31;367.0;1575340653;98.54;-2.142901683488061;-0.06396721443247944;-0.068359375;
02:37:32;368.0;1575340654;98.519;-2.142901683488061;-0.06396721443247944;-0.068359375;
02:37:33;369.0;1575340655;98.797;-2.142901683488061;-0.06396721443247944;-0.068359375;
02:37:34;370.0;1575340656;99.033;-2.142901683488061;-0.06396721443247944;-0.068359375;
02:37:35;371.0;1575340657;99.054;-2.142901683488061;-0.06396721443247944;-0.068359375;
02:37:36;372.0;1575340658;99.334;-2.142901683488061;-0.06396721443247944;-0.068359375;
02:37:37;373.0;1575340659;99.55;-2.142901683488061;-0.06396721443247944;-0.068359375;
02:37:38;374.0;1575340660;99.356;-2.142901683488061;-0.06396721443247944;-0.068359375;
02:37:39;375.0;1575340660;99.55;-2.142901683488061;-0.06396721443247944;-0.068359375;
02:37:40;376.0;1575340662;99.076;-2.142901683488061;-0.06396721443247944;-0.068359375;
02:37:41;377.0;1575340663;98.818;-2.142901683488061;-0.06396721443247944;-0.068359375;
02:37:42;378.0;1575340664;98.497;-2.142901683488061;-0.06396721443247944;-0.068359375;
02:37:43;379.0;1575340665;98.476;-2.142901683488061;-0.06396721443247944;-0.068359375;
02:37:44;380.0;1575340666;98.711;-2.142901683488061;-0.06396721443247944;-0.068359375;
02:37:45;381.0;1575340667;98.797;-2.142901683488061;-0.06396721443247944;-0.068359375;
02:37:46;382.0;1575340668;98.883;-2.142901683488061;-0.06396721443247944;-0.068359375;
02:37:47;383.0;1575340669;98.947;-2.142901683488061;-0.06396721443247944;-0.068359375;
02:37:49;385.0;1575340670;98.711;-2.142901683488061;-0.06396721443247944;-0.068359375;
02:37:50;386.0;1575340671;98.626;-2.142901683488061;-0.06396721443247944;-0.068359375;
02:37:51;387.0;1575340672;98.797;-2.142901683488061;-0.06396721443247944;-0.068359375;
02:37:52;388.0;1575340673;98.797;-2.142901683488061;-0.06396721443247944;-0.068359375;
02:37:53;389.0;1575340674;98.947;-2.142901683488061;-0.06396721443247944;-0.068359375;
02:37:54;390.0;1575340675;98.711;-2.142901683488061;-0.06396721443247944;-0.068359375;
02:37:55;391.0;1575340676;98.99;-2.142901683488061;-0.06396721443247944;-0.068359375;
02:37:56;392.0;1575340677;98.776;-2.142901683488061;-0.06396721443247944;-0.068359375;
02:37:57;393.0;1575340678;98.883;-2.142901683488061;-0.06396721443247944;-0.068359375;
02:37:58;394.0;1575340679;99.097;-2.142901683488061;-0.06396721443247944;-0.068359375;
02:37:59;395.0;1575340680;99.033;-2.142901683488061;-0.06396721443247944;-0.068359375;
02:38:00;396.0;1575340681;99.184;-2.142901683488061;-0.06396721443247944;-0.068359375;
02:38:01;397.0;1575340682;98.904;-2.142901683488061;-0.06396721443247944;-0.068359375;
02:38:02;398.0;1575340683;98.733;-2.142901683488061;-0.06396721443247944;-0.068359375;
02:38:03;399.0;1575340684;98.776;-2.142901683488061;-0.06396721443247944;-0.068359375;
02:38:04;400.0;1575340685;98.455;-2.142901683488061;-0.06396721443247944;-0.068359375;
02:38:05;401.0;1575340686;98.733;-2.142901683488061;-0.06396721443247944;-0.068359375;
02:38:06;402.0;1575340687;98.904;-2.142901683488061;-0.06396721443247944;-0.068359375;
02:38:07;403.0;1575340688;98.904;-2.142901683488061;-0.06396721443247944;-0.068359375;
02:38:08;404.0;1575340689;99.248;-2.142901683488061;-0.06396721443247944;-0.068359375;
02:38:09;405.0;1575340690;99.227;-2.142901683488061;-0.06396721443247944;-0.068359375;
02:38:10;406.0;1575340691;99.205;-2.142901683488061;-0.06396721443247944;-0.068359375;
02:38:11;407.0;1575340692;99.184;-2.142901683488061;-0.06396721443247944;-0.068359375;
02:38:12;408.0;1575340693;99.184;-2.142901683488061;-0.06396721443247944;-0.068359375;
02:38:13;409.0;1575340694;99.184;-2.142901683488061;-0.06396721443247944;-0.068359375;
02:38:14;410.0;1575340695;99.248;-2.142901683488061;-0.06396721443247944;-0.068359375;
02:38:15;411.0;1575340696;99.442;-2.142901683488061;-0.06396721443247944;-0.068359375;
02:38:16;412.0;1575340697;99.464;-2.142901683488061;-0.06396721443247944;-0.068359375;
02:38:17;413.0;1575340698;99.464;-2.142901683488061;-0.06396721443247944;-0.068359375;
02:38:18;414.0;1575340699;99.27;-2.142901683488061;-0.06396721443247944;-0.068359375;
02:38:19;415.0;1575340700;99.119;-2.142901683488061;-0.06396721443247944;-0.068359375;
02:38:20;416.0;1575340701;99.012;-2.142901683488061;-0.06396721443247944;-0.068359375;
02:38:21;417.0;1575340702;98.947;-2.142901683488061;-0.06396721443247944;-0.068359375;
02:38:22;418.0;1575340703;98.733;-2.142901683488061;-0.06396721443247944;-0.068359375;
02:38:23;419.0;1575340704;98.754;-2.142901683488061;-0.06396721443247944;-0.068359375;
02:38:24;420.0;1575340705;98.818;-2.142901683488061;-0.06396721443247944;-0.068359375;
02:38:25;421.0;1575340706;98.883;-2.142901683488061;-0.06396721443247944;-0.068359375;
02:38:26;422.0;1575340707;99.27;-2.142901683488061;-0.06396721443247944;-0.068359375;
02:38:27;423.0;1575340708;99.248;-2.142901683488061;-0.06396721443247944;-0.068359375;
02:38:28;424.0;1575340709;99.291;-2.142901683488061;-0.06396721443247944;-0.068359375;
02:38:29;425.0;1575340710;99.076;-2.142901683488061;-0.06396721443247944;-0.068359375;
02:38:30;426.0;1575340711;99.033;-2.142901683488061;-0.06396721443247944;-0.068359375;
02:38:31;427.0;1575340712;99.033;-2.142901683488061;-0.06396721443247944;-0.068359375;
02:38:32;428.0;1575340713;99.097;-2.142901683488061;-0.06396721443247944;-0.068359375;
02:38:33;429.0;1575340714;98.904;-2.142901683488061;-0.06396721443247944;-0.068359375;
02:38:34;430.0;1575340715;99.033;-2.142901683488061;-0.06396721443247944;-0.068359375;
02:38:35;431.0;1575340716;98.818;-2.142901683488061;-0.06396721443247944;-0.068359375;
02:38:36;432.0;1575340717;98.733;-2.142901683488061;-0.06396721443247944;-0.068359375;
02:38:37;433.0;1575340718;99.054;-2.142901683488061;-0.06396721443247944;-0.068359375;
02:38:38;434.0;1575340719;99.033;-2.142901683488061;-0.06396721443247944;-0.068359375;
02:38:39;435.0;1575340720;98.99;-2.142901683488061;-0.06396721443247944;-0.068359375;
02:38:40;436.0;1575340721;98.818;-2.142901683488061;-0.06396721443247944;-0.068359375;
02:38:41;437.0;1575340722;98.69;-2.142901683488061;-0.06396721443247944;-0.068359375;
02:38:42;438.0;1575340723;98.604;-2.142901683488061;-0.06396721443247944;-0.068359375;
02:38:43;439.0;1575340724;98.861;-2.142901683488061;-0.06396721443247944;-0.068359375;
02:38:44;440.0;1575340725;99.097;-2.142901683488061;-0.06396721443247944;-0.068359375;
02:38:45;441.0;1575340726;99.313;-2.142901683488061;-0.06396721443247944;-0.068359375;
02:38:46;442.0;1575340727;99.076;-2.142901683488061;-0.06396721443247944;-0.068359375;
02:38:47;443.0;1575340729;99.054;-2.142901683488061;-0.06396721443247944;-0.068359375;
02:38:48;444.0;1575340730;99.033;-2.142901683488061;-0.06396721443247944;-0.068359375;
02:38:49;445.0;1575340731;99.033;-2.142901683488061;-0.06396721443247944;-0.068359375;
02:38:50;446.0;1575340732;99.227;-2.142901683488061;-0.06396721443247944;-0.068359375;
02:38:51;447.0;1575340733;99.184;-2.142901683488061;-0.06396721443247944;-0.068359375;
02:38:53;449.0;1575340734;98.926;-2.142901683488061;-0.06396721443247944;-0.068359375;
02:38:54;450.0;1575340735;98.647;-2.142901683488061;-0.06396721443247944;-0.068359375;
02:38:55;451.0;1575340736;98.711;-2.142901683488061;-0.06396721443247944;-0.068359375;
02:38:56;452.0;1575340737;98.562;-2.142901683488061;-0.06396721443247944;-0.068359375;
02:38:57;453.0;1575340738;98.818;-2.142901683488061;-0.06396721443247944;-0.068359375;
02:38:58;454.0;1575340739;98.626;-2.142901683488061;-0.06396721443247944;-0.068359375;
02:38:59;455.0;1575340740;98.519;-2.142901683488061;-0.06396721443247944;-0.068359375;
02:39:00;456.0;1575340741;98.776;-2.142901683488061;-0.06396721443247944;-0.068359375;
02:39:01;457.0;1575340742;98.69;-2.142901683488061;-0.06396721443247944;-0.068359375;
02:39:02;458.0;1575340743;99.205;-2.142901683488061;-0.06396721443247944;-0.068359375;
02:39:03;459.0;1575340744;99.076;-2.142901683488061;-0.06396721443247944;-0.068359375;
02:39:04;460.0;1575340745;98.754;-2.142901683488061;-0.06396721443247944;-0.068359375;
02:39:05;461.0;1575340746;98.776;-2.142901683488061;-0.06396721443247944;-0.068359375;
02:39:06;462.0;1575340747;98.626;-2.142901683488061;-0.06396721443247944;-0.068359375;
02:39:07;463.0;1575340748;98.926;-2.142901683488061;-0.06396721443247944;-0.068359375;
02:39:08;464.0;1575340749;99.205;-2.142901683488061;-0.06396721443247944;-0.068359375;
02:39:09;465.0;1575340750;99.097;-2.142901683488061;-0.06396721443247944;-0.068359375;
02:39:10;466.0;1575340751;99.205;-2.142901683488061;-0.06396721443247944;-0.068359375;
02:39:11;467.0;1575340752;99.162;-2.142901683488061;-0.06396721443247944;-0.068359375;
02:39:12;468.0;1575340753;99.356;-2.142901683488061;-0.06396721443247944;-0.068359375;
02:39:13;469.0;1575340754;99.356;-2.142901683488061;-0.06396721443247944;-0.068359375;
02:39:14;470.0;1575340755;99.334;-2.142901683488061;-0.06396721443247944;-0.068359375;
02:39:15;471.0;1575340756;99.334;-2.142901683488061;-0.06396721443247944;-0.068359375;
02:39:16;472.0;1575340757;98.69;-2.142901683488061;-0.06396721443247944;-0.068359375;
02:39:17;473.0;1575340758;98.904;-2.142901683488061;-0.06396721443247944;-0.068359375;
02:39:18;474.0;1575340759;98.883;-2.142901683488061;-0.06396721443247944;-0.068359375;
02:39:19;475.0;1575340760;98.883;-2.142901683488061;-0.06396721443247944;-0.068359375;
02:39:20;476.0;1575340761;99.054;-2.142901683488061;-0.06396721443247944;-0.068359375;
02:39:21;477.0;1575340762;98.797;-2.142901683488061;-0.06396721443247944;-0.068359375;
02:39:22;478.0;1575340763;98.626;-2.142901683488061;-0.06396721443247944;-0.068359375;
02:39:23;479.0;1575340764;98.583;-2.142901683488061;-0.06396721443247944;-0.068359375;
02:39:24;480.0;1575340765;98.904;-2.142901683488061;-0.06396721443247944;-0.068359375;
02:39:25;481.0;1575340766;98.904;-2.142901683488061;-0.06396721443247944;-0.068359375;
02:39:26;482.0;1575340767;98.861;-2.142901683488061;-0.06396721443247944;-0.068359375;
02:39:27;483.0;1575340768;98.904;-2.142901683488061;-0.06396721443247944;-0.068359375;
02:39:28;484.0;1575340769;98.84;-2.142901683488061;-0.06396721443247944;-0.068359375;
02:39:29;485.0;1575340770;99.012;-2.142901683488061;-0.06396721443247944;-0.068359375;
02:39:30;486.0;1575340771;99.291;-2.142901683488061;-0.06396721443247944;-0.068359375;
02:39:31;487.0;1575340772;99.27;-2.142901683488061;-0.06396721443247944;-0.068359375;
02:39:32;488.0;1575340773;99.291;-2.142901683488061;-0.06396721443247944;-0.068359375;
02:39:33;489.0;1575340775;99.313;-2.142901683488061;-0.06396721443247944;-0.068359375;
02:39:34;490.0;1575340776;99.334;-2.142901683488061;-0.06396721443247944;-0.068359375;
02:39:35;491.0;1575340777;99.356;-2.142901683488061;-0.06396721443247944;-0.068359375;
02:39:36;492.0;1575340778;99.313;-2.142901683488061;-0.06396721443247944;-0.068359375;
02:39:37;493.0;1575340778;99.334;-2.142901683488061;-0.06396721443247944;-0.068359375;
02:39:38;494.0;1575340780;99.054;-2.142901683488061;-0.06396721443247944;-0.068359375;
02:39:39;495.0;1575340781;99.076;-2.142901683488061;-0.06396721443247944;-0.068359375;
02:39:40;496.0;1575340782;99.141;-2.142901683488061;-0.06396721443247944;-0.068359375;
02:39:41;497.0;1575340783;99.119;-2.142901683488061;-0.06396721443247944;-0.068359375;
02:39:42;498.0;1575340784;99.184;-2.142901683488061;-0.06396721443247944;-0.068359375;
02:39:43;499.0;1575340785;99.162;-2.142901683488061;-0.06396721443247944;-0.068359375;
02:39:44;500.0;1575340786;99.162;-2.142901683488061;-0.06396721443247944;-0.068359375;
02:39:45;501.0;1575340787;98.776;-2.142901683488061;-0.06396721443247944;-0.068359375;
02:39:46;502.0;1575340788;98.733;-2.142901683488061;-0.06396721443247944;-0.068359375;
02:39:47;503.0;1575340789;98.348;-2.142901683488061;-0.06396721443247944;-0.068359375;
02:39:48;504.0;1575340790;98.008;-2.142901683488061;-0.06396721443247944;-0.068359375;
02:39:49;505.0;1575340791;98.412;-2.142901683488061;-0.06396721443247944;-0.068359375;
02:39:50;506.0;1575340792;98.626;-2.142901683488061;-0.06396721443247944;-0.068359375;
02:39:51;507.0;1575340793;98.926;-2.142901683488061;-0.06396721443247944;-0.068359375;
02:39:52;508.0;1575340794;99.27;-2.142901683488061;-0.06396721443247944;-0.068359375;
02:39:53;509.0;1575340795;99.248;-2.142901683488061;-0.06396721443247944;-0.068359375;
02:39:54;510.0;1575340796;99.227;-2.142901683488061;-0.06396721443247944;-0.068359375;
02:39:55;511.0;1575340797;99.356;-2.142901683488061;-0.06396721443247944;-0.068359375;
02:39:57;513.0;1575340798;98.926;-2.142901683488061;-0.06396721443247944;-0.068359375;
02:39:58;514.0;1575340799;98.776;-2.142901683488061;-0.06396721443247944;-0.068359375;
02:39:59;515.0;1575340800;98.733;-2.142901683488061;-0.06396721443247944;-0.068359375;
02:40:00;516.0;1575340801;98.733;-2.142901683488061;-0.06396721443247944;-0.068359375;
02:40:01;517.0;1575340802;98.904;-2.142901683488061;-0.06396721443247944;-0.068359375;
02:40:02;518.0;1575340803;98.861;-2.142901683488061;-0.06396721443247944;-0.068359375;
02:40:03;519.0;1575340804;98.926;-2.142901683488061;-0.06396721443247944;-0.068359375;
02:40:04;520.0;1575340805;98.69;-2.142901683488061;-0.06396721443247944;-0.068359375;
02:40:05;521.0;1575340806;98.455;-2.142901683488061;-0.06396721443247944;-0.068359375;
02:40:06;522.0;1575340807;98.69;-2.142901683488061;-0.06396721443247944;-0.068359375;
02:40:07;523.0;1575340808;98.733;-2.142901683488061;-0.06396721443247944;-0.068359375;
02:40:08;524.0;1575340809;98.733;-2.142901683488061;-0.06396721443247944;-0.068359375;
02:40:09;525.0;1575340810;98.969;-2.142901683488061;-0.06396721443247944;-0.068359375;
02:40:10;526.0;1575340811;98.926;-2.142901683488061;-0.06396721443247944;-0.068359375;
02:40:11;527.0;1575340812;98.433;-2.142901683488061;-0.06396721443247944;-0.068359375;
02:40:12;528.0;1575340813;98.69;-2.142901683488061;-0.06396721443247944;-0.068359375;
02:40:13;529.0;1575340814;98.861;-2.142901683488061;-0.06396721443247944;-0.068359375;
02:40:14;530.0;1575340815;98.883;-2.142901683488061;-0.06396721443247944;-0.068359375;
02:40:15;531.0;1575340816;99.076;-2.142901683488061;-0.06396721443247944;-0.068359375;
02:40:16;532.0;1575340817;98.99;-2.142901683488061;-0.06396721443247944;-0.068359375;
02:40:17;533.0;1575340818;98.797;-2.142901683488061;-0.06396721443247944;-0.068359375;
02:40:18;534.0;1575340819;98.797;-2.142901683488061;-0.06396721443247944;-0.068359375;
02:40:19;535.0;1575340820;99.033;-2.142901683488061;-0.06396721443247944;-0.068359375;
02:40:20;536.0;1575340821;99.119;-2.142901683488061;-0.06396721443247944;-0.068359375;
02:40:21;537.0;1575340822;99.205;-2.142901683488061;-0.06396721443247944;-0.068359375;
02:40:22;538.0;1575340823;98.99;-2.142901683488061;-0.06396721443247944;-0.068359375;
02:40:23;539.0;1575340824;98.733;-2.142901683488061;-0.06396721443247944;-0.068359375;
02:40:24;540.0;1575340825;98.476;-2.142901683488061;-0.06396721443247944;-0.068359375;
02:40:25;541.0;1575340826;98.391;-2.142901683488061;-0.06396721443247944;-0.068359375;
02:40:26;542.0;1575340827;98.604;-2.142901683488061;-0.06396721443247944;-0.068359375;
02:40:27;543.0;1575340828;98.626;-2.142901683488061;-0.06396721443247944;-0.068359375;
02:40:28;544.0;1575340829;98.861;-2.142901683488061;-0.06396721443247944;-0.068359375;
02:40:29;545.0;1575340830;99.076;-2.142901683488061;-0.06396721443247944;-0.068359375;
02:40:30;546.0;1575340831;98.861;-2.142901683488061;-0.06396721443247944;-0.068359375;
02:40:31;547.0;1575340832;98.647;-2.142901683488061;-0.06396721443247944;-0.068359375;
02:40:32;548.0;1575340833;98.433;-2.142901683488061;-0.06396721443247944;-0.068359375;
02:40:33;549.0;1575340834;98.05;-2.142901683488061;-0.06396721443247944;-0.068359375;
02:40:34;550.0;1575340835;98.029;-2.142901683488061;-0.06396721443247944;-0.068359375;
02:40:35;551.0;1575340836;98.241;-2.142901683488061;-0.06396721443247944;-0.068359375;
02:40:36;552.0;1575340837;98.199;-2.142901683488061;-0.06396721443247944;-0.068359375;
02:40:37;553.0;1575340838;98.626;-2.142901683488061;-0.06396721443247944;-0.068359375;
02:40:38;554.0;1575340839;98.626;-2.142901683488061;-0.06396721443247944;-0.068359375;
02:40:39;555.0;1575340840;98.776;-2.142901683488061;-0.06396721443247944;-0.068359375;
02:40:40;556.0;1575340841;98.776;-2.142901683488061;-0.06396721443247944;-0.068359375;
02:40:41;557.0;1575340842;98.562;-2.142901683488061;-0.06396721443247944;-0.068359375;
02:40:42;558.0;1575340843;98.776;-2.142901683488061;-0.06396721443247944;-0.068359375;
02:40:43;559.0;1575340844;98.797;-2.142901683488061;-0.06396721443247944;-0.068359375;
02:40:44;560.0;1575340846;99.097;-2.142901683488061;-0.06396721443247944;-0.068359375;
02:40:45;561.0;1575340847;99.27;-2.142901683488061;-0.06396721443247944;-0.068359375;
02:40:46;562.0;1575340848;99.27;-2.142901683488061;-0.06396721443247944;-0.068359375;
02:40:47;563.0;1575340849;98.969;-2.142901683488061;-0.06396721443247944;-0.068359375;
02:40:48;564.0;1575340850;98.818;-2.142901683488061;-0.06396721443247944;-0.068359375;
02:40:49;565.0;1575340851;98.626;-2.142901683488061;-0.06396721443247944;-0.068359375;
02:40:50;566.0;1575340852;98.733;-2.142901683488061;-0.06396721443247944;-0.068359375;
02:40:51;567.0;1575340853;99.141;-2.142901683488061;-0.06396721443247944;-0.068359375;
02:40:52;568.0;1575340854;99.162;-2.142901683488061;-0.06396721443247944;-0.068359375;
02:40:53;569.0;1575340855;99.421;-2.142901683488061;-0.06396721443247944;-0.068359375;
02:40:54;570.0;1575340856;99.097;-2.142901683488061;-0.06396721443247944;-0.068359375;
02:40:55;571.0;1575340857;99.076;-2.142901683488061;-0.06396721443247944;-0.068359375;
02:40:56;572.0;1575340858;98.818;-2.142901683488061;-0.06396721443247944;-0.068359375;
02:40:57;573.0;1575340859;98.861;-2.142901683488061;-0.06396721443247944;-0.068359375;
02:40:58;574.0;1575340860;98.797;-2.142901683488061;-0.06396721443247944;-0.068359375;
02:40:59;575.0;1575340861;98.776;-2.142901683488061;-0.06396721443247944;-0.068359375;
02:41:01;577.0;1575340862;99.119;-2.142901683488061;-0.06396721443247944;-0.068359375;
02:41:02;578.0;1575340863;98.776;-2.142901683488061;-0.06396721443247944;-0.068359375;
02:41:03;579.0;1575340864;98.69;-2.142901683488061;-0.06396721443247944;-0.068359375;
02:41:04;580.0;1575340865;98.69;-2.142901683488061;-0.06396721443247944;-0.068359375;
02:41:05;581.0;1575340866;98.455;-2.142901683488061;-0.06396721443247944;-0.068359375;
02:41:06;582.0;1575340867;98.54;-2.142901683488061;-0.06396721443247944;-0.068359375;
02:41:07;583.0;1575340868;98.926;-2.142901683488061;-0.06396721443247944;-0.068359375;
02:41:08;584.0;1575340869;98.69;-2.142901683488061;-0.06396721443247944;-0.068359375;
02:41:09;585.0;1575340870;98.904;-2.142901683488061;-0.06396721443247944;-0.068359375;
02:41:10;586.0;1575340871;98.904;-2.142901683488061;-0.06396721443247944;-0.068359375;
02:41:11;587.0;1575340872;98.904;-2.142901683488061;-0.06396721443247944;-0.068359375;
02:41:12;588.0;1575340873;99.119;-2.142901683488061;-0.06396721443247944;-0.068359375;
02:41:13;589.0;1575340874;98.883;-2.142901683488061;-0.06396721443247944;-0.068359375;
02:41:14;590.0;1575340875;99.119;-2.142901683488061;-0.06396721443247944;-0.068359375;
02:41:15;591.0;1575340876;98.733;-2.142901683488061;-0.06396721443247944;-0.068359375;
02:41:16;592.0;1575340877;98.519;-2.142901683488061;-0.06396721443247944;-0.068359375;
02:41:17;593.0;1575340878;98.562;-2.142901683488061;-0.06396721443247944;-0.068359375;
02:41:18;594.0;1575340879;98.497;-2.142901683488061;-0.06396721443247944;-0.068359375;
02:41:19;595.0;1575340880;98.84;-2.142901683488061;-0.06396721443247944;-0.068359375;
02:41:20;596.0;1575340881;99.097;-2.142901683488061;-0.06396721443247944;-0.068359375;
02:41:21;597.0;1575340882;99.27;-2.142901683488061;-0.06396721443247944;-0.068359375;
02:41:22;598.0;1575340883;99.291;-2.142901683488061;-0.06396721443247944;-0.068359375;
02:41:23;599.0;1575340884;99.291;-2.142901683488061;-0.06396721443247944;-0.068359375;
02:41:24;600.0;1575340885;99.313;-2.142901683488061;-0.06396721443247944;-0.068359375;
02:41:25;601.0;1575340886;99.054;-2.142901683488061;-0.06396721443247944;-0.068359375;
02:41:26;602.0;1575340887;98.797;-2.142901683488061;-0.06396721443247944;-0.068359375;
02:41:27;603.0;1575340888;98.797;-2.142901683488061;-0.06396721443247944;-0.068359375;
02:41:28;604.0;1575340889;98.754;-2.142901683488061;-0.06396721443247944;-0.068359375;
02:41:29;605.0;1575340890;98.818;-2.142901683488061;-0.06396721443247944;-0.068359375;
02:41:30;606.0;1575340891;98.861;-2.142901683488061;-0.06396721443247944;-0.068359375;
02:41:31;607.0;1575340892;98.626;-2.142901683488061;-0.06396721443247944;-0.068359375;
02:41:32;608.0;1575340893;98.22;-2.142901683488061;-0.06396721443247944;-0.068359375;
02:41:33;609.0;1575340894;98.156;-2.142901683488061;-0.06396721443247944;-0.068359375;
02:41:34;610.0;1575340895;98.348;-2.142901683488061;-0.06396721443247944;-0.068359375;
02:41:36;612.0;1575340896;99.119;-2.142901683488061;-0.06396721443247944;-0.068359375;
02:41:37;613.0;1575340898;99.033;-2.142901683488061;-0.06396721443247944;-0.068359375;
02:41:38;614.0;1575340899;99.054;-2.142901683488061;-0.06396721443247944;-0.068359375;
02:41:39;615.0;1575340900;98.711;-2.142901683488061;-0.06396721443247944;-0.068359375;
02:41:40;616.0;1575340901;98.263;-2.142901683488061;-0.06396721443247944;-0.068359375;
02:41:41;617.0;1575340902;98.22;-2.142901683488061;-0.06396721443247944;-0.068359375;
02:41:42;618.0;1575340903;97.923;-2.142901683488061;-0.06396721443247944;-0.068359375;
02:41:43;619.0;1575340904;97.923;-2.142901683488061;-0.06396721443247944;-0.068359375;
02:41:44;620.0;1575340905;98.327;-2.142901683488061;-0.06396721443247944;-0.068359375;
02:41:45;621.0;1575340906;98.327;-2.142901683488061;-0.06396721443247944;-0.068359375;
02:41:46;622.0;1575340907;98.583;-2.142901683488061;-0.06396721443247944;-0.068359375;
02:41:47;623.0;1575340908;98.733;-2.142901683488061;-0.06396721443247944;-0.068359375;
02:41:48;624.0;1575340909;98.562;-2.142901683488061;-0.06396721443247944;-0.068359375;
02:41:49;625.0;1575340910;98.583;-2.142901683488061;-0.06396721443247944;-0.068359375;
02:41:50;626.0;1575340911;98.647;-2.142901683488061;-0.06396721443247944;-0.068359375;
02:41:51;627.0;1575340912;98.776;-2.142901683488061;-0.06396721443247944;-0.068359375;
02:41:52;628.0;1575340913;98.818;-2.142901683488061;-0.06396721443247944;-0.068359375;
02:41:53;629.0;1575340914;98.99;-2.142901683488061;-0.06396721443247944;-0.068359375;
02:41:54;630.0;1575340916;98.969;-2.142901683488061;-0.06396721443247944;-0.068359375;
02:41:55;631.0;1575340917;98.476;-2.142901683488061;-0.06396721443247944;-0.068359375;
02:41:56;632.0;1575340918;98.369;-2.142901683488061;-0.06396721443247944;-0.068359375;
02:41:57;633.0;1575340919;98.135;-2.142901683488061;-0.06396721443247944;-0.068359375;
02:41:58;634.0;1575340920;97.944;-2.142901683488061;-0.06396721443247944;-0.068359375;
02:41:59;635.0;1575340921;98.433;-2.142901683488061;-0.06396721443247944;-0.068359375;
02:42:00;636.0;1575340922;98.412;-2.142901683488061;-0.06396721443247944;-0.068359375;
02:42:01;637.0;1575340923;98.604;-2.142901683488061;-0.06396721443247944;-0.068359375;
02:42:02;638.0;1575340924;98.348;-2.142901683488061;-0.06396721443247944;-0.068359375;
02:42:03;639.0;1575340925;98.369;-2.142901683488061;-0.06396721443247944;-0.068359375;
02:42:05;641.0;1575340926;98.647;-2.142901683488061;-0.06396721443247944;-0.068359375;
02:42:06;642.0;1575340927;98.647;-2.142901683488061;-0.06396721443247944;-0.068359375;
02:42:07;643.0;1575340928;98.861;-2.142901683488061;-0.06396721443247944;-0.068359375;
02:42:08;644.0;1575340929;98.583;-2.142901683488061;-0.06396721443247944;-0.068359375;
02:42:09;645.0;1575340930;98.604;-2.142901683488061;-0.06396721443247944;-0.068359375;
02:42:10;646.0;1575340931;98.412;-2.142901683488061;-0.06396721443247944;-0.068359375;
02:42:11;647.0;1575340932;98.391;-2.142901683488061;-0.06396721443247944;-0.068359375;
02:42:12;648.0;1575340933;98.391;-2.142901683488061;-0.06396721443247944;-0.068359375;
02:42:13;649.0;1575340934;98.369;-2.142901683488061;-0.06396721443247944;-0.068359375;
02:42:14;650.0;1575340935;98.562;-2.142901683488061;-0.06396721443247944;-0.068359375;
02:42:15;651.0;1575340936;98.604;-2.142901683488061;-0.06396721443247944;-0.068359375;
02:42:16;652.0;1575340937;98.818;-2.142901683488061;-0.06396721443247944;-0.068359375;
02:42:17;653.0;1575340938;98.818;-2.142901683488061;-0.06396721443247944;-0.068359375;
02:42:18;654.0;1575340939;98.904;-2.142901683488061;-0.06396721443247944;-0.068359375;
02:42:19;655.0;1575340940;98.84;-2.142901683488061;-0.06396721443247944;-0.068359375;
02:42:20;656.0;1575340941;98.647;-2.142901683488061;-0.06396721443247944;-0.068359375;
02:42:21;657.0;1575340942;98.476;-2.142901683488061;-0.06396721443247944;-0.068359375;
02:42:22;658.0;1575340943;98.455;-2.142901683488061;-0.06396721443247944;-0.068359375;
02:42:23;659.0;1575340944;98.562;-2.142901683488061;-0.06396721443247944;-0.068359375;
02:42:24;660.0;1575340945;98.69;-2.142901683488061;-0.06396721443247944;-0.068359375;
02:42:25;661.0;1575340946;98.583;-2.142901683488061;-0.06396721443247944;-0.068359375;
02:42:26;662.0;1575340947;98.519;-2.142901683488061;-0.06396721443247944;-0.068359375;
02:42:27;663.0;1575340948;98.562;-2.142901683488061;-0.06396721443247944;-0.068359375;
02:42:28;664.0;1575340949;98.455;-2.142901683488061;-0.06396721443247944;-0.068359375;
02:42:29;665.0;1575340950;98.497;-2.142901683488061;-0.06396721443247944;-0.068359375;
02:42:30;666.0;1575340951;98.583;-2.142901683488061;-0.06396721443247944;-0.068359375;
02:42:31;667.0;1575340952;98.284;-2.142901683488061;-0.06396721443247944;-0.068359375;
02:42:32;668.0;1575340953;98.263;-2.142901683488061;-0.06396721443247944;-0.068359375;
02:42:33;669.0;1575340954;98.305;-2.142901683488061;-0.06396721443247944;-0.068359375;
02:42:34;670.0;1575340955;98.22;-2.142901683488061;-0.06396721443247944;-0.068359375;
02:42:35;671.0;1575340956;98.668;-2.142901683488061;-0.06396721443247944;-0.068359375;
02:42:36;672.0;1575340957;98.562;-2.142901683488061;-0.06396721443247944;-0.068359375;
02:42:37;673.0;1575340958;98.54;-2.142901683488061;-0.06396721443247944;-0.068359375;
02:42:38;674.0;1575340959;98.54;-2.142901683488061;-0.06396721443247944;-0.068359375;
02:42:39;675.0;1575340960;98.562;-2.142901683488061;-0.06396721443247944;-0.068359375;
02:42:40;676.0;1575340961;98.668;-2.142901683488061;-0.06396721443247944;-0.068359375;
02:42:41;677.0;1575340963;98.455;-2.142901683488061;-0.06396721443247944;-0.068359375;
02:42:42;678.0;1575340964;98.69;-2.142901683488061;-0.06396721443247944;-0.068359375;
02:42:43;679.0;1575340965;98.626;-2.142901683488061;-0.06396721443247944;-0.068359375;
02:42:44;680.0;1575340966;98.583;-2.142901683488061;-0.06396721443247944;-0.068359375;
02:42:45;681.0;1575340967;98.626;-2.142901683488061;-0.06396721443247944;-0.068359375;
02:42:46;682.0;1575340968;98.327;-2.142901683488061;-0.06396721443247944;-0.068359375;
02:42:47;683.0;1575340969;98.156;-2.142901683488061;-0.06396721443247944;-0.068359375;
02:42:48;684.0;1575340970;98.178;-2.142901683488061;-0.06396721443247944;-0.068359375;
02:42:49;685.0;1575340971;98.583;-2.142901683488061;-0.06396721443247944;-0.068359375;
02:42:50;686.0;1575340972;98.455;-2.142901683488061;-0.06396721443247944;-0.068359375;
02:42:51;687.0;1575340973;98.029;-2.142901683488061;-0.06396721443247944;-0.068359375;
02:42:52;688.0;1575340974;98.263;-2.142901683488061;-0.06396721443247944;-0.068359375;
02:42:53;689.0;1575340975;98.263;-2.142901683488061;-0.06396721443247944;-0.068359375;
02:42:54;690.0;1575340976;98.241;-2.142901683488061;-0.06396721443247944;-0.068359375;
02:42:55;691.0;1575340977;98.711;-2.142901683488061;-0.06396721443247944;-0.068359375;
02:42:56;692.0;1575340978;98.733;-2.142901683488061;-0.06396721443247944;-0.068359375;
02:42:57;693.0;1575340979;98.519;-2.142901683488061;-0.06396721443247944;-0.068359375;
02:42:58;694.0;1575340980;98.733;-2.142901683488061;-0.06396721443247944;-0.068359375;
02:42:59;695.0;1575340981;98.69;-2.142901683488061;-0.06396721443247944;-0.068359375;
02:43:00;696.0;1575340982;98.433;-2.142901683488061;-0.06396721443247944;-0.068359375;
02:43:01;697.0;1575340983;97.965;-2.142901683488061;-0.06396721443247944;-0.068359375;
02:43:02;698.0;1575340984;97.986;-2.142901683488061;-0.06396721443247944;-0.068359375;
02:43:03;699.0;1575340985;98.22;-2.142901683488061;-0.06396721443247944;-0.068359375;
02:43:04;700.0;1575340986;98.071;-2.142901683488061;-0.06396721443247944;-0.068359375;
02:43:05;701.0;1575340987;98.562;-2.142901683488061;-0.06396721443247944;-0.068359375;
02:43:06;702.0;1575340988;98.135;-2.142901683488061;-0.06396721443247944;-0.068359375;
02:43:07;703.0;1575340989;97.859;-2.142901683488061;-0.06396721443247944;-0.068359375;
02:43:09;705.0;1575340990;97.795;-2.142901683488061;-0.06396721443247944;-0.068359375;
02:43:10;706.0;1575340991;97.563;-2.142901683488061;-0.06396721443247944;-0.068359375;
02:43:11;707.0;1575340992;98.263;-2.142901683488061;-0.06396721443247944;-0.068359375;
02:43:12;708.0;1575340993;98.029;-2.142901683488061;-0.06396721443247944;-0.068359375;
02:43:13;709.0;1575340994;98.241;-2.142901683488061;-0.06396721443247944;-0.068359375;
02:43:14;710.0;1575340995;98.071;-2.142901683488061;-0.06396721443247944;-0.068359375;
02:43:15;711.0;1575340996;98.071;-2.142901683488061;-0.06396721443247944;-0.068359375;
02:43:16;712.0;1575340997;98.114;-2.142901683488061;-0.06396721443247944;-0.068359375;
02:43:17;713.0;1575340998;97.689;-2.142901683488061;-0.06396721443247944;-0.068359375;
02:43:18;714.0;1575340999;98.05;-2.142901683488061;-0.06396721443247944;-0.068359375;
02:43:19;715.0;1575341000;97.351;-2.142901683488061;-0.06396721443247944;-0.068359375;
02:43:20;716.0;1575341001;97.626;-2.142901683488061;-0.06396721443247944;-0.068359375;
02:43:21;717.0;1575341002;98.029;-2.142901683488061;-0.06396721443247944;-0.068359375;
02:43:22;718.0;1575341003;98.05;-2.142901683488061;-0.06396721443247944;-0.068359375;
02:43:23;719.0;1575341004;98.733;-2.142901683488061;-0.06396721443247944;-0.068359375;
02:43:24;720.0;1575341005;98.647;-2.142901683488061;-0.06396721443247944;-0.068359375;
02:43:25;721.0;1575341006;98.711;-2.142901683488061;-0.06396721443247944;-0.068359375;
02:43:26;722.0;1575341007;98.263;-2.142901683488061;-0.06396721443247944;-0.068359375;
02:43:27;723.0;1575341008;98.284;-2.142901683488061;-0.06396721443247944;-0.068359375;
02:43:28;724.0;1575341009;98.327;-2.142901683488061;-0.06396721443247944;-0.068359375;
02:43:29;725.0;1575341010;98.327;-2.142901683488061;-0.06396721443247944;-0.068359375;
02:43:30;726.0;1575341011;98.519;-2.142901683488061;-0.06396721443247944;-0.068359375;
02:43:31;727.0;1575341012;98.241;-2.142901683488061;-0.06396721443247944;-0.068359375;
02:43:32;728.0;1575341013;98.05;-2.142901683488061;-0.06396721443247944;-0.068359375;
02:43:34;730.0;1575341014;98.156;-2.142901683488061;-0.06396721443247944;-0.068359375;
02:43:35;731.0;1575341016;98.391;-2.142901683488061;-0.06396721443247944;-0.068359375;
02:43:36;732.0;1575341017;98.562;-2.142901683488061;-0.06396721443247944;-0.068359375;
02:43:37;733.0;1575341018;98.284;-2.142901683488061;-0.06396721443247944;-0.068359375;
02:43:38;734.0;1575341019;98.22;-2.142901683488061;-0.06396721443247944;-0.068359375;
02:43:39;735.0;1575341020;97.944;-2.142901683488061;-0.06396721443247944;-0.068359375;
02:43:40;736.0;1575341021;98.156;-2.142901683488061;-0.06396721443247944;-0.068359375;
02:43:41;737.0;1575341022;98.476;-2.142901683488061;-0.06396721443247944;-0.068359375;
02:43:42;738.0;1575341023;98.476;-2.142901683488061;-0.06396721443247944;-0.068359375;
02:43:43;739.0;1575341024;98.327;-2.142901683488061;-0.06396721443247944;-0.068359375;
02:43:44;740.0;1575341025;98.093;-2.142901683488061;-0.06396721443247944;-0.068359375;
02:43:45;741.0;1575341026;98.391;-2.142901683488061;-0.06396721443247944;-0.068359375;
02:43:46;742.0;1575341027;98.114;-2.142901683488061;-0.06396721443247944;-0.068359375;
02:43:47;743.0;1575341028;98.071;-2.142901683488061;-0.06396721443247944;-0.068359375;
02:43:48;744.0;1575341029;97.817;-2.142901683488061;-0.06396721443247944;-0.068359375;
02:43:49;745.0;1575341030;97.689;-2.142901683488061;-0.06396721443247944;-0.068359375;
02:43:50;746.0;1575341031;98.135;-2.142901683488061;-0.06396721443247944;-0.068359375;
02:43:51;747.0;1575341032;98.391;-2.142901683488061;-0.06396721443247944;-0.068359375;
02:43:52;748.0;1575341033;98.733;-2.142901683488061;-0.06396721443247944;-0.068359375;
02:43:53;749.0;1575341034;98.071;-2.142901683488061;-0.06396721443247944;-0.068359375;
02:43:54;750.0;1575341035;97.499;-2.142901683488061;-0.06396721443247944;-0.068359375;
02:43:55;751.0;1575341036;97.478;-2.142901683488061;-0.06396721443247944;-0.068359375;
02:43:56;752.0;1575341037;97.394;-2.142901683488061;-0.06396721443247944;-0.068359375;
02:43:57;753.0;1575341038;98.093;-2.142901683488061;-0.06396721443247944;-0.068359375;
02:43:58;754.0;1575341039;98.05;-2.142901683488061;-0.06396721443247944;-0.068359375;
02:43:59;755.0;1575341040;97.859;-2.142901683488061;-0.06396721443247944;-0.068359375;
02:44:00;756.0;1575341041;97.859;-2.142901683488061;-0.06396721443247944;-0.068359375;
02:44:01;757.0;1575341042;97.584;-2.142901683488061;-0.06396721443247944;-0.068359375;
02:44:02;758.0;1575341043;97.563;-2.142901683488061;-0.06396721443247944;-0.068359375;
02:44:03;759.0;1575341044;97.563;-2.142901683488061;-0.06396721443247944;-0.068359375;
02:44:04;760.0;1575341045;97.647;-2.142901683488061;-0.06396721443247944;-0.068359375;
02:44:05;761.0;1575341046;98.029;-2.142901683488061;-0.06396721443247944;-0.068359375;
02:44:06;762.0;1575341047;98.263;-2.142901683488061;-0.06396721443247944;-0.068359375;
02:44:07;763.0;1575341048;98.05;-2.142901683488061;-0.06396721443247944;-0.068359375;
02:44:08;764.0;1575341049;97.986;-2.142901683488061;-0.06396721443247944;-0.068359375;
02:44:09;765.0;1575341050;97.373;-2.142901683488061;-0.06396721443247944;-0.068359375;
02:44:10;766.0;1575341052;97.373;-2.142901683488061;-0.06396721443247944;-0.068359375;
02:44:11;767.0;1575341053;97.795;-2.142901683488061;-0.06396721443247944;-0.068359375;
02:44:13;769.0;1575341054;97.584;-2.142901683488061;-0.06396721443247944;-0.068359375;
02:44:14;770.0;1575341055;97.753;-2.142901683488061;-0.06396721443247944;-0.068359375;
02:44:15;771.0;1575341056;97.795;-2.142901683488061;-0.06396721443247944;-0.068359375;
02:44:16;772.0;1575341057;97.795;-2.142901683488061;-0.06396721443247944;-0.068359375;
02:44:17;773.0;1575341058;97.605;-2.142901683488061;-0.06396721443247944;-0.068359375;
02:44:18;774.0;1575341059;97.626;-2.142901683488061;-0.06396721443247944;-0.068359375;
02:44:19;775.0;1575341060;98.071;-2.142901683488061;-0.06396721443247944;-0.068359375;
02:44:20;776.0;1575341061;98.05;-2.142901683488061;-0.06396721443247944;-0.068359375;
02:44:21;777.0;1575341062;98.22;-2.142901683488061;-0.06396721443247944;-0.068359375;
02:44:22;778.0;1575341063;98.05;-2.142901683488061;-0.06396721443247944;-0.068359375;
02:44:23;779.0;1575341064;97.753;-2.142901683488061;-0.06396721443247944;-0.068359375;
02:44:24;780.0;1575341065;97.584;-2.142901683488061;-0.06396721443247944;-0.068359375;
02:44:25;781.0;1575341066;97.626;-2.142901683488061;-0.06396721443247944;-0.068359375;
02:44:26;782.0;1575341067;97.626;-2.142901683488061;-0.06396721443247944;-0.068359375;
02:44:27;783.0;1575341068;97.394;-2.142901683488061;-0.06396721443247944;-0.068359375;
02:44:28;784.0;1575341069;97.351;-2.142901683488061;-0.06396721443247944;-0.068359375;
02:44:29;785.0;1575341070;97.478;-2.142901683488061;-0.06396721443247944;-0.068359375;
02:44:30;786.0;1575341071;97.541;-2.142901683488061;-0.06396721443247944;-0.068359375;
02:44:31;787.0;1575341072;97.774;-2.142901683488061;-0.06396721443247944;-0.068359375;
02:44:33;789.0;1575341073;97.944;-2.142901683488061;-0.06396721443247944;-0.068359375;
02:44:34;790.0;1575341075;98.284;-2.142901683488061;-0.06396721443247944;-0.068359375;
02:44:35;791.0;1575341076;97.711;-2.142901683488061;-0.06396721443247944;-0.068359375;
02:44:36;792.0;1575341077;97.668;-2.142901683488061;-0.06396721443247944;-0.068359375;
02:44:37;793.0;1575341078;97.099;-2.142901683488061;-0.06396721443247944;-0.068359375;
02:44:38;794.0;1575341079;97.12;-2.142901683488061;-0.06396721443247944;-0.068359375;
02:44:39;795.0;1575341080;97.499;-2.142901683488061;-0.06396721443247944;-0.068359375;
02:44:40;796.0;1575341081;97.541;-2.142901683488061;-0.06396721443247944;-0.068359375;
02:44:41;797.0;1575341082;97.986;-2.142901683488061;-0.06396721443247944;-0.068359375;
02:44:42;798.0;1575341083;98.029;-2.142901683488061;-0.06396721443247944;-0.068359375;
02:44:43;799.0;1575341084;98.029;-2.142901683488061;-0.06396721443247944;-0.068359375;
02:44:44;800.0;1575341085;98.05;-2.142901683488061;-0.06396721443247944;-0.068359375;
02:44:45;801.0;1575341086;97.901;-2.142901683488061;-0.06396721443247944;-0.068359375;
02:44:46;802.0;1575341087;97.838;-2.142901683488061;-0.06396721443247944;-0.068359375;
02:44:47;803.0;1575341088;97.774;-2.142901683488061;-0.06396721443247944;-0.068359375;
02:44:48;804.0;1575341089;97.795;-2.142901683488061;-0.06396721443247944;-0.068359375;
02:44:49;805.0;1575341090;97.795;-2.142901683488061;-0.06396721443247944;-0.068359375;
02:44:50;806.0;1575341091;97.605;-2.142901683488061;-0.06396721443247944;-0.068359375;
02:44:51;807.0;1575341092;97.944;-2.142901683488061;-0.06396721443247944;-0.068359375;
02:44:52;808.0;1575341093;97.944;-2.142901683488061;-0.06396721443247944;-0.068359375;
02:44:53;809.0;1575341094;97.689;-2.142901683488061;-0.06396721443247944;-0.068359375;
02:44:54;810.0;1575341095;97.711;-2.142901683488061;-0.06396721443247944;-0.068359375;
02:44:55;811.0;1575341096;97.626;-2.142901683488061;-0.06396721443247944;-0.068359375;
02:44:56;812.0;1575341097;97.584;-2.142901683488061;-0.06396721443247944;-0.068359375;
02:44:57;813.0;1575341098;97.859;-2.142901683488061;-0.06396721443247944;-0.068359375;
02:44:58;814.0;1575341099;97.838;-2.142901683488061;-0.06396721443247944;-0.068359375;
02:44:59;815.0;1575341100;97.88;-2.142901683488061;-0.06396721443247944;-0.068359375;
02:45:00;816.0;1575341102;97.859;-2.142901683488061;-0.06396721443247944;-0.068359375;
02:45:01;817.0;1575341103;97.965;-2.142901683488061;-0.06396721443247944;-0.068359375;
02:45:02;818.0;1575341104;97.732;-2.142901683488061;-0.06396721443247944;-0.068359375;
02:45:03;819.0;1575341105;97.689;-2.142901683488061;-0.06396721443247944;-0.068359375;
02:45:04;820.0;1575341106;97.944;-2.142901683488061;-0.06396721443247944;-0.068359375;
02:45:05;821.0;1575341107;97.838;-2.142901683488061;-0.06396721443247944;-0.068359375;
02:45:06;822.0;1575341108;98.305;-2.142901683488061;-0.06396721443247944;-0.068359375;
02:45:07;823.0;1575341109;97.901;-2.142901683488061;-0.06396721443247944;-0.068359375;
02:45:08;824.0;1575341110;97.88;-2.142901683488061;-0.06396721443247944;-0.068359375;
02:45:09;825.0;1575341111;98.114;-2.142901683488061;-0.06396721443247944;-0.068359375;
02:45:10;826.0;1575341112;98.327;-2.142901683488061;-0.06396721443247944;-0.068359375;
02:45:11;827.0;1575341113;98.54;-2.142901683488061;-0.06396721443247944;-0.068359375;
02:45:12;828.0;1575341114;98.284;-2.142901683488061;-0.06396721443247944;-0.068359375;
02:45:13;829.0;1575341115;98.008;-2.142901683488061;-0.06396721443247944;-0.068359375;
02:45:14;830.0;1575341116;97.373;-2.142901683488061;-0.06396721443247944;-0.068359375;
02:45:15;831.0;1575341117;97.647;-2.142901683488061;-0.06396721443247944;-0.068359375;
02:45:16;832.0;1575341118;97.859;-2.142901683488061;-0.06396721443247944;-0.068359375;
02:45:18;834.0;1575341119;97.711;-2.142901683488061;-0.06396721443247944;-0.068359375;
02:45:19;835.0;1575341120;97.88;-2.142901683488061;-0.06396721443247944;-0.068359375;
02:45:20;836.0;1575341121;97.436;-2.142901683488061;-0.06396721443247944;-0.068359375;
02:45:21;837.0;1575341122;97.647;-2.142901683488061;-0.06396721443247944;-0.068359375;
02:45:22;838.0;1575341123;97.584;-2.142901683488061;-0.06396721443247944;-0.068359375;
02:45:23;839.0;1575341124;97.647;-2.142901683488061;-0.06396721443247944;-0.068359375;
02:45:24;840.0;1575341125;97.584;-2.142901683488061;-0.06396721443247944;-0.068359375;
02:45:25;841.0;1575341126;97.183;-2.142901683488061;-0.06396721443247944;-0.068359375;
02:45:26;842.0;1575341127;97.373;-2.142901683488061;-0.06396721443247944;-0.068359375;
02:45:27;843.0;1575341128;97.563;-2.142901683488061;-0.06396721443247944;-0.068359375;
02:45:28;844.0;1575341129;98.029;-2.142901683488061;-0.06396721443247944;-0.068359375;
02:45:29;845.0;1575341130;98.263;-2.142901683488061;-0.06396721443247944;-0.068359375;
02:45:30;846.0;1575341131;98.284;-2.142901683488061;-0.06396721443247944;-0.068359375;
02:45:31;847.0;1575341132;98.284;-2.142901683488061;-0.06396721443247944;-0.068359375;
02:45:32;848.0;1575341132;98.05;-2.142901683488061;-0.06396721443247944;-0.068359375;
02:45:33;849.0;1575341134;97.859;-2.142901683488061;-0.06396721443247944;-0.068359375;
02:45:34;850.0;1575341135;97.859;-2.142901683488061;-0.06396721443247944;-0.068359375;
02:45:35;851.0;1575341136;97.668;-2.142901683488061;-0.06396721443247944;-0.068359375;
02:45:36;852.0;1575341137;97.647;-2.142901683488061;-0.06396721443247944;-0.068359375;
02:45:37;853.0;1575341138;98.05;-2.142901683488061;-0.06396721443247944;-0.068359375;
02:45:38;854.0;1575341139;98.071;-2.142901683488061;-0.06396721443247944;-0.068359375;
02:45:39;855.0;1575341140;98.241;-2.142901683488061;-0.06396721443247944;-0.068359375;
02:45:40;856.0;1575341141;97.923;-2.142901683488061;-0.06396721443247944;-0.068359375;
02:45:41;857.0;1575341142;97.52;-2.142901683488061;-0.06396721443247944;-0.068359375;
02:45:42;858.0;1575341143;97.499;-2.142901683488061;-0.06396721443247944;-0.068359375;
02:45:43;859.0;1575341144;96.805;-2.142901683488061;-0.06396721443247944;-0.068359375;
02:45:44;860.0;1575341145;97.141;-2.142901683488061;-0.06396721443247944;-0.068359375;
02:45:45;861.0;1575341146;97.309;-2.142901683488061;-0.06396721443247944;-0.068359375;
02:45:46;862.0;1575341147;96.889;-2.142901683488061;-0.06396721443247944;-0.068359375;
02:45:47;863.0;1575341148;97.457;-2.142901683488061;-0.06396721443247944;-0.068359375;
02:45:48;864.0;1575341149;97.373;-2.142901683488061;-0.06396721443247944;-0.068359375;
02:45:49;865.0;1575341150;97.183;-2.142901683488061;-0.06396721443247944;-0.068359375;
02:45:50;866.0;1575341151;97.584;-2.142901683488061;-0.06396721443247944;-0.068359375;
02:45:51;867.0;1575341152;97.499;-2.142901683488061;-0.06396721443247944;-0.068359375;
02:45:52;868.0;1575341154;97.605;-2.142901683488061;-0.06396721443247944;-0.068359375;
