Time;Seconds from start for linreg;Unix Time;ch1 po2;Uc;Ubl;Vc;
10:40:25;-1.0;1573296026;96.442;19.058015743500025;0.5055176589787804;-0.46875;
10:40:26;0.0;1573296027;96.316;19.187607031105912;0.5089550936632867;-0.47119140625;
10:40:27;1.0;1573296028;96.023;18.92842445589414;0.5020802242942742;-0.46630859375;
10:40:28;2.0;1573296029;95.961;19.187607031105912;0.5089550936632867;-0.47119140625;
10:40:29;3.0;1573296030;95.669;18.92842445589414;0.5020802242942742;-0.46630859375;
10:40:30;4.0;1573296031;96.002;18.79883316828825;0.4986427896097679;-0.4638671875;
10:40:31;5.0;1573296032;96.275;19.187607031105912;0.5089550936632867;-0.47119140625;
10:40:32;6.0;1573296034;96.358;18.92842445589414;0.5020802242942742;-0.46630859375;
10:40:33;7.0;1573296034;96.884;19.187607031105912;0.5089550936632867;-0.47119140625;
10:40:34;8.0;1573296035;96.337;19.187607031105912;0.5089550936632867;-0.47119140625;
10:40:35;9.0;1573296037;96.275;18.92842445589414;0.5020802242942742;-0.46630859375;
10:40:36;10.0;1573296037;95.419;19.058015743500025;0.5055176589787804;-0.46875;
10:40:37;11.0;1573296038;95.212;19.187607031105912;0.5089550936632867;-0.47119140625;
10:40:38;12.0;1573296039;95.274;19.446789606317687;0.5158299630322993;-0.47607421875;
10:40:39;13.0;1573296040;95.047;19.317198318711796;0.5123925283477929;-0.4736328125;
10:40:40;14.0;1573296042;96.128;19.187607031105912;0.5089550936632867;-0.47119140625;
10:40:41;15.0;1573296043;96.128;19.446789606317687;0.5158299630322993;-0.47607421875;
10:40:42;16.0;1573296043;96.589;19.705972181529457;0.5227048324013118;-0.48095703125;
10:40:43;17.0;1573296045;96.632;19.187607031105912;0.5089550936632867;-0.47119140625;
10:40:44;18.0;1573296046;96.065;18.92842445589414;0.5020802242942742;-0.46630859375;
10:40:45;19.0;1573296046;95.752;19.317198318711796;0.5123925283477929;-0.4736328125;
10:40:46;20.0;1573296048;95.254;19.187607031105912;0.5089550936632867;-0.47119140625;
10:40:47;21.0;1573296048;95.233;19.187607031105912;0.5089550936632867;-0.47119140625;
10:40:48;22.0;1573296049;95.544;19.187607031105912;0.5089550936632867;-0.47119140625;
10:40:49;23.0;1573296051;95.815;19.187607031105912;0.5089550936632867;-0.47119140625;
10:40:50;24.0;1573296051;95.815;19.187607031105912;0.5089550936632867;-0.47119140625;
10:40:51;25.0;1573296053;95.856;18.92842445589414;0.5020802242942742;-0.46630859375;
10:40:52;26.0;1573296054;95.815;19.058015743500025;0.5055176589787804;-0.46875;
10:40:53;27.0;1573296054;96.044;19.705972181529457;0.5227048324013118;-0.48095703125;
10:40:54;28.0;1573296056;96.547;19.187607031105912;0.5089550936632867;-0.47119140625;
10:40:55;29.0;1573296057;97.075;18.92842445589414;0.5020802242942742;-0.46630859375;
10:40:56;30.0;1573296057;97.075;19.446789606317687;0.5158299630322993;-0.47607421875;
10:40:57;31.0;1573296059;96.821;19.187607031105912;0.5089550936632867;-0.47119140625;
10:40:58;32.0;1573296060;96.611;18.92842445589414;0.5020802242942742;-0.46630859375;
10:40:59;33.0;1573296061;95.773;19.058015743500025;0.5055176589787804;-0.46875;
10:41:00;34.0;1573296062;95.815;19.187607031105912;0.5089550936632867;-0.47119140625;
10:41:01;35.0;1573296063;95.523;18.410059305470593;0.48833048555624914;-0.45654296875;
10:41:02;36.0;1573296064;95.752;19.187607031105912;0.5089550936632867;-0.47119140625;
10:41:03;37.0;1573296065;96.275;19.187607031105912;0.5089550936632867;-0.47119140625;
10:41:04;38.0;1573296066;96.233;19.187607031105912;0.5089550936632867;-0.47119140625;
10:41:05;39.0;1573296067;96.611;19.058015743500025;0.5055176589787804;-0.46875;
10:41:06;40.0;1573296068;96.863;19.187607031105912;0.5089550936632867;-0.47119140625;
10:41:07;41.0;1573296069;97.244;19.446789606317687;0.5158299630322993;-0.47607421875;
10:41:08;42.0;1573296070;97.075;19.187607031105912;0.5089550936632867;-0.47119140625;
10:41:09;43.0;1573296071;97.308;19.317198318711796;0.5123925283477929;-0.4736328125;
10:41:11;45.0;1573296072;96.758;19.187607031105912;0.5089550936632867;-0.47119140625;
10:41:12;46.0;1573296073;96.379;19.058015743500025;0.5055176589787804;-0.46875;
10:41:13;47.0;1573296074;96.8;18.92842445589414;0.5020802242942742;-0.46630859375;
10:41:14;48.0;1573296075;96.484;19.187607031105912;0.5089550936632867;-0.47119140625;
10:41:15;49.0;1573296076;96.002;18.92842445589414;0.5020802242942742;-0.46630859375;
10:41:16;50.0;1573296077;95.752;19.187607031105912;0.5089550936632867;-0.47119140625;
10:41:17;51.0;1573296078;95.523;19.187607031105912;0.5089550936632867;-0.47119140625;
10:41:18;52.0;1573296079;95.773;18.92842445589414;0.5020802242942742;-0.46630859375;
10:41:19;53.0;1573296080;96.212;18.92842445589414;0.5020802242942742;-0.46630859375;
10:41:20;54.0;1573296081;96.191;19.187607031105912;0.5089550936632867;-0.47119140625;
10:41:21;55.0;1573296082;96.17;19.187607031105912;0.5089550936632867;-0.47119140625;
10:41:22;56.0;1573296083;95.919;19.187607031105912;0.5089550936632867;-0.47119140625;
10:41:23;57.0;1573296084;96.233;19.187607031105912;0.5089550936632867;-0.47119140625;
10:41:24;58.0;1573296085;96.8;19.187607031105912;0.5089550936632867;-0.47119140625;
10:41:25;59.0;1573296086;96.023;19.058015743500025;0.5055176589787804;-0.46875;
10:41:26;60.0;1573296087;96.779;18.79883316828825;0.4986427896097679;-0.4638671875;
10:41:27;61.0;1573296088;96.484;19.058015743500025;0.5055176589787804;-0.46875;
10:41:28;62.0;1573296089;95.94;18.92842445589414;0.5020802242942742;-0.46630859375;
10:41:29;63.0;1573296090;96.463;18.669241880682367;0.4952053549252617;-0.46142578125;
10:41:30;64.0;1573296091;95.461;19.446789606317687;0.5158299630322993;-0.47607421875;
10:41:31;65.0;1573296092;95.731;19.187607031105912;0.5089550936632867;-0.47119140625;
10:41:32;66.0;1573296094;96.254;19.187607031105912;0.5089550936632867;-0.47119140625;
10:41:33;67.0;1573296094;95.919;19.317198318711796;0.5123925283477929;-0.4736328125;
10:41:34;68.0;1573296095;96.17;18.53965059307648;0.4917679202407554;-0.458984375;
10:41:35;69.0;1573296096;96.17;19.187607031105912;0.5089550936632867;-0.47119140625;
10:41:36;70.0;1573296097;95.898;18.92842445589414;0.5020802242942742;-0.46630859375;
10:41:37;71.0;1573296098;96.233;18.92842445589414;0.5020802242942742;-0.46630859375;
10:41:38;72.0;1573296099;95.961;19.317198318711796;0.5123925283477929;-0.4736328125;
10:41:39;73.0;1573296101;95.71;19.317198318711796;0.5123925283477929;-0.4736328125;
10:41:40;74.0;1573296101;96.044;19.058015743500025;0.5055176589787804;-0.46875;
10:41:41;75.0;1573296102;96.295;19.058015743500025;0.5055176589787804;-0.46875;
10:41:42;76.0;1573296104;96.526;19.96515475674123;0.5295797017703244;-0.48583984375;
10:41:43;77.0;1573296104;96.275;19.187607031105912;0.5089550936632867;-0.47119140625;
10:41:44;78.0;1573296106;95.731;19.058015743500025;0.5055176589787804;-0.46875;
10:41:45;79.0;1573296107;95.731;19.058015743500025;0.5055176589787804;-0.46875;
10:41:46;80.0;1573296107;95.773;19.317198318711796;0.5123925283477929;-0.4736328125;
10:41:47;81.0;1573296109;96.505;19.058015743500025;0.5055176589787804;-0.46875;
10:41:48;82.0;1573296109;96.737;19.187607031105912;0.5089550936632867;-0.47119140625;
10:41:49;83.0;1573296110;95.982;19.317198318711796;0.5123925283477929;-0.4736328125;
10:41:50;84.0;1573296112;95.982;18.410059305470593;0.48833048555624914;-0.45654296875;
10:41:51;85.0;1573296112;95.794;19.187607031105912;0.5089550936632867;-0.47119140625;
10:41:52;86.0;1573296114;96.337;17.89169415504705;0.47458074681822404;-0.44677734375;
10:41:53;87.0;1573296115;97.117;18.150876730258823;0.48145561618723665;-0.45166015625;
10:41:54;88.0;1573296115;96.927;18.280468017864706;0.48489305087174284;-0.4541015625;
10:41:55;89.0;1573296117;96.927;18.79883316828825;0.4986427896097679;-0.4638671875;
10:41:56;90.0;1573296118;96.358;19.187607031105912;0.5089550936632867;-0.47119140625;
10:41:57;91.0;1573296118;96.379;19.317198318711796;0.5123925283477929;-0.4736328125;
10:41:58;92.0;1573296120;96.568;19.058015743500025;0.5055176589787804;-0.46875;
10:41:59;93.0;1573296121;96.065;18.79883316828825;0.4986427896097679;-0.4638671875;
10:42:00;94.0;1573296122;96.316;19.187607031105912;0.5089550936632867;-0.47119140625;
10:42:01;95.0;1573296123;96.337;19.187607031105912;0.5089550936632867;-0.47119140625;
10:42:02;96.0;1573296124;96.379;18.79883316828825;0.4986427896097679;-0.4638671875;
10:42:03;97.0;1573296125;96.568;19.058015743500025;0.5055176589787804;-0.46875;
10:42:04;98.0;1573296126;96.379;18.79883316828825;0.4986427896097679;-0.4638671875;
10:42:05;99.0;1573296127;95.815;20.224337331953002;0.5364545711393369;-0.49072265625;
10:42:06;100.0;1573296128;95.752;19.187607031105912;0.5089550936632867;-0.47119140625;
10:42:07;101.0;1573296129;95.794;19.187607031105912;0.5089550936632867;-0.47119140625;
10:42:08;102.0;1573296130;95.982;19.058015743500025;0.5055176589787804;-0.46875;
10:42:09;103.0;1573296131;96.442;19.317198318711796;0.5123925283477929;-0.4736328125;
10:42:10;104.0;1573296132;96.275;18.92842445589414;0.5020802242942742;-0.46630859375;
10:42:11;105.0;1573296133;96.821;19.187607031105912;0.5089550936632867;-0.47119140625;
10:42:12;106.0;1573296134;96.8;19.705972181529457;0.5227048324013118;-0.48095703125;
10:42:13;107.0;1573296135;96.337;19.446789606317687;0.5158299630322993;-0.47607421875;
10:42:15;109.0;1573296136;96.337;19.187607031105912;0.5089550936632867;-0.47119140625;
10:42:16;110.0;1573296137;96.065;19.317198318711796;0.5123925283477929;-0.4736328125;
10:42:17;111.0;1573296138;95.544;19.058015743500025;0.5055176589787804;-0.46875;
10:42:18;112.0;1573296139;96.128;19.058015743500025;0.5055176589787804;-0.46875;
10:42:19;113.0;1573296140;96.316;19.187607031105912;0.5089550936632867;-0.47119140625;
10:42:20;114.0;1573296141;96.065;18.79883316828825;0.4986427896097679;-0.4638671875;
10:42:21;115.0;1573296142;96.379;16.336598703776414;0.43333153060414886;-0.41748046875;
10:42:22;116.0;1573296143;96.107;19.187607031105912;0.5089550936632867;-0.47119140625;
10:42:23;117.0;1573296144;95.856;18.92842445589414;0.5020802242942742;-0.46630859375;
10:42:24;118.0;1573296145;95.586;19.058015743500025;0.5055176589787804;-0.46875;
10:42:25;119.0;1573296146;95.565;18.410059305470593;0.48833048555624914;-0.45654296875;
10:42:26;120.0;1573296147;95.565;19.317198318711796;0.5123925283477929;-0.4736328125;
10:42:27;121.0;1573296148;95.836;18.79883316828825;0.4986427896097679;-0.4638671875;
10:42:28;122.0;1573296149;96.086;19.187607031105912;0.5089550936632867;-0.47119140625;
10:42:29;123.0;1573296150;95.815;14.133546814476343;0.37489514096754223;-0.3759765625;
10:42:30;124.0;1573296151;95.815;19.187607031105912;0.5089550936632867;-0.47119140625;
10:42:31;125.0;1573296152;95.731;19.187607031105912;0.5089550936632867;-0.47119140625;
10:42:32;126.0;1573296153;95.503;18.92842445589414;0.5020802242942742;-0.46630859375;
10:42:33;127.0;1573296155;95.836;19.187607031105912;0.5089550936632867;-0.47119140625;
10:42:34;128.0;1573296155;95.461;19.317198318711796;0.5123925283477929;-0.4736328125;
10:42:35;129.0;1573296156;95.503;19.187607031105912;0.5089550936632867;-0.47119140625;
10:42:36;130.0;1573296157;95.503;19.446789606317687;0.5158299630322993;-0.47607421875;
10:42:37;131.0;1573296158;95.399;19.058015743500025;0.5055176589787804;-0.46875;
10:42:38;132.0;1573296159;95.461;19.187607031105912;0.5089550936632867;-0.47119140625;
10:42:39;133.0;1573296160;95.523;19.187607031105912;0.5089550936632867;-0.47119140625;
10:42:40;134.0;1573296161;95.565;18.92842445589414;0.5020802242942742;-0.46630859375;
10:42:41;135.0;1573296162;95.586;19.57638089392357;0.5192673977168055;-0.478515625;
10:42:42;136.0;1573296163;96.065;20.61311119477066;0.5467668751928557;-0.498046875;
10:42:43;137.0;1573296164;96.295;18.79883316828825;0.4986427896097679;-0.4638671875;
10:42:44;138.0;1573296166;96.212;19.187607031105912;0.5089550936632867;-0.47119140625;
10:42:45;139.0;1573296166;96.295;19.058015743500025;0.5055176589787804;-0.46875;
10:42:46;140.0;1573296167;95.836;19.058015743500025;0.5055176589787804;-0.46875;
10:42:47;141.0;1573296169;95.088;19.446789606317687;0.5158299630322993;-0.47607421875;
10:42:48;142.0;1573296169;95.357;19.187607031105912;0.5089550936632867;-0.47119140625;
10:42:49;143.0;1573296170;95.337;18.92842445589414;0.5020802242942742;-0.46630859375;
10:42:50;144.0;1573296172;95.544;19.187607031105912;0.5089550936632867;-0.47119140625;
10:42:51;145.0;1573296172;96.065;19.058015743500025;0.5055176589787804;-0.46875;
10:42:52;146.0;1573296174;96.107;18.669241880682367;0.4952053549252617;-0.46142578125;
10:42:53;147.0;1573296175;95.565;17.89169415504705;0.47458074681822404;-0.44677734375;
10:42:54;148.0;1573296175;95.357;19.187607031105912;0.5089550936632867;-0.47119140625;
10:42:55;149.0;1573296177;95.316;19.57638089392357;0.5192673977168055;-0.478515625;
10:42:56;150.0;1573296178;95.212;19.058015743500025;0.5055176589787804;-0.46875;
10:42:57;151.0;1573296178;95.419;19.317198318711796;0.5123925283477929;-0.4736328125;
10:42:58;152.0;1573296180;95.15;18.669241880682367;0.4952053549252617;-0.46142578125;
10:42:59;153.0;1573296181;94.944;18.150876730258823;0.48145561618723665;-0.45166015625;
10:43:00;154.0;1573296182;95.316;19.187607031105912;0.5089550936632867;-0.47119140625;
10:43:01;155.0;1573296183;95.399;19.446789606317687;0.5158299630322993;-0.47607421875;
10:43:02;156.0;1573296183;95.648;19.187607031105912;0.5089550936632867;-0.47119140625;
10:43:03;157.0;1573296185;95.877;19.187607031105912;0.5089550936632867;-0.47119140625;
10:43:04;158.0;1573296186;95.544;19.187607031105912;0.5089550936632867;-0.47119140625;
10:43:05;159.0;1573296186;95.794;19.446789606317687;0.5158299630322993;-0.47607421875;
10:43:06;160.0;1573296188;95.773;19.187607031105912;0.5089550936632867;-0.47119140625;
10:43:07;161.0;1573296189;95.565;18.79883316828825;0.4986427896097679;-0.4638671875;
10:43:08;162.0;1573296190;95.295;19.187607031105912;0.5089550936632867;-0.47119140625;
10:43:09;163.0;1573296191;95.067;19.317198318711796;0.5123925283477929;-0.4736328125;
10:43:10;164.0;1573296192;95.399;19.705972181529457;0.5227048324013118;-0.48095703125;
10:43:11;165.0;1573296193;95.419;18.79883316828825;0.4986427896097679;-0.4638671875;
10:43:12;166.0;1573296194;95.898;19.317198318711796;0.5123925283477929;-0.4736328125;
10:43:13;167.0;1573296195;96.379;20.35392861955889;0.5398920058238432;-0.4931640625;
10:43:14;168.0;1573296196;96.358;19.317198318711796;0.5123925283477929;-0.4736328125;
10:43:15;169.0;1573296197;96.821;19.705972181529457;0.5227048324013118;-0.48095703125;
10:43:16;170.0;1573296198;96.358;19.187607031105912;0.5089550936632867;-0.47119140625;
10:43:17;171.0;1573296199;96.044;19.317198318711796;0.5123925283477929;-0.4736328125;
10:43:19;173.0;1573296200;95.731;19.317198318711796;0.5123925283477929;-0.4736328125;
10:43:20;174.0;1573296201;95.461;18.92842445589414;0.5020802242942742;-0.46630859375;
10:43:21;175.0;1573296202;95.71;19.317198318711796;0.5123925283477929;-0.4736328125;
10:43:22;176.0;1573296203;95.482;19.058015743500025;0.5055176589787804;-0.46875;
10:43:23;177.0;1573296204;95.794;19.187607031105912;0.5089550936632867;-0.47119140625;
10:43:24;178.0;1573296205;95.815;19.058015743500025;0.5055176589787804;-0.46875;
10:43:25;179.0;1573296206;96.044;14.522320677294005;0.3852074450210611;-0.38330078125;
10:43:26;180.0;1573296207;96.002;15.429459690535207;0.4092694878126049;-0.400390625;
10:43:27;181.0;1573296208;95.982;18.92842445589414;0.5020802242942742;-0.46630859375;
10:43:28;182.0;1573296209;96.002;18.92842445589414;0.5020802242942742;-0.46630859375;
10:43:29;183.0;1573296210;95.482;19.187607031105912;0.5089550936632867;-0.47119140625;
10:43:30;184.0;1573296211;95.523;18.79883316828825;0.4986427896097679;-0.4638671875;
10:43:31;185.0;1573296212;95.565;18.92842445589414;0.5020802242942742;-0.46630859375;
10:43:32;186.0;1573296213;95.565;19.187607031105912;0.5089550936632867;-0.47119140625;
10:43:33;187.0;1573296214;96.191;19.058015743500025;0.5055176589787804;-0.46875;
10:43:34;188.0;1573296215;96.421;19.058015743500025;0.5055176589787804;-0.46875;
10:43:35;189.0;1573296216;96.379;19.058015743500025;0.5055176589787804;-0.46875;
10:43:36;190.0;1573296217;96.295;19.187607031105912;0.5089550936632867;-0.47119140625;
10:43:37;191.0;1573296218;95.482;19.058015743500025;0.5055176589787804;-0.46875;
10:43:38;192.0;1573296220;94.944;19.187607031105912;0.5089550936632867;-0.47119140625;
10:43:39;193.0;1573296220;94.923;19.058015743500025;0.5055176589787804;-0.46875;
10:43:40;194.0;1573296221;94.696;19.317198318711796;0.5123925283477929;-0.4736328125;
10:43:41;195.0;1573296223;94.923;19.187607031105912;0.5089550936632867;-0.47119140625;
10:43:42;196.0;1573296223;95.461;19.058015743500025;0.5055176589787804;-0.46875;
10:43:43;197.0;1573296224;95.669;20.094746044347115;0.5330171364548306;-0.48828125;
10:43:44;198.0;1573296226;95.94;19.705972181529457;0.5227048324013118;-0.48095703125;
10:43:45;199.0;1573296226;95.94;19.187607031105912;0.5089550936632867;-0.47119140625;
10:43:46;200.0;1573296227;95.71;19.058015743500025;0.5055176589787804;-0.46875;
10:43:47;201.0;1573296229;95.586;19.058015743500025;0.5055176589787804;-0.46875;
10:43:48;202.0;1573296229;95.337;19.058015743500025;0.5055176589787804;-0.46875;
10:43:49;203.0;1573296230;95.357;22.945754371676614;0.6086406995139685;-0.5419921875;
10:43:50;204.0;1573296232;95.316;19.058015743500025;0.5055176589787804;-0.46875;
10:43:51;205.0;1573296232;95.337;19.317198318711796;0.5123925283477929;-0.4736328125;
10:43:52;206.0;1573296233;95.026;19.317198318711796;0.5123925283477929;-0.4736328125;
10:43:53;207.0;1573296235;95.026;19.187607031105912;0.5089550936632867;-0.47119140625;
10:43:54;208.0;1573296235;95.088;19.187607031105912;0.5089550936632867;-0.47119140625;
10:43:55;209.0;1573296236;94.696;19.187607031105912;0.5089550936632867;-0.47119140625;
10:43:56;210.0;1573296238;94.964;18.92842445589414;0.5020802242942742;-0.46630859375;
10:43:57;211.0;1573296238;94.985;19.187607031105912;0.5089550936632867;-0.47119140625;
10:43:58;212.0;1573296240;95.233;19.446789606317687;0.5158299630322993;-0.47607421875;
10:43:59;213.0;1573296241;95.026;19.187607031105912;0.5089550936632867;-0.47119140625;
10:44:00;214.0;1573296241;95.026;19.058015743500025;0.5055176589787804;-0.46875;
10:44:01;215.0;1573296243;95.026;19.058015743500025;0.5055176589787804;-0.46875;
10:44:02;216.0;1573296244;94.286;19.317198318711796;0.5123925283477929;-0.4736328125;
10:44:03;217.0;1573296244;94.799;18.79883316828825;0.4986427896097679;-0.4638671875;
10:44:04;218.0;1573296246;94.491;16.72537256659407;0.44364383465766766;-0.4248046875;
10:44:05;219.0;1573296247;94.717;18.92842445589414;0.5020802242942742;-0.46630859375;
10:44:06;220.0;1573296247;95.461;19.187607031105912;0.5089550936632867;-0.47119140625;
10:44:07;221.0;1573296249;95.171;19.187607031105912;0.5089550936632867;-0.47119140625;
10:44:08;222.0;1573296250;95.233;19.187607031105912;0.5089550936632867;-0.47119140625;
10:44:09;223.0;1573296251;94.985;18.79883316828825;0.4986427896097679;-0.4638671875;
10:44:10;224.0;1573296252;95.171;18.92842445589414;0.5020802242942742;-0.46630859375;
10:44:11;225.0;1573296253;94.902;19.705972181529457;0.5227048324013118;-0.48095703125;
10:44:12;226.0;1573296254;95.212;19.57638089392357;0.5192673977168055;-0.478515625;
10:44:13;227.0;1573296255;95.192;19.187607031105912;0.5089550936632867;-0.47119140625;
10:44:14;228.0;1573296255;94.532;19.187607031105912;0.5089550936632867;-0.47119140625;
10:44:15;229.0;1573296257;94.84;18.669241880682367;0.4952053549252617;-0.46142578125;
10:44:16;230.0;1573296258;94.82;18.92842445589414;0.5020802242942742;-0.46630859375;
10:44:17;231.0;1573296259;94.84;19.187607031105912;0.5089550936632867;-0.47119140625;
10:44:18;232.0;1573296260;95.067;19.187607031105912;0.5089550936632867;-0.47119140625;
10:44:19;233.0;1573296261;95.295;18.92842445589414;0.5020802242942742;-0.46630859375;
10:44:20;234.0;1573296262;95.295;19.317198318711796;0.5123925283477929;-0.4736328125;
10:44:21;235.0;1573296263;95.544;20.224337331953002;0.5364545711393369;-0.49072265625;
10:44:23;237.0;1573296264;95.523;19.187607031105912;0.5089550936632867;-0.47119140625;
10:44:24;238.0;1573296265;95.047;19.058015743500025;0.5055176589787804;-0.46875;
10:44:25;239.0;1573296266;95.274;19.058015743500025;0.5055176589787804;-0.46875;
10:44:26;240.0;1573296267;94.985;19.058015743500025;0.5055176589787804;-0.46875;
10:44:27;241.0;1573296268;95.212;18.79883316828825;0.4986427896097679;-0.4638671875;
10:44:28;242.0;1573296269;95.669;19.058015743500025;0.5055176589787804;-0.46875;
10:44:29;243.0;1573296270;95.669;19.187607031105912;0.5089550936632867;-0.47119140625;
10:44:30;244.0;1573296271;95.919;18.53965059307648;0.4917679202407554;-0.458984375;
10:44:31;245.0;1573296272;95.627;18.53965059307648;0.4917679202407554;-0.458984375;
10:44:32;246.0;1573296273;95.461;19.187607031105912;0.5089550936632867;-0.47119140625;
10:44:33;247.0;1573296274;94.964;18.79883316828825;0.4986427896097679;-0.4638671875;
10:44:34;248.0;1573296275;94.717;19.187607031105912;0.5089550936632867;-0.47119140625;
10:44:35;249.0;1573296276;95.088;18.79883316828825;0.4986427896097679;-0.4638671875;
10:44:36;250.0;1573296277;95.274;19.57638089392357;0.5192673977168055;-0.478515625;
10:44:37;251.0;1573296278;95.254;19.446789606317687;0.5158299630322993;-0.47607421875;
10:44:38;252.0;1573296279;95.316;19.446789606317687;0.5158299630322993;-0.47607421875;
10:44:39;253.0;1573296280;95.565;19.187607031105912;0.5089550936632867;-0.47119140625;
10:44:40;254.0;1573296282;95.067;19.187607031105912;0.5089550936632867;-0.47119140625;
10:44:41;255.0;1573296282;95.399;19.058015743500025;0.5055176589787804;-0.46875;
10:44:42;256.0;1573296283;95.109;19.187607031105912;0.5089550936632867;-0.47119140625;
10:44:43;257.0;1573296285;94.306;18.92842445589414;0.5020802242942742;-0.46630859375;
10:44:44;258.0;1573296285;94.779;19.058015743500025;0.5055176589787804;-0.46875;
10:44:45;259.0;1573296286;94.985;19.317198318711796;0.5123925283477929;-0.4736328125;
10:44:46;260.0;1573296288;95.503;19.058015743500025;0.5055176589787804;-0.46875;
10:44:47;261.0;1573296288;95.212;19.058015743500025;0.5055176589787804;-0.46875;
10:44:48;262.0;1573296289;95.233;19.317198318711796;0.5123925283477929;-0.4736328125;
10:44:49;263.0;1573296290;94.696;18.79883316828825;0.4986427896097679;-0.4638671875;
10:44:50;264.0;1573296291;94.737;18.92842445589414;0.5020802242942742;-0.46630859375;
10:44:51;265.0;1573296292;95.295;19.058015743500025;0.5055176589787804;-0.46875;
10:44:52;266.0;1573296294;94.82;19.187607031105912;0.5089550936632867;-0.47119140625;
10:44:53;267.0;1573296294;95.067;19.317198318711796;0.5123925283477929;-0.4736328125;
10:44:54;268.0;1573296295;94.532;19.317198318711796;0.5123925283477929;-0.4736328125;
10:44:55;269.0;1573296297;94.265;19.187607031105912;0.5089550936632867;-0.47119140625;
10:44:56;270.0;1573296297;94.737;19.317198318711796;0.5123925283477929;-0.4736328125;
10:44:57;271.0;1573296298;94.245;19.317198318711796;0.5123925283477929;-0.4736328125;
10:44:58;272.0;1573296300;94.511;18.669241880682367;0.4952053549252617;-0.46142578125;
10:44:59;273.0;1573296300;94.737;19.187607031105912;0.5089550936632867;-0.47119140625;
10:45:00;274.0;1573296301;94.552;19.187607031105912;0.5089550936632867;-0.47119140625;
10:45:01;275.0;1573296303;94.799;18.150876730258823;0.48145561618723665;-0.45166015625;
10:45:02;276.0;1573296303;94.491;19.187607031105912;0.5089550936632867;-0.47119140625;
10:45:03;277.0;1573296305;94.286;19.317198318711796;0.5123925283477929;-0.4736328125;
10:45:04;278.0;1573296306;94.265;17.632511579835278;0.46770587744921155;-0.44189453125;
10:45:05;279.0;1573296306;94.245;17.632511579835278;0.46770587744921155;-0.44189453125;
10:45:06;280.0;1573296308;94.799;19.058015743500025;0.5055176589787804;-0.46875;
10:45:07;281.0;1573296309;95.026;19.187607031105912;0.5089550936632867;-0.47119140625;
10:45:08;282.0;1573296309;94.923;19.187607031105912;0.5089550936632867;-0.47119140625;
10:45:09;283.0;1573296311;95.254;19.058015743500025;0.5055176589787804;-0.46875;
10:45:10;284.0;1573296312;95.233;19.187607031105912;0.5089550936632867;-0.47119140625;
10:45:11;285.0;1573296313;95.274;18.92842445589414;0.5020802242942742;-0.46630859375;
10:45:12;286.0;1573296314;95.399;19.187607031105912;0.5089550936632867;-0.47119140625;
10:45:13;287.0;1573296314;95.399;18.79883316828825;0.4986427896097679;-0.4638671875;
10:45:14;288.0;1573296316;95.129;19.187607031105912;0.5089550936632867;-0.47119140625;
10:45:15;289.0;1573296317;95.129;19.446789606317687;0.5158299630322993;-0.47607421875;
10:45:16;290.0;1573296318;95.129;22.686571796464843;0.601765830144956;-0.537109375;
10:45:17;291.0;1573296319;94.491;18.92842445589414;0.5020802242942742;-0.46630859375;
10:45:18;292.0;1573296320;94.511;19.187607031105912;0.5089550936632867;-0.47119140625;
10:45:19;293.0;1573296321;94.491;19.446789606317687;0.5158299630322993;-0.47607421875;
10:45:20;294.0;1573296322;94.183;19.058015743500025;0.5055176589787804;-0.46875;
10:45:21;295.0;1573296323;94.491;19.317198318711796;0.5123925283477929;-0.4736328125;
10:45:22;296.0;1573296324;94.224;19.317198318711796;0.5123925283477929;-0.4736328125;
10:45:23;297.0;1573296325;94.429;19.187607031105912;0.5089550936632867;-0.47119140625;
10:45:24;298.0;1573296326;94.429;19.317198318711796;0.5123925283477929;-0.4736328125;
10:45:25;299.0;1573296327;94.985;19.187607031105912;0.5089550936632867;-0.47119140625;
10:45:27;301.0;1573296328;94.717;18.410059305470593;0.48833048555624914;-0.45654296875;
10:45:28;302.0;1573296329;93.979;18.79883316828825;0.4986427896097679;-0.4638671875;
10:45:29;303.0;1573296330;93.959;19.187607031105912;0.5089550936632867;-0.47119140625;
10:45:30;304.0;1573296331;93.471;18.021285442652935;0.47801818150273034;-0.44921875;
10:45:31;305.0;1573296332;93.694;14.00395552687046;0.37145770628303604;-0.37353515625;
10:45:32;306.0;1573296333;94.265;19.187607031105912;0.5089550936632867;-0.47119140625;
10:45:33;307.0;1573296334;94.327;18.79883316828825;0.4986427896097679;-0.4638671875;
10:45:34;308.0;1573296335;94.552;18.410059305470593;0.48833048555624914;-0.45654296875;
10:45:35;309.0;1573296336;94.861;19.187607031105912;0.5089550936632867;-0.47119140625;
10:45:36;310.0;1573296337;94.061;19.446789606317687;0.5158299630322993;-0.47607421875;
10:45:37;311.0;1573296338;94.02;19.187607031105912;0.5089550936632867;-0.47119140625;
10:45:38;312.0;1573296339;93.775;19.187607031105912;0.5089550936632867;-0.47119140625;
10:45:39;313.0;1573296340;93.775;19.317198318711796;0.5123925283477929;-0.4736328125;
10:45:40;314.0;1573296341;94.532;19.187607031105912;0.5089550936632867;-0.47119140625;
10:45:41;315.0;1573296342;94.737;19.317198318711796;0.5123925283477929;-0.4736328125;
10:45:42;316.0;1573296343;94.758;19.187607031105912;0.5089550936632867;-0.47119140625;
10:45:43;317.0;1573296344;94.245;19.187607031105912;0.5089550936632867;-0.47119140625;
10:45:44;318.0;1573296346;94.0;18.92842445589414;0.5020802242942742;-0.46630859375;
10:45:45;319.0;1573296346;93.796;19.187607031105912;0.5089550936632867;-0.47119140625;
10:45:46;320.0;1573296347;93.755;19.058015743500025;0.5055176589787804;-0.46875;
10:45:47;321.0;1573296348;94.204;19.187607031105912;0.5089550936632867;-0.47119140625;
10:45:48;322.0;1573296349;94.47;18.79883316828825;0.4986427896097679;-0.4638671875;
10:45:49;323.0;1573296350;94.779;19.317198318711796;0.5123925283477929;-0.4736328125;
10:45:50;324.0;1573296351;94.799;19.187607031105912;0.5089550936632867;-0.47119140625;
10:45:51;325.0;1573296352;94.593;19.187607031105912;0.5089550936632867;-0.47119140625;
10:45:52;326.0;1573296353;94.368;18.79883316828825;0.4986427896097679;-0.4638671875;
10:45:53;327.0;1573296354;93.959;19.187607031105912;0.5089550936632867;-0.47119140625;
10:45:54;328.0;1573296355;93.979;19.187607031105912;0.5089550936632867;-0.47119140625;
10:45:55;329.0;1573296357;94.224;19.446789606317687;0.5158299630322993;-0.47607421875;
10:45:56;330.0;1573296357;94.102;18.92842445589414;0.5020802242942742;-0.46630859375;
10:45:57;331.0;1573296358;94.245;19.446789606317687;0.5158299630322993;-0.47607421875;
10:45:58;332.0;1573296360;94.491;17.502920292229387;0.4642684427647052;-0.439453125;
10:45:59;333.0;1573296360;94.183;19.317198318711796;0.5123925283477929;-0.4736328125;
10:46:00;334.0;1573296361;94.552;19.187607031105912;0.5089550936632867;-0.47119140625;
10:46:01;335.0;1573296362;94.552;19.187607031105912;0.5089550936632867;-0.47119140625;
10:46:02;336.0;1573296364;94.511;18.92842445589414;0.5020802242942742;-0.46630859375;
10:46:03;337.0;1573296364;95.088;18.79883316828825;0.4986427896097679;-0.4638671875;
10:46:04;338.0;1573296366;94.779;18.79883316828825;0.4986427896097679;-0.4638671875;
10:46:05;339.0;1573296366;94.985;19.317198318711796;0.5123925283477929;-0.4736328125;
10:46:06;340.0;1573296367;94.758;19.058015743500025;0.5055176589787804;-0.46875;
10:46:07;341.0;1573296369;94.0;19.187607031105912;0.5089550936632867;-0.47119140625;
10:46:08;342.0;1573296369;93.959;19.187607031105912;0.5089550936632867;-0.47119140625;
10:46:09;343.0;1573296371;93.694;19.058015743500025;0.5055176589787804;-0.46875;
10:46:10;344.0;1573296372;93.45;19.058015743500025;0.5055176589787804;-0.46875;
10:46:11;345.0;1573296372;93.694;19.705972181529457;0.5227048324013118;-0.48095703125;
10:46:12;346.0;1573296374;93.45;18.79883316828825;0.4986427896097679;-0.4638671875;
10:46:13;347.0;1573296375;93.898;19.187607031105912;0.5089550936632867;-0.47119140625;
10:46:14;348.0;1573296375;94.142;18.92842445589414;0.5020802242942742;-0.46630859375;
10:46:15;349.0;1573296377;93.898;18.92842445589414;0.5020802242942742;-0.46630859375;
10:46:16;350.0;1573296378;94.47;19.187607031105912;0.5089550936632867;-0.47119140625;
10:46:17;351.0;1573296378;93.816;20.35392861955889;0.5398920058238432;-0.4931640625;
10:46:18;352.0;1573296380;94.081;19.187607031105912;0.5089550936632867;-0.47119140625;
10:46:19;353.0;1573296381;94.286;23.075345659282497;0.6120781341984747;-0.54443359375;
10:46:20;354.0;1573296381;93.959;19.187607031105912;0.5089550936632867;-0.47119140625;
10:46:21;355.0;1573296383;93.877;19.187607031105912;0.5089550936632867;-0.47119140625;
10:46:22;356.0;1573296384;93.613;19.187607031105912;0.5089550936632867;-0.47119140625;
10:46:23;357.0;1573296385;93.41;19.058015743500025;0.5055176589787804;-0.46875;
10:46:24;358.0;1573296386;93.674;19.187607031105912;0.5089550936632867;-0.47119140625;
10:46:25;359.0;1573296387;93.775;19.058015743500025;0.5055176589787804;-0.46875;
10:46:26;360.0;1573296388;94.04;19.57638089392357;0.5192673977168055;-0.478515625;
10:46:27;361.0;1573296389;94.265;18.79883316828825;0.4986427896097679;-0.4638671875;
10:46:28;362.0;1573296390;94.368;19.317198318711796;0.5123925283477929;-0.4736328125;
10:46:29;363.0;1573296391;94.84;19.058015743500025;0.5055176589787804;-0.46875;
10:46:31;365.0;1573296392;94.635;19.187607031105912;0.5089550936632867;-0.47119140625;
10:46:32;366.0;1573296393;94.985;19.187607031105912;0.5089550936632867;-0.47119140625;
10:46:33;367.0;1573296394;94.635;19.187607031105912;0.5089550936632867;-0.47119140625;
10:46:34;368.0;1573296395;94.347;19.705972181529457;0.5227048324013118;-0.48095703125;
10:46:35;369.0;1573296396;94.511;19.317198318711796;0.5123925283477929;-0.4736328125;
10:46:36;370.0;1573296397;94.368;19.187607031105912;0.5089550936632867;-0.47119140625;
10:46:37;371.0;1573296398;94.635;18.92842445589414;0.5020802242942742;-0.46630859375;
10:46:38;372.0;1573296399;94.347;19.317198318711796;0.5123925283477929;-0.4736328125;
10:46:39;373.0;1573296400;94.081;18.92842445589414;0.5020802242942742;-0.46630859375;
10:46:40;374.0;1573296401;93.633;19.058015743500025;0.5055176589787804;-0.46875;
10:46:41;375.0;1573296402;93.369;19.705972181529457;0.5227048324013118;-0.48095703125;
10:46:42;376.0;1573296403;93.674;18.79883316828825;0.4986427896097679;-0.4638671875;
10:46:43;377.0;1573296404;94.245;19.187607031105912;0.5089550936632867;-0.47119140625;
10:46:44;378.0;1573296405;94.511;19.187607031105912;0.5089550936632867;-0.47119140625;
10:46:45;379.0;1573296406;94.347;18.92842445589414;0.5020802242942742;-0.46630859375;
10:46:46;380.0;1573296407;94.388;19.705972181529457;0.5227048324013118;-0.48095703125;
10:46:47;381.0;1573296408;93.877;19.058015743500025;0.5055176589787804;-0.46875;
10:46:48;382.0;1573296409;93.898;19.96515475674123;0.5295797017703244;-0.48583984375;
10:46:49;383.0;1573296411;93.816;19.058015743500025;0.5055176589787804;-0.46875;
10:46:50;384.0;1573296411;93.288;19.446789606317687;0.5158299630322993;-0.47607421875;
10:46:51;385.0;1573296412;93.005;19.187607031105912;0.5089550936632867;-0.47119140625;
10:46:52;386.0;1573296414;93.207;19.058015743500025;0.5055176589787804;-0.46875;
10:46:53;387.0;1573296414;93.694;19.317198318711796;0.5123925283477929;-0.4736328125;
10:46:54;388.0;1573296415;94.245;19.187607031105912;0.5089550936632867;-0.47119140625;
10:46:55;389.0;1573296416;94.47;19.705972181529457;0.5227048324013118;-0.48095703125;
10:46:56;390.0;1573296417;94.142;19.058015743500025;0.5055176589787804;-0.46875;
10:46:57;391.0;1573296418;94.183;19.058015743500025;0.5055176589787804;-0.46875;
10:46:58;392.0;1573296419;94.122;19.058015743500025;0.5055176589787804;-0.46875;
10:46:59;393.0;1573296420;94.429;18.53965059307648;0.4917679202407554;-0.458984375;
10:47:00;394.0;1573296422;94.779;18.150876730258823;0.48145561618723665;-0.45166015625;
10:47:01;395.0;1573296422;94.779;18.92842445589414;0.5020802242942742;-0.46630859375;
10:47:02;396.0;1573296423;94.779;19.187607031105912;0.5089550936632867;-0.47119140625;
10:47:03;397.0;1573296424;94.491;18.410059305470593;0.48833048555624914;-0.45654296875;
10:47:04;398.0;1573296426;93.938;19.187607031105912;0.5089550936632867;-0.47119140625;
10:47:05;399.0;1573296426;93.43;18.79883316828825;0.4986427896097679;-0.4638671875;
10:47:06;400.0;1573296427;93.187;19.446789606317687;0.5158299630322993;-0.47607421875;
10:47:07;401.0;1573296429;92.723;19.446789606317687;0.5158299630322993;-0.47607421875;
10:47:08;402.0;1573296429;92.985;19.187607031105912;0.5089550936632867;-0.47119140625;
10:47:09;403.0;1573296430;93.45;19.187607031105912;0.5089550936632867;-0.47119140625;
10:47:10;404.0;1573296432;93.694;19.058015743500025;0.5055176589787804;-0.46875;
10:47:11;405.0;1573296432;93.775;18.79883316828825;0.4986427896097679;-0.4638671875;
10:47:12;406.0;1573296434;93.572;19.058015743500025;0.5055176589787804;-0.46875;
10:47:13;407.0;1573296435;93.126;18.92842445589414;0.5020802242942742;-0.46630859375;
10:47:14;408.0;1573296435;93.086;18.79883316828825;0.4986427896097679;-0.4638671875;
10:47:15;409.0;1573296437;93.228;18.92842445589414;0.5020802242942742;-0.46630859375;
10:47:16;410.0;1573296438;93.207;20.872293769982434;0.5536417445618682;-0.5029296875;
10:47:17;411.0;1573296438;93.147;19.058015743500025;0.5055176589787804;-0.46875;
10:47:18;412.0;1573296440;93.207;19.317198318711796;0.5123925283477929;-0.4736328125;
10:47:19;413.0;1573296441;93.45;18.92842445589414;0.5020802242942742;-0.46630859375;
10:47:20;414.0;1573296441;93.43;19.058015743500025;0.5055176589787804;-0.46875;
10:47:21;415.0;1573296443;93.187;19.317198318711796;0.5123925283477929;-0.4736328125;
10:47:22;416.0;1573296444;93.41;19.187607031105912;0.5089550936632867;-0.47119140625;
10:47:23;417.0;1573296444;93.471;19.187607031105912;0.5089550936632867;-0.47119140625;
10:47:24;418.0;1573296446;93.775;18.669241880682367;0.4952053549252617;-0.46142578125;
10:47:25;419.0;1573296447;94.593;19.058015743500025;0.5055176589787804;-0.46875;
10:47:26;420.0;1573296448;94.306;17.89169415504705;0.47458074681822404;-0.44677734375;
10:47:27;421.0;1573296449;94.204;19.317198318711796;0.5123925283477929;-0.4736328125;
10:47:28;422.0;1573296450;94.224;18.410059305470593;0.48833048555624914;-0.45654296875;
10:47:29;423.0;1573296451;93.959;19.187607031105912;0.5089550936632867;-0.47119140625;
10:47:30;424.0;1573296452;94.0;18.92842445589414;0.5020802242942742;-0.46630859375;
10:47:31;425.0;1573296452;94.061;19.058015743500025;0.5055176589787804;-0.46875;
10:47:32;426.0;1573296454;94.02;19.187607031105912;0.5089550936632867;-0.47119140625;
10:47:33;427.0;1573296455;93.491;19.317198318711796;0.5123925283477929;-0.4736328125;
10:47:34;428.0;1573296456;93.45;19.058015743500025;0.5055176589787804;-0.46875;
10:47:36;430.0;1573296457;93.43;18.92842445589414;0.5020802242942742;-0.46630859375;
10:47:37;431.0;1573296458;93.694;19.058015743500025;0.5055176589787804;-0.46875;
10:47:38;432.0;1573296459;94.142;19.187607031105912;0.5089550936632867;-0.47119140625;
10:47:39;433.0;1573296460;94.142;19.187607031105912;0.5089550936632867;-0.47119140625;
10:47:40;434.0;1573296461;94.224;19.058015743500025;0.5055176589787804;-0.46875;
10:47:41;435.0;1573296462;93.959;18.410059305470593;0.48833048555624914;-0.45654296875;
10:47:42;436.0;1573296463;94.081;19.058015743500025;0.5055176589787804;-0.46875;
10:47:43;437.0;1573296464;94.102;20.224337331953002;0.5364545711393369;-0.49072265625;
10:47:44;438.0;1573296465;93.816;19.187607031105912;0.5089550936632867;-0.47119140625;
10:47:45;439.0;1573296466;93.329;19.187607031105912;0.5089550936632867;-0.47119140625;
10:47:46;440.0;1573296467;93.228;19.058015743500025;0.5055176589787804;-0.46875;
10:47:47;441.0;1573296468;93.248;19.187607031105912;0.5089550936632867;-0.47119140625;
10:47:48;442.0;1573296469;93.471;19.187607031105912;0.5089550936632867;-0.47119140625;
10:47:49;443.0;1573296470;94.204;19.187607031105912;0.5089550936632867;-0.47119140625;
10:47:50;444.0;1573296471;94.02;18.79883316828825;0.4986427896097679;-0.4638671875;
10:47:51;445.0;1573296472;93.755;18.669241880682367;0.4952053549252617;-0.46142578125;
10:47:52;446.0;1573296473;93.674;19.317198318711796;0.5123925283477929;-0.4736328125;
10:47:53;447.0;1573296474;93.45;18.669241880682367;0.4952053549252617;-0.46142578125;
10:47:54;448.0;1573296475;93.674;18.150876730258823;0.48145561618723665;-0.45166015625;
10:47:55;449.0;1573296476;93.694;19.187607031105912;0.5089550936632867;-0.47119140625;
10:47:56;450.0;1573296477;93.735;18.53965059307648;0.4917679202407554;-0.458984375;
10:47:57;451.0;1573296478;93.45;17.76210286744116;0.4711433121337178;-0.4443359375;
10:47:58;452.0;1573296479;93.653;19.187607031105912;0.5089550936632867;-0.47119140625;
10:48:00;454.0;1573296481;93.147;19.058015743500025;0.5055176589787804;-0.46875;
10:48:01;455.0;1573296482;93.106;19.058015743500025;0.5055176589787804;-0.46875;
10:48:02;456.0;1573296484;92.945;19.058015743500025;0.5055176589787804;-0.46875;
10:48:03;457.0;1573296484;93.248;18.92842445589414;0.5020802242942742;-0.46630859375;
10:48:04;458.0;1573296485;93.248;19.187607031105912;0.5089550936632867;-0.47119140625;
10:48:05;459.0;1573296487;93.552;19.317198318711796;0.5123925283477929;-0.4736328125;
10:48:06;460.0;1573296487;93.248;19.187607031105912;0.5089550936632867;-0.47119140625;
10:48:07;461.0;1573296488;92.884;19.058015743500025;0.5055176589787804;-0.46875;
10:48:08;462.0;1573296490;93.147;19.446789606317687;0.5158299630322993;-0.47607421875;
10:48:09;463.0;1573296490;92.643;19.058015743500025;0.5055176589787804;-0.46875;
10:48:10;464.0;1573296491;92.663;19.187607031105912;0.5089550936632867;-0.47119140625;
10:48:11;465.0;1573296493;92.764;19.187607031105912;0.5089550936632867;-0.47119140625;
10:48:12;466.0;1573296494;92.784;19.058015743500025;0.5055176589787804;-0.46875;
10:48:13;467.0;1573296494;92.784;19.187607031105912;0.5089550936632867;-0.47119140625;
10:48:14;468.0;1573296496;92.563;19.317198318711796;0.5123925283477929;-0.4736328125;
10:48:15;469.0;1573296497;92.784;19.317198318711796;0.5123925283477929;-0.4736328125;
10:48:16;470.0;1573296497;92.744;19.187607031105912;0.5089550936632867;-0.47119140625;
10:48:17;471.0;1573296499;93.005;19.317198318711796;0.5123925283477929;-0.4736328125;
10:48:18;472.0;1573296500;93.43;19.187607031105912;0.5089550936632867;-0.47119140625;
10:48:19;473.0;1573296500;92.905;19.187607031105912;0.5089550936632867;-0.47119140625;
10:48:20;474.0;1573296502;92.965;19.187607031105912;0.5089550936632867;-0.47119140625;
10:48:21;475.0;1573296503;93.187;17.76210286744116;0.4711433121337178;-0.4443359375;
10:48:22;476.0;1573296503;92.764;19.187607031105912;0.5089550936632867;-0.47119140625;
10:48:23;477.0;1573296505;93.552;18.92842445589414;0.5020802242942742;-0.46630859375;
10:48:24;478.0;1573296506;93.755;19.058015743500025;0.5055176589787804;-0.46875;
10:48:25;479.0;1573296507;93.755;19.187607031105912;0.5089550936632867;-0.47119140625;
10:48:26;480.0;1573296508;93.959;18.92842445589414;0.5020802242942742;-0.46630859375;
10:48:27;481.0;1573296508;93.41;18.79883316828825;0.4986427896097679;-0.4638671875;
10:48:28;482.0;1573296510;93.45;18.92842445589414;0.5020802242942742;-0.46630859375;
10:48:29;483.0;1573296511;93.552;19.058015743500025;0.5055176589787804;-0.46875;
10:48:30;484.0;1573296511;93.816;19.446789606317687;0.5158299630322993;-0.47607421875;
10:48:31;485.0;1573296513;94.081;19.058015743500025;0.5055176589787804;-0.46875;
10:48:32;486.0;1573296514;93.816;19.058015743500025;0.5055176589787804;-0.46875;
10:48:33;487.0;1573296514;93.45;19.187607031105912;0.5089550936632867;-0.47119140625;
10:48:34;488.0;1573296516;93.207;19.187607031105912;0.5089550936632867;-0.47119140625;
10:48:35;489.0;1573296517;92.804;19.317198318711796;0.5123925283477929;-0.4736328125;
10:48:36;490.0;1573296518;93.005;19.705972181529457;0.5227048324013118;-0.48095703125;
10:48:37;491.0;1573296519;92.744;18.92842445589414;0.5020802242942742;-0.46630859375;
10:48:38;492.0;1573296520;92.985;19.317198318711796;0.5123925283477929;-0.4736328125;
10:48:40;494.0;1573296521;92.985;19.317198318711796;0.5123925283477929;-0.4736328125;
10:48:41;495.0;1573296522;92.523;19.058015743500025;0.5055176589787804;-0.46875;
10:48:42;496.0;1573296523;93.066;19.317198318711796;0.5123925283477929;-0.4736328125;
10:48:43;497.0;1573296524;92.864;22.686571796464843;0.601765830144956;-0.537109375;
10:48:44;498.0;1573296525;93.005;20.094746044347115;0.5330171364548306;-0.48828125;
10:48:45;499.0;1573296526;93.308;19.187607031105912;0.5089550936632867;-0.47119140625;
10:48:46;500.0;1573296527;92.764;18.92842445589414;0.5020802242942742;-0.46630859375;
10:48:47;501.0;1573296528;92.925;19.187607031105912;0.5089550936632867;-0.47119140625;
10:48:48;502.0;1573296529;92.723;18.669241880682367;0.4952053549252617;-0.46142578125;
10:48:49;503.0;1573296530;92.643;19.187607031105912;0.5089550936632867;-0.47119140625;
10:48:50;504.0;1573296531;92.965;18.92842445589414;0.5020802242942742;-0.46630859375;
10:48:51;505.0;1573296532;92.543;19.187607031105912;0.5089550936632867;-0.47119140625;
10:48:52;506.0;1573296533;92.804;17.632511579835278;0.46770587744921155;-0.44189453125;
10:48:53;507.0;1573296534;92.643;18.410059305470593;0.48833048555624914;-0.45654296875;
10:48:54;508.0;1573296535;92.583;19.317198318711796;0.5123925283477929;-0.4736328125;
10:48:55;509.0;1573296536;92.764;18.669241880682367;0.4952053549252617;-0.46142578125;
10:48:56;510.0;1573296537;92.925;17.89169415504705;0.47458074681822404;-0.44677734375;
10:48:57;511.0;1573296538;92.844;19.187607031105912;0.5089550936632867;-0.47119140625;
10:48:59;513.0;1573296539;92.683;19.058015743500025;0.5055176589787804;-0.46875;
10:49:00;514.0;1573296541;92.222;19.187607031105912;0.5089550936632867;-0.47119140625;
10:49:01;515.0;1573296542;92.262;19.317198318711796;0.5123925283477929;-0.4736328125;
10:49:02;516.0;1573296543;92.483;18.669241880682367;0.4952053549252617;-0.46142578125;
10:49:03;517.0;1573296544;92.723;19.058015743500025;0.5055176589787804;-0.46875;
10:49:04;518.0;1573296545;92.683;19.058015743500025;0.5055176589787804;-0.46875;
10:49:05;519.0;1573296546;92.905;19.058015743500025;0.5055176589787804;-0.46875;
10:49:06;520.0;1573296548;92.965;19.446789606317687;0.5158299630322993;-0.47607421875;
10:49:07;521.0;1573296548;92.723;19.187607031105912;0.5089550936632867;-0.47119140625;
10:49:08;522.0;1573296549;93.026;19.187607031105912;0.5089550936632867;-0.47119140625;
10:49:09;523.0;1573296551;92.784;19.187607031105912;0.5089550936632867;-0.47119140625;
10:49:10;524.0;1573296551;92.322;19.446789606317687;0.5158299630322993;-0.47607421875;
10:49:11;525.0;1573296552;92.262;19.187607031105912;0.5089550936632867;-0.47119140625;
10:49:12;526.0;1573296554;92.282;19.187607031105912;0.5089550936632867;-0.47119140625;
10:49:13;527.0;1573296554;92.302;19.187607031105912;0.5089550936632867;-0.47119140625;
10:49:14;528.0;1573296555;92.322;19.058015743500025;0.5055176589787804;-0.46875;
10:49:15;529.0;1573296557;92.784;19.187607031105912;0.5089550936632867;-0.47119140625;
10:49:16;530.0;1573296557;92.784;19.317198318711796;0.5123925283477929;-0.4736328125;
10:49:17;531.0;1573296558;93.268;18.92842445589414;0.5020802242942742;-0.46630859375;
10:49:18;532.0;1573296560;93.674;19.187607031105912;0.5089550936632867;-0.47119140625;
10:49:19;533.0;1573296560;93.228;18.92842445589414;0.5020802242942742;-0.46630859375;
10:49:20;534.0;1573296561;93.207;19.317198318711796;0.5123925283477929;-0.4736328125;
10:49:21;535.0;1573296563;92.945;19.317198318711796;0.5123925283477929;-0.4736328125;
10:49:22;536.0;1573296563;92.683;19.317198318711796;0.5123925283477929;-0.4736328125;
10:49:23;537.0;1573296565;92.965;19.446789606317687;0.5158299630322993;-0.47607421875;
10:49:24;538.0;1573296566;92.985;19.058015743500025;0.5055176589787804;-0.46875;
10:49:25;539.0;1573296566;92.764;19.317198318711796;0.5123925283477929;-0.4736328125;
10:49:26;540.0;1573296568;92.523;19.058015743500025;0.5055176589787804;-0.46875;
10:49:27;541.0;1573296569;92.262;19.058015743500025;0.5055176589787804;-0.46875;
10:49:28;542.0;1573296569;92.242;19.058015743500025;0.5055176589787804;-0.46875;
10:49:29;543.0;1573296571;92.523;19.058015743500025;0.5055176589787804;-0.46875;
10:49:30;544.0;1573296572;92.322;19.446789606317687;0.5158299630322993;-0.47607421875;
10:49:31;545.0;1573296573;92.563;19.187607031105912;0.5089550936632867;-0.47119140625;
10:49:32;546.0;1573296574;92.603;19.187607031105912;0.5089550936632867;-0.47119140625;
10:49:33;547.0;1573296574;92.523;19.187607031105912;0.5089550936632867;-0.47119140625;
10:49:34;548.0;1573296576;92.965;20.483519907164776;0.5433294405083494;-0.49560546875;
10:49:35;549.0;1573296577;92.965;19.317198318711796;0.5123925283477929;-0.4736328125;
10:49:36;550.0;1573296577;92.925;9999.0;9999.0;9999.0;
10:49:37;551.0;1573296579;92.985;19.187607031105912;0.5089550936632867;-0.47119140625;
10:49:38;552.0;1573296580;92.804;19.187607031105912;0.5089550936632867;-0.47119140625;
10:49:39;553.0;1573296581;92.764;19.705972181529457;0.5227048324013118;-0.48095703125;
10:49:40;554.0;1573296582;92.523;19.058015743500025;0.5055176589787804;-0.46875;
10:49:41;555.0;1573296583;92.483;19.187607031105912;0.5089550936632867;-0.47119140625;
10:49:42;556.0;1573296584;92.744;18.92842445589414;0.5020802242942742;-0.46630859375;
10:49:44;558.0;1573296585;92.543;19.317198318711796;0.5123925283477929;-0.4736328125;
10:49:45;559.0;1573296586;92.563;18.79883316828825;0.4986427896097679;-0.4638671875;
10:49:46;560.0;1573296587;92.603;18.669241880682367;0.4952053549252617;-0.46142578125;
10:49:47;561.0;1573296588;92.804;19.446789606317687;0.5158299630322993;-0.47607421875;
10:49:48;562.0;1573296589;92.784;18.92842445589414;0.5020802242942742;-0.46630859375;
10:49:49;563.0;1573296590;92.824;19.187607031105912;0.5089550936632867;-0.47119140625;
10:49:50;564.0;1573296591;92.563;19.187607031105912;0.5089550936632867;-0.47119140625;
10:49:51;565.0;1573296592;92.063;19.058015743500025;0.5055176589787804;-0.46875;
10:49:52;566.0;1573296593;92.583;19.187607031105912;0.5089550936632867;-0.47119140625;
10:49:53;567.0;1573296594;92.463;19.187607031105912;0.5089550936632867;-0.47119140625;
10:49:54;568.0;1573296595;92.683;18.92842445589414;0.5020802242942742;-0.46630859375;
10:49:55;569.0;1573296596;92.945;19.187607031105912;0.5089550936632867;-0.47119140625;
10:49:56;570.0;1573296597;92.884;19.317198318711796;0.5123925283477929;-0.4736328125;
10:49:58;572.0;1573296598;92.985;19.058015743500025;0.5055176589787804;-0.46875;
10:49:59;573.0;1573296600;92.965;19.187607031105912;0.5089550936632867;-0.47119140625;
10:50:00;574.0;1573296601;92.503;18.79883316828825;0.4986427896097679;-0.4638671875;
10:50:01;575.0;1573296602;92.603;19.187607031105912;0.5089550936632867;-0.47119140625;
10:50:02;576.0;1573296603;92.603;18.92842445589414;0.5020802242942742;-0.46630859375;
10:50:03;577.0;1573296604;92.804;19.058015743500025;0.5055176589787804;-0.46875;
10:50:04;578.0;1573296606;93.066;18.92842445589414;0.5020802242942742;-0.46630859375;
10:50:05;579.0;1573296606;93.248;21.64984149561775;0.5742663526689058;-0.517578125;
10:50:06;580.0;1573296607;93.491;18.79883316828825;0.4986427896097679;-0.4638671875;
10:50:07;581.0;1573296609;93.106;18.92842445589414;0.5020802242942742;-0.46630859375;
10:50:08;582.0;1573296609;92.844;19.058015743500025;0.5055176589787804;-0.46875;
10:50:09;583.0;1573296610;92.563;19.058015743500025;0.5055176589787804;-0.46875;
10:50:10;584.0;1573296612;92.342;19.058015743500025;0.5055176589787804;-0.46875;
10:50:11;585.0;1573296612;91.824;19.187607031105912;0.5089550936632867;-0.47119140625;
10:50:12;586.0;1573296613;92.043;19.058015743500025;0.5055176589787804;-0.46875;
10:50:13;587.0;1573296614;92.063;18.92842445589414;0.5020802242942742;-0.46630859375;
10:50:14;588.0;1573296615;92.463;19.446789606317687;0.5158299630322993;-0.47607421875;
10:50:15;589.0;1573296617;93.167;19.058015743500025;0.5055176589787804;-0.46875;
10:50:16;590.0;1573296617;92.965;19.317198318711796;0.5123925283477929;-0.4736328125;
10:50:17;591.0;1573296618;92.683;19.058015743500025;0.5055176589787804;-0.46875;
10:50:18;592.0;1573296620;92.222;19.058015743500025;0.5055176589787804;-0.46875;
10:50:19;593.0;1573296620;92.023;19.187607031105912;0.5089550936632867;-0.47119140625;
10:50:20;594.0;1573296621;92.202;18.79883316828825;0.4986427896097679;-0.4638671875;
10:50:21;595.0;1573296623;92.242;19.446789606317687;0.5158299630322993;-0.47607421875;
10:50:22;596.0;1573296623;92.023;18.669241880682367;0.4952053549252617;-0.46142578125;
10:50:23;597.0;1573296624;91.943;19.187607031105912;0.5089550936632867;-0.47119140625;
10:50:24;598.0;1573296626;91.784;19.317198318711796;0.5123925283477929;-0.4736328125;
10:50:25;599.0;1573296627;92.003;18.92842445589414;0.5020802242942742;-0.46630859375;
10:50:26;600.0;1573296627;92.003;19.058015743500025;0.5055176589787804;-0.46875;
10:50:27;601.0;1573296629;92.083;19.058015743500025;0.5055176589787804;-0.46875;
10:50:28;602.0;1573296630;92.083;19.187607031105912;0.5089550936632867;-0.47119140625;
10:50:29;603.0;1573296631;91.883;18.92842445589414;0.5020802242942742;-0.46630859375;
10:50:30;604.0;1573296632;92.382;20.224337331953002;0.5364545711393369;-0.49072265625;
10:50:31;605.0;1573296632;92.603;19.187607031105912;0.5089550936632867;-0.47119140625;
10:50:32;606.0;1573296634;92.844;20.742702482376544;0.5502043098773619;-0.50048828125;
10:50:33;607.0;1573296635;93.086;19.705972181529457;0.5227048324013118;-0.48095703125;
10:50:34;608.0;1573296635;92.764;18.92842445589414;0.5020802242942742;-0.46630859375;
10:50:35;609.0;1573296637;92.503;19.187607031105912;0.5089550936632867;-0.47119140625;
10:50:36;610.0;1573296638;92.222;19.058015743500025;0.5055176589787804;-0.46875;
10:50:37;611.0;1573296639;92.162;19.058015743500025;0.5055176589787804;-0.46875;
10:50:38;612.0;1573296640;92.483;19.058015743500025;0.5055176589787804;-0.46875;
10:50:39;613.0;1573296641;92.463;19.187607031105912;0.5089550936632867;-0.47119140625;
10:50:40;614.0;1573296642;92.422;19.058015743500025;0.5055176589787804;-0.46875;
10:50:41;615.0;1573296643;92.262;18.79883316828825;0.4986427896097679;-0.4638671875;
10:50:42;616.0;1573296643;92.262;18.79883316828825;0.4986427896097679;-0.4638671875;
10:50:43;617.0;1573296645;92.282;19.058015743500025;0.5055176589787804;-0.46875;
10:50:44;618.0;1573296646;92.543;17.373329004623503;0.460831008080199;-0.43701171875;
10:50:45;619.0;1573296647;92.784;18.92842445589414;0.5020802242942742;-0.46630859375;
10:50:46;620.0;1573296648;92.503;19.446789606317687;0.5158299630322993;-0.47607421875;
10:50:48;622.0;1573296649;92.523;19.317198318711796;0.5123925283477929;-0.4736328125;
10:50:49;623.0;1573296650;92.043;19.058015743500025;0.5055176589787804;-0.46875;
10:50:50;624.0;1573296651;91.844;19.187607031105912;0.5089550936632867;-0.47119140625;
10:50:51;625.0;1573296652;91.546;18.92842445589414;0.5020802242942742;-0.46630859375;
10:50:52;626.0;1573296653;91.506;18.79883316828825;0.4986427896097679;-0.4638671875;
10:50:53;627.0;1573296654;91.784;19.058015743500025;0.5055176589787804;-0.46875;
10:50:54;628.0;1573296655;91.704;19.058015743500025;0.5055176589787804;-0.46875;
10:50:55;629.0;1573296656;91.963;19.317198318711796;0.5123925283477929;-0.4736328125;
10:50:56;630.0;1573296657;92.003;19.058015743500025;0.5055176589787804;-0.46875;
10:50:57;631.0;1573296658;92.242;18.92842445589414;0.5020802242942742;-0.46630859375;
10:50:58;632.0;1573296659;92.483;19.705972181529457;0.5227048324013118;-0.48095703125;
10:50:59;633.0;1573296660;92.483;19.57638089392357;0.5192673977168055;-0.478515625;
10:51:00;634.0;1573296661;92.543;19.058015743500025;0.5055176589787804;-0.46875;
10:51:01;635.0;1573296662;92.302;19.187607031105912;0.5089550936632867;-0.47119140625;
10:51:02;636.0;1573296663;92.103;19.187607031105912;0.5089550936632867;-0.47119140625;
10:51:03;637.0;1573296664;92.123;20.35392861955889;0.5398920058238432;-0.4931640625;
10:51:04;638.0;1573296665;92.023;18.92842445589414;0.5020802242942742;-0.46630859375;
10:51:05;639.0;1573296666;92.023;19.187607031105912;0.5089550936632867;-0.47119140625;
10:51:06;640.0;1573296667;92.043;19.187607031105912;0.5089550936632867;-0.47119140625;
10:51:07;641.0;1573296668;92.083;18.669241880682367;0.4952053549252617;-0.46142578125;
10:51:08;642.0;1573296669;92.103;18.92842445589414;0.5020802242942742;-0.46630859375;
10:51:09;643.0;1573296670;91.863;18.92842445589414;0.5020802242942742;-0.46630859375;
10:51:10;644.0;1573296672;92.023;18.92842445589414;0.5020802242942742;-0.46630859375;
10:51:11;645.0;1573296672;91.983;19.187607031105912;0.5089550936632867;-0.47119140625;
10:51:12;646.0;1573296673;91.943;18.92842445589414;0.5020802242942742;-0.46630859375;
10:51:13;647.0;1573296675;92.402;18.669241880682367;0.4952053549252617;-0.46142578125;
10:51:14;648.0;1573296675;92.222;15.559050978141096;0.4127069224971113;-0.40283203125;
10:51:15;649.0;1573296676;91.744;19.187607031105912;0.5089550936632867;-0.47119140625;
10:51:16;650.0;1573296677;91.844;18.79883316828825;0.4986427896097679;-0.4638671875;
10:51:17;651.0;1573296678;91.625;19.058015743500025;0.5055176589787804;-0.46875;
10:51:18;652.0;1573296680;91.844;19.187607031105912;0.5089550936632867;-0.47119140625;
10:51:19;653.0;1573296680;92.302;19.187607031105912;0.5089550936632867;-0.47119140625;
10:51:20;654.0;1573296681;92.322;19.187607031105912;0.5089550936632867;-0.47119140625;
10:51:21;655.0;1573296683;92.302;19.058015743500025;0.5055176589787804;-0.46875;
10:51:22;656.0;1573296683;92.083;19.187607031105912;0.5089550936632867;-0.47119140625;
10:51:23;657.0;1573296685;91.804;19.058015743500025;0.5055176589787804;-0.46875;
10:51:24;658.0;1573296685;91.764;19.446789606317687;0.5158299630322993;-0.47607421875;
10:51:25;659.0;1573296686;91.824;19.317198318711796;0.5123925283477929;-0.4736328125;
10:51:26;660.0;1573296688;91.844;18.669241880682367;0.4952053549252617;-0.46142578125;
10:51:27;661.0;1573296688;91.903;19.058015743500025;0.5055176589787804;-0.46875;
10:51:28;662.0;1573296689;91.863;19.187607031105912;0.5089550936632867;-0.47119140625;
10:51:29;663.0;1573296691;91.844;19.317198318711796;0.5123925283477929;-0.4736328125;
10:51:30;664.0;1573296691;91.804;19.058015743500025;0.5055176589787804;-0.46875;
10:51:31;665.0;1573296693;92.003;19.187607031105912;0.5089550936632867;-0.47119140625;
10:51:32;666.0;1573296694;92.003;19.317198318711796;0.5123925283477929;-0.4736328125;
10:51:33;667.0;1573296694;91.963;19.317198318711796;0.5123925283477929;-0.4736328125;
10:51:34;668.0;1573296696;91.963;19.058015743500025;0.5055176589787804;-0.46875;
10:51:35;669.0;1573296697;92.003;19.187607031105912;0.5089550936632867;-0.47119140625;
10:51:36;670.0;1573296697;92.023;19.187607031105912;0.5089550936632867;-0.47119140625;
10:51:37;671.0;1573296699;91.804;18.280468017864706;0.48489305087174284;-0.4541015625;
10:51:38;672.0;1573296700;91.744;19.317198318711796;0.5123925283477929;-0.4736328125;
10:51:39;673.0;1573296701;91.744;19.058015743500025;0.5055176589787804;-0.46875;
10:51:40;674.0;1573296702;91.724;19.446789606317687;0.5158299630322993;-0.47607421875;
10:51:41;675.0;1573296703;91.963;19.187607031105912;0.5089550936632867;-0.47119140625;
10:51:42;676.0;1573296704;92.003;19.57638089392357;0.5192673977168055;-0.478515625;
10:51:43;677.0;1573296705;91.983;19.058015743500025;0.5055176589787804;-0.46875;
10:51:44;678.0;1573296706;92.023;19.058015743500025;0.5055176589787804;-0.46875;
10:51:45;679.0;1573296707;91.983;18.92842445589414;0.5020802242942742;-0.46630859375;
10:51:46;680.0;1573296708;91.983;19.446789606317687;0.5158299630322993;-0.47607421875;
10:51:47;681.0;1573296709;91.983;19.187607031105912;0.5089550936632867;-0.47119140625;
10:51:48;682.0;1573296710;91.943;19.187607031105912;0.5089550936632867;-0.47119140625;
10:51:49;683.0;1573296711;91.983;18.669241880682367;0.4952053549252617;-0.46142578125;
10:51:50;684.0;1573296712;91.744;18.92842445589414;0.5020802242942742;-0.46630859375;
10:51:52;686.0;1573296713;91.526;19.058015743500025;0.5055176589787804;-0.46875;
10:51:53;687.0;1573296714;91.526;21.261067632800092;0.563954048615387;-0.51025390625;
10:51:54;688.0;1573296715;91.308;19.187607031105912;0.5089550936632867;-0.47119140625;
10:51:55;689.0;1573296716;91.288;18.669241880682367;0.4952053549252617;-0.46142578125;
10:51:56;690.0;1573296716;91.13;19.317198318711796;0.5123925283477929;-0.4736328125;
10:51:57;691.0;1573296718;91.15;18.669241880682367;0.4952053549252617;-0.46142578125;
10:51:58;692.0;1573296719;91.387;19.317198318711796;0.5123925283477929;-0.4736328125;
10:51:59;693.0;1573296720;91.645;19.187607031105912;0.5089550936632867;-0.47119140625;
10:52:00;694.0;1573296721;92.043;19.317198318711796;0.5123925283477929;-0.4736328125;
10:52:01;695.0;1573296722;92.003;19.058015743500025;0.5055176589787804;-0.46875;
10:52:02;696.0;1573296723;91.963;19.317198318711796;0.5123925283477929;-0.4736328125;
10:52:03;697.0;1573296724;91.764;19.187607031105912;0.5089550936632867;-0.47119140625;
10:52:04;698.0;1573296725;91.466;19.187607031105912;0.5089550936632867;-0.47119140625;
10:52:05;699.0;1573296726;91.447;19.058015743500025;0.5055176589787804;-0.46875;
10:52:06;700.0;1573296727;91.447;18.669241880682367;0.4952053549252617;-0.46142578125;
10:52:07;701.0;1573296728;91.704;19.187607031105912;0.5089550936632867;-0.47119140625;
10:52:08;702.0;1573296729;92.043;19.83556346913534;0.526142267085818;-0.4833984375;
10:52:09;703.0;1573296730;92.043;19.317198318711796;0.5123925283477929;-0.4736328125;
10:52:10;704.0;1573296731;91.764;19.058015743500025;0.5055176589787804;-0.46875;
10:52:11;705.0;1573296733;91.704;18.92842445589414;0.5020802242942742;-0.46630859375;
10:52:12;706.0;1573296733;91.407;19.187607031105912;0.5089550936632867;-0.47119140625;
10:52:13;707.0;1573296734;91.506;19.446789606317687;0.5158299630322993;-0.47607421875;
10:52:14;708.0;1573296735;91.764;19.058015743500025;0.5055176589787804;-0.46875;
10:52:15;709.0;1573296736;91.744;18.669241880682367;0.4952053549252617;-0.46142578125;
10:52:16;710.0;1573296737;91.963;18.79883316828825;0.4986427896097679;-0.4638671875;
10:52:17;711.0;1573296738;91.645;19.317198318711796;0.5123925283477929;-0.4736328125;
10:52:18;712.0;1573296739;91.665;19.058015743500025;0.5055176589787804;-0.46875;
10:52:19;713.0;1573296741;91.19;19.058015743500025;0.5055176589787804;-0.46875;
10:52:20;714.0;1573296741;91.229;18.92842445589414;0.5020802242942742;-0.46630859375;
10:52:21;715.0;1573296742;91.506;19.058015743500025;0.5055176589787804;-0.46875;
10:52:22;716.0;1573296744;91.526;19.187607031105912;0.5089550936632867;-0.47119140625;
10:52:23;717.0;1573296744;92.003;19.187607031105912;0.5089550936632867;-0.47119140625;
10:52:24;718.0;1573296745;92.003;19.187607031105912;0.5089550936632867;-0.47119140625;
10:52:25;719.0;1573296747;91.546;19.187607031105912;0.5089550936632867;-0.47119140625;
10:52:26;720.0;1573296747;91.526;19.187607031105912;0.5089550936632867;-0.47119140625;
10:52:27;721.0;1573296749;91.546;19.187607031105912;0.5089550936632867;-0.47119140625;
10:52:28;722.0;1573296750;91.466;19.446789606317687;0.5158299630322993;-0.47607421875;
10:52:29;723.0;1573296750;91.486;19.058015743500025;0.5055176589787804;-0.46875;
10:52:30;724.0;1573296752;91.566;18.280468017864706;0.48489305087174284;-0.4541015625;
10:52:31;725.0;1573296753;91.288;18.410059305470593;0.48833048555624914;-0.45654296875;
10:52:32;726.0;1573296753;91.13;18.53965059307648;0.4917679202407554;-0.458984375;
10:52:33;727.0;1573296755;91.486;14.133546814476343;0.37489514096754223;-0.3759765625;
10:52:34;728.0;1573296756;91.328;18.92842445589414;0.5020802242942742;-0.46630859375;
10:52:35;729.0;1573296756;91.645;19.058015743500025;0.5055176589787804;-0.46875;
10:52:36;730.0;1573296758;91.645;19.446789606317687;0.5158299630322993;-0.47607421875;
10:52:37;731.0;1573296759;91.704;19.317198318711796;0.5123925283477929;-0.4736328125;
10:52:38;732.0;1573296759;91.506;19.83556346913534;0.526142267085818;-0.4833984375;
10:52:39;733.0;1573296761;91.447;17.89169415504705;0.47458074681822404;-0.44677734375;
10:52:40;734.0;1573296762;91.704;18.92842445589414;0.5020802242942742;-0.46630859375;
10:52:41;735.0;1573296763;91.764;19.058015743500025;0.5055176589787804;-0.46875;
10:52:42;736.0;1573296764;92.043;19.187607031105912;0.5089550936632867;-0.47119140625;
10:52:43;737.0;1573296764;91.824;19.187607031105912;0.5089550936632867;-0.47119140625;
10:52:44;738.0;1573296766;91.824;19.187607031105912;0.5089550936632867;-0.47119140625;
10:52:45;739.0;1573296767;91.724;19.187607031105912;0.5089550936632867;-0.47119140625;
10:52:46;740.0;1573296768;91.744;19.317198318711796;0.5123925283477929;-0.4736328125;
10:52:47;741.0;1573296769;91.963;19.058015743500025;0.5055176589787804;-0.46875;
10:52:48;742.0;1573296770;91.903;19.187607031105912;0.5089550936632867;-0.47119140625;
10:52:49;743.0;1573296771;91.963;19.317198318711796;0.5123925283477929;-0.4736328125;
10:52:50;744.0;1573296772;91.844;19.058015743500025;0.5055176589787804;-0.46875;
10:52:51;745.0;1573296772;91.645;19.058015743500025;0.5055176589787804;-0.46875;
10:52:52;746.0;1573296774;91.724;19.96515475674123;0.5295797017703244;-0.48583984375;
10:52:53;747.0;1573296775;91.685;19.058015743500025;0.5055176589787804;-0.46875;
10:52:54;748.0;1573296775;91.605;19.058015743500025;0.5055176589787804;-0.46875;
10:52:56;750.0;1573296777;91.844;19.317198318711796;0.5123925283477929;-0.4736328125;
10:52:57;751.0;1573296778;91.844;19.187607031105912;0.5089550936632867;-0.47119140625;
10:52:58;752.0;1573296779;91.387;18.92842445589414;0.5020802242942742;-0.46630859375;
10:52:59;753.0;1573296780;91.605;19.187607031105912;0.5089550936632867;-0.47119140625;
10:53:00;754.0;1573296781;91.387;18.79883316828825;0.4986427896097679;-0.4638671875;
10:53:01;755.0;1573296782;91.348;17.632511579835278;0.46770587744921155;-0.44189453125;
10:53:02;756.0;1573296783;91.605;18.92842445589414;0.5020802242942742;-0.46630859375;
10:53:03;757.0;1573296784;91.328;18.92842445589414;0.5020802242942742;-0.46630859375;
10:53:04;758.0;1573296785;91.466;19.317198318711796;0.5123925283477929;-0.4736328125;
10:53:05;759.0;1573296786;91.447;19.187607031105912;0.5089550936632867;-0.47119140625;
10:53:06;760.0;1573296787;91.605;19.058015743500025;0.5055176589787804;-0.46875;
10:53:07;761.0;1573296788;91.844;19.317198318711796;0.5123925283477929;-0.4736328125;
10:53:08;762.0;1573296789;91.625;19.187607031105912;0.5089550936632867;-0.47119140625;
10:53:09;763.0;1573296790;91.665;19.058015743500025;0.5055176589787804;-0.46875;
10:53:10;764.0;1573296791;91.764;19.446789606317687;0.5158299630322993;-0.47607421875;
10:53:11;765.0;1573296792;91.546;19.317198318711796;0.5123925283477929;-0.4736328125;
10:53:12;766.0;1573296793;91.824;19.058015743500025;0.5055176589787804;-0.46875;
10:53:13;767.0;1573296794;91.625;19.187607031105912;0.5089550936632867;-0.47119140625;
10:53:14;768.0;1573296795;91.367;19.187607031105912;0.5089550936632867;-0.47119140625;
10:53:15;769.0;1573296796;91.605;19.83556346913534;0.526142267085818;-0.4833984375;
10:53:16;770.0;1573296797;91.685;19.058015743500025;0.5055176589787804;-0.46875;
10:53:17;771.0;1573296798;91.427;18.92842445589414;0.5020802242942742;-0.46630859375;
10:53:18;772.0;1573296799;91.407;19.317198318711796;0.5123925283477929;-0.4736328125;
10:53:19;773.0;1573296801;91.387;19.446789606317687;0.5158299630322993;-0.47607421875;
10:53:20;774.0;1573296801;91.288;18.92842445589414;0.5020802242942742;-0.46630859375;
10:53:21;775.0;1573296802;91.685;19.446789606317687;0.5158299630322993;-0.47607421875;
10:53:22;776.0;1573296804;91.466;19.187607031105912;0.5089550936632867;-0.47119140625;
10:53:23;777.0;1573296804;91.486;19.058015743500025;0.5055176589787804;-0.46875;
10:53:24;778.0;1573296806;91.288;18.92842445589414;0.5020802242942742;-0.46630859375;
10:53:25;779.0;1573296806;91.052;19.187607031105912;0.5089550936632867;-0.47119140625;
10:53:26;780.0;1573296807;91.506;19.187607031105912;0.5089550936632867;-0.47119140625;
10:53:27;781.0;1573296809;91.288;16.984555141805842;0.45051870402668015;-0.4296875;
10:53:28;782.0;1573296809;91.526;18.92842445589414;0.5020802242942742;-0.46630859375;
10:53:29;783.0;1573296810;91.844;19.058015743500025;0.5055176589787804;-0.46875;
10:53:30;784.0;1573296812;91.585;19.058015743500025;0.5055176589787804;-0.46875;
10:53:31;785.0;1573296812;91.804;18.92842445589414;0.5020802242942742;-0.46630859375;
10:53:32;786.0;1573296813;91.546;19.187607031105912;0.5089550936632867;-0.47119140625;
10:53:33;787.0;1573296815;91.269;19.187607031105912;0.5089550936632867;-0.47119140625;
10:53:34;788.0;1573296815;90.796;19.058015743500025;0.5055176589787804;-0.46875;
10:53:35;789.0;1573296816;90.56;19.187607031105912;0.5089550936632867;-0.47119140625;
10:53:36;790.0;1573296818;90.56;19.187607031105912;0.5089550936632867;-0.47119140625;
10:53:37;791.0;1573296818;90.855;18.92842445589414;0.5020802242942742;-0.46630859375;
10:53:38;792.0;1573296819;91.526;19.187607031105912;0.5089550936632867;-0.47119140625;
10:53:39;793.0;1573296821;91.546;19.187607031105912;0.5089550936632867;-0.47119140625;
10:53:40;794.0;1573296822;91.585;19.317198318711796;0.5123925283477929;-0.4736328125;
10:53:41;795.0;1573296822;91.052;19.187607031105912;0.5089550936632867;-0.47119140625;
10:53:42;796.0;1573296824;90.835;19.446789606317687;0.5158299630322993;-0.47607421875;
10:53:43;797.0;1573296824;91.032;19.317198318711796;0.5123925283477929;-0.4736328125;
10:53:44;798.0;1573296826;90.993;19.705972181529457;0.5227048324013118;-0.48095703125;
10:53:45;799.0;1573296827;91.249;19.187607031105912;0.5089550936632867;-0.47119140625;
10:53:46;800.0;1573296827;91.052;19.705972181529457;0.5227048324013118;-0.48095703125;
10:53:47;801.0;1573296829;91.032;19.187607031105912;0.5089550936632867;-0.47119140625;
10:53:48;802.0;1573296830;91.328;19.187607031105912;0.5089550936632867;-0.47119140625;
10:53:49;803.0;1573296830;91.566;19.058015743500025;0.5055176589787804;-0.46875;
10:53:50;804.0;1573296832;92.063;18.669241880682367;0.4952053549252617;-0.46142578125;
10:53:51;805.0;1573296833;91.824;18.92842445589414;0.5020802242942742;-0.46630859375;
10:53:53;807.0;1573296834;91.566;19.187607031105912;0.5089550936632867;-0.47119140625;
10:53:54;808.0;1573296836;91.566;19.317198318711796;0.5123925283477929;-0.4736328125;
10:53:55;809.0;1573296837;91.546;18.79883316828825;0.4986427896097679;-0.4638671875;
10:53:56;810.0;1573296838;91.288;19.187607031105912;0.5089550936632867;-0.47119140625;
10:53:57;811.0;1573296839;91.249;19.187607031105912;0.5089550936632867;-0.47119140625;
10:53:58;812.0;1573296840;90.973;19.57638089392357;0.5192673977168055;-0.478515625;
10:54:00;814.0;1573296841;91.012;19.058015743500025;0.5055176589787804;-0.46875;
10:54:01;815.0;1573296842;91.249;18.669241880682367;0.4952053549252617;-0.46142578125;
10:54:02;816.0;1573296843;91.526;19.058015743500025;0.5055176589787804;-0.46875;
10:54:03;817.0;1573296844;91.784;18.79883316828825;0.4986427896097679;-0.4638671875;
10:54:04;818.0;1573296845;92.063;19.187607031105912;0.5089550936632867;-0.47119140625;
10:54:05;819.0;1573296846;91.784;18.53965059307648;0.4917679202407554;-0.458984375;
10:54:06;820.0;1573296847;91.288;19.058015743500025;0.5055176589787804;-0.46875;
10:54:07;821.0;1573296848;90.993;19.187607031105912;0.5089550936632867;-0.47119140625;
10:54:08;822.0;1573296849;90.463;19.446789606317687;0.5158299630322993;-0.47607421875;
10:54:09;823.0;1573296850;90.521;19.317198318711796;0.5123925283477929;-0.4736328125;
10:54:10;824.0;1573296851;90.953;19.187607031105912;0.5089550936632867;-0.47119140625;
10:54:11;825.0;1573296852;91.269;19.83556346913534;0.526142267085818;-0.4833984375;
10:54:12;826.0;1573296853;91.288;19.705972181529457;0.5227048324013118;-0.48095703125;
10:54:13;827.0;1573296854;91.566;19.058015743500025;0.5055176589787804;-0.46875;
10:54:14;828.0;1573296855;91.367;19.058015743500025;0.5055176589787804;-0.46875;
10:54:15;829.0;1573296856;91.052;19.96515475674123;0.5295797017703244;-0.48583984375;
10:54:16;830.0;1573296857;91.071;18.92842445589414;0.5020802242942742;-0.46630859375;
10:54:17;831.0;1573296858;90.56;19.705972181529457;0.5227048324013118;-0.48095703125;
10:54:18;832.0;1573296859;90.345;18.79883316828825;0.4986427896097679;-0.4638671875;
10:54:19;833.0;1573296860;90.209;19.187607031105912;0.5089550936632867;-0.47119140625;
10:54:20;834.0;1573296861;90.443;18.92842445589414;0.5020802242942742;-0.46630859375;
10:54:21;835.0;1573296862;90.209;19.187607031105912;0.5089550936632867;-0.47119140625;
10:54:22;836.0;1573296863;90.111;19.187607031105912;0.5089550936632867;-0.47119140625;
10:54:23;837.0;1573296865;90.326;19.058015743500025;0.5055176589787804;-0.46875;
10:54:24;838.0;1573296865;90.365;19.317198318711796;0.5123925283477929;-0.4736328125;
10:54:25;839.0;1573296866;90.796;17.632511579835278;0.46770587744921155;-0.44189453125;
10:54:26;840.0;1573296868;91.367;18.92842445589414;0.5020802242942742;-0.46630859375;
10:54:27;841.0;1573296868;91.15;18.53965059307648;0.4917679202407554;-0.458984375;
10:54:28;842.0;1573296869;90.815;18.280468017864706;0.48489305087174284;-0.4541015625;
10:54:29;843.0;1573296871;90.541;18.53965059307648;0.4917679202407554;-0.458984375;
10:54:30;844.0;1573296871;90.248;19.317198318711796;0.5123925283477929;-0.4736328125;
10:54:31;845.0;1573296872;90.639;19.83556346913534;0.526142267085818;-0.4833984375;
10:54:32;846.0;1573296873;90.894;19.317198318711796;0.5123925283477929;-0.4736328125;
10:54:33;847.0;1573296874;91.249;19.446789606317687;0.5158299630322993;-0.47607421875;
10:54:34;848.0;1573296876;90.973;19.187607031105912;0.5089550936632867;-0.47119140625;
10:54:35;849.0;1573296876;90.973;19.317198318711796;0.5123925283477929;-0.4736328125;
10:54:36;850.0;1573296877;90.737;19.187607031105912;0.5089550936632867;-0.47119140625;
10:54:37;851.0;1573296879;90.463;21.39065892040598;0.5673914832998933;-0.5126953125;
10:54:38;852.0;1573296879;90.757;19.187607031105912;0.5089550936632867;-0.47119140625;
10:54:39;853.0;1573296880;90.365;19.058015743500025;0.5055176589787804;-0.46875;
10:54:40;854.0;1573296882;90.835;19.83556346913534;0.526142267085818;-0.4833984375;
10:54:41;855.0;1573296883;91.071;19.058015743500025;0.5055176589787804;-0.46875;
10:54:42;856.0;1573296883;91.111;19.187607031105912;0.5089550936632867;-0.47119140625;
10:54:43;857.0;1573296885;91.328;19.058015743500025;0.5055176589787804;-0.46875;
10:54:44;858.0;1573296886;91.17;19.187607031105912;0.5089550936632867;-0.47119140625;
10:54:45;859.0;1573296886;90.953;18.92842445589414;0.5020802242942742;-0.46630859375;
10:54:46;860.0;1573296888;91.15;19.187607031105912;0.5089550936632867;-0.47119140625;
10:54:47;861.0;1573296889;90.658;18.92842445589414;0.5020802242942742;-0.46630859375;
10:54:48;862.0;1573296889;90.619;19.187607031105912;0.5089550936632867;-0.47119140625;
10:54:49;863.0;1573296891;90.345;19.187607031105912;0.5089550936632867;-0.47119140625;
10:54:50;864.0;1573296892;90.404;15.559050978141096;0.4127069224971113;-0.40283203125;
10:54:51;865.0;1573296892;90.658;18.92842445589414;0.5020802242942742;-0.46630859375;
10:54:52;866.0;1573296893;90.874;19.187607031105912;0.5089550936632867;-0.47119140625;
10:54:53;867.0;1573296895;90.933;18.79883316828825;0.4986427896097679;-0.4638671875;
10:54:54;868.0;1573296895;90.639;18.021285442652935;0.47801818150273034;-0.44921875;
