Time;Seconds from start for linreg;Unix Time;ch1 po2;Uc;Ubl;Vc;
09:00:24;-1.0;1573290025;96.758;19.317198318711796;0.5123925283477929;-0.4736328125;
09:00:25;0.0;1573290027;97.011;19.705972181529457;0.5227048324013118;-0.48095703125;
09:00:26;1.0;1573290027;97.075;19.317198318711796;0.5123925283477929;-0.4736328125;
09:00:27;2.0;1573290029;97.329;19.058015743500025;0.5055176589787804;-0.46875;
09:00:28;3.0;1573290030;97.329;19.83556346913534;0.526142267085818;-0.4833984375;
09:00:29;4.0;1573290031;96.568;19.317198318711796;0.5123925283477929;-0.4736328125;
09:00:30;5.0;1573290032;96.254;19.187607031105912;0.5089550936632867;-0.47119140625;
09:00:31;6.0;1573290033;96.023;19.187607031105912;0.5089550936632867;-0.47119140625;
09:00:32;7.0;1573290034;96.337;19.446789606317687;0.5158299630322993;-0.47607421875;
09:00:33;8.0;1573290035;96.337;19.317198318711796;0.5123925283477929;-0.4736328125;
09:00:34;9.0;1573290036;96.337;19.187607031105912;0.5089550936632867;-0.47119140625;
09:00:35;10.0;1573290037;96.295;19.187607031105912;0.5089550936632867;-0.47119140625;
09:00:36;11.0;1573290038;95.773;19.187607031105912;0.5089550936632867;-0.47119140625;
09:00:37;12.0;1573290039;96.023;19.058015743500025;0.5055176589787804;-0.46875;
09:00:38;13.0;1573290040;96.358;18.53965059307648;0.4917679202407554;-0.458984375;
09:00:39;14.0;1573290041;96.695;18.79883316828825;0.4986427896097679;-0.4638671875;
09:00:40;15.0;1573290042;97.202;18.280468017864706;0.48489305087174284;-0.4541015625;
09:00:41;16.0;1573290043;96.948;16.207007416170526;0.42989409591964256;-0.4150390625;
09:00:43;18.0;1573290044;96.674;19.058015743500025;0.5055176589787804;-0.46875;
09:00:44;19.0;1573290045;96.107;19.317198318711796;0.5123925283477929;-0.4736328125;
09:00:45;20.0;1573290046;96.191;18.410059305470593;0.48833048555624914;-0.45654296875;
09:00:46;21.0;1573290047;96.737;19.317198318711796;0.5123925283477929;-0.4736328125;
09:00:47;22.0;1573290048;97.011;19.446789606317687;0.5158299630322993;-0.47607421875;
09:00:48;23.0;1573290049;97.52;18.92842445589414;0.5020802242942742;-0.46630859375;
09:00:49;24.0;1573290049;97.202;19.317198318711796;0.5123925283477929;-0.4736328125;
09:00:50;25.0;1573290051;97.138;19.187607031105912;0.5089550936632867;-0.47119140625;
09:00:51;26.0;1573290052;97.117;19.187607031105912;0.5089550936632867;-0.47119140625;
09:00:52;27.0;1573290053;96.884;19.446789606317687;0.5158299630322993;-0.47607421875;
09:00:53;28.0;1573290054;97.18;21.131476345194205;0.5605166139308807;-0.5078125;
09:00:54;29.0;1573290055;96.695;19.187607031105912;0.5089550936632867;-0.47119140625;
09:00:55;30.0;1573290056;96.17;19.187607031105912;0.5089550936632867;-0.47119140625;
09:00:56;31.0;1573290057;96.17;19.317198318711796;0.5123925283477929;-0.4736328125;
09:00:57;32.0;1573290058;95.856;20.224337331953002;0.5364545711393369;-0.49072265625;
09:00:58;33.0;1573290059;96.589;19.705972181529457;0.5227048324013118;-0.48095703125;
09:00:59;34.0;1573290060;97.138;19.446789606317687;0.5158299630322993;-0.47607421875;
09:01:00;35.0;1573290061;97.117;18.92842445589414;0.5020802242942742;-0.46630859375;
09:01:01;36.0;1573290062;97.138;19.57638089392357;0.5192673977168055;-0.478515625;
09:01:02;37.0;1573290063;96.674;19.317198318711796;0.5123925283477929;-0.4736328125;
09:01:03;38.0;1573290064;96.632;18.79883316828825;0.4986427896097679;-0.4638671875;
09:01:04;39.0;1573290065;96.906;19.187607031105912;0.5089550936632867;-0.47119140625;
09:01:05;40.0;1573290066;97.138;19.187607031105912;0.5089550936632867;-0.47119140625;
09:01:06;41.0;1573290067;96.884;19.187607031105912;0.5089550936632867;-0.47119140625;
09:01:07;42.0;1573290068;96.632;19.058015743500025;0.5055176589787804;-0.46875;
09:01:08;43.0;1573290069;96.379;19.058015743500025;0.5055176589787804;-0.46875;
09:01:09;44.0;1573290070;96.379;18.92842445589414;0.5020802242942742;-0.46630859375;
09:01:10;45.0;1573290071;96.927;19.317198318711796;0.5123925283477929;-0.4736328125;
09:01:11;46.0;1573290072;97.478;19.446789606317687;0.5158299630322993;-0.47607421875;
09:01:12;47.0;1573290073;97.18;19.57638089392357;0.5192673977168055;-0.478515625;
09:01:13;48.0;1573290074;97.202;19.187607031105912;0.5089550936632867;-0.47119140625;
09:01:14;49.0;1573290075;96.863;19.058015743500025;0.5055176589787804;-0.46875;
09:01:15;50.0;1573290077;96.589;19.317198318711796;0.5123925283477929;-0.4736328125;
09:01:16;51.0;1573290077;97.138;19.317198318711796;0.5123925283477929;-0.4736328125;
09:01:17;52.0;1573290079;96.863;18.92842445589414;0.5020802242942742;-0.46630859375;
09:01:18;53.0;1573290079;96.906;18.92842445589414;0.5020802242942742;-0.46630859375;
09:01:19;54.0;1573290081;96.611;19.317198318711796;0.5123925283477929;-0.4736328125;
09:01:20;55.0;1573290081;96.358;19.058015743500025;0.5055176589787804;-0.46875;
09:01:21;56.0;1573290083;96.695;18.92842445589414;0.5020802242942742;-0.46630859375;
09:01:22;57.0;1573290083;96.442;19.187607031105912;0.5089550936632867;-0.47119140625;
09:01:23;58.0;1573290085;96.421;19.058015743500025;0.5055176589787804;-0.46875;
09:01:24;59.0;1573290085;96.107;18.79883316828825;0.4986427896097679;-0.4638671875;
09:01:25;60.0;1573290087;96.002;20.094746044347115;0.5330171364548306;-0.48828125;
09:01:26;61.0;1573290087;96.212;19.446789606317687;0.5158299630322993;-0.47607421875;
09:01:27;62.0;1573290089;96.526;19.058015743500025;0.5055176589787804;-0.46875;
09:01:28;63.0;1573290090;96.779;19.187607031105912;0.5089550936632867;-0.47119140625;
09:01:29;64.0;1573290090;96.821;19.058015743500025;0.5055176589787804;-0.46875;
09:01:30;65.0;1573290092;96.821;19.058015743500025;0.5055176589787804;-0.46875;
09:01:31;66.0;1573290093;96.842;19.317198318711796;0.5123925283477929;-0.4736328125;
09:01:32;67.0;1573290094;97.159;18.669241880682367;0.4952053549252617;-0.46142578125;
09:01:33;68.0;1573290095;97.138;18.79883316828825;0.4986427896097679;-0.4638671875;
09:01:34;69.0;1573290096;96.863;18.669241880682367;0.4952053549252617;-0.46142578125;
09:01:35;70.0;1573290097;96.821;19.317198318711796;0.5123925283477929;-0.4736328125;
09:01:36;71.0;1573290098;96.254;19.187607031105912;0.5089550936632867;-0.47119140625;
09:01:37;72.0;1573290099;96.568;17.502920292229387;0.4642684427647052;-0.439453125;
09:01:38;73.0;1573290100;96.927;19.058015743500025;0.5055176589787804;-0.46875;
09:01:39;74.0;1573290101;96.948;19.058015743500025;0.5055176589787804;-0.46875;
09:01:40;75.0;1573290102;96.969;19.187607031105912;0.5089550936632867;-0.47119140625;
09:01:41;76.0;1573290103;96.674;19.187607031105912;0.5089550936632867;-0.47119140625;
09:01:42;77.0;1573290104;96.884;18.92842445589414;0.5020802242942742;-0.46630859375;
09:01:43;78.0;1573290105;96.884;18.92842445589414;0.5020802242942742;-0.46630859375;
09:01:44;79.0;1573290106;97.18;19.058015743500025;0.5055176589787804;-0.46875;
09:01:45;80.0;1573290107;97.414;19.058015743500025;0.5055176589787804;-0.46875;
09:01:47;82.0;1573290108;96.906;18.92842445589414;0.5020802242942742;-0.46630859375;
09:01:48;83.0;1573290109;96.906;19.446789606317687;0.5158299630322993;-0.47607421875;
09:01:49;84.0;1573290110;97.435;18.79883316828825;0.4986427896097679;-0.4638671875;
09:01:50;85.0;1573290111;96.906;18.92842445589414;0.5020802242942742;-0.46630859375;
09:01:51;86.0;1573290112;97.414;20.872293769982434;0.5536417445618682;-0.5029296875;
09:01:52;87.0;1573290113;97.456;19.187607031105912;0.5089550936632867;-0.47119140625;
09:01:53;88.0;1573290114;96.906;19.187607031105912;0.5089550936632867;-0.47119140625;
09:01:54;89.0;1573290115;97.223;19.058015743500025;0.5055176589787804;-0.46875;
09:01:55;90.0;1573290116;96.674;19.187607031105912;0.5089550936632867;-0.47119140625;
09:01:56;91.0;1573290117;96.653;19.187607031105912;0.5089550936632867;-0.47119140625;
09:01:57;92.0;1573290118;96.632;18.92842445589414;0.5020802242942742;-0.46630859375;
09:01:58;93.0;1573290119;96.632;19.187607031105912;0.5089550936632867;-0.47119140625;
09:01:59;94.0;1573290120;96.927;18.280468017864706;0.48489305087174284;-0.4541015625;
09:02:00;95.0;1573290121;96.337;18.669241880682367;0.4952053549252617;-0.46142578125;
09:02:01;96.0;1573290122;96.337;18.92842445589414;0.5020802242942742;-0.46630859375;
09:02:02;97.0;1573290123;95.731;19.187607031105912;0.5089550936632867;-0.47119140625;
09:02:03;98.0;1573290124;95.69;19.187607031105912;0.5089550936632867;-0.47119140625;
09:02:04;99.0;1573290125;96.212;19.317198318711796;0.5123925283477929;-0.4736328125;
09:02:05;100.0;1573290126;95.961;19.317198318711796;0.5123925283477929;-0.4736328125;
09:02:06;101.0;1573290127;96.254;19.446789606317687;0.5158299630322993;-0.47607421875;
09:02:07;102.0;1573290128;96.568;18.92842445589414;0.5020802242942742;-0.46630859375;
09:02:08;103.0;1573290129;96.547;19.058015743500025;0.5055176589787804;-0.46875;
09:02:09;104.0;1573290130;97.032;19.317198318711796;0.5123925283477929;-0.4736328125;
09:02:10;105.0;1573290131;97.329;19.058015743500025;0.5055176589787804;-0.46875;
09:02:11;106.0;1573290132;97.075;19.317198318711796;0.5123925283477929;-0.4736328125;
09:02:12;107.0;1573290133;96.863;19.058015743500025;0.5055176589787804;-0.46875;
09:02:13;108.0;1573290134;96.589;19.317198318711796;0.5123925283477929;-0.4736328125;
09:02:14;109.0;1573290135;96.275;19.187607031105912;0.5089550936632867;-0.47119140625;
09:02:15;110.0;1573290136;96.233;19.317198318711796;0.5123925283477929;-0.4736328125;
09:02:16;111.0;1573290137;96.547;19.446789606317687;0.5158299630322993;-0.47607421875;
09:02:17;112.0;1573290139;96.611;19.96515475674123;0.5295797017703244;-0.48583984375;
09:02:18;113.0;1573290139;96.632;18.92842445589414;0.5020802242942742;-0.46630859375;
09:02:19;114.0;1573290141;96.358;19.187607031105912;0.5089550936632867;-0.47119140625;
09:02:20;115.0;1573290141;96.316;19.317198318711796;0.5123925283477929;-0.4736328125;
09:02:21;116.0;1573290143;96.023;19.317198318711796;0.5123925283477929;-0.4736328125;
09:02:22;117.0;1573290143;96.316;18.79883316828825;0.4986427896097679;-0.4638671875;
09:02:23;118.0;1573290145;96.568;19.058015743500025;0.5055176589787804;-0.46875;
09:02:24;119.0;1573290145;95.94;19.446789606317687;0.5158299630322993;-0.47607421875;
09:02:25;120.0;1573290147;96.463;18.021285442652935;0.47801818150273034;-0.44921875;
09:02:26;121.0;1573290147;96.233;19.058015743500025;0.5055176589787804;-0.46875;
09:02:27;122.0;1573290149;96.737;19.317198318711796;0.5123925283477929;-0.4736328125;
09:02:28;123.0;1573290149;97.648;18.669241880682367;0.4952053549252617;-0.46142578125;
09:02:29;124.0;1573290151;97.393;18.669241880682367;0.4952053549252617;-0.46142578125;
09:02:30;125.0;1573290151;97.605;18.410059305470593;0.48833048555624914;-0.45654296875;
09:02:31;126.0;1573290153;97.712;15.68864226574698;0.41614435718161746;-0.4052734375;
09:02:32;127.0;1573290153;97.669;18.92842445589414;0.5020802242942742;-0.46630859375;
09:02:33;128.0;1573290155;97.712;19.317198318711796;0.5123925283477929;-0.4736328125;
09:02:34;129.0;1573290156;97.797;19.187607031105912;0.5089550936632867;-0.47119140625;
09:02:35;130.0;1573290157;97.223;19.058015743500025;0.5055176589787804;-0.46875;
09:02:36;131.0;1573290158;96.969;19.187607031105912;0.5089550936632867;-0.47119140625;
09:02:37;132.0;1573290159;97.138;19.058015743500025;0.5055176589787804;-0.46875;
09:02:38;133.0;1573290160;96.863;19.705972181529457;0.5227048324013118;-0.48095703125;
09:02:39;134.0;1573290161;96.632;19.187607031105912;0.5089550936632867;-0.47119140625;
09:02:40;135.0;1573290162;96.611;22.1682066460413;0.5880160914069309;-0.52734375;
09:02:41;136.0;1573290163;96.695;19.187607031105912;0.5089550936632867;-0.47119140625;
09:02:42;137.0;1573290164;96.884;19.705972181529457;0.5227048324013118;-0.48095703125;
09:02:43;138.0;1573290165;96.8;19.317198318711796;0.5123925283477929;-0.4736328125;
09:02:44;139.0;1573290166;97.075;21.261067632800092;0.563954048615387;-0.51025390625;
09:02:45;140.0;1573290167;97.054;18.79883316828825;0.4986427896097679;-0.4638671875;
09:02:46;141.0;1573290167;96.821;19.187607031105912;0.5089550936632867;-0.47119140625;
09:02:47;142.0;1573290169;96.863;19.058015743500025;0.5055176589787804;-0.46875;
09:02:48;143.0;1573290170;96.674;19.187607031105912;0.5089550936632867;-0.47119140625;
09:02:49;144.0;1573290171;96.463;19.058015743500025;0.5055176589787804;-0.46875;
09:02:51;146.0;1573290172;96.737;19.187607031105912;0.5089550936632867;-0.47119140625;
09:02:52;147.0;1573290173;96.737;18.669241880682367;0.4952053549252617;-0.46142578125;
09:02:53;148.0;1573290174;96.632;17.114146429411733;0.4539561387111865;-0.43212890625;
09:02:54;149.0;1573290175;96.526;19.058015743500025;0.5055176589787804;-0.46875;
09:02:55;150.0;1573290176;96.254;19.058015743500025;0.5055176589787804;-0.46875;
09:02:56;151.0;1573290177;96.526;18.92842445589414;0.5020802242942742;-0.46630859375;
09:02:57;152.0;1573290178;96.295;19.187607031105912;0.5089550936632867;-0.47119140625;
09:02:58;153.0;1573290179;96.611;18.150876730258823;0.48145561618723665;-0.45166015625;
09:02:59;154.0;1573290180;96.863;19.187607031105912;0.5089550936632867;-0.47119140625;
09:03:00;155.0;1573290181;96.611;19.187607031105912;0.5089550936632867;-0.47119140625;
09:03:01;156.0;1573290182;96.632;18.79883316828825;0.4986427896097679;-0.4638671875;
09:03:02;157.0;1573290183;96.358;19.187607031105912;0.5089550936632867;-0.47119140625;
09:03:03;158.0;1573290184;96.107;19.446789606317687;0.5158299630322993;-0.47607421875;
09:03:04;159.0;1573290185;96.107;19.187607031105912;0.5089550936632867;-0.47119140625;
09:03:05;160.0;1573290186;96.149;18.669241880682367;0.4952053549252617;-0.46142578125;
09:03:06;161.0;1573290187;96.107;19.058015743500025;0.5055176589787804;-0.46875;
09:03:07;162.0;1573290188;96.358;19.058015743500025;0.5055176589787804;-0.46875;
09:03:08;163.0;1573290189;95.877;19.446789606317687;0.5158299630322993;-0.47607421875;
09:03:09;164.0;1573290190;96.044;19.705972181529457;0.5227048324013118;-0.48095703125;
09:03:10;165.0;1573290191;96.086;19.187607031105912;0.5089550936632867;-0.47119140625;
09:03:11;166.0;1573290192;96.295;19.187607031105912;0.5089550936632867;-0.47119140625;
09:03:12;167.0;1573290194;97.075;19.058015743500025;0.5055176589787804;-0.46875;
09:03:13;168.0;1573290194;97.371;18.92842445589414;0.5020802242942742;-0.46630859375;
09:03:14;169.0;1573290196;97.435;19.317198318711796;0.5123925283477929;-0.4736328125;
09:03:15;170.0;1573290196;97.414;19.446789606317687;0.5158299630322993;-0.47607421875;
09:03:16;171.0;1573290198;97.35;18.79883316828825;0.4986427896097679;-0.4638671875;
09:03:17;172.0;1573290198;97.138;15.818233553352869;0.4195817918661238;-0.40771484375;
09:03:18;173.0;1573290200;97.075;19.317198318711796;0.5123925283477929;-0.4736328125;
09:03:19;174.0;1573290200;96.611;19.187607031105912;0.5089550936632867;-0.47119140625;
09:03:20;175.0;1573290202;96.568;18.79883316828825;0.4986427896097679;-0.4638671875;
09:03:21;176.0;1573290202;95.982;19.187607031105912;0.5089550936632867;-0.47119140625;
09:03:22;177.0;1573290204;95.71;18.92842445589414;0.5020802242942742;-0.46630859375;
09:03:23;178.0;1573290204;96.002;17.632511579835278;0.46770587744921155;-0.44189453125;
09:03:24;179.0;1573290206;96.065;19.058015743500025;0.5055176589787804;-0.46875;
09:03:25;180.0;1573290206;96.632;19.187607031105912;0.5089550936632867;-0.47119140625;
09:03:26;181.0;1573290208;97.18;19.317198318711796;0.5123925283477929;-0.4736328125;
09:03:27;182.0;1573290208;96.927;19.317198318711796;0.5123925283477929;-0.4736328125;
09:03:28;183.0;1573290210;97.202;18.92842445589414;0.5020802242942742;-0.46630859375;
09:03:29;184.0;1573290210;97.456;18.92842445589414;0.5020802242942742;-0.46630859375;
09:03:30;185.0;1573290212;96.149;19.187607031105912;0.5089550936632867;-0.47119140625;
09:03:31;186.0;1573290212;96.379;19.187607031105912;0.5089550936632867;-0.47119140625;
09:03:32;187.0;1573290214;95.836;19.446789606317687;0.5158299630322993;-0.47607421875;
09:03:33;188.0;1573290214;94.799;18.92842445589414;0.5020802242942742;-0.46630859375;
09:03:34;189.0;1573290216;96.128;19.058015743500025;0.5055176589787804;-0.46875;
09:03:35;190.0;1573290216;95.919;19.187607031105912;0.5089550936632867;-0.47119140625;
09:03:36;191.0;1573290218;95.898;18.79883316828825;0.4986427896097679;-0.4638671875;
09:03:37;192.0;1573290218;96.674;19.058015743500025;0.5055176589787804;-0.46875;
09:03:38;193.0;1573290220;96.568;20.61311119477066;0.5467668751928557;-0.498046875;
09:03:39;194.0;1573290220;96.484;19.705972181529457;0.5227048324013118;-0.48095703125;
09:03:40;195.0;1573290222;96.758;19.058015743500025;0.5055176589787804;-0.46875;
09:03:41;196.0;1573290222;96.8;19.317198318711796;0.5123925283477929;-0.4736328125;
09:03:42;197.0;1573290224;96.906;18.410059305470593;0.48833048555624914;-0.45654296875;
09:03:43;198.0;1573290225;96.653;18.92842445589414;0.5020802242942742;-0.46630859375;
09:03:44;199.0;1573290226;96.906;19.317198318711796;0.5123925283477929;-0.4736328125;
09:03:45;200.0;1573290226;97.138;18.150876730258823;0.48145561618723665;-0.45166015625;
09:03:46;201.0;1573290228;96.842;19.058015743500025;0.5055176589787804;-0.46875;
09:03:47;202.0;1573290229;96.863;18.79883316828825;0.4986427896097679;-0.4638671875;
09:03:48;203.0;1573290230;96.611;18.410059305470593;0.48833048555624914;-0.45654296875;
09:03:49;204.0;1573290231;96.086;18.669241880682367;0.4952053549252617;-0.46142578125;
09:03:50;205.0;1573290232;95.794;18.92842445589414;0.5020802242942742;-0.46630859375;
09:03:51;206.0;1573290233;96.086;19.446789606317687;0.5158299630322993;-0.47607421875;
09:03:52;207.0;1573290234;95.856;19.317198318711796;0.5123925283477929;-0.4736328125;
09:03:53;208.0;1573290235;96.128;19.187607031105912;0.5089550936632867;-0.47119140625;
09:03:55;210.0;1573290236;96.149;19.187607031105912;0.5089550936632867;-0.47119140625;
09:03:56;211.0;1573290237;96.107;19.058015743500025;0.5055176589787804;-0.46875;
09:03:57;212.0;1573290238;96.316;19.058015743500025;0.5055176589787804;-0.46875;
09:03:58;213.0;1573290239;96.316;19.058015743500025;0.5055176589787804;-0.46875;
09:03:59;214.0;1573290240;96.358;19.317198318711796;0.5123925283477929;-0.4736328125;
09:04:00;215.0;1573290241;96.337;19.96515475674123;0.5295797017703244;-0.48583984375;
09:04:01;216.0;1573290242;96.358;19.446789606317687;0.5158299630322993;-0.47607421875;
09:04:02;217.0;1573290243;96.149;19.83556346913534;0.526142267085818;-0.4833984375;
09:04:03;218.0;1573290244;96.086;18.79883316828825;0.4986427896097679;-0.4638671875;
09:04:04;219.0;1573290245;96.379;21.909024070829524;0.5811412220379184;-0.5224609375;
09:04:05;220.0;1573290246;96.4;19.705972181529457;0.5227048324013118;-0.48095703125;
09:04:06;221.0;1573290247;96.632;19.317198318711796;0.5123925283477929;-0.4736328125;
09:04:07;222.0;1573290248;96.821;19.187607031105912;0.5089550936632867;-0.47119140625;
09:04:08;223.0;1573290249;96.589;19.058015743500025;0.5055176589787804;-0.46875;
09:04:09;224.0;1573290250;96.316;19.058015743500025;0.5055176589787804;-0.46875;
09:04:10;225.0;1573290251;96.295;19.058015743500025;0.5055176589787804;-0.46875;
09:04:11;226.0;1573290252;96.107;18.021285442652935;0.47801818150273034;-0.44921875;
09:04:12;227.0;1573290253;96.044;19.83556346913534;0.526142267085818;-0.4833984375;
09:04:13;228.0;1573290254;96.023;19.187607031105912;0.5089550936632867;-0.47119140625;
09:04:14;229.0;1573290255;95.794;19.187607031105912;0.5089550936632867;-0.47119140625;
09:04:15;230.0;1573290256;95.565;19.187607031105912;0.5089550936632867;-0.47119140625;
09:04:16;231.0;1573290257;95.586;19.058015743500025;0.5055176589787804;-0.46875;
09:04:17;232.0;1573290258;95.606;19.187607031105912;0.5089550936632867;-0.47119140625;
09:04:18;233.0;1573290259;95.337;19.187607031105912;0.5089550936632867;-0.47119140625;
09:04:19;234.0;1573290260;95.523;19.317198318711796;0.5123925283477929;-0.4736328125;
09:04:20;235.0;1573290261;95.71;19.058015743500025;0.5055176589787804;-0.46875;
09:04:21;236.0;1573290262;95.669;19.058015743500025;0.5055176589787804;-0.46875;
09:04:22;237.0;1573290263;96.128;19.187607031105912;0.5089550936632867;-0.47119140625;
09:04:23;238.0;1573290264;96.526;19.058015743500025;0.5055176589787804;-0.46875;
09:04:24;239.0;1573290265;96.295;19.187607031105912;0.5089550936632867;-0.47119140625;
09:04:25;240.0;1573290266;96.295;19.058015743500025;0.5055176589787804;-0.46875;
09:04:26;241.0;1573290267;96.316;19.446789606317687;0.5158299630322993;-0.47607421875;
09:04:27;242.0;1573290268;96.023;19.187607031105912;0.5089550936632867;-0.47119140625;
09:04:28;243.0;1573290269;96.295;22.816163084070727;0.6052032648294622;-0.53955078125;
09:04:29;244.0;1573290270;96.358;18.79883316828825;0.4986427896097679;-0.4638671875;
09:04:30;245.0;1573290271;96.107;19.705972181529457;0.5227048324013118;-0.48095703125;
09:04:31;246.0;1573290273;96.023;19.187607031105912;0.5089550936632867;-0.47119140625;
09:04:32;247.0;1573290273;95.544;18.92842445589414;0.5020802242942742;-0.46630859375;
09:04:33;248.0;1573290275;95.523;19.187607031105912;0.5089550936632867;-0.47119140625;
09:04:34;249.0;1573290275;95.523;19.317198318711796;0.5123925283477929;-0.4736328125;
09:04:35;250.0;1573290277;95.316;18.79883316828825;0.4986427896097679;-0.4638671875;
09:04:36;251.0;1573290277;95.836;19.317198318711796;0.5123925283477929;-0.4736328125;
09:04:37;252.0;1573290279;95.836;18.92842445589414;0.5020802242942742;-0.46630859375;
09:04:38;253.0;1573290280;95.815;19.058015743500025;0.5055176589787804;-0.46875;
09:04:39;254.0;1573290281;96.023;19.187607031105912;0.5089550936632867;-0.47119140625;
09:04:40;255.0;1573290282;95.461;19.187607031105912;0.5089550936632867;-0.47119140625;
09:04:41;256.0;1573290283;95.44;18.92842445589414;0.5020802242942742;-0.46630859375;
09:04:42;257.0;1573290284;95.419;19.058015743500025;0.5055176589787804;-0.46875;
09:04:43;258.0;1573290285;95.419;19.187607031105912;0.5089550936632867;-0.47119140625;
09:04:44;259.0;1573290285;95.731;18.53965059307648;0.4917679202407554;-0.458984375;
09:04:45;260.0;1573290286;95.44;19.317198318711796;0.5123925283477929;-0.4736328125;
09:04:46;261.0;1573290288;95.171;19.187607031105912;0.5089550936632867;-0.47119140625;
09:04:47;262.0;1573290289;94.717;19.187607031105912;0.5089550936632867;-0.47119140625;
09:04:48;263.0;1573290290;94.737;19.187607031105912;0.5089550936632867;-0.47119140625;
09:04:49;264.0;1573290291;95.295;19.187607031105912;0.5089550936632867;-0.47119140625;
09:04:50;265.0;1573290292;95.586;19.058015743500025;0.5055176589787804;-0.46875;
09:04:51;266.0;1573290293;96.086;19.187607031105912;0.5089550936632867;-0.47119140625;
09:04:52;267.0;1573290294;96.065;19.187607031105912;0.5089550936632867;-0.47119140625;
09:04:53;268.0;1573290295;95.815;20.094746044347115;0.5330171364548306;-0.48828125;
09:04:54;269.0;1573290296;95.794;22.686571796464843;0.601765830144956;-0.537109375;
09:04:55;270.0;1573290297;95.773;19.187607031105912;0.5089550936632867;-0.47119140625;
09:04:56;271.0;1573290298;95.233;19.187607031105912;0.5089550936632867;-0.47119140625;
09:04:57;272.0;1573290299;95.523;19.446789606317687;0.5158299630322993;-0.47607421875;
09:04:58;273.0;1573290300;95.627;19.187607031105912;0.5089550936632867;-0.47119140625;
09:05:00;275.0;1573290301;95.669;19.187607031105912;0.5089550936632867;-0.47119140625;
09:05:01;276.0;1573290302;96.254;18.669241880682367;0.4952053549252617;-0.46142578125;
09:05:02;277.0;1573290303;95.773;19.317198318711796;0.5123925283477929;-0.4736328125;
09:05:03;278.0;1573290304;95.669;19.187607031105912;0.5089550936632867;-0.47119140625;
09:05:04;279.0;1573290305;95.606;18.669241880682367;0.4952053549252617;-0.46142578125;
09:05:05;280.0;1573290306;95.523;18.79883316828825;0.4986427896097679;-0.4638671875;
09:05:06;281.0;1573290307;95.648;19.187607031105912;0.5089550936632867;-0.47119140625;
09:05:07;282.0;1573290308;95.461;19.57638089392357;0.5192673977168055;-0.478515625;
09:05:08;283.0;1573290309;95.565;19.187607031105912;0.5089550936632867;-0.47119140625;
09:05:09;284.0;1573290310;95.627;19.187607031105912;0.5089550936632867;-0.47119140625;
09:05:10;285.0;1573290311;95.461;18.92842445589414;0.5020802242942742;-0.46630859375;
09:05:11;286.0;1573290312;95.669;18.021285442652935;0.47801818150273034;-0.44921875;
09:05:12;287.0;1573290313;95.088;19.058015743500025;0.5055176589787804;-0.46875;
09:05:13;288.0;1573290314;94.799;19.317198318711796;0.5123925283477929;-0.4736328125;
09:05:14;289.0;1573290315;94.779;19.317198318711796;0.5123925283477929;-0.4736328125;
09:05:15;290.0;1573290316;94.799;19.317198318711796;0.5123925283477929;-0.4736328125;
09:05:16;291.0;1573290317;95.378;19.058015743500025;0.5055176589787804;-0.46875;
09:05:17;292.0;1573290318;95.627;19.187607031105912;0.5089550936632867;-0.47119140625;
09:05:18;293.0;1573290319;95.898;21.64984149561775;0.5742663526689058;-0.517578125;
09:05:19;294.0;1573290320;96.149;19.187607031105912;0.5089550936632867;-0.47119140625;
09:05:20;295.0;1573290321;96.358;19.317198318711796;0.5123925283477929;-0.4736328125;
09:05:21;296.0;1573290322;96.379;19.187607031105912;0.5089550936632867;-0.47119140625;
09:05:22;297.0;1573290323;96.044;19.317198318711796;0.5123925283477929;-0.4736328125;
09:05:23;298.0;1573290324;96.086;19.187607031105912;0.5089550936632867;-0.47119140625;
09:05:24;299.0;1573290325;95.316;19.187607031105912;0.5089550936632867;-0.47119140625;
09:05:25;300.0;1573290326;95.026;19.058015743500025;0.5055176589787804;-0.46875;
09:05:26;301.0;1573290327;95.337;19.187607031105912;0.5089550936632867;-0.47119140625;
09:05:27;302.0;1573290328;94.573;18.79883316828825;0.4986427896097679;-0.4638671875;
09:05:28;303.0;1573290329;95.274;19.317198318711796;0.5123925283477929;-0.4736328125;
09:05:29;304.0;1573290330;95.295;19.187607031105912;0.5089550936632867;-0.47119140625;
09:05:30;305.0;1573290331;95.316;18.669241880682367;0.4952053549252617;-0.46142578125;
09:05:31;306.0;1573290332;95.794;18.53965059307648;0.4917679202407554;-0.458984375;
09:05:32;307.0;1573290333;95.544;19.058015743500025;0.5055176589787804;-0.46875;
09:05:33;308.0;1573290334;95.254;18.79883316828825;0.4986427896097679;-0.4638671875;
09:05:34;309.0;1573290335;95.212;18.79883316828825;0.4986427896097679;-0.4638671875;
09:05:35;310.0;1573290336;94.944;19.317198318711796;0.5123925283477929;-0.4736328125;
09:05:36;311.0;1573290338;94.758;19.317198318711796;0.5123925283477929;-0.4736328125;
09:05:37;312.0;1573290338;95.586;18.79883316828825;0.4986427896097679;-0.4638671875;
09:05:38;313.0;1573290340;95.357;15.559050978141096;0.4127069224971113;-0.40283203125;
09:05:39;314.0;1573290340;95.586;19.317198318711796;0.5123925283477929;-0.4736328125;
09:05:40;315.0;1573290342;95.586;19.317198318711796;0.5123925283477929;-0.4736328125;
09:05:41;316.0;1573290342;95.026;19.317198318711796;0.5123925283477929;-0.4736328125;
09:05:42;317.0;1573290344;95.295;19.317198318711796;0.5123925283477929;-0.4736328125;
09:05:43;318.0;1573290344;95.295;19.058015743500025;0.5055176589787804;-0.46875;
09:05:44;319.0;1573290346;95.274;18.92842445589414;0.5020802242942742;-0.46630859375;
09:05:45;320.0;1573290346;95.815;19.317198318711796;0.5123925283477929;-0.4736328125;
09:05:46;321.0;1573290348;95.794;19.57638089392357;0.5192673977168055;-0.478515625;
09:05:47;322.0;1573290348;96.149;19.058015743500025;0.5055176589787804;-0.46875;
09:05:48;323.0;1573290350;96.4;19.187607031105912;0.5089550936632867;-0.47119140625;
09:05:49;324.0;1573290350;95.898;19.317198318711796;0.5123925283477929;-0.4736328125;
09:05:50;325.0;1573290352;95.898;19.446789606317687;0.5158299630322993;-0.47607421875;
09:05:51;326.0;1573290352;95.295;19.317198318711796;0.5123925283477929;-0.4736328125;
09:05:52;327.0;1573290354;95.047;19.317198318711796;0.5123925283477929;-0.4736328125;
09:05:53;328.0;1573290354;95.005;18.92842445589414;0.5020802242942742;-0.46630859375;
09:05:54;329.0;1573290356;95.005;19.317198318711796;0.5123925283477929;-0.4736328125;
09:05:55;330.0;1573290356;94.737;19.57638089392357;0.5192673977168055;-0.478515625;
09:05:56;331.0;1573290358;94.985;19.058015743500025;0.5055176589787804;-0.46875;
09:05:57;332.0;1573290359;95.295;18.79883316828825;0.4986427896097679;-0.4638671875;
09:05:58;333.0;1573290360;95.067;19.058015743500025;0.5055176589787804;-0.46875;
09:05:59;334.0;1573290361;95.399;19.446789606317687;0.5158299630322993;-0.47607421875;
09:06:00;335.0;1573290362;94.902;19.187607031105912;0.5089550936632867;-0.47119140625;
09:06:01;336.0;1573290363;94.882;18.79883316828825;0.4986427896097679;-0.4638671875;
09:06:02;337.0;1573290364;95.129;19.187607031105912;0.5089550936632867;-0.47119140625;
09:06:04;339.0;1573290365;95.047;18.669241880682367;0.4952053549252617;-0.46142578125;
09:06:05;340.0;1573290366;95.544;19.058015743500025;0.5055176589787804;-0.46875;
09:06:06;341.0;1573290367;95.274;19.058015743500025;0.5055176589787804;-0.46875;
09:06:07;342.0;1573290368;95.295;19.058015743500025;0.5055176589787804;-0.46875;
09:06:08;343.0;1573290369;95.627;19.058015743500025;0.5055176589787804;-0.46875;
09:06:09;344.0;1573290370;95.378;19.187607031105912;0.5089550936632867;-0.47119140625;
09:06:10;345.0;1573290371;95.378;18.410059305470593;0.48833048555624914;-0.45654296875;
09:06:11;346.0;1573290372;95.067;19.187607031105912;0.5089550936632867;-0.47119140625;
09:06:12;347.0;1573290373;94.985;19.187607031105912;0.5089550936632867;-0.47119140625;
09:06:13;348.0;1573290374;95.254;19.187607031105912;0.5089550936632867;-0.47119140625;
09:06:14;349.0;1573290375;95.254;19.187607031105912;0.5089550936632867;-0.47119140625;
09:06:15;350.0;1573290376;95.233;19.317198318711796;0.5123925283477929;-0.4736328125;
09:06:16;351.0;1573290377;95.274;19.058015743500025;0.5055176589787804;-0.46875;
09:06:17;352.0;1573290378;95.254;21.520250208011863;0.5708289179843995;-0.51513671875;
09:06:18;353.0;1573290379;95.233;20.35392861955889;0.5398920058238432;-0.4931640625;
09:06:19;354.0;1573290380;95.233;19.058015743500025;0.5055176589787804;-0.46875;
09:06:20;355.0;1573290381;95.461;18.92842445589414;0.5020802242942742;-0.46630859375;
09:06:21;356.0;1573290382;95.461;19.317198318711796;0.5123925283477929;-0.4736328125;
09:06:22;357.0;1573290383;95.94;19.57638089392357;0.5192673977168055;-0.478515625;
09:06:23;358.0;1573290384;95.69;19.317198318711796;0.5123925283477929;-0.4736328125;
09:06:24;359.0;1573290385;95.44;19.187607031105912;0.5089550936632867;-0.47119140625;
09:06:25;360.0;1573290386;95.109;19.187607031105912;0.5089550936632867;-0.47119140625;
09:06:26;361.0;1573290387;94.614;19.058015743500025;0.5055176589787804;-0.46875;
09:06:27;362.0;1573290388;94.635;19.317198318711796;0.5123925283477929;-0.4736328125;
09:06:28;363.0;1573290389;94.409;19.317198318711796;0.5123925283477929;-0.4736328125;
09:06:29;364.0;1573290390;94.779;19.187607031105912;0.5089550936632867;-0.47119140625;
09:06:30;365.0;1573290391;94.573;18.92842445589414;0.5020802242942742;-0.46630859375;
09:06:31;366.0;1573290392;95.378;16.07741612856464;0.4264566612351363;-0.41259765625;
09:06:32;367.0;1573290393;95.357;19.317198318711796;0.5123925283477929;-0.4736328125;
09:06:33;368.0;1573290394;95.026;19.058015743500025;0.5055176589787804;-0.46875;
09:06:34;369.0;1573290395;95.482;19.446789606317687;0.5158299630322993;-0.47607421875;
09:06:35;370.0;1573290396;94.944;18.92842445589414;0.5020802242942742;-0.46630859375;
09:06:36;371.0;1573290397;94.944;19.317198318711796;0.5123925283477929;-0.4736328125;
09:06:37;372.0;1573290399;95.005;18.92842445589414;0.5020802242942742;-0.46630859375;
09:06:38;373.0;1573290399;94.799;18.53965059307648;0.4917679202407554;-0.458984375;
09:06:39;374.0;1573290401;94.573;18.79883316828825;0.4986427896097679;-0.4638671875;
09:06:40;375.0;1573290401;94.861;19.058015743500025;0.5055176589787804;-0.46875;
09:06:41;376.0;1573290403;94.573;18.669241880682367;0.4952053549252617;-0.46142578125;
09:06:42;377.0;1573290403;94.47;19.187607031105912;0.5089550936632867;-0.47119140625;
09:06:43;378.0;1573290405;94.676;19.058015743500025;0.5055176589787804;-0.46875;
09:06:44;379.0;1573290405;94.122;19.058015743500025;0.5055176589787804;-0.46875;
09:06:45;380.0;1573290407;93.898;19.058015743500025;0.5055176589787804;-0.46875;
09:06:46;381.0;1573290407;93.714;19.187607031105912;0.5089550936632867;-0.47119140625;
09:06:47;382.0;1573290409;94.02;19.058015743500025;0.5055176589787804;-0.46875;
09:06:48;383.0;1573290409;94.593;19.317198318711796;0.5123925283477929;-0.4736328125;
09:06:49;384.0;1573290411;94.82;19.187607031105912;0.5089550936632867;-0.47119140625;
09:06:50;385.0;1573290411;95.109;18.92842445589414;0.5020802242942742;-0.46630859375;
09:06:51;386.0;1573290413;94.799;18.280468017864706;0.48489305087174284;-0.4541015625;
09:06:52;387.0;1573290413;94.82;18.280468017864706;0.48489305087174284;-0.4541015625;
09:06:53;388.0;1573290415;94.861;19.446789606317687;0.5158299630322993;-0.47607421875;
09:06:54;389.0;1573290416;94.82;19.187607031105912;0.5089550936632867;-0.47119140625;
09:06:55;390.0;1573290417;94.861;19.058015743500025;0.5055176589787804;-0.46875;
09:06:56;391.0;1573290418;95.067;20.483519907164776;0.5433294405083494;-0.49560546875;
09:06:57;392.0;1573290419;95.088;18.53965059307648;0.4917679202407554;-0.458984375;
09:06:58;393.0;1573290420;95.233;18.92842445589414;0.5020802242942742;-0.46630859375;
09:06:59;394.0;1573290421;94.964;19.187607031105912;0.5089550936632867;-0.47119140625;
09:07:00;395.0;1573290422;94.45;19.317198318711796;0.5123925283477929;-0.4736328125;
09:07:01;396.0;1573290423;94.655;19.058015743500025;0.5055176589787804;-0.46875;
09:07:02;397.0;1573290424;94.286;19.058015743500025;0.5055176589787804;-0.46875;
09:07:03;398.0;1573290425;94.511;19.446789606317687;0.5158299630322993;-0.47607421875;
09:07:04;399.0;1573290426;95.047;19.187607031105912;0.5089550936632867;-0.47119140625;
09:07:05;400.0;1573290427;95.026;18.79883316828825;0.4986427896097679;-0.4638671875;
09:07:06;401.0;1573290428;95.047;19.446789606317687;0.5158299630322993;-0.47607421875;
09:07:08;403.0;1573290429;95.295;19.187607031105912;0.5089550936632867;-0.47119140625;
09:07:09;404.0;1573290430;94.985;22.945754371676614;0.6086406995139685;-0.5419921875;
09:07:10;405.0;1573290431;95.047;20.742702482376544;0.5502043098773619;-0.50048828125;
09:07:11;406.0;1573290432;95.026;19.317198318711796;0.5123925283477929;-0.4736328125;
09:07:12;407.0;1573290433;94.511;19.317198318711796;0.5123925283477929;-0.4736328125;
09:07:13;408.0;1573290434;94.286;19.187607031105912;0.5089550936632867;-0.47119140625;
09:07:14;409.0;1573290435;94.183;19.446789606317687;0.5158299630322993;-0.47607421875;
09:07:15;410.0;1573290436;94.204;19.187607031105912;0.5089550936632867;-0.47119140625;
09:07:16;411.0;1573290437;94.737;19.187607031105912;0.5089550936632867;-0.47119140625;
09:07:17;412.0;1573290438;94.758;19.187607031105912;0.5089550936632867;-0.47119140625;
09:07:18;413.0;1573290439;94.593;19.317198318711796;0.5123925283477929;-0.4736328125;
09:07:19;414.0;1573290440;94.799;19.058015743500025;0.5055176589787804;-0.46875;
09:07:20;415.0;1573290441;94.47;19.058015743500025;0.5055176589787804;-0.46875;
09:07:21;416.0;1573290442;94.717;18.280468017864706;0.48489305087174284;-0.4541015625;
09:07:22;417.0;1573290443;95.171;19.187607031105912;0.5089550936632867;-0.47119140625;
09:07:23;418.0;1573290444;95.192;18.92842445589414;0.5020802242942742;-0.46630859375;
09:07:24;419.0;1573290445;95.295;18.92842445589414;0.5020802242942742;-0.46630859375;
09:07:25;420.0;1573290446;94.985;19.058015743500025;0.5055176589787804;-0.46875;
09:07:26;421.0;1573290447;94.491;18.53965059307648;0.4917679202407554;-0.458984375;
09:07:27;422.0;1573290448;94.532;17.373329004623503;0.460831008080199;-0.43701171875;
09:07:28;423.0;1573290449;94.491;19.317198318711796;0.5123925283477929;-0.4736328125;
09:07:29;424.0;1573290450;94.84;18.92842445589414;0.5020802242942742;-0.46630859375;
09:07:30;425.0;1573290451;95.088;19.317198318711796;0.5123925283477929;-0.4736328125;
09:07:31;426.0;1573290452;94.82;19.187607031105912;0.5089550936632867;-0.47119140625;
09:07:32;427.0;1573290453;94.614;19.187607031105912;0.5089550936632867;-0.47119140625;
09:07:33;428.0;1573290454;94.061;19.446789606317687;0.5158299630322993;-0.47607421875;
09:07:34;429.0;1573290455;93.836;19.187607031105912;0.5089550936632867;-0.47119140625;
09:07:35;430.0;1573290456;94.04;19.96515475674123;0.5295797017703244;-0.48583984375;
09:07:36;431.0;1573290457;94.491;19.446789606317687;0.5158299630322993;-0.47607421875;
09:07:37;432.0;1573290458;94.717;19.058015743500025;0.5055176589787804;-0.46875;
09:07:38;433.0;1573290459;94.944;18.92842445589414;0.5020802242942742;-0.46630859375;
09:07:39;434.0;1573290460;94.964;19.187607031105912;0.5089550936632867;-0.47119140625;
09:07:40;435.0;1573290461;94.45;21.779432783223637;0.5777037873534121;-0.52001953125;
09:07:41;436.0;1573290462;94.224;19.705972181529457;0.5227048324013118;-0.48095703125;
09:07:42;437.0;1573290463;94.47;18.669241880682367;0.4952053549252617;-0.46142578125;
09:07:43;438.0;1573290465;94.204;19.187607031105912;0.5089550936632867;-0.47119140625;
09:07:44;439.0;1573290465;94.47;19.187607031105912;0.5089550936632867;-0.47119140625;
09:07:45;440.0;1573290467;94.696;19.058015743500025;0.5055176589787804;-0.46875;
09:07:46;441.0;1573290467;94.183;18.150876730258823;0.48145561618723665;-0.45166015625;
09:07:47;442.0;1573290469;94.183;18.79883316828825;0.4986427896097679;-0.4638671875;
09:07:48;443.0;1573290469;93.959;19.705972181529457;0.5227048324013118;-0.48095703125;
09:07:49;444.0;1573290471;94.02;19.058015743500025;0.5055176589787804;-0.46875;
09:07:50;445.0;1573290471;94.04;17.76210286744116;0.4711433121337178;-0.4443359375;
09:07:51;446.0;1573290473;94.061;19.187607031105912;0.5089550936632867;-0.47119140625;
09:07:52;447.0;1573290473;94.245;19.058015743500025;0.5055176589787804;-0.46875;
09:07:53;448.0;1573290475;94.204;18.92842445589414;0.5020802242942742;-0.46630859375;
09:07:54;449.0;1573290475;94.737;19.058015743500025;0.5055176589787804;-0.46875;
09:07:55;450.0;1573290477;94.676;19.317198318711796;0.5123925283477929;-0.4736328125;
09:07:56;451.0;1573290477;94.737;19.187607031105912;0.5089550936632867;-0.47119140625;
09:07:57;452.0;1573290479;94.532;18.79883316828825;0.4986427896097679;-0.4638671875;
09:07:58;453.0;1573290479;93.979;18.53965059307648;0.4917679202407554;-0.458984375;
09:07:59;454.0;1573290481;94.04;18.79883316828825;0.4986427896097679;-0.4638671875;
09:08:00;455.0;1573290481;94.02;19.446789606317687;0.5158299630322993;-0.47607421875;
09:08:01;456.0;1573290483;94.245;19.187607031105912;0.5089550936632867;-0.47119140625;
09:08:02;457.0;1573290483;94.183;19.317198318711796;0.5123925283477929;-0.4736328125;
09:08:03;458.0;1573290485;94.696;19.187607031105912;0.5089550936632867;-0.47119140625;
09:08:04;459.0;1573290485;94.737;19.187607031105912;0.5089550936632867;-0.47119140625;
09:08:05;460.0;1573290487;94.717;19.317198318711796;0.5123925283477929;-0.4736328125;
09:08:06;461.0;1573290488;95.067;19.317198318711796;0.5123925283477929;-0.4736328125;
09:08:07;462.0;1573290489;94.84;18.92842445589414;0.5020802242942742;-0.46630859375;
09:08:08;463.0;1573290489;94.799;19.317198318711796;0.5123925283477929;-0.4736328125;
09:08:09;464.0;1573290491;94.573;19.187607031105912;0.5089550936632867;-0.47119140625;
09:08:10;465.0;1573290492;94.368;19.446789606317687;0.5158299630322993;-0.47607421875;
09:08:12;467.0;1573290493;94.102;19.317198318711796;0.5123925283477929;-0.4736328125;
09:08:13;468.0;1573290494;94.081;18.92842445589414;0.5020802242942742;-0.46630859375;
09:08:14;469.0;1573290495;94.081;19.187607031105912;0.5089550936632867;-0.47119140625;
09:08:15;470.0;1573290496;94.532;19.058015743500025;0.5055176589787804;-0.46875;
09:08:16;471.0;1573290497;94.737;18.79883316828825;0.4986427896097679;-0.4638671875;
09:08:17;472.0;1573290498;94.511;17.76210286744116;0.4711433121337178;-0.4443359375;
09:08:18;473.0;1573290499;94.532;14.911094540111662;0.3955197490745799;-0.390625;
09:08:19;474.0;1573290500;94.224;18.79883316828825;0.4986427896097679;-0.4638671875;
09:08:20;475.0;1573290501;94.245;18.021285442652935;0.47801818150273034;-0.44921875;
09:08:21;476.0;1573290502;95.047;19.187607031105912;0.5089550936632867;-0.47119140625;
09:08:22;477.0;1573290503;95.233;19.317198318711796;0.5123925283477929;-0.4736328125;
09:08:23;478.0;1573290504;95.274;19.187607031105912;0.5089550936632867;-0.47119140625;
09:08:24;479.0;1573290505;95.047;19.187607031105912;0.5089550936632867;-0.47119140625;
09:08:25;480.0;1573290506;94.02;19.187607031105912;0.5089550936632867;-0.47119140625;
09:08:26;481.0;1573290507;93.775;18.79883316828825;0.4986427896097679;-0.4638671875;
09:08:27;482.0;1573290508;93.552;19.317198318711796;0.5123925283477929;-0.4736328125;
09:08:28;483.0;1573290509;93.816;19.187607031105912;0.5089550936632867;-0.47119140625;
09:08:29;484.0;1573290510;94.0;20.224337331953002;0.5364545711393369;-0.49072265625;
09:08:30;485.0;1573290511;93.796;19.187607031105912;0.5089550936632867;-0.47119140625;
09:08:31;486.0;1573290512;93.531;19.446789606317687;0.5158299630322993;-0.47607421875;
09:08:32;487.0;1573290513;93.471;19.705972181529457;0.5227048324013118;-0.48095703125;
09:08:33;488.0;1573290514;93.471;19.187607031105912;0.5089550936632867;-0.47119140625;
09:08:34;489.0;1573290515;93.471;22.297797933647182;0.5914535260914371;-0.52978515625;
09:08:35;490.0;1573290516;93.735;19.705972181529457;0.5227048324013118;-0.48095703125;
09:08:36;491.0;1573290517;94.02;19.187607031105912;0.5089550936632867;-0.47119140625;
09:08:37;492.0;1573290518;94.368;19.187607031105912;0.5089550936632867;-0.47119140625;
09:08:38;493.0;1573290519;94.655;18.79883316828825;0.4986427896097679;-0.4638671875;
09:08:39;494.0;1573290520;94.614;19.187607031105912;0.5089550936632867;-0.47119140625;
09:08:41;496.0;1573290521;93.714;18.669241880682367;0.4952053549252617;-0.46142578125;
09:08:42;497.0;1573290523;93.898;19.57638089392357;0.5192673977168055;-0.478515625;
09:08:43;498.0;1573290524;94.429;19.187607031105912;0.5089550936632867;-0.47119140625;
09:08:44;499.0;1573290525;94.737;18.92842445589414;0.5020802242942742;-0.46630859375;
09:08:45;500.0;1573290526;95.067;19.187607031105912;0.5089550936632867;-0.47119140625;
09:08:46;501.0;1573290528;94.799;19.058015743500025;0.5055176589787804;-0.46875;
09:08:47;502.0;1573290528;94.799;19.187607031105912;0.5089550936632867;-0.47119140625;
09:08:48;503.0;1573290530;94.368;19.446789606317687;0.5158299630322993;-0.47607421875;
09:08:49;504.0;1573290530;94.388;19.446789606317687;0.5158299630322993;-0.47607421875;
09:08:50;505.0;1573290532;94.122;19.058015743500025;0.5055176589787804;-0.46875;
09:08:51;506.0;1573290532;93.857;18.79883316828825;0.4986427896097679;-0.4638671875;
09:08:52;507.0;1573290534;94.061;19.187607031105912;0.5089550936632867;-0.47119140625;
09:08:53;508.0;1573290534;93.735;19.187607031105912;0.5089550936632867;-0.47119140625;
09:08:54;509.0;1573290536;94.02;19.446789606317687;0.5158299630322993;-0.47607421875;
09:08:55;510.0;1573290536;93.836;19.187607031105912;0.5089550936632867;-0.47119140625;
09:08:56;511.0;1573290538;93.857;19.317198318711796;0.5123925283477929;-0.4736328125;
09:08:57;512.0;1573290538;93.836;20.742702482376544;0.5502043098773619;-0.50048828125;
09:08:58;513.0;1573290540;93.796;21.001885057588318;0.5570791792463744;-0.50537109375;
09:08:59;514.0;1573290540;93.714;20.872293769982434;0.5536417445618682;-0.5029296875;
09:09:00;515.0;1573290542;93.653;19.187607031105912;0.5089550936632867;-0.47119140625;
09:09:01;516.0;1573290542;93.471;19.317198318711796;0.5123925283477929;-0.4736328125;
09:09:02;517.0;1573290544;93.979;19.187607031105912;0.5089550936632867;-0.47119140625;
09:09:03;518.0;1573290544;94.224;19.705972181529457;0.5227048324013118;-0.48095703125;
09:09:04;519.0;1573290546;94.47;19.187607031105912;0.5089550936632867;-0.47119140625;
09:09:05;520.0;1573290546;94.676;19.317198318711796;0.5123925283477929;-0.4736328125;
09:09:06;521.0;1573290548;94.265;19.187607031105912;0.5089550936632867;-0.47119140625;
09:09:07;522.0;1573290548;94.286;18.92842445589414;0.5020802242942742;-0.46630859375;
09:09:08;523.0;1573290550;94.286;19.187607031105912;0.5089550936632867;-0.47119140625;
09:09:09;524.0;1573290550;94.552;19.446789606317687;0.5158299630322993;-0.47607421875;
09:09:10;525.0;1573290552;93.959;19.058015743500025;0.5055176589787804;-0.46875;
09:09:11;526.0;1573290553;93.755;19.317198318711796;0.5123925283477929;-0.4736328125;
09:09:12;527.0;1573290554;94.02;19.317198318711796;0.5123925283477929;-0.4736328125;
09:09:13;528.0;1573290555;93.714;19.187607031105912;0.5089550936632867;-0.47119140625;
09:09:14;529.0;1573290556;94.224;18.79883316828825;0.4986427896097679;-0.4638671875;
09:09:16;531.0;1573290557;94.142;18.669241880682367;0.4952053549252617;-0.46142578125;
09:09:17;532.0;1573290558;93.592;18.92842445589414;0.5020802242942742;-0.46630859375;
09:09:18;533.0;1573290559;93.674;19.187607031105912;0.5089550936632867;-0.47119140625;
09:09:19;534.0;1573290560;94.0;19.187607031105912;0.5089550936632867;-0.47119140625;
09:09:20;535.0;1573290561;94.286;19.446789606317687;0.5158299630322993;-0.47607421875;
09:09:21;536.0;1573290562;94.368;19.317198318711796;0.5123925283477929;-0.4736328125;
09:09:22;537.0;1573290563;94.614;18.53965059307648;0.4917679202407554;-0.458984375;
09:09:23;538.0;1573290564;94.286;21.131476345194205;0.5605166139308807;-0.5078125;
09:09:24;539.0;1573290565;94.347;19.058015743500025;0.5055176589787804;-0.46875;
09:09:25;540.0;1573290566;94.061;19.058015743500025;0.5055176589787804;-0.46875;
09:09:26;541.0;1573290567;93.511;18.92842445589414;0.5020802242942742;-0.46630859375;
09:09:27;542.0;1573290568;93.268;19.187607031105912;0.5089550936632867;-0.47119140625;
09:09:28;543.0;1573290569;92.723;19.187607031105912;0.5089550936632867;-0.47119140625;
09:09:29;544.0;1573290570;92.945;19.187607031105912;0.5089550936632867;-0.47119140625;
09:09:30;545.0;1573290571;93.228;18.92842445589414;0.5020802242942742;-0.46630859375;
09:09:31;546.0;1573290572;93.775;19.187607031105912;0.5089550936632867;-0.47119140625;
09:09:32;547.0;1573290573;94.04;19.058015743500025;0.5055176589787804;-0.46875;
09:09:33;548.0;1573290574;94.04;18.669241880682367;0.4952053549252617;-0.46142578125;
09:09:34;549.0;1573290575;93.816;19.058015743500025;0.5055176589787804;-0.46875;
09:09:35;550.0;1573290576;93.511;19.058015743500025;0.5055176589787804;-0.46875;
09:09:36;551.0;1573290577;93.45;18.92842445589414;0.5020802242942742;-0.46630859375;
09:09:37;552.0;1573290578;93.45;19.317198318711796;0.5123925283477929;-0.4736328125;
09:09:38;553.0;1573290579;93.898;19.187607031105912;0.5089550936632867;-0.47119140625;
09:09:40;555.0;1573290580;93.653;19.317198318711796;0.5123925283477929;-0.4736328125;
09:09:41;556.0;1573290582;93.633;18.79883316828825;0.4986427896097679;-0.4638671875;
09:09:42;557.0;1573290583;93.877;18.92842445589414;0.5020802242942742;-0.46630859375;
09:09:43;558.0;1573290584;93.653;19.187607031105912;0.5089550936632867;-0.47119140625;
09:09:44;559.0;1573290585;93.938;19.058015743500025;0.5055176589787804;-0.46875;
09:09:45;560.0;1573290586;94.245;19.83556346913534;0.526142267085818;-0.4833984375;
09:09:46;561.0;1573290587;93.775;19.187607031105912;0.5089550936632867;-0.47119140625;
09:09:47;562.0;1573290588;94.061;19.187607031105912;0.5089550936632867;-0.47119140625;
09:09:48;563.0;1573290589;93.45;19.317198318711796;0.5123925283477929;-0.4736328125;
09:09:49;564.0;1573290591;93.147;19.96515475674123;0.5295797017703244;-0.48583984375;
09:09:50;565.0;1573290591;92.884;19.058015743500025;0.5055176589787804;-0.46875;
09:09:51;566.0;1573290593;93.106;20.872293769982434;0.5536417445618682;-0.5029296875;
09:09:52;567.0;1573290593;93.653;19.187607031105912;0.5089550936632867;-0.47119140625;
09:09:53;568.0;1573290595;93.45;19.317198318711796;0.5123925283477929;-0.4736328125;
09:09:54;569.0;1573290595;93.45;19.187607031105912;0.5089550936632867;-0.47119140625;
09:09:55;570.0;1573290597;92.945;18.669241880682367;0.4952053549252617;-0.46142578125;
09:09:56;571.0;1573290597;93.005;19.058015743500025;0.5055176589787804;-0.46875;
09:09:57;572.0;1573290599;93.187;19.187607031105912;0.5089550936632867;-0.47119140625;
09:09:58;573.0;1573290599;93.41;18.79883316828825;0.4986427896097679;-0.4638671875;
09:09:59;574.0;1573290601;93.959;18.92842445589414;0.5020802242942742;-0.46630859375;
09:10:00;575.0;1573290601;93.918;19.187607031105912;0.5089550936632867;-0.47119140625;
09:10:01;576.0;1573290603;93.755;18.92842445589414;0.5020802242942742;-0.46630859375;
09:10:02;577.0;1573290603;93.714;18.92842445589414;0.5020802242942742;-0.46630859375;
09:10:03;578.0;1573290605;93.207;19.57638089392357;0.5192673977168055;-0.478515625;
09:10:04;579.0;1573290605;92.703;19.317198318711796;0.5123925283477929;-0.4736328125;
09:10:05;580.0;1573290607;92.422;17.632511579835278;0.46770587744921155;-0.44189453125;
09:10:06;581.0;1573290607;92.543;18.669241880682367;0.4952053549252617;-0.46142578125;
09:10:07;582.0;1573290609;92.804;17.502920292229387;0.4642684427647052;-0.439453125;
09:10:08;583.0;1573290609;93.288;18.92842445589414;0.5020802242942742;-0.46630859375;
09:10:09;584.0;1573290611;93.572;18.92842445589414;0.5020802242942742;-0.46630859375;
09:10:10;585.0;1573290611;93.288;19.446789606317687;0.5158299630322993;-0.47607421875;
09:10:11;586.0;1573290613;93.046;19.187607031105912;0.5089550936632867;-0.47119140625;
09:10:12;587.0;1573290613;92.804;19.058015743500025;0.5055176589787804;-0.46875;
09:10:13;588.0;1573290615;92.804;19.187607031105912;0.5089550936632867;-0.47119140625;
09:10:14;589.0;1573290615;92.824;19.317198318711796;0.5123925283477929;-0.4736328125;
09:10:15;590.0;1573290617;93.066;19.317198318711796;0.5123925283477929;-0.4736328125;
09:10:16;591.0;1573290618;93.248;19.058015743500025;0.5055176589787804;-0.46875;
09:10:17;592.0;1573290619;93.228;19.317198318711796;0.5123925283477929;-0.4736328125;
09:10:18;593.0;1573290620;93.207;19.83556346913534;0.526142267085818;-0.4833984375;
09:10:20;595.0;1573290621;92.985;19.317198318711796;0.5123925283477929;-0.4736328125;
09:10:21;596.0;1573290622;93.329;19.187607031105912;0.5089550936632867;-0.47119140625;
09:10:22;597.0;1573290623;93.308;20.094746044347115;0.5330171364548306;-0.48828125;
09:10:23;598.0;1573290624;93.329;20.35392861955889;0.5398920058238432;-0.4931640625;
09:10:24;599.0;1573290625;93.248;19.187607031105912;0.5089550936632867;-0.47119140625;
09:10:25;600.0;1573290626;93.005;19.317198318711796;0.5123925283477929;-0.4736328125;
09:10:26;601.0;1573290627;93.45;19.187607031105912;0.5089550936632867;-0.47119140625;
09:10:27;602.0;1573290628;93.674;19.57638089392357;0.5192673977168055;-0.478515625;
09:10:28;603.0;1573290629;93.735;19.317198318711796;0.5123925283477929;-0.4736328125;
09:10:29;604.0;1573290630;93.207;19.317198318711796;0.5123925283477929;-0.4736328125;
09:10:30;605.0;1573290631;93.248;19.187607031105912;0.5089550936632867;-0.47119140625;
09:10:31;606.0;1573290632;92.804;18.021285442652935;0.47801818150273034;-0.44921875;
09:10:32;607.0;1573290633;92.764;19.187607031105912;0.5089550936632867;-0.47119140625;
09:10:33;608.0;1573290634;93.248;17.632511579835278;0.46770587744921155;-0.44189453125;
09:10:34;609.0;1573290635;93.026;18.92842445589414;0.5020802242942742;-0.46630859375;
09:10:35;610.0;1573290636;93.735;19.187607031105912;0.5089550936632867;-0.47119140625;
09:10:36;611.0;1573290637;94.04;19.317198318711796;0.5123925283477929;-0.4736328125;
09:10:37;612.0;1573290638;93.796;17.243737717017616;0.4573935733956927;-0.4345703125;
09:10:38;613.0;1573290639;93.552;19.317198318711796;0.5123925283477929;-0.4736328125;
09:10:39;614.0;1573290640;93.046;19.058015743500025;0.5055176589787804;-0.46875;
09:10:40;615.0;1573290641;92.784;19.187607031105912;0.5089550936632867;-0.47119140625;
09:10:41;616.0;1573290642;92.804;18.92842445589414;0.5020802242942742;-0.46630859375;
09:10:42;617.0;1573290643;92.764;19.187607031105912;0.5089550936632867;-0.47119140625;
09:10:43;618.0;1573290644;92.744;19.187607031105912;0.5089550936632867;-0.47119140625;
09:10:44;619.0;1573290645;92.463;19.058015743500025;0.5055176589787804;-0.46875;
09:10:45;620.0;1573290646;92.703;18.79883316828825;0.4986427896097679;-0.4638671875;
09:10:46;621.0;1573290647;92.945;19.96515475674123;0.5295797017703244;-0.48583984375;
09:10:47;622.0;1573290648;92.965;19.058015743500025;0.5055176589787804;-0.46875;
09:10:48;623.0;1573290650;93.228;19.187607031105912;0.5089550936632867;-0.47119140625;
09:10:49;624.0;1573290650;93.207;19.187607031105912;0.5089550936632867;-0.47119140625;
09:10:50;625.0;1573290652;93.268;19.187607031105912;0.5089550936632867;-0.47119140625;
09:10:51;626.0;1573290652;93.288;19.058015743500025;0.5055176589787804;-0.46875;
09:10:52;627.0;1573290654;93.046;19.187607031105912;0.5089550936632867;-0.47119140625;
09:10:53;628.0;1573290654;93.308;19.187607031105912;0.5089550936632867;-0.47119140625;
09:10:54;629.0;1573290656;93.268;19.058015743500025;0.5055176589787804;-0.46875;
09:10:55;630.0;1573290656;93.005;18.669241880682367;0.4952053549252617;-0.46142578125;
09:10:56;631.0;1573290658;93.248;19.187607031105912;0.5089550936632867;-0.47119140625;
09:10:57;632.0;1573290658;92.563;19.317198318711796;0.5123925283477929;-0.4736328125;
09:10:58;633.0;1573290660;92.322;18.79883316828825;0.4986427896097679;-0.4638671875;
09:10:59;634.0;1573290660;92.804;18.79883316828825;0.4986427896097679;-0.4638671875;
09:11:00;635.0;1573290662;93.046;18.53965059307648;0.4917679202407554;-0.458984375;
09:11:01;636.0;1573290662;93.026;19.187607031105912;0.5089550936632867;-0.47119140625;
09:11:02;637.0;1573290664;92.824;17.89169415504705;0.47458074681822404;-0.44677734375;
09:11:03;638.0;1573290664;92.483;19.317198318711796;0.5123925283477929;-0.4736328125;
09:11:04;639.0;1573290666;92.282;18.280468017864706;0.48489305087174284;-0.4541015625;
09:11:05;640.0;1573290666;92.744;19.058015743500025;0.5055176589787804;-0.46875;
09:11:06;641.0;1573290668;92.723;19.058015743500025;0.5055176589787804;-0.46875;
09:11:07;642.0;1573290668;93.086;19.187607031105912;0.5089550936632867;-0.47119140625;
09:11:08;643.0;1573290670;93.026;19.058015743500025;0.5055176589787804;-0.46875;
09:11:09;644.0;1573290670;93.066;18.92842445589414;0.5020802242942742;-0.46630859375;
09:11:10;645.0;1573290672;93.106;19.058015743500025;0.5055176589787804;-0.46875;
09:11:11;646.0;1573290673;92.603;19.187607031105912;0.5089550936632867;-0.47119140625;
09:11:12;647.0;1573290674;92.905;19.187607031105912;0.5089550936632867;-0.47119140625;
09:11:13;648.0;1573290675;92.603;18.669241880682367;0.4952053549252617;-0.46142578125;
09:11:14;649.0;1573290676;93.046;19.446789606317687;0.5158299630322993;-0.47607421875;
09:11:15;650.0;1573290677;93.268;19.187607031105912;0.5089550936632867;-0.47119140625;
09:11:16;651.0;1573290678;92.723;18.92842445589414;0.5020802242942742;-0.46630859375;
09:11:17;652.0;1573290679;92.985;19.705972181529457;0.5227048324013118;-0.48095703125;
09:11:18;653.0;1573290680;92.723;19.187607031105912;0.5089550936632867;-0.47119140625;
09:11:19;654.0;1573290681;93.268;19.187607031105912;0.5089550936632867;-0.47119140625;
09:11:20;655.0;1573290682;93.531;19.187607031105912;0.5089550936632867;-0.47119140625;
09:11:21;656.0;1573290683;93.329;18.92842445589414;0.5020802242942742;-0.46630859375;
09:11:22;657.0;1573290684;93.369;19.058015743500025;0.5055176589787804;-0.46875;
09:11:24;659.0;1573290685;93.066;18.669241880682367;0.4952053549252617;-0.46142578125;
09:11:25;660.0;1573290686;93.026;19.317198318711796;0.5123925283477929;-0.4736328125;
09:11:26;661.0;1573290687;93.005;19.058015743500025;0.5055176589787804;-0.46875;
09:11:27;662.0;1573290688;93.248;19.187607031105912;0.5089550936632867;-0.47119140625;
09:11:28;663.0;1573290689;93.471;19.058015743500025;0.5055176589787804;-0.46875;
09:11:29;664.0;1573290690;93.471;19.058015743500025;0.5055176589787804;-0.46875;
09:11:30;665.0;1573290691;93.694;18.53965059307648;0.4917679202407554;-0.458984375;
09:11:31;666.0;1573290692;93.633;19.187607031105912;0.5089550936632867;-0.47119140625;
09:11:32;667.0;1573290693;93.43;19.317198318711796;0.5123925283477929;-0.4736328125;
09:11:33;668.0;1573290694;93.491;19.317198318711796;0.5123925283477929;-0.4736328125;
09:11:34;669.0;1573290695;93.167;19.187607031105912;0.5089550936632867;-0.47119140625;
09:11:35;670.0;1573290696;92.483;18.92842445589414;0.5020802242942742;-0.46630859375;
09:11:36;671.0;1573290697;92.083;21.131476345194205;0.5605166139308807;-0.5078125;
09:11:38;673.0;1573290698;92.123;19.317198318711796;0.5123925283477929;-0.4736328125;
09:11:39;674.0;1573290700;92.623;19.187607031105912;0.5089550936632867;-0.47119140625;
09:11:40;675.0;1573290701;93.026;19.187607031105912;0.5089550936632867;-0.47119140625;
09:11:41;676.0;1573290702;92.764;19.705972181529457;0.5227048324013118;-0.48095703125;
09:11:42;677.0;1573290703;92.764;19.058015743500025;0.5055176589787804;-0.46875;
09:11:43;678.0;1573290704;92.563;21.520250208011863;0.5708289179843995;-0.51513671875;
09:11:44;679.0;1573290705;92.302;19.317198318711796;0.5123925283477929;-0.4736328125;
09:11:45;680.0;1573290706;92.563;19.187607031105912;0.5089550936632867;-0.47119140625;
09:11:46;681.0;1573290707;92.583;19.058015743500025;0.5055176589787804;-0.46875;
09:11:47;682.0;1573290708;92.744;19.187607031105912;0.5089550936632867;-0.47119140625;
09:11:48;683.0;1573290709;93.026;19.57638089392357;0.5192673977168055;-0.478515625;
09:11:49;684.0;1573290710;92.804;19.187607031105912;0.5089550936632867;-0.47119140625;
09:11:50;685.0;1573290711;92.804;19.187607031105912;0.5089550936632867;-0.47119140625;
09:11:51;686.0;1573290712;93.046;19.187607031105912;0.5089550936632867;-0.47119140625;
09:11:52;687.0;1573290713;92.563;19.187607031105912;0.5089550936632867;-0.47119140625;
09:11:53;688.0;1573290714;92.804;18.79883316828825;0.4986427896097679;-0.4638671875;
09:11:54;689.0;1573290715;92.503;18.79883316828825;0.4986427896097679;-0.4638671875;
09:11:55;690.0;1573290717;92.003;19.187607031105912;0.5089550936632867;-0.47119140625;
09:11:56;691.0;1573290717;91.943;16.07741612856464;0.4264566612351363;-0.41259765625;
09:11:57;692.0;1573290719;92.162;19.187607031105912;0.5089550936632867;-0.47119140625;
09:11:58;693.0;1573290719;92.342;20.35392861955889;0.5398920058238432;-0.4931640625;
09:11:59;694.0;1573290721;92.663;19.446789606317687;0.5158299630322993;-0.47607421875;
09:12:00;695.0;1573290721;92.683;19.058015743500025;0.5055176589787804;-0.46875;
09:12:01;696.0;1573290723;92.442;19.058015743500025;0.5055176589787804;-0.46875;
09:12:02;697.0;1573290723;92.302;19.187607031105912;0.5089550936632867;-0.47119140625;
09:12:03;698.0;1573290725;91.943;19.187607031105912;0.5089550936632867;-0.47119140625;
09:12:04;699.0;1573290725;92.242;19.187607031105912;0.5089550936632867;-0.47119140625;
09:12:05;700.0;1573290727;91.963;19.058015743500025;0.5055176589787804;-0.46875;
09:12:06;701.0;1573290727;91.983;19.058015743500025;0.5055176589787804;-0.46875;
09:12:07;702.0;1573290729;92.322;20.224337331953002;0.5364545711393369;-0.49072265625;
09:12:08;703.0;1573290729;92.023;20.872293769982434;0.5536417445618682;-0.5029296875;
09:12:09;704.0;1573290731;91.804;18.92842445589414;0.5020802242942742;-0.46630859375;
09:12:10;705.0;1573290731;91.804;18.92842445589414;0.5020802242942742;-0.46630859375;
09:12:11;706.0;1573290733;91.804;19.187607031105912;0.5089550936632867;-0.47119140625;
09:12:12;707.0;1573290733;92.302;19.058015743500025;0.5055176589787804;-0.46875;
09:12:13;708.0;1573290735;92.563;19.058015743500025;0.5055176589787804;-0.46875;
09:12:14;709.0;1573290735;92.563;18.79883316828825;0.4986427896097679;-0.4638671875;
09:12:15;710.0;1573290737;92.242;19.187607031105912;0.5089550936632867;-0.47119140625;
09:12:16;711.0;1573290738;91.744;19.058015743500025;0.5055176589787804;-0.46875;
09:12:17;712.0;1573290739;92.023;18.280468017864706;0.48489305087174284;-0.4541015625;
09:12:18;713.0;1573290740;91.983;19.058015743500025;0.5055176589787804;-0.46875;
09:12:19;714.0;1573290741;92.282;19.187607031105912;0.5089550936632867;-0.47119140625;
09:12:20;715.0;1573290742;92.543;19.187607031105912;0.5089550936632867;-0.47119140625;
09:12:21;716.0;1573290743;92.222;18.92842445589414;0.5020802242942742;-0.46630859375;
09:12:22;717.0;1573290744;92.503;19.317198318711796;0.5123925283477929;-0.4736328125;
09:12:23;718.0;1573290745;92.723;18.92842445589414;0.5020802242942742;-0.46630859375;
09:12:24;719.0;1573290746;92.483;19.187607031105912;0.5089550936632867;-0.47119140625;
09:12:25;720.0;1573290747;92.503;19.317198318711796;0.5123925283477929;-0.4736328125;
09:12:26;721.0;1573290748;92.723;19.187607031105912;0.5089550936632867;-0.47119140625;
09:12:28;723.0;1573290749;92.503;19.058015743500025;0.5055176589787804;-0.46875;
09:12:29;724.0;1573290750;92.523;19.187607031105912;0.5089550936632867;-0.47119140625;
09:12:30;725.0;1573290751;92.744;19.187607031105912;0.5089550936632867;-0.47119140625;
09:12:31;726.0;1573290752;92.463;19.187607031105912;0.5089550936632867;-0.47119140625;
09:12:32;727.0;1573290753;92.463;19.705972181529457;0.5227048324013118;-0.48095703125;
09:12:33;728.0;1573290754;92.643;19.187607031105912;0.5089550936632867;-0.47119140625;
09:12:34;729.0;1573290755;92.442;19.317198318711796;0.5123925283477929;-0.4736328125;
09:12:35;730.0;1573290756;92.563;19.317198318711796;0.5123925283477929;-0.4736328125;
09:12:36;731.0;1573290757;92.322;19.83556346913534;0.526142267085818;-0.4833984375;
09:12:37;732.0;1573290758;92.063;19.058015743500025;0.5055176589787804;-0.46875;
09:12:38;733.0;1573290759;91.963;18.79883316828825;0.4986427896097679;-0.4638671875;
09:12:39;734.0;1573290760;91.685;19.446789606317687;0.5158299630322993;-0.47607421875;
09:12:40;735.0;1573290761;91.685;18.92842445589414;0.5020802242942742;-0.46630859375;
09:12:41;736.0;1573290762;91.744;19.058015743500025;0.5055176589787804;-0.46875;
09:12:42;737.0;1573290763;92.103;18.79883316828825;0.4986427896097679;-0.4638671875;
09:12:43;738.0;1573290764;92.342;18.669241880682367;0.4952053549252617;-0.46142578125;
09:12:44;739.0;1573290765;92.382;18.79883316828825;0.4986427896097679;-0.4638671875;
09:12:45;740.0;1573290766;92.382;19.058015743500025;0.5055176589787804;-0.46875;
09:12:46;741.0;1573290767;92.123;19.187607031105912;0.5089550936632867;-0.47119140625;
09:12:47;742.0;1573290768;92.362;18.79883316828825;0.4986427896097679;-0.4638671875;
09:12:48;743.0;1573290769;92.342;19.317198318711796;0.5123925283477929;-0.4736328125;
09:12:49;744.0;1573290770;92.382;19.058015743500025;0.5055176589787804;-0.46875;
09:12:50;745.0;1573290771;92.804;19.058015743500025;0.5055176589787804;-0.46875;
09:12:51;746.0;1573290772;92.523;19.187607031105912;0.5089550936632867;-0.47119140625;
09:12:52;747.0;1573290773;92.703;19.187607031105912;0.5089550936632867;-0.47119140625;
09:12:53;748.0;1573290774;92.965;18.79883316828825;0.4986427896097679;-0.4638671875;
09:12:54;749.0;1573290775;92.563;18.92842445589414;0.5020802242942742;-0.46630859375;
09:12:55;750.0;1573290776;92.583;18.53965059307648;0.4917679202407554;-0.458984375;
09:12:56;751.0;1573290777;92.643;19.187607031105912;0.5089550936632867;-0.47119140625;
09:12:57;752.0;1573290778;92.302;19.187607031105912;0.5089550936632867;-0.47119140625;
09:12:58;753.0;1573290780;92.503;19.187607031105912;0.5089550936632867;-0.47119140625;
09:12:59;754.0;1573290780;92.282;23.46411952210016;0.6223904382519936;-0.5517578125;
09:13:00;755.0;1573290782;92.262;19.96515475674123;0.5295797017703244;-0.48583984375;
09:13:01;756.0;1573290782;92.563;19.058015743500025;0.5055176589787804;-0.46875;
09:13:02;757.0;1573290784;92.342;19.058015743500025;0.5055176589787804;-0.46875;
09:13:03;758.0;1573290784;92.342;19.187607031105912;0.5089550936632867;-0.47119140625;
09:13:04;759.0;1573290786;92.282;18.92842445589414;0.5020802242942742;-0.46630859375;
09:13:05;760.0;1573290786;92.003;18.92842445589414;0.5020802242942742;-0.46630859375;
09:13:06;761.0;1573290788;92.483;18.92842445589414;0.5020802242942742;-0.46630859375;
09:13:07;762.0;1573290788;92.422;18.79883316828825;0.4986427896097679;-0.4638671875;
09:13:08;763.0;1573290790;92.222;18.92842445589414;0.5020802242942742;-0.46630859375;
09:13:09;764.0;1573290790;92.003;19.058015743500025;0.5055176589787804;-0.46875;
09:13:10;765.0;1573290792;91.526;19.317198318711796;0.5123925283477929;-0.4736328125;
09:13:11;766.0;1573290792;91.804;19.187607031105912;0.5089550936632867;-0.47119140625;
09:13:12;767.0;1573290794;91.863;17.373329004623503;0.460831008080199;-0.43701171875;
09:13:13;768.0;1573290794;92.083;19.058015743500025;0.5055176589787804;-0.46875;
09:13:14;769.0;1573290796;92.342;17.114146429411733;0.4539561387111865;-0.43212890625;
09:13:15;770.0;1573290796;92.362;19.446789606317687;0.5158299630322993;-0.47607421875;
09:13:16;771.0;1573290798;92.342;19.187607031105912;0.5089550936632867;-0.47119140625;
09:13:17;772.0;1573290798;92.623;19.317198318711796;0.5123925283477929;-0.4736328125;
09:13:18;773.0;1573290800;92.362;19.187607031105912;0.5089550936632867;-0.47119140625;
09:13:19;774.0;1573290800;92.063;19.317198318711796;0.5123925283477929;-0.4736328125;
09:13:20;775.0;1573290802;92.043;19.187607031105912;0.5089550936632867;-0.47119140625;
09:13:21;776.0;1573290803;92.043;19.446789606317687;0.5158299630322993;-0.47607421875;
09:13:22;777.0;1573290804;92.503;19.187607031105912;0.5089550936632867;-0.47119140625;
09:13:23;778.0;1573290805;92.543;19.317198318711796;0.5123925283477929;-0.4736328125;
09:13:24;779.0;1573290806;92.563;19.317198318711796;0.5123925283477929;-0.4736328125;
09:13:25;780.0;1573290807;92.322;18.669241880682367;0.4952053549252617;-0.46142578125;
09:13:26;781.0;1573290808;92.123;19.187607031105912;0.5089550936632867;-0.47119140625;
09:13:27;782.0;1573290809;92.123;19.317198318711796;0.5123925283477929;-0.4736328125;
09:13:28;783.0;1573290810;92.103;19.317198318711796;0.5123925283477929;-0.4736328125;
09:13:29;784.0;1573290811;92.282;19.446789606317687;0.5158299630322993;-0.47607421875;
09:13:30;785.0;1573290812;91.983;19.317198318711796;0.5123925283477929;-0.4736328125;
09:13:31;786.0;1573290813;91.983;19.187607031105912;0.5089550936632867;-0.47119140625;
09:13:33;788.0;1573290814;91.983;19.187607031105912;0.5089550936632867;-0.47119140625;
09:13:34;789.0;1573290815;92.003;19.058015743500025;0.5055176589787804;-0.46875;
09:13:35;790.0;1573290816;92.023;19.187607031105912;0.5089550936632867;-0.47119140625;
09:13:36;791.0;1573290816;92.043;18.92842445589414;0.5020802242942742;-0.46630859375;
09:13:37;792.0;1573290818;92.503;19.187607031105912;0.5089550936632867;-0.47119140625;
09:13:38;793.0;1573290819;92.242;19.058015743500025;0.5055176589787804;-0.46875;
09:13:39;794.0;1573290820;92.262;19.187607031105912;0.5089550936632867;-0.47119140625;
09:13:40;795.0;1573290821;92.262;18.669241880682367;0.4952053549252617;-0.46142578125;
09:13:41;796.0;1573290822;91.764;18.92842445589414;0.5020802242942742;-0.46630859375;
09:13:42;797.0;1573290823;91.546;19.446789606317687;0.5158299630322993;-0.47607421875;
09:13:43;798.0;1573290824;91.585;19.187607031105912;0.5089550936632867;-0.47119140625;
09:13:44;799.0;1573290825;91.625;18.79883316828825;0.4986427896097679;-0.4638671875;
09:13:45;800.0;1573290826;91.605;19.058015743500025;0.5055176589787804;-0.46875;
09:13:46;801.0;1573290827;92.142;19.446789606317687;0.5158299630322993;-0.47607421875;
09:13:47;802.0;1573290828;92.362;18.92842445589414;0.5020802242942742;-0.46630859375;
09:13:48;803.0;1573290829;92.043;19.058015743500025;0.5055176589787804;-0.46875;
09:13:49;804.0;1573290830;92.123;19.187607031105912;0.5089550936632867;-0.47119140625;
09:13:50;805.0;1573290831;91.585;19.187607031105912;0.5089550936632867;-0.47119140625;
09:13:51;806.0;1573290832;91.348;18.92842445589414;0.5020802242942742;-0.46630859375;
09:13:52;807.0;1573290833;91.605;19.187607031105912;0.5089550936632867;-0.47119140625;
09:13:53;808.0;1573290835;91.605;19.96515475674123;0.5295797017703244;-0.48583984375;
09:13:54;809.0;1573290835;91.844;19.058015743500025;0.5055176589787804;-0.46875;
09:13:55;810.0;1573290837;91.863;18.92842445589414;0.5020802242942742;-0.46630859375;
09:13:56;811.0;1573290837;91.863;19.058015743500025;0.5055176589787804;-0.46875;
09:13:57;812.0;1573290839;92.103;20.742702482376544;0.5502043098773619;-0.50048828125;
09:13:58;813.0;1573290839;92.142;19.187607031105912;0.5089550936632867;-0.47119140625;
09:13:59;814.0;1573290841;92.342;19.446789606317687;0.5158299630322993;-0.47607421875;
09:14:00;815.0;1573290841;92.322;19.187607031105912;0.5089550936632867;-0.47119140625;
09:14:01;816.0;1573290843;92.362;19.187607031105912;0.5089550936632867;-0.47119140625;
09:14:02;817.0;1573290843;92.362;18.92842445589414;0.5020802242942742;-0.46630859375;
09:14:03;818.0;1573290844;92.362;19.317198318711796;0.5123925283477929;-0.4736328125;
09:14:04;819.0;1573290845;92.402;18.92842445589414;0.5020802242942742;-0.46630859375;
09:14:05;820.0;1573290846;92.103;19.058015743500025;0.5055176589787804;-0.46875;
09:14:06;821.0;1573290847;92.342;18.150876730258823;0.48145561618723665;-0.45166015625;
09:14:07;822.0;1573290848;92.162;18.53965059307648;0.4917679202407554;-0.458984375;
09:14:08;823.0;1573290849;92.162;18.79883316828825;0.4986427896097679;-0.4638671875;
09:14:09;824.0;1573290850;92.162;19.446789606317687;0.5158299630322993;-0.47607421875;
09:14:10;825.0;1573290851;91.983;19.317198318711796;0.5123925283477929;-0.4736328125;
09:14:11;826.0;1573290852;91.903;19.058015743500025;0.5055176589787804;-0.46875;
09:14:12;827.0;1573290853;91.863;19.317198318711796;0.5123925283477929;-0.4736328125;
09:14:13;828.0;1573290854;91.824;19.446789606317687;0.5158299630322993;-0.47607421875;
09:14:14;829.0;1573290856;91.983;18.92842445589414;0.5020802242942742;-0.46630859375;
09:14:15;830.0;1573290857;92.222;18.92842445589414;0.5020802242942742;-0.46630859375;
09:14:16;831.0;1573290858;92.262;19.058015743500025;0.5055176589787804;-0.46875;
09:14:17;832.0;1573290859;92.322;19.058015743500025;0.5055176589787804;-0.46875;
09:14:18;833.0;1573290860;92.083;18.79883316828825;0.4986427896097679;-0.4638671875;
09:14:19;834.0;1573290861;91.863;19.317198318711796;0.5123925283477929;-0.4736328125;
09:14:20;835.0;1573290862;91.883;19.058015743500025;0.5055176589787804;-0.46875;
09:14:21;836.0;1573290863;91.824;19.058015743500025;0.5055176589787804;-0.46875;
09:14:22;837.0;1573290864;91.863;19.187607031105912;0.5089550936632867;-0.47119140625;
09:14:23;838.0;1573290865;92.083;22.686571796464843;0.601765830144956;-0.537109375;
09:14:24;839.0;1573290866;92.262;19.058015743500025;0.5055176589787804;-0.46875;
09:14:25;840.0;1573290867;92.342;19.058015743500025;0.5055176589787804;-0.46875;
09:14:26;841.0;1573290868;92.302;21.261067632800092;0.563954048615387;-0.51025390625;
09:14:27;842.0;1573290869;92.523;19.058015743500025;0.5055176589787804;-0.46875;
09:14:28;843.0;1573290870;92.302;19.058015743500025;0.5055176589787804;-0.46875;
09:14:29;844.0;1573290871;92.463;19.187607031105912;0.5089550936632867;-0.47119140625;
09:14:30;845.0;1573290872;92.483;19.058015743500025;0.5055176589787804;-0.46875;
09:14:31;846.0;1573290873;92.043;19.058015743500025;0.5055176589787804;-0.46875;
09:14:32;847.0;1573290874;92.063;19.317198318711796;0.5123925283477929;-0.4736328125;
09:14:33;848.0;1573290875;91.665;18.79883316828825;0.4986427896097679;-0.4638671875;
09:14:34;849.0;1573290875;91.665;19.058015743500025;0.5055176589787804;-0.46875;
09:14:35;850.0;1573290877;91.685;15.68864226574698;0.41614435718161746;-0.4052734375;
09:14:37;852.0;1573290878;91.447;19.187607031105912;0.5089550936632867;-0.47119140625;
09:14:38;853.0;1573290879;91.883;19.058015743500025;0.5055176589787804;-0.46875;
09:14:39;854.0;1573290880;91.844;19.187607031105912;0.5089550936632867;-0.47119140625;
09:14:40;855.0;1573290881;92.043;18.92842445589414;0.5020802242942742;-0.46630859375;
09:14:41;856.0;1573290882;92.222;19.187607031105912;0.5089550936632867;-0.47119140625;
09:14:42;857.0;1573290883;91.963;19.058015743500025;0.5055176589787804;-0.46875;
09:14:43;858.0;1573290884;91.923;18.53965059307648;0.4917679202407554;-0.458984375;
09:14:44;859.0;1573290885;91.447;19.446789606317687;0.5158299630322993;-0.47607421875;
09:14:45;860.0;1573290886;91.685;18.92842445589414;0.5020802242942742;-0.46630859375;
09:14:46;861.0;1573290887;91.744;19.187607031105912;0.5089550936632867;-0.47119140625;
09:14:47;862.0;1573290888;91.784;19.187607031105912;0.5089550936632867;-0.47119140625;
09:14:48;863.0;1573290889;92.063;19.058015743500025;0.5055176589787804;-0.46875;
09:14:49;864.0;1573290890;91.844;19.058015743500025;0.5055176589787804;-0.46875;
09:14:50;865.0;1573290891;91.804;19.446789606317687;0.5158299630322993;-0.47607421875;
09:14:51;866.0;1573290892;91.804;23.852893384917817;0.6327027423055124;-0.55908203125;
09:14:52;867.0;1573290893;91.764;19.83556346913534;0.526142267085818;-0.4833984375;
09:14:53;868.0;1573290894;91.764;19.57638089392357;0.5192673977168055;-0.478515625;
