Time;Seconds from start for linreg;Unix Time;ch1 po2;Uc;Ubl;Vc;
23:15:28;-1.0;1571433330;100.548;16.583059195047245;0.4891757874645205;-0.43212890625;
23:15:29;0.0;1571433331;100.329;16.331919589295413;0.48176753950723933;-0.42724609375;
23:15:30;1.0;1571433332;100.307;14.44837254615666;0.42620567982763014;-0.390625;
23:15:31;2.0;1571433333;100.439;16.70862899792316;0.49287991144316107;-0.4345703125;
23:15:32;3.0;1571433334;100.241;16.331919589295413;0.48176753950723933;-0.42724609375;
23:15:33;4.0;1571433335;100.526;17.21090820942683;0.5076964073577236;-0.4443359375;
23:15:34;5.0;1571433336;100.593;16.583059195047245;0.4891757874645205;-0.43212890625;
23:15:35;6.0;1571433337;100.461;16.583059195047245;0.4891757874645205;-0.43212890625;
23:15:36;7.0;1571433338;100.504;16.583059195047245;0.4891757874645205;-0.43212890625;
23:15:37;8.0;1571433339;100.395;15.955210180667661;0.4706551675713175;-0.419921875;
23:15:38;9.0;1571433340;100.395;16.70862899792316;0.49287991144316107;-0.4345703125;
23:15:39;10.0;1571433341;100.241;16.583059195047245;0.4891757874645205;-0.43212890625;
23:15:41;12.0;1571433342;100.219;17.085338406550914;0.5039922833790831;-0.44189453125;
23:15:42;13.0;1571433343;100.175;16.45748939217133;0.48547166348587995;-0.4296875;
23:15:43;14.0;1571433344;100.066;16.45748939217133;0.48547166348587995;-0.4296875;
23:15:44;15.0;1571433345;100.109;16.45748939217133;0.48547166348587995;-0.4296875;
23:15:45;16.0;1571433346;100.153;16.331919589295413;0.48176753950723933;-0.42724609375;
23:15:46;17.0;1571433347;100.593;16.45748939217133;0.48547166348587995;-0.4296875;
23:15:47;18.0;1571433348;100.681;16.583059195047245;0.4891757874645205;-0.43212890625;
23:15:48;19.0;1571433349;100.526;16.583059195047245;0.4891757874645205;-0.43212890625;
23:15:49;20.0;1571433350;100.395;16.583059195047245;0.4891757874645205;-0.43212890625;
23:15:50;21.0;1571433351;99.891;16.583059195047245;0.4891757874645205;-0.43212890625;
23:15:51;22.0;1571433352;99.978;14.071663137528912;0.41509330789170834;-0.38330078125;
23:15:52;23.0;1571433353;99.913;16.583059195047245;0.4891757874645205;-0.43212890625;
23:15:53;24.0;1571433354;99.934;17.085338406550914;0.5039922833790831;-0.44189453125;
23:15:54;25.0;1571433355;99.934;16.08077998354358;0.4743592915499581;-0.42236328125;
23:15:55;26.0;1571433356;99.913;16.45748939217133;0.48547166348587995;-0.4296875;
23:15:56;27.0;1571433357;100.482;16.583059195047245;0.4891757874645205;-0.43212890625;
23:15:57;28.0;1571433358;100.461;16.583059195047245;0.4891757874645205;-0.43212890625;
23:15:58;29.0;1571433359;100.263;16.583059195047245;0.4891757874645205;-0.43212890625;
23:15:59;30.0;1571433361;100.175;16.70862899792316;0.49287991144316107;-0.4345703125;
23:16:00;31.0;1571433361;99.891;16.583059195047245;0.4891757874645205;-0.43212890625;
23:16:01;32.0;1571433362;100.285;16.45748939217133;0.48547166348587995;-0.4296875;
23:16:02;33.0;1571433364;100.417;16.583059195047245;0.4891757874645205;-0.43212890625;
23:16:03;34.0;1571433364;100.395;16.583059195047245;0.4891757874645205;-0.43212890625;
23:16:04;35.0;1571433365;100.548;16.583059195047245;0.4891757874645205;-0.43212890625;
23:16:05;36.0;1571433367;100.263;16.583059195047245;0.4891757874645205;-0.43212890625;
23:16:06;37.0;1571433367;100.263;16.583059195047245;0.4891757874645205;-0.43212890625;
23:16:07;38.0;1571433368;100.241;16.583059195047245;0.4891757874645205;-0.43212890625;
23:16:08;39.0;1571433370;100.044;16.45748939217133;0.48547166348587995;-0.4296875;
23:16:09;40.0;1571433370;100.175;17.336478012302745;0.5114005313363642;-0.44677734375;
23:16:10;41.0;1571433371;100.395;16.583059195047245;0.4891757874645205;-0.43212890625;
23:16:11;42.0;1571433373;100.461;16.08077998354358;0.4743592915499581;-0.42236328125;
23:16:12;43.0;1571433373;100.548;16.583059195047245;0.4891757874645205;-0.43212890625;
23:16:13;44.0;1571433374;100.373;17.336478012302745;0.5114005313363642;-0.44677734375;
23:16:14;45.0;1571433375;100.109;16.45748939217133;0.48547166348587995;-0.4296875;
23:16:15;46.0;1571433376;100.022;16.583059195047245;0.4891757874645205;-0.43212890625;
23:16:16;47.0;1571433377;100.066;15.829640377791746;0.46695104359267686;-0.41748046875;
23:16:17;48.0;1571433379;100.044;16.70862899792316;0.49287991144316107;-0.4345703125;
23:16:18;49.0;1571433379;100.439;16.583059195047245;0.4891757874645205;-0.43212890625;
23:16:19;50.0;1571433380;100.417;16.583059195047245;0.4891757874645205;-0.43212890625;
23:16:20;51.0;1571433382;100.219;16.583059195047245;0.4891757874645205;-0.43212890625;
23:16:21;52.0;1571433383;100.219;16.70862899792316;0.49287991144316107;-0.4345703125;
23:16:22;53.0;1571433383;99.978;16.70862899792316;0.49287991144316107;-0.4345703125;
23:16:23;54.0;1571433385;99.934;16.959768603674995;0.5002881594004424;-0.439453125;
23:16:24;55.0;1571433386;100.241;16.206349786419494;0.47806341552859866;-0.4248046875;
23:16:25;56.0;1571433386;100.351;16.45748939217133;0.48547166348587995;-0.4296875;
23:16:26;57.0;1571433388;100.307;14.950651757660326;0.44102217574219255;-0.400390625;
23:16:27;58.0;1571433389;100.285;16.583059195047245;0.4891757874645205;-0.43212890625;
23:16:28;59.0;1571433389;99.956;16.45748939217133;0.48547166348587995;-0.4296875;
23:16:29;60.0;1571433391;99.934;16.583059195047245;0.4891757874645205;-0.43212890625;
23:16:30;61.0;1571433392;100.022;16.70862899792316;0.49287991144316107;-0.4345703125;
23:16:31;62.0;1571433393;100.131;16.83419880079908;0.4965840354218018;-0.43701171875;
23:16:32;63.0;1571433394;100.329;16.583059195047245;0.4891757874645205;-0.43212890625;
23:16:33;64.0;1571433395;100.329;15.327361166288078;0.4521345476781144;-0.40771484375;
23:16:34;65.0;1571433396;100.329;16.583059195047245;0.4891757874645205;-0.43212890625;
23:16:35;66.0;1571433397;100.0;16.70862899792316;0.49287991144316107;-0.4345703125;
23:16:36;67.0;1571433398;99.825;16.70862899792316;0.49287991144316107;-0.4345703125;
23:16:37;68.0;1571433399;99.803;16.583059195047245;0.4891757874645205;-0.43212890625;
23:16:38;69.0;1571433400;99.782;13.569383926025244;0.4002768119771459;-0.37353515625;
23:16:39;70.0;1571433401;99.956;17.085338406550914;0.5039922833790831;-0.44189453125;
23:16:40;71.0;1571433402;99.825;16.583059195047245;0.4891757874645205;-0.43212890625;
23:16:41;72.0;1571433403;99.585;16.45748939217133;0.48547166348587995;-0.4296875;
23:16:42;73.0;1571433404;99.607;16.583059195047245;0.4891757874645205;-0.43212890625;
23:16:43;74.0;1571433405;99.498;16.583059195047245;0.4891757874645205;-0.43212890625;
23:16:45;76.0;1571433406;99.716;16.583059195047245;0.4891757874645205;-0.43212890625;
23:16:46;77.0;1571433407;100.022;16.70862899792316;0.49287991144316107;-0.4345703125;
23:16:47;78.0;1571433408;100.044;16.583059195047245;0.4891757874645205;-0.43212890625;
23:16:48;79.0;1571433409;100.285;16.70862899792316;0.49287991144316107;-0.4345703125;
23:16:49;80.0;1571433410;100.263;16.206349786419494;0.47806341552859866;-0.4248046875;
23:16:50;81.0;1571433411;100.109;16.583059195047245;0.4891757874645205;-0.43212890625;
23:16:51;82.0;1571433412;99.956;16.583059195047245;0.4891757874645205;-0.43212890625;
23:16:52;83.0;1571433413;99.738;16.583059195047245;0.4891757874645205;-0.43212890625;
23:16:53;84.0;1571433414;99.607;16.583059195047245;0.4891757874645205;-0.43212890625;
23:16:54;85.0;1571433415;99.216;15.076221560536245;0.4447262997208332;-0.40283203125;
23:16:55;86.0;1571433416;99.433;16.206349786419494;0.47806341552859866;-0.4248046875;
23:16:56;87.0;1571433417;99.39;16.583059195047245;0.4891757874645205;-0.43212890625;
23:16:57;88.0;1571433418;99.433;17.336478012302745;0.5114005313363642;-0.44677734375;
23:16:58;89.0;1571433419;99.738;16.70862899792316;0.49287991144316107;-0.4345703125;
23:16:59;90.0;1571433420;99.782;16.45748939217133;0.48547166348587995;-0.4296875;
23:17:00;91.0;1571433421;99.891;16.583059195047245;0.4891757874645205;-0.43212890625;
23:17:01;92.0;1571433422;99.716;15.955210180667661;0.4706551675713175;-0.419921875;
23:17:02;93.0;1571433424;99.847;16.331919589295413;0.48176753950723933;-0.42724609375;
23:17:03;94.0;1571433424;99.542;16.583059195047245;0.4891757874645205;-0.43212890625;
23:17:04;95.0;1571433425;99.564;18.96888544968966;0.5595541430586921;-0.478515625;
23:17:05;96.0;1571433427;99.803;18.089896829558246;0.5336252752082079;-0.46142578125;
23:17:06;97.0;1571433427;99.716;16.70862899792316;0.49287991144316107;-0.4345703125;
23:17:07;98.0;1571433428;99.716;16.08077998354358;0.4743592915499581;-0.42236328125;
23:17:08;99.0;1571433429;99.76;16.583059195047245;0.4891757874645205;-0.43212890625;
23:17:09;100.0;1571433430;99.673;15.704070574915827;0.4632469196140362;-0.4150390625;
23:17:10;101.0;1571433431;99.585;16.959768603674995;0.5002881594004424;-0.439453125;
23:17:11;102.0;1571433433;99.433;16.583059195047245;0.4891757874645205;-0.43212890625;
23:17:12;103.0;1571433433;99.411;16.331919589295413;0.48176753950723933;-0.42724609375;
23:17:13;104.0;1571433434;99.368;16.45748939217133;0.48547166348587995;-0.4296875;
23:17:14;105.0;1571433436;99.281;16.83419880079908;0.4965840354218018;-0.43701171875;
23:17:15;106.0;1571433436;99.194;16.331919589295413;0.48176753950723933;-0.42724609375;
23:17:16;107.0;1571433437;99.194;16.583059195047245;0.4891757874645205;-0.43212890625;
23:17:17;108.0;1571433439;99.216;16.583059195047245;0.4891757874645205;-0.43212890625;
23:17:18;109.0;1571433439;99.259;16.583059195047245;0.4891757874645205;-0.43212890625;
23:17:19;110.0;1571433440;99.411;16.70862899792316;0.49287991144316107;-0.4345703125;
23:17:20;111.0;1571433442;99.325;16.45748939217133;0.48547166348587995;-0.4296875;
23:17:21;112.0;1571433442;99.259;16.583059195047245;0.4891757874645205;-0.43212890625;
23:17:22;113.0;1571433443;99.325;15.578500772039913;0.4595427956353957;-0.41259765625;
23:17:23;114.0;1571433445;99.411;16.70862899792316;0.49287991144316107;-0.4345703125;
23:17:24;115.0;1571433446;99.303;16.583059195047245;0.4891757874645205;-0.43212890625;
23:17:25;116.0;1571433446;99.281;16.70862899792316;0.49287991144316107;-0.4345703125;
23:17:26;117.0;1571433448;99.216;16.83419880079908;0.4965840354218018;-0.43701171875;
23:17:27;118.0;1571433449;99.151;16.583059195047245;0.4891757874645205;-0.43212890625;
23:17:28;119.0;1571433449;99.259;16.583059195047245;0.4891757874645205;-0.43212890625;
23:17:29;120.0;1571433450;99.433;13.569383926025244;0.4002768119771459;-0.37353515625;
23:17:30;121.0;1571433452;99.259;15.578500772039913;0.4595427956353957;-0.41259765625;
23:17:31;122.0;1571433453;99.194;16.583059195047245;0.4891757874645205;-0.43212890625;
23:17:32;123.0;1571433453;99.129;16.45748939217133;0.48547166348587995;-0.4296875;
23:17:33;124.0;1571433455;98.935;17.838757223806414;0.5262170272509267;-0.45654296875;
23:17:34;125.0;1571433456;99.194;16.83419880079908;0.4965840354218018;-0.43701171875;
23:17:35;126.0;1571433457;99.39;16.70862899792316;0.49287991144316107;-0.4345703125;
23:17:36;127.0;1571433457;99.346;15.829640377791746;0.46695104359267686;-0.41748046875;
23:17:37;128.0;1571433459;99.39;16.45748939217133;0.48547166348587995;-0.4296875;
23:17:38;129.0;1571433460;99.455;16.583059195047245;0.4891757874645205;-0.43212890625;
23:17:39;130.0;1571433461;99.238;17.58761761805458;0.5188087792936454;-0.45166015625;
23:17:40;131.0;1571433462;99.129;16.583059195047245;0.4891757874645205;-0.43212890625;
23:17:41;132.0;1571433463;99.129;16.583059195047245;0.4891757874645205;-0.43212890625;
23:17:42;133.0;1571433464;99.108;16.70862899792316;0.49287991144316107;-0.4345703125;
23:17:43;134.0;1571433465;99.151;15.452930969163994;0.455838671656755;-0.41015625;
23:17:44;135.0;1571433466;99.498;16.70862899792316;0.49287991144316107;-0.4345703125;
23:17:45;136.0;1571433467;99.477;16.45748939217133;0.48547166348587995;-0.4296875;
23:17:46;137.0;1571433468;99.411;9999.0;9999.0;9999.0;
23:17:47;138.0;1571433469;99.498;16.959768603674995;0.5002881594004424;-0.439453125;
23:17:49;140.0;1571433470;99.433;16.583059195047245;0.4891757874645205;-0.43212890625;
23:17:50;141.0;1571433471;99.455;16.583059195047245;0.4891757874645205;-0.43212890625;
23:17:51;142.0;1571433472;99.411;17.085338406550914;0.5039922833790831;-0.44189453125;
23:17:52;143.0;1571433473;99.52;16.583059195047245;0.4891757874645205;-0.43212890625;
23:17:53;144.0;1571433474;99.303;16.70862899792316;0.49287991144316107;-0.4345703125;
23:17:54;145.0;1571433475;99.216;16.83419880079908;0.4965840354218018;-0.43701171875;
23:17:55;146.0;1571433476;99.259;16.583059195047245;0.4891757874645205;-0.43212890625;
23:17:56;147.0;1571433477;98.935;17.58761761805458;0.5188087792936454;-0.45166015625;
23:17:57;148.0;1571433478;99.129;16.70862899792316;0.49287991144316107;-0.4345703125;
23:17:58;149.0;1571433479;99.151;16.583059195047245;0.4891757874645205;-0.43212890625;
23:17:59;150.0;1571433480;99.216;16.583059195047245;0.4891757874645205;-0.43212890625;
23:18:00;151.0;1571433481;99.368;16.70862899792316;0.49287991144316107;-0.4345703125;
23:18:01;152.0;1571433482;99.108;16.583059195047245;0.4891757874645205;-0.43212890625;
23:18:02;153.0;1571433483;99.086;19.722304266945162;0.5817788869305358;-0.4931640625;
23:18:03;154.0;1571433484;98.848;16.206349786419494;0.47806341552859866;-0.4248046875;
23:18:04;155.0;1571433485;98.892;16.45748939217133;0.48547166348587995;-0.4296875;
23:18:05;156.0;1571433486;98.978;16.83419880079908;0.4965840354218018;-0.43701171875;
23:18:06;157.0;1571433488;99.043;16.583059195047245;0.4891757874645205;-0.43212890625;
23:18:07;158.0;1571433488;99.238;16.45748939217133;0.48547166348587995;-0.4296875;
23:18:08;159.0;1571433489;99.259;16.583059195047245;0.4891757874645205;-0.43212890625;
23:18:09;160.0;1571433491;99.086;16.583059195047245;0.4891757874645205;-0.43212890625;
23:18:10;161.0;1571433491;99.043;16.70862899792316;0.49287991144316107;-0.4345703125;
23:18:11;162.0;1571433492;98.848;16.583059195047245;0.4891757874645205;-0.43212890625;
23:18:12;163.0;1571433493;98.827;16.70862899792316;0.49287991144316107;-0.4345703125;
23:18:13;164.0;1571433494;99.238;16.70862899792316;0.49287991144316107;-0.4345703125;
23:18:14;165.0;1571433495;99.108;16.45748939217133;0.48547166348587995;-0.4296875;
23:18:15;166.0;1571433496;99.173;16.583059195047245;0.4891757874645205;-0.43212890625;
23:18:16;167.0;1571433498;98.762;16.583059195047245;0.4891757874645205;-0.43212890625;
23:18:17;168.0;1571433498;98.59;17.96432702668233;0.5299211512295673;-0.458984375;
23:18:18;169.0;1571433499;98.762;17.085338406550914;0.5039922833790831;-0.44189453125;
23:18:19;170.0;1571433501;98.611;16.45748939217133;0.48547166348587995;-0.4296875;
23:18:20;171.0;1571433501;98.848;16.45748939217133;0.48547166348587995;-0.4296875;
23:18:21;172.0;1571433502;98.633;16.70862899792316;0.49287991144316107;-0.4345703125;
23:18:22;173.0;1571433503;98.762;16.331919589295413;0.48176753950723933;-0.42724609375;
23:18:23;174.0;1571433505;98.87;16.583059195047245;0.4891757874645205;-0.43212890625;
23:18:24;175.0;1571433505;99.086;16.583059195047245;0.4891757874645205;-0.43212890625;
23:18:25;176.0;1571433506;99.433;16.206349786419494;0.47806341552859866;-0.4248046875;
23:18:26;177.0;1571433508;99.194;16.70862899792316;0.49287991144316107;-0.4345703125;
23:18:27;178.0;1571433509;99.129;16.45748939217133;0.48547166348587995;-0.4296875;
23:18:28;179.0;1571433509;99.064;16.45748939217133;0.48547166348587995;-0.4296875;
23:18:29;180.0;1571433511;98.87;16.45748939217133;0.48547166348587995;-0.4296875;
23:18:30;181.0;1571433512;98.892;16.206349786419494;0.47806341552859866;-0.4248046875;
23:18:31;182.0;1571433512;98.913;16.959768603674995;0.5002881594004424;-0.439453125;
23:18:32;183.0;1571433514;98.935;16.583059195047245;0.4891757874645205;-0.43212890625;
23:18:33;184.0;1571433515;98.848;16.70862899792316;0.49287991144316107;-0.4345703125;
23:18:34;185.0;1571433516;98.848;16.45748939217133;0.48547166348587995;-0.4296875;
23:18:35;186.0;1571433516;98.827;15.452930969163994;0.455838671656755;-0.41015625;
23:18:36;187.0;1571433518;98.87;16.583059195047245;0.4891757874645205;-0.43212890625;
23:18:37;188.0;1571433519;98.848;17.085338406550914;0.5039922833790831;-0.44189453125;
23:18:38;189.0;1571433519;98.611;18.96888544968966;0.5595541430586921;-0.478515625;
23:18:39;190.0;1571433521;98.676;16.45748939217133;0.48547166348587995;-0.4296875;
23:18:40;191.0;1571433522;98.504;16.583059195047245;0.4891757874645205;-0.43212890625;
23:18:41;192.0;1571433523;98.461;16.45748939217133;0.48547166348587995;-0.4296875;
23:18:42;193.0;1571433524;98.59;16.45748939217133;0.48547166348587995;-0.4296875;
23:18:43;194.0;1571433525;98.418;16.45748939217133;0.48547166348587995;-0.4296875;
23:18:44;195.0;1571433526;98.182;16.583059195047245;0.4891757874645205;-0.43212890625;
23:18:45;196.0;1571433527;98.246;16.45748939217133;0.48547166348587995;-0.4296875;
23:18:46;197.0;1571433528;98.332;16.70862899792316;0.49287991144316107;-0.4345703125;
23:18:47;198.0;1571433529;98.353;16.45748939217133;0.48547166348587995;-0.4296875;
23:18:48;199.0;1571433530;98.461;16.206349786419494;0.47806341552859866;-0.4248046875;
23:18:49;200.0;1571433531;98.418;17.085338406550914;0.5039922833790831;-0.44189453125;
23:18:50;201.0;1571433532;98.332;16.45748939217133;0.48547166348587995;-0.4296875;
23:18:51;202.0;1571433533;98.289;16.583059195047245;0.4891757874645205;-0.43212890625;
23:18:53;204.0;1571433534;98.246;16.583059195047245;0.4891757874645205;-0.43212890625;
23:18:54;205.0;1571433535;98.16;16.583059195047245;0.4891757874645205;-0.43212890625;
23:18:55;206.0;1571433536;98.267;16.959768603674995;0.5002881594004424;-0.439453125;
23:18:56;207.0;1571433537;98.267;16.331919589295413;0.48176753950723933;-0.42724609375;
23:18:57;208.0;1571433538;98.418;16.70862899792316;0.49287991144316107;-0.4345703125;
23:18:58;209.0;1571433539;98.676;16.45748939217133;0.48547166348587995;-0.4296875;
23:18:59;210.0;1571433540;98.504;16.959768603674995;0.5002881594004424;-0.439453125;
23:19:00;211.0;1571433541;98.418;20.22458347844883;0.5965953828450983;-0.5029296875;
23:19:01;212.0;1571433542;98.418;16.331919589295413;0.48176753950723933;-0.42724609375;
23:19:02;213.0;1571433543;98.418;16.583059195047245;0.4891757874645205;-0.43212890625;
23:19:03;214.0;1571433544;98.547;16.583059195047245;0.4891757874645205;-0.43212890625;
23:19:04;215.0;1571433545;98.676;16.45748939217133;0.48547166348587995;-0.4296875;
23:19:05;216.0;1571433546;98.611;16.583059195047245;0.4891757874645205;-0.43212890625;
23:19:06;217.0;1571433547;98.31;16.45748939217133;0.48547166348587995;-0.4296875;
23:19:07;218.0;1571433548;98.182;16.70862899792316;0.49287991144316107;-0.4345703125;
23:19:08;219.0;1571433549;97.989;17.46204781517866;0.5151046553150047;-0.44921875;
23:19:09;220.0;1571433550;97.797;16.70862899792316;0.49287991144316107;-0.4345703125;
23:19:11;222.0;1571433551;97.541;16.206349786419494;0.47806341552859866;-0.4248046875;
23:19:12;223.0;1571433553;97.605;16.206349786419494;0.47806341552859866;-0.4248046875;
23:19:13;224.0;1571433554;97.541;16.45748939217133;0.48547166348587995;-0.4296875;
23:19:14;225.0;1571433555;97.563;16.959768603674995;0.5002881594004424;-0.439453125;
23:19:15;226.0;1571433556;97.605;16.583059195047245;0.4891757874645205;-0.43212890625;
23:19:16;227.0;1571433557;97.605;16.45748939217133;0.48547166348587995;-0.4296875;
23:19:17;228.0;1571433558;97.776;16.331919589295413;0.48176753950723933;-0.42724609375;
23:19:18;229.0;1571433560;98.075;16.583059195047245;0.4891757874645205;-0.43212890625;
23:19:19;230.0;1571433560;98.31;16.583059195047245;0.4891757874645205;-0.43212890625;
23:19:20;231.0;1571433561;98.504;16.45748939217133;0.48547166348587995;-0.4296875;
23:19:21;232.0;1571433562;98.31;16.70862899792316;0.49287991144316107;-0.4345703125;
23:19:22;233.0;1571433563;98.096;17.085338406550914;0.5039922833790831;-0.44189453125;
23:19:23;234.0;1571433564;98.053;16.45748939217133;0.48547166348587995;-0.4296875;
23:19:24;235.0;1571433565;97.946;16.70862899792316;0.49287991144316107;-0.4345703125;
23:19:25;236.0;1571433566;97.968;16.583059195047245;0.4891757874645205;-0.43212890625;
23:19:26;237.0;1571433567;98.032;16.45748939217133;0.48547166348587995;-0.4296875;
23:19:27;238.0;1571433569;97.904;17.21090820942683;0.5076964073577236;-0.4443359375;
23:19:28;239.0;1571433570;97.797;17.085338406550914;0.5039922833790831;-0.44189453125;
23:19:29;240.0;1571433570;97.946;16.583059195047245;0.4891757874645205;-0.43212890625;
23:19:30;241.0;1571433571;97.797;16.583059195047245;0.4891757874645205;-0.43212890625;
23:19:31;242.0;1571433573;97.648;16.583059195047245;0.4891757874645205;-0.43212890625;
23:19:32;243.0;1571433573;97.733;16.583059195047245;0.4891757874645205;-0.43212890625;
23:19:33;244.0;1571433575;97.733;16.583059195047245;0.4891757874645205;-0.43212890625;
23:19:34;245.0;1571433576;97.669;16.70862899792316;0.49287991144316107;-0.4345703125;
23:19:35;246.0;1571433576;97.776;19.84787406982108;0.5854830109091764;-0.49560546875;
23:19:36;247.0;1571433578;97.733;16.70862899792316;0.49287991144316107;-0.4345703125;
23:19:37;248.0;1571433579;97.541;16.83419880079908;0.4965840354218018;-0.43701171875;
23:19:38;249.0;1571433580;97.669;16.583059195047245;0.4891757874645205;-0.43212890625;
23:19:39;250.0;1571433580;97.733;16.583059195047245;0.4891757874645205;-0.43212890625;
23:19:40;251.0;1571433582;97.626;16.583059195047245;0.4891757874645205;-0.43212890625;
23:19:41;252.0;1571433583;97.861;16.45748939217133;0.48547166348587995;-0.4296875;
23:19:42;253.0;1571433584;98.01;16.45748939217133;0.48547166348587995;-0.4296875;
23:19:43;254.0;1571433585;98.032;16.70862899792316;0.49287991144316107;-0.4345703125;
23:19:44;255.0;1571433586;98.203;16.583059195047245;0.4891757874645205;-0.43212890625;
23:19:45;256.0;1571433587;97.925;16.331919589295413;0.48176753950723933;-0.42724609375;
23:19:46;257.0;1571433588;97.733;16.583059195047245;0.4891757874645205;-0.43212890625;
23:19:47;258.0;1571433589;97.414;16.583059195047245;0.4891757874645205;-0.43212890625;
23:19:48;259.0;1571433590;97.393;16.583059195047245;0.4891757874645205;-0.43212890625;
23:19:49;260.0;1571433591;97.626;16.583059195047245;0.4891757874645205;-0.43212890625;
23:19:50;261.0;1571433592;97.69;16.08077998354358;0.4743592915499581;-0.42236328125;
23:19:51;262.0;1571433593;98.01;16.583059195047245;0.4891757874645205;-0.43212890625;
23:19:52;263.0;1571433594;97.904;16.45748939217133;0.48547166348587995;-0.4296875;
23:19:53;264.0;1571433595;97.861;16.583059195047245;0.4891757874645205;-0.43212890625;
23:19:54;265.0;1571433596;97.733;16.331919589295413;0.48176753950723933;-0.42724609375;
23:19:55;266.0;1571433597;97.733;16.583059195047245;0.4891757874645205;-0.43212890625;
23:19:57;268.0;1571433598;97.968;16.70862899792316;0.49287991144316107;-0.4345703125;
23:19:58;269.0;1571433599;97.84;17.085338406550914;0.5039922833790831;-0.44189453125;
23:19:59;270.0;1571433600;97.904;17.58761761805458;0.5188087792936454;-0.45166015625;
23:20:00;271.0;1571433601;97.69;16.583059195047245;0.4891757874645205;-0.43212890625;
23:20:01;272.0;1571433602;97.435;16.583059195047245;0.4891757874645205;-0.43212890625;
23:20:02;273.0;1571433603;97.308;14.950651757660326;0.44102217574219255;-0.400390625;
23:20:03;274.0;1571433604;97.329;16.45748939217133;0.48547166348587995;-0.4296875;
23:20:04;275.0;1571433605;97.265;16.45748939217133;0.48547166348587995;-0.4296875;
23:20:05;276.0;1571433606;97.265;16.583059195047245;0.4891757874645205;-0.43212890625;
23:20:06;277.0;1571433607;97.393;16.583059195047245;0.4891757874645205;-0.43212890625;
23:20:07;278.0;1571433608;97.456;16.45748939217133;0.48547166348587995;-0.4296875;
23:20:08;279.0;1571433609;97.414;16.45748939217133;0.48547166348587995;-0.4296875;
23:20:09;280.0;1571433610;97.329;16.959768603674995;0.5002881594004424;-0.439453125;
23:20:10;281.0;1571433611;97.286;16.45748939217133;0.48547166348587995;-0.4296875;
23:20:11;282.0;1571433612;97.138;16.45748939217133;0.48547166348587995;-0.4296875;
23:20:12;283.0;1571433613;97.223;16.583059195047245;0.4891757874645205;-0.43212890625;
23:20:13;284.0;1571433614;97.286;18.21546663243416;0.5373293991868484;-0.4638671875;
23:20:14;285.0;1571433615;97.329;16.583059195047245;0.4891757874645205;-0.43212890625;
23:20:15;286.0;1571433617;97.584;16.83419880079908;0.4965840354218018;-0.43701171875;
23:20:16;287.0;1571433617;97.797;16.70862899792316;0.49287991144316107;-0.4345703125;
23:20:17;288.0;1571433618;97.754;16.583059195047245;0.4891757874645205;-0.43212890625;
23:20:18;289.0;1571433620;97.946;20.350153281324744;0.6002995068237388;-0.50537109375;
23:20:19;290.0;1571433620;97.797;16.583059195047245;0.4891757874645205;-0.43212890625;
23:20:20;291.0;1571433621;97.669;19.59673446406925;0.5780747629518953;-0.49072265625;
23:20:21;292.0;1571433623;97.712;16.583059195047245;0.4891757874645205;-0.43212890625;
23:20:22;293.0;1571433623;97.456;16.70862899792316;0.49287991144316107;-0.4345703125;
23:20:23;294.0;1571433624;97.435;16.45748939217133;0.48547166348587995;-0.4296875;
23:20:24;295.0;1571433626;97.286;16.583059195047245;0.4891757874645205;-0.43212890625;
23:20:25;296.0;1571433626;97.244;16.583059195047245;0.4891757874645205;-0.43212890625;
23:20:26;297.0;1571433627;97.371;16.583059195047245;0.4891757874645205;-0.43212890625;
23:20:27;298.0;1571433629;97.244;16.583059195047245;0.4891757874645205;-0.43212890625;
23:20:28;299.0;1571433629;97.18;16.70862899792316;0.49287991144316107;-0.4345703125;
23:20:29;300.0;1571433630;97.159;16.583059195047245;0.4891757874645205;-0.43212890625;
23:20:30;301.0;1571433632;97.138;16.583059195047245;0.4891757874645205;-0.43212890625;
23:20:31;302.0;1571433632;96.99;16.70862899792316;0.49287991144316107;-0.4345703125;
23:20:32;303.0;1571433634;96.948;16.45748939217133;0.48547166348587995;-0.4296875;
23:20:33;304.0;1571433635;97.054;16.45748939217133;0.48547166348587995;-0.4296875;
23:20:34;305.0;1571433635;97.032;16.959768603674995;0.5002881594004424;-0.439453125;
23:20:35;306.0;1571433637;96.863;16.45748939217133;0.48547166348587995;-0.4296875;
23:20:36;307.0;1571433638;96.863;16.206349786419494;0.47806341552859866;-0.4248046875;
23:20:37;308.0;1571433638;96.779;16.583059195047245;0.4891757874645205;-0.43212890625;
23:20:38;309.0;1571433640;96.737;16.583059195047245;0.4891757874645205;-0.43212890625;
23:20:39;310.0;1571433641;97.159;16.70862899792316;0.49287991144316107;-0.4345703125;
23:20:40;311.0;1571433641;97.286;16.583059195047245;0.4891757874645205;-0.43212890625;
23:20:41;312.0;1571433643;97.265;16.70862899792316;0.49287991144316107;-0.4345703125;
23:20:42;313.0;1571433644;97.223;16.583059195047245;0.4891757874645205;-0.43212890625;
23:20:43;314.0;1571433645;97.011;16.206349786419494;0.47806341552859866;-0.4248046875;
23:20:44;315.0;1571433645;96.927;16.583059195047245;0.4891757874645205;-0.43212890625;
23:20:45;316.0;1571433647;97.032;16.08077998354358;0.4743592915499581;-0.42236328125;
23:20:46;317.0;1571433648;97.054;16.583059195047245;0.4891757874645205;-0.43212890625;
23:20:47;318.0;1571433649;97.159;16.45748939217133;0.48547166348587995;-0.4296875;
23:20:48;319.0;1571433650;97.499;16.331919589295413;0.48176753950723933;-0.42724609375;
23:20:49;320.0;1571433651;97.499;16.583059195047245;0.4891757874645205;-0.43212890625;
23:20:50;321.0;1571433652;97.308;16.206349786419494;0.47806341552859866;-0.4248046875;
23:20:51;322.0;1571433653;97.117;16.583059195047245;0.4891757874645205;-0.43212890625;
23:20:52;323.0;1571433654;96.674;16.583059195047245;0.4891757874645205;-0.43212890625;
23:20:53;324.0;1571433655;96.674;16.583059195047245;0.4891757874645205;-0.43212890625;
23:20:54;325.0;1571433656;96.969;17.21090820942683;0.5076964073577236;-0.4443359375;
23:20:55;326.0;1571433657;97.032;17.085338406550914;0.5039922833790831;-0.44189453125;
23:20:56;327.0;1571433658;97.18;16.70862899792316;0.49287991144316107;-0.4345703125;
23:20:57;328.0;1571433659;97.054;16.583059195047245;0.4891757874645205;-0.43212890625;
23:20:58;329.0;1571433660;96.821;16.583059195047245;0.4891757874645205;-0.43212890625;
23:20:59;330.0;1571433661;96.842;16.583059195047245;0.4891757874645205;-0.43212890625;
23:21:01;332.0;1571433662;96.821;16.331919589295413;0.48176753950723933;-0.42724609375;
23:21:02;333.0;1571433663;96.8;16.45748939217133;0.48547166348587995;-0.4296875;
23:21:03;334.0;1571433664;96.737;16.959768603674995;0.5002881594004424;-0.439453125;
23:21:04;335.0;1571433665;96.716;16.583059195047245;0.4891757874645205;-0.43212890625;
23:21:05;336.0;1571433666;96.653;17.085338406550914;0.5039922833790831;-0.44189453125;
23:21:06;337.0;1571433667;96.737;16.45748939217133;0.48547166348587995;-0.4296875;
23:21:07;338.0;1571433668;96.842;16.45748939217133;0.48547166348587995;-0.4296875;
23:21:08;339.0;1571433669;96.969;16.206349786419494;0.47806341552859866;-0.4248046875;
23:21:09;340.0;1571433670;96.906;16.583059195047245;0.4891757874645205;-0.43212890625;
23:21:10;341.0;1571433671;96.611;16.583059195047245;0.4891757874645205;-0.43212890625;
23:21:11;342.0;1571433672;96.589;16.45748939217133;0.48547166348587995;-0.4296875;
23:21:12;343.0;1571433673;96.484;16.08077998354358;0.4743592915499581;-0.42236328125;
23:21:13;344.0;1571433674;96.526;9999.0;9999.0;9999.0;
23:21:14;345.0;1571433675;96.695;16.331919589295413;0.48176753950723933;-0.42724609375;
23:21:15;346.0;1571433676;96.716;15.704070574915827;0.4632469196140362;-0.4150390625;
23:21:16;347.0;1571433677;96.674;16.08077998354358;0.4743592915499581;-0.42236328125;
23:21:17;348.0;1571433678;96.589;16.70862899792316;0.49287991144316107;-0.4345703125;
23:21:18;349.0;1571433679;96.442;17.085338406550914;0.5039922833790831;-0.44189453125;
23:21:19;350.0;1571433680;96.505;9999.0;9999.0;9999.0;
23:21:20;351.0;1571433681;96.526;16.583059195047245;0.4891757874645205;-0.43212890625;
23:21:21;352.0;1571433682;96.547;15.076221560536245;0.4447262997208332;-0.40283203125;
23:21:22;353.0;1571433684;96.463;16.45748939217133;0.48547166348587995;-0.4296875;
23:21:23;354.0;1571433684;96.442;14.071663137528912;0.41509330789170834;-0.38330078125;
23:21:24;355.0;1571433685;96.505;16.45748939217133;0.48547166348587995;-0.4296875;
23:21:25;356.0;1571433687;96.611;17.838757223806414;0.5262170272509267;-0.45654296875;
23:21:26;357.0;1571433687;96.863;16.583059195047245;0.4891757874645205;-0.43212890625;
23:21:27;358.0;1571433688;96.674;16.206349786419494;0.47806341552859866;-0.4248046875;
23:21:28;359.0;1571433690;96.568;16.583059195047245;0.4891757874645205;-0.43212890625;
23:21:29;360.0;1571433690;96.653;15.829640377791746;0.46695104359267686;-0.41748046875;
23:21:30;361.0;1571433691;96.653;16.70862899792316;0.49287991144316107;-0.4345703125;
23:21:31;362.0;1571433693;96.611;16.45748939217133;0.48547166348587995;-0.4296875;
23:21:32;363.0;1571433693;96.716;16.70862899792316;0.49287991144316107;-0.4345703125;
23:21:33;364.0;1571433694;96.358;16.583059195047245;0.4891757874645205;-0.43212890625;
23:21:34;365.0;1571433696;96.191;16.583059195047245;0.4891757874645205;-0.43212890625;
23:21:35;366.0;1571433696;96.295;16.583059195047245;0.4891757874645205;-0.43212890625;
23:21:36;367.0;1571433697;96.044;16.583059195047245;0.4891757874645205;-0.43212890625;
23:21:37;368.0;1571433699;96.379;16.45748939217133;0.48547166348587995;-0.4296875;
23:21:38;369.0;1571433699;96.421;16.959768603674995;0.5002881594004424;-0.439453125;
23:21:39;370.0;1571433700;96.484;16.45748939217133;0.48547166348587995;-0.4296875;
23:21:40;371.0;1571433702;96.611;16.331919589295413;0.48176753950723933;-0.42724609375;
23:21:41;372.0;1571433703;96.505;16.45748939217133;0.48547166348587995;-0.4296875;
23:21:42;373.0;1571433703;96.379;16.583059195047245;0.4891757874645205;-0.43212890625;
23:21:43;374.0;1571433705;96.4;16.583059195047245;0.4891757874645205;-0.43212890625;
23:21:44;375.0;1571433706;96.379;16.331919589295413;0.48176753950723933;-0.42724609375;
23:21:45;376.0;1571433706;96.233;17.336478012302745;0.5114005313363642;-0.44677734375;
23:21:46;377.0;1571433708;96.379;16.583059195047245;0.4891757874645205;-0.43212890625;
23:21:47;378.0;1571433709;96.233;16.583059195047245;0.4891757874645205;-0.43212890625;
23:21:48;379.0;1571433709;96.254;16.45748939217133;0.48547166348587995;-0.4296875;
23:21:49;380.0;1571433711;96.484;16.583059195047245;0.4891757874645205;-0.43212890625;
23:21:50;381.0;1571433712;96.442;15.578500772039913;0.4595427956353957;-0.41259765625;
23:21:51;382.0;1571433713;96.358;16.206349786419494;0.47806341552859866;-0.4248046875;
23:21:52;383.0;1571433713;96.358;16.45748939217133;0.48547166348587995;-0.4296875;
23:21:53;384.0;1571433715;96.275;16.583059195047245;0.4891757874645205;-0.43212890625;
23:21:54;385.0;1571433716;96.212;16.83419880079908;0.4965840354218018;-0.43701171875;
23:21:55;386.0;1571433716;96.149;16.45748939217133;0.48547166348587995;-0.4296875;
23:21:56;387.0;1571433718;96.065;16.45748939217133;0.48547166348587995;-0.4296875;
23:21:57;388.0;1571433719;96.149;16.45748939217133;0.48547166348587995;-0.4296875;
23:21:58;389.0;1571433720;96.295;16.583059195047245;0.4891757874645205;-0.43212890625;
23:21:59;390.0;1571433721;96.505;16.45748939217133;0.48547166348587995;-0.4296875;
23:22:00;391.0;1571433722;96.463;16.583059195047245;0.4891757874645205;-0.43212890625;
23:22:01;392.0;1571433723;96.254;16.45748939217133;0.48547166348587995;-0.4296875;
23:22:02;393.0;1571433724;95.877;17.58761761805458;0.5188087792936454;-0.45166015625;
23:22:03;394.0;1571433725;95.586;16.583059195047245;0.4891757874645205;-0.43212890625;
23:22:05;396.0;1571433726;95.752;16.583059195047245;0.4891757874645205;-0.43212890625;
23:22:06;397.0;1571433727;96.023;16.583059195047245;0.4891757874645205;-0.43212890625;
23:22:07;398.0;1571433728;96.295;16.583059195047245;0.4891757874645205;-0.43212890625;
23:22:08;399.0;1571433729;96.4;16.331919589295413;0.48176753950723933;-0.42724609375;
23:22:09;400.0;1571433730;96.316;15.829640377791746;0.46695104359267686;-0.41748046875;
23:22:10;401.0;1571433731;96.191;16.45748939217133;0.48547166348587995;-0.4296875;
23:22:11;402.0;1571433732;96.233;16.70862899792316;0.49287991144316107;-0.4345703125;
23:22:12;403.0;1571433733;96.316;16.583059195047245;0.4891757874645205;-0.43212890625;
23:22:13;404.0;1571433734;96.254;16.959768603674995;0.5002881594004424;-0.439453125;
23:22:14;405.0;1571433735;96.002;15.578500772039913;0.4595427956353957;-0.41259765625;
23:22:15;406.0;1571433736;95.815;16.583059195047245;0.4891757874645205;-0.43212890625;
23:22:16;407.0;1571433737;95.919;16.83419880079908;0.4965840354218018;-0.43701171875;
23:22:17;408.0;1571433738;95.898;16.45748939217133;0.48547166348587995;-0.4296875;
23:22:18;409.0;1571433739;96.023;16.583059195047245;0.4891757874645205;-0.43212890625;
23:22:19;410.0;1571433740;96.023;16.206349786419494;0.47806341552859866;-0.4248046875;
23:22:20;411.0;1571433741;95.669;17.085338406550914;0.5039922833790831;-0.44189453125;
23:22:21;412.0;1571433742;95.836;16.83419880079908;0.4965840354218018;-0.43701171875;
23:22:22;413.0;1571433743;95.815;15.704070574915827;0.4632469196140362;-0.4150390625;
23:22:23;414.0;1571433744;95.752;16.70862899792316;0.49287991144316107;-0.4345703125;
23:22:24;415.0;1571433746;96.023;16.331919589295413;0.48176753950723933;-0.42724609375;
23:22:25;416.0;1571433746;95.836;15.955210180667661;0.4706551675713175;-0.419921875;
23:22:26;417.0;1571433747;95.856;16.583059195047245;0.4891757874645205;-0.43212890625;
23:22:27;418.0;1571433749;96.044;16.70862899792316;0.49287991144316107;-0.4345703125;
23:22:28;419.0;1571433749;96.149;16.70862899792316;0.49287991144316107;-0.4345703125;
23:22:29;420.0;1571433750;96.254;16.08077998354358;0.4743592915499581;-0.42236328125;
23:22:30;421.0;1571433752;96.128;16.583059195047245;0.4891757874645205;-0.43212890625;
23:22:31;422.0;1571433752;96.107;16.45748939217133;0.48547166348587995;-0.4296875;
23:22:32;423.0;1571433753;95.836;16.83419880079908;0.4965840354218018;-0.43701171875;
23:22:33;424.0;1571433755;95.627;16.206349786419494;0.47806341552859866;-0.4248046875;
23:22:34;425.0;1571433755;95.503;16.583059195047245;0.4891757874645205;-0.43212890625;
23:22:35;426.0;1571433757;95.419;16.583059195047245;0.4891757874645205;-0.43212890625;
23:22:36;427.0;1571433758;95.461;16.583059195047245;0.4891757874645205;-0.43212890625;
23:22:37;428.0;1571433758;95.523;16.45748939217133;0.48547166348587995;-0.4296875;
23:22:38;429.0;1571433759;95.627;16.45748939217133;0.48547166348587995;-0.4296875;
23:22:39;430.0;1571433761;95.836;16.45748939217133;0.48547166348587995;-0.4296875;
23:22:40;431.0;1571433761;95.731;16.45748939217133;0.48547166348587995;-0.4296875;
23:22:41;432.0;1571433763;95.565;16.70862899792316;0.49287991144316107;-0.4345703125;
23:22:42;433.0;1571433764;95.565;16.45748939217133;0.48547166348587995;-0.4296875;
23:22:43;434.0;1571433764;95.461;12.439255700141995;0.3669396961693804;-0.3515625;
23:22:44;435.0;1571433766;95.565;17.21090820942683;0.5076964073577236;-0.4443359375;
23:22:45;436.0;1571433767;95.606;16.331919589295413;0.48176753950723933;-0.42724609375;
23:22:46;437.0;1571433767;95.627;16.83419880079908;0.4965840354218018;-0.43701171875;
23:22:47;438.0;1571433769;95.378;16.583059195047245;0.4891757874645205;-0.43212890625;
23:22:48;439.0;1571433770;95.357;16.583059195047245;0.4891757874645205;-0.43212890625;
23:22:49;440.0;1571433770;95.461;16.45748939217133;0.48547166348587995;-0.4296875;
23:22:50;441.0;1571433772;95.337;13.569383926025244;0.4002768119771459;-0.37353515625;
23:22:51;442.0;1571433773;95.419;16.583059195047245;0.4891757874645205;-0.43212890625;
23:22:52;443.0;1571433773;95.419;16.583059195047245;0.4891757874645205;-0.43212890625;
23:22:53;444.0;1571433775;95.316;16.959768603674995;0.5002881594004424;-0.439453125;
23:22:54;445.0;1571433776;95.544;18.089896829558246;0.5336252752082079;-0.46142578125;
23:22:55;446.0;1571433777;95.648;16.583059195047245;0.4891757874645205;-0.43212890625;
23:22:56;447.0;1571433778;95.565;16.08077998354358;0.4743592915499581;-0.42236328125;
23:22:57;448.0;1571433779;95.482;16.583059195047245;0.4891757874645205;-0.43212890625;
23:22:58;449.0;1571433780;95.316;16.583059195047245;0.4891757874645205;-0.43212890625;
23:22:59;450.0;1571433780;95.295;16.45748939217133;0.48547166348587995;-0.4296875;
23:23:00;451.0;1571433782;95.295;16.583059195047245;0.4891757874645205;-0.43212890625;
23:23:01;452.0;1571433783;95.44;16.583059195047245;0.4891757874645205;-0.43212890625;
23:23:02;453.0;1571433784;95.357;16.45748939217133;0.48547166348587995;-0.4296875;
23:23:03;454.0;1571433785;95.44;15.327361166288078;0.4521345476781144;-0.40771484375;
23:23:04;455.0;1571433786;95.606;15.076221560536245;0.4447262997208332;-0.40283203125;
23:23:05;456.0;1571433787;95.669;16.45748939217133;0.48547166348587995;-0.4296875;
23:23:06;457.0;1571433787;95.836;15.452930969163994;0.455838671656755;-0.41015625;
23:23:07;458.0;1571433789;95.71;17.58761761805458;0.5188087792936454;-0.45166015625;
23:23:08;459.0;1571433790;95.69;16.583059195047245;0.4891757874645205;-0.43212890625;
23:23:10;461.0;1571433791;95.503;16.583059195047245;0.4891757874645205;-0.43212890625;
23:23:11;462.0;1571433792;95.378;16.70862899792316;0.49287991144316107;-0.4345703125;
23:23:12;463.0;1571433793;95.482;15.829640377791746;0.46695104359267686;-0.41748046875;
23:23:13;464.0;1571433794;95.337;16.583059195047245;0.4891757874645205;-0.43212890625;
23:23:14;465.0;1571433795;95.461;16.583059195047245;0.4891757874645205;-0.43212890625;
23:23:15;466.0;1571433796;95.419;16.583059195047245;0.4891757874645205;-0.43212890625;
23:23:16;467.0;1571433797;95.109;16.45748939217133;0.48547166348587995;-0.4296875;
23:23:17;468.0;1571433798;94.985;16.45748939217133;0.48547166348587995;-0.4296875;
23:23:18;469.0;1571433799;94.944;16.583059195047245;0.4891757874645205;-0.43212890625;
23:23:19;470.0;1571433800;94.923;16.583059195047245;0.4891757874645205;-0.43212890625;
23:23:20;471.0;1571433801;94.985;16.45748939217133;0.48547166348587995;-0.4296875;
23:23:21;472.0;1571433802;94.923;16.331919589295413;0.48176753950723933;-0.42724609375;
23:23:22;473.0;1571433803;94.799;16.583059195047245;0.4891757874645205;-0.43212890625;
23:23:23;474.0;1571433804;94.799;16.583059195047245;0.4891757874645205;-0.43212890625;
23:23:24;475.0;1571433805;94.491;16.70862899792316;0.49287991144316107;-0.4345703125;
23:23:25;476.0;1571433806;94.799;16.583059195047245;0.4891757874645205;-0.43212890625;
23:23:26;477.0;1571433807;95.067;16.583059195047245;0.4891757874645205;-0.43212890625;
23:23:27;478.0;1571433808;94.985;16.583059195047245;0.4891757874645205;-0.43212890625;
23:23:28;479.0;1571433809;95.399;16.331919589295413;0.48176753950723933;-0.42724609375;
23:23:29;480.0;1571433810;95.44;16.583059195047245;0.4891757874645205;-0.43212890625;
23:23:30;481.0;1571433811;95.316;19.47116466119333;0.5743706389732546;-0.48828125;
23:23:31;482.0;1571433812;95.669;16.583059195047245;0.4891757874645205;-0.43212890625;
23:23:32;483.0;1571433813;95.461;16.583059195047245;0.4891757874645205;-0.43212890625;
23:23:33;484.0;1571433815;95.357;16.583059195047245;0.4891757874645205;-0.43212890625;
23:23:34;485.0;1571433815;95.357;16.45748939217133;0.48547166348587995;-0.4296875;
23:23:35;486.0;1571433816;94.985;16.583059195047245;0.4891757874645205;-0.43212890625;
23:23:36;487.0;1571433818;94.84;16.45748939217133;0.48547166348587995;-0.4296875;
23:23:37;488.0;1571433818;94.655;16.70862899792316;0.49287991144316107;-0.4345703125;
23:23:38;489.0;1571433819;94.552;17.46204781517866;0.5151046553150047;-0.44921875;
23:23:39;490.0;1571433821;94.737;16.206349786419494;0.47806341552859866;-0.4248046875;
23:23:40;491.0;1571433822;95.109;16.583059195047245;0.4891757874645205;-0.43212890625;
23:23:41;492.0;1571433822;95.047;16.08077998354358;0.4743592915499581;-0.42236328125;
23:23:42;493.0;1571433824;95.026;16.583059195047245;0.4891757874645205;-0.43212890625;
23:23:43;494.0;1571433825;95.047;16.583059195047245;0.4891757874645205;-0.43212890625;
23:23:44;495.0;1571433825;94.923;16.959768603674995;0.5002881594004424;-0.439453125;
23:23:45;496.0;1571433827;95.067;17.336478012302745;0.5114005313363642;-0.44677734375;
23:23:46;497.0;1571433828;95.357;16.583059195047245;0.4891757874645205;-0.43212890625;
23:23:47;498.0;1571433828;95.254;16.83419880079908;0.4965840354218018;-0.43701171875;
23:23:48;499.0;1571433830;95.295;16.45748939217133;0.48547166348587995;-0.4296875;
23:23:49;500.0;1571433831;95.295;14.322802743280745;0.4225015558489895;-0.38818359375;
23:23:50;501.0;1571433831;94.737;16.331919589295413;0.48176753950723933;-0.42724609375;
23:23:51;502.0;1571433833;94.491;16.83419880079908;0.4965840354218018;-0.43701171875;
23:23:52;503.0;1571433834;94.368;16.583059195047245;0.4891757874645205;-0.43212890625;
23:23:53;504.0;1571433834;94.347;16.331919589295413;0.48176753950723933;-0.42724609375;
23:23:54;505.0;1571433836;94.758;16.583059195047245;0.4891757874645205;-0.43212890625;
23:23:55;506.0;1571433837;94.923;16.45748939217133;0.48547166348587995;-0.4296875;
23:23:56;507.0;1571433838;95.067;16.583059195047245;0.4891757874645205;-0.43212890625;
23:23:57;508.0;1571433839;94.799;16.583059195047245;0.4891757874645205;-0.43212890625;
23:23:58;509.0;1571433840;94.614;20.099013675572913;0.5928912588664577;-0.50048828125;
23:23:59;510.0;1571433840;94.491;16.583059195047245;0.4891757874645205;-0.43212890625;
23:24:00;511.0;1571433842;94.347;17.085338406550914;0.5039922833790831;-0.44189453125;
23:24:01;512.0;1571433843;94.491;16.83419880079908;0.4965840354218018;-0.43701171875;
23:24:02;513.0;1571433844;94.511;16.45748939217133;0.48547166348587995;-0.4296875;
23:24:03;514.0;1571433844;94.614;15.704070574915827;0.4632469196140362;-0.4150390625;
23:24:04;515.0;1571433846;94.593;16.70862899792316;0.49287991144316107;-0.4345703125;
23:24:05;516.0;1571433847;94.511;16.583059195047245;0.4891757874645205;-0.43212890625;
23:24:06;517.0;1571433847;94.717;16.583059195047245;0.4891757874645205;-0.43212890625;
23:24:07;518.0;1571433849;94.84;16.45748939217133;0.48547166348587995;-0.4296875;
23:24:08;519.0;1571433850;94.655;17.085338406550914;0.5039922833790831;-0.44189453125;
23:24:09;520.0;1571433851;94.82;16.583059195047245;0.4891757874645205;-0.43212890625;
23:24:10;521.0;1571433852;94.491;16.583059195047245;0.4891757874645205;-0.43212890625;
23:24:11;522.0;1571433853;94.368;16.206349786419494;0.47806341552859866;-0.4248046875;
23:24:12;523.0;1571433854;94.388;16.583059195047245;0.4891757874645205;-0.43212890625;
23:24:14;525.0;1571433855;94.491;16.583059195047245;0.4891757874645205;-0.43212890625;
23:24:15;526.0;1571433856;94.573;16.583059195047245;0.4891757874645205;-0.43212890625;
23:24:16;527.0;1571433857;94.552;16.70862899792316;0.49287991144316107;-0.4345703125;
23:24:17;528.0;1571433858;94.676;16.70862899792316;0.49287991144316107;-0.4345703125;
23:24:18;529.0;1571433859;94.265;16.70862899792316;0.49287991144316107;-0.4345703125;
23:24:19;530.0;1571433860;94.245;16.583059195047245;0.4891757874645205;-0.43212890625;
23:24:20;531.0;1571433861;94.306;13.318244320273411;0.39286856401986464;-0.36865234375;
23:24:21;532.0;1571433862;94.163;16.583059195047245;0.4891757874645205;-0.43212890625;
23:24:22;533.0;1571433863;94.409;16.583059195047245;0.4891757874645205;-0.43212890625;
23:24:23;534.0;1571433864;94.327;16.959768603674995;0.5002881594004424;-0.439453125;
23:24:24;535.0;1571433865;94.183;15.955210180667661;0.4706551675713175;-0.419921875;
23:24:25;536.0;1571433866;94.183;16.70862899792316;0.49287991144316107;-0.4345703125;
23:24:26;537.0;1571433867;94.122;16.331919589295413;0.48176753950723933;-0.42724609375;
23:24:27;538.0;1571433868;94.224;16.45748939217133;0.48547166348587995;-0.4296875;
23:24:28;539.0;1571433869;94.245;16.45748939217133;0.48547166348587995;-0.4296875;
23:24:29;540.0;1571433870;94.429;15.704070574915827;0.4632469196140362;-0.4150390625;
23:24:30;541.0;1571433871;94.491;16.45748939217133;0.48547166348587995;-0.4296875;
23:24:31;542.0;1571433872;94.47;16.583059195047245;0.4891757874645205;-0.43212890625;
23:24:32;543.0;1571433873;94.429;16.583059195047245;0.4891757874645205;-0.43212890625;
23:24:33;544.0;1571433874;94.286;16.583059195047245;0.4891757874645205;-0.43212890625;
23:24:34;545.0;1571433875;93.877;16.583059195047245;0.4891757874645205;-0.43212890625;
23:24:35;546.0;1571433876;93.796;16.70862899792316;0.49287991144316107;-0.4345703125;
23:24:36;547.0;1571433877;93.959;16.331919589295413;0.48176753950723933;-0.42724609375;
23:24:37;548.0;1571433879;93.918;16.583059195047245;0.4891757874645205;-0.43212890625;
23:24:38;549.0;1571433879;94.081;16.45748939217133;0.48547166348587995;-0.4296875;
23:24:39;550.0;1571433880;94.0;16.583059195047245;0.4891757874645205;-0.43212890625;
23:24:40;551.0;1571433881;93.816;16.583059195047245;0.4891757874645205;-0.43212890625;
23:24:41;552.0;1571433882;93.714;16.45748939217133;0.48547166348587995;-0.4296875;
23:24:42;553.0;1571433883;93.938;16.83419880079908;0.4965840354218018;-0.43701171875;
23:24:43;554.0;1571433884;93.979;16.583059195047245;0.4891757874645205;-0.43212890625;
23:24:44;555.0;1571433885;93.898;16.583059195047245;0.4891757874645205;-0.43212890625;
23:24:45;556.0;1571433886;94.142;19.220025055441496;0.5669623910159733;-0.4833984375;
23:24:46;557.0;1571433887;93.979;16.83419880079908;0.4965840354218018;-0.43701171875;
23:24:47;558.0;1571433888;94.0;16.583059195047245;0.4891757874645205;-0.43212890625;
23:24:48;559.0;1571433889;94.163;16.583059195047245;0.4891757874645205;-0.43212890625;
23:24:49;560.0;1571433890;94.163;16.45748939217133;0.48547166348587995;-0.4296875;
23:24:50;561.0;1571433891;94.204;15.452930969163994;0.455838671656755;-0.41015625;
23:24:51;562.0;1571433892;94.286;16.70862899792316;0.49287991144316107;-0.4345703125;
23:24:52;563.0;1571433893;94.306;16.583059195047245;0.4891757874645205;-0.43212890625;
23:24:53;564.0;1571433894;94.511;16.583059195047245;0.4891757874645205;-0.43212890625;
23:24:54;565.0;1571433895;94.47;16.70862899792316;0.49287991144316107;-0.4345703125;
23:24:55;566.0;1571433896;94.368;16.583059195047245;0.4891757874645205;-0.43212890625;
23:24:56;567.0;1571433897;94.306;16.583059195047245;0.4891757874645205;-0.43212890625;
23:24:57;568.0;1571433898;94.0;16.583059195047245;0.4891757874645205;-0.43212890625;
23:24:58;569.0;1571433899;94.142;16.45748939217133;0.48547166348587995;-0.4296875;
23:24:59;570.0;1571433900;94.347;16.70862899792316;0.49287991144316107;-0.4345703125;
23:25:00;571.0;1571433902;94.224;16.583059195047245;0.4891757874645205;-0.43212890625;
23:25:01;572.0;1571433902;94.163;17.58761761805458;0.5188087792936454;-0.45166015625;
23:25:02;573.0;1571433903;93.979;16.45748939217133;0.48547166348587995;-0.4296875;
23:25:03;574.0;1571433905;93.735;16.583059195047245;0.4891757874645205;-0.43212890625;
23:25:04;575.0;1571433905;93.796;16.583059195047245;0.4891757874645205;-0.43212890625;
23:25:05;576.0;1571433906;93.714;16.583059195047245;0.4891757874645205;-0.43212890625;
23:25:06;577.0;1571433908;93.898;16.583059195047245;0.4891757874645205;-0.43212890625;
23:25:07;578.0;1571433908;94.04;16.70862899792316;0.49287991144316107;-0.4345703125;
23:25:08;579.0;1571433909;94.183;19.47116466119333;0.5743706389732546;-0.48828125;
23:25:09;580.0;1571433910;94.102;16.45748939217133;0.48547166348587995;-0.4296875;
23:25:10;581.0;1571433912;94.142;16.45748939217133;0.48547166348587995;-0.4296875;
23:25:11;582.0;1571433912;94.224;16.70862899792316;0.49287991144316107;-0.4345703125;
23:25:12;583.0;1571433913;94.245;16.45748939217133;0.48547166348587995;-0.4296875;
23:25:13;584.0;1571433915;94.286;16.583059195047245;0.4891757874645205;-0.43212890625;
23:25:14;585.0;1571433915;94.224;17.336478012302745;0.5114005313363642;-0.44677734375;
23:25:15;586.0;1571433916;93.959;16.83419880079908;0.4965840354218018;-0.43701171875;
23:25:16;587.0;1571433918;93.775;16.45748939217133;0.48547166348587995;-0.4296875;
23:25:17;588.0;1571433918;93.938;16.45748939217133;0.48547166348587995;-0.4296875;
23:25:18;589.0;1571433919;93.918;16.70862899792316;0.49287991144316107;-0.4345703125;
23:25:19;590.0;1571433921;93.938;16.70862899792316;0.49287991144316107;-0.4345703125;
23:25:20;591.0;1571433922;93.674;16.45748939217133;0.48547166348587995;-0.4296875;
23:25:21;592.0;1571433922;93.694;16.583059195047245;0.4891757874645205;-0.43212890625;
23:25:22;593.0;1571433923;93.572;16.70862899792316;0.49287991144316107;-0.4345703125;
23:25:23;594.0;1571433925;93.694;16.70862899792316;0.49287991144316107;-0.4345703125;
23:25:24;595.0;1571433925;93.857;16.583059195047245;0.4891757874645205;-0.43212890625;
23:25:25;596.0;1571433926;93.592;16.583059195047245;0.4891757874645205;-0.43212890625;
23:25:26;597.0;1571433928;93.45;16.70862899792316;0.49287991144316107;-0.4345703125;
23:25:27;598.0;1571433928;93.349;16.70862899792316;0.49287991144316107;-0.4345703125;
