Time;Seconds from start for linreg;Unix Time;ch1 po2;Uc;Ubl;Vc;
11:25:18;-1.0;1573385119;102.777;11.671312349964506;0.3095838819619232;-0.32958984375;
11:25:19;0.0;1573385120;102.484;10.893764624329187;0.28895927385488557;-0.31494140625;
11:25:20;1.0;1573385121;102.17;12.578451363205712;0.33364592475346716;-0.3466796875;
11:25:21;2.0;1573385122;102.799;14.263138102082232;0.3783325756520486;-0.37841796875;
11:25:22;3.0;1573385123;102.529;11.800903637570393;0.3130213166464295;-0.33203125;
11:25:23;4.0;1573385124;102.215;11.152947199540959;0.2958341432238981;-0.31982421875;
11:25:24;5.0;1573385125;102.574;11.412129774752733;0.30270901259291066;-0.32470703125;
11:25:25;6.0;1573385126;101.946;11.800903637570393;0.3130213166464295;-0.33203125;
11:25:26;7.0;1573385127;102.282;11.54172106235862;0.30614644727741697;-0.3271484375;
11:25:27;8.0;1573385128;102.845;9.338669173058555;0.24771005764081047;-0.28564453125;
11:25:28;9.0;1573385129;102.574;11.412129774752733;0.30270901259291066;-0.32470703125;
11:25:29;10.0;1573385130;102.89;11.54172106235862;0.30614644727741697;-0.3271484375;
11:25:30;11.0;1573385131;102.506;10.634582049117418;0.28208440448587313;-0.31005859375;
11:25:31;12.0;1573385132;102.17;11.671312349964506;0.3095838819619232;-0.32958984375;
11:25:32;13.0;1573385133;102.08;11.54172106235862;0.30614644727741697;-0.3271484375;
11:25:33;14.0;1573385134;102.035;11.412129774752733;0.30270901259291066;-0.32470703125;
11:25:34;15.0;1573385135;102.349;11.412129774752733;0.30270901259291066;-0.32470703125;
11:25:35;16.0;1573385136;102.732;11.930494925176278;0.31645875133093576;-0.33447265625;
11:25:36;17.0;1573385137;102.732;11.152947199540959;0.2958341432238981;-0.31982421875;
11:25:37;18.0;1573385138;102.777;11.671312349964506;0.3095838819619232;-0.32958984375;
11:25:38;19.0;1573385139;102.417;11.412129774752733;0.30270901259291066;-0.32470703125;
11:25:39;20.0;1573385141;102.439;11.54172106235862;0.30614644727741697;-0.3271484375;
11:25:40;21.0;1573385141;102.484;9.468260460664439;0.2511474923253167;-0.2880859375;
11:25:41;22.0;1573385142;102.754;11.54172106235862;0.30614644727741697;-0.3271484375;
11:25:42;23.0;1573385143;102.89;11.282538487146848;0.2992715779084044;-0.322265625;
11:25:43;24.0;1573385145;102.799;11.54172106235862;0.30614644727741697;-0.3271484375;
11:25:44;25.0;1573385145;103.343;11.54172106235862;0.30614644727741697;-0.3271484375;
11:25:45;26.0;1573385146;103.093;11.54172106235862;0.30614644727741697;-0.3271484375;
11:25:46;27.0;1573385148;103.411;11.412129774752733;0.30270901259291066;-0.32470703125;
11:25:47;28.0;1573385148;103.684;11.412129774752733;0.30270901259291066;-0.32470703125;
11:25:48;29.0;1573385149;102.799;11.412129774752733;0.30270901259291066;-0.32470703125;
11:25:49;30.0;1573385151;103.093;11.930494925176278;0.31645875133093576;-0.33447265625;
11:25:50;31.0;1573385152;102.664;11.412129774752733;0.30270901259291066;-0.32470703125;
11:25:51;32.0;1573385152;102.147;10.245808186299758;0.2717721004323543;-0.302734375;
11:25:52;33.0;1573385154;102.125;10.893764624329187;0.28895927385488557;-0.31494140625;
11:25:53;34.0;1573385155;101.834;11.282538487146848;0.2992715779084044;-0.322265625;
11:25:54;35.0;1573385155;102.237;11.671312349964506;0.3095838819619232;-0.32958984375;
11:25:55;36.0;1573385157;101.946;11.412129774752733;0.30270901259291066;-0.32470703125;
11:25:56;37.0;1573385158;102.619;11.800903637570393;0.3130213166464295;-0.33203125;
11:25:57;38.0;1573385158;102.282;11.152947199540959;0.2958341432238981;-0.31982421875;
11:25:58;39.0;1573385159;102.237;11.412129774752733;0.30270901259291066;-0.32470703125;
11:25:59;40.0;1573385161;102.574;11.671312349964506;0.3095838819619232;-0.32958984375;
11:26:00;41.0;1573385162;102.259;11.152947199540959;0.2958341432238981;-0.31982421875;
11:26:01;42.0;1573385163;102.529;10.764173336723303;0.2855218391703794;-0.3125;
11:26:02;43.0;1573385164;102.596;11.412129774752733;0.30270901259291066;-0.32470703125;
11:26:03;44.0;1573385165;102.867;11.412129774752733;0.30270901259291066;-0.32470703125;
11:26:04;45.0;1573385166;102.799;11.412129774752733;0.30270901259291066;-0.32470703125;
11:26:05;46.0;1573385167;102.822;11.800903637570393;0.3130213166464295;-0.33203125;
11:26:06;47.0;1573385168;102.822;11.412129774752733;0.30270901259291066;-0.32470703125;
11:26:07;48.0;1573385169;102.822;11.412129774752733;0.30270901259291066;-0.32470703125;
11:26:08;49.0;1573385170;102.935;9999.0;9999.0;9999.0;
11:26:09;50.0;1573385171;103.32;11.671312349964506;0.3095838819619232;-0.32958984375;
11:26:10;51.0;1573385172;103.593;11.54172106235862;0.30614644727741697;-0.3271484375;
11:26:12;53.0;1573385173;103.547;11.671312349964506;0.3095838819619232;-0.32958984375;
11:26:13;54.0;1573385174;103.456;11.54172106235862;0.30614644727741697;-0.3271484375;
11:26:14;55.0;1573385175;102.461;12.18967750038805;0.32333362069994825;-0.33935546875;
11:26:15;56.0;1573385176;101.812;11.412129774752733;0.30270901259291066;-0.32470703125;
11:26:16;57.0;1573385177;101.522;11.282538487146848;0.2992715779084044;-0.322265625;
11:26:17;58.0;1573385178;101.879;10.893764624329187;0.28895927385488557;-0.31494140625;
11:26:18;59.0;1573385179;102.461;11.671312349964506;0.3095838819619232;-0.32958984375;
11:26:19;60.0;1573385180;102.506;10.634582049117418;0.28208440448587313;-0.31005859375;
11:26:20;61.0;1573385181;102.529;11.412129774752733;0.30270901259291066;-0.32470703125;
11:26:21;62.0;1573385182;102.192;11.800903637570393;0.3130213166464295;-0.33203125;
11:26:22;63.0;1573385183;102.237;11.671312349964506;0.3095838819619232;-0.32958984375;
11:26:23;64.0;1573385184;102.192;10.893764624329187;0.28895927385488557;-0.31494140625;
11:26:24;65.0;1573385185;102.17;11.54172106235862;0.30614644727741697;-0.3271484375;
11:26:25;66.0;1573385186;102.192;11.671312349964506;0.3095838819619232;-0.32958984375;
11:26:26;67.0;1573385187;102.439;11.152947199540959;0.2958341432238981;-0.31982421875;
11:26:27;68.0;1573385188;102.551;11.54172106235862;0.30614644727741697;-0.3271484375;
11:26:28;69.0;1573385189;102.506;11.412129774752733;0.30270901259291066;-0.32470703125;
11:26:29;70.0;1573385190;102.777;11.671312349964506;0.3095838819619232;-0.32958984375;
11:26:30;71.0;1573385191;102.551;11.282538487146848;0.2992715779084044;-0.322265625;
11:26:31;72.0;1573385192;102.372;11.671312349964506;0.3095838819619232;-0.32958984375;
11:26:32;73.0;1573385193;102.439;11.671312349964506;0.3095838819619232;-0.32958984375;
11:26:33;74.0;1573385194;102.102;12.18967750038805;0.32333362069994825;-0.33935546875;
11:26:34;75.0;1573385195;101.834;11.152947199540959;0.2958341432238981;-0.31982421875;
11:26:35;76.0;1573385196;102.237;11.54172106235862;0.30614644727741697;-0.3271484375;
11:26:36;77.0;1573385197;102.215;11.282538487146848;0.2992715779084044;-0.322265625;
11:26:37;78.0;1573385198;102.574;11.54172106235862;0.30614644727741697;-0.3271484375;
11:26:38;79.0;1573385199;102.484;11.152947199540959;0.2958341432238981;-0.31982421875;
11:26:39;80.0;1573385200;102.506;11.54172106235862;0.30614644727741697;-0.3271484375;
11:26:40;81.0;1573385201;102.799;11.412129774752733;0.30270901259291066;-0.32470703125;
11:26:41;82.0;1573385202;102.822;11.671312349964506;0.3095838819619232;-0.32958984375;
11:26:42;83.0;1573385203;103.139;13.22640780123514;0.3508330981759984;-0.35888671875;
11:26:43;84.0;1573385204;102.867;11.023355911935075;0.2923967085393919;-0.3173828125;
11:26:44;85.0;1573385206;102.282;11.800903637570393;0.3130213166464295;-0.33203125;
11:26:45;86.0;1573385206;101.968;11.800903637570393;0.3130213166464295;-0.33203125;
11:26:46;87.0;1573385207;102.349;11.54172106235862;0.30614644727741697;-0.3271484375;
11:26:47;88.0;1573385209;102.845;11.930494925176278;0.31645875133093576;-0.33447265625;
11:26:48;89.0;1573385209;103.184;12.18967750038805;0.32333362069994825;-0.33935546875;
11:26:49;90.0;1573385210;103.502;11.800903637570393;0.3130213166464295;-0.33203125;
11:26:50;91.0;1573385211;103.139;11.412129774752733;0.30270901259291066;-0.32470703125;
11:26:51;92.0;1573385213;102.215;11.671312349964506;0.3095838819619232;-0.32958984375;
11:26:52;93.0;1573385213;102.439;11.282538487146848;0.2992715779084044;-0.322265625;
11:26:53;94.0;1573385214;102.732;11.152947199540959;0.2958341432238981;-0.31982421875;
11:26:54;95.0;1573385216;102.754;11.282538487146848;0.2992715779084044;-0.322265625;
11:26:55;96.0;1573385217;103.116;11.412129774752733;0.30270901259291066;-0.32470703125;
11:26:56;97.0;1573385217;103.502;11.54172106235862;0.30614644727741697;-0.3271484375;
11:26:57;98.0;1573385219;103.184;11.282538487146848;0.2992715779084044;-0.322265625;
11:26:58;99.0;1573385220;103.798;11.54172106235862;0.30614644727741697;-0.3271484375;
11:26:59;100.0;1573385220;103.798;11.800903637570393;0.3130213166464295;-0.33203125;
11:27:00;101.0;1573385221;102.912;11.412129774752733;0.30270901259291066;-0.32470703125;
11:27:01;102.0;1573385223;102.529;11.152947199540959;0.2958341432238981;-0.31982421875;
11:27:02;103.0;1573385224;102.484;11.930494925176278;0.31645875133093576;-0.33447265625;
11:27:03;104.0;1573385224;102.799;12.448860075599823;0.3302084900689608;-0.34423828125;
11:27:04;105.0;1573385226;102.98;11.54172106235862;0.30614644727741697;-0.3271484375;
11:27:05;106.0;1573385227;103.32;11.412129774752733;0.30270901259291066;-0.32470703125;
11:27:06;107.0;1573385228;102.709;11.671312349964506;0.3095838819619232;-0.32958984375;
11:27:07;108.0;1573385229;101.767;11.671312349964506;0.3095838819619232;-0.32958984375;
11:27:08;109.0;1573385230;101.478;11.671312349964506;0.3095838819619232;-0.32958984375;
11:27:09;110.0;1573385231;101.522;11.412129774752733;0.30270901259291066;-0.32470703125;
11:27:10;111.0;1573385232;101.567;11.282538487146848;0.2992715779084044;-0.322265625;
11:27:11;112.0;1573385233;102.439;11.671312349964506;0.3095838819619232;-0.32958984375;
11:27:12;113.0;1573385234;103.139;12.060086212782165;0.319896186015442;-0.3369140625;
11:27:13;114.0;1573385235;102.845;10.893764624329187;0.28895927385488557;-0.31494140625;
11:27:14;115.0;1573385236;102.822;11.412129774752733;0.30270901259291066;-0.32470703125;
11:27:16;117.0;1573385237;102.596;11.282538487146848;0.2992715779084044;-0.322265625;
11:27:17;118.0;1573385238;101.946;13.22640780123514;0.3508330981759984;-0.35888671875;
11:27:18;119.0;1573385239;101.946;11.54172106235862;0.30614644727741697;-0.3271484375;
11:27:19;120.0;1573385240;101.633;11.54172106235862;0.30614644727741697;-0.3271484375;
11:27:20;121.0;1573385241;101.633;11.671312349964506;0.3095838819619232;-0.32958984375;
11:27:21;122.0;1573385242;102.259;13.485590376446915;0.357707967545011;-0.36376953125;
11:27:22;123.0;1573385243;101.924;11.671312349964506;0.3095838819619232;-0.32958984375;
11:27:23;124.0;1573385244;102.237;11.54172106235862;0.30614644727741697;-0.3271484375;
11:27:24;125.0;1573385245;102.484;12.18967750038805;0.32333362069994825;-0.33935546875;
11:27:25;126.0;1573385246;102.732;11.412129774752733;0.30270901259291066;-0.32470703125;
11:27:26;127.0;1573385247;102.754;11.152947199540959;0.2958341432238981;-0.31982421875;
11:27:27;128.0;1573385248;103.048;10.893764624329187;0.28895927385488557;-0.31494140625;
11:27:28;129.0;1573385249;103.003;11.54172106235862;0.30614644727741697;-0.3271484375;
11:27:29;130.0;1573385250;102.461;11.54172106235862;0.30614644727741697;-0.3271484375;
11:27:30;131.0;1573385251;102.799;11.54172106235862;0.30614644727741697;-0.3271484375;
11:27:31;132.0;1573385252;103.093;11.282538487146848;0.2992715779084044;-0.322265625;
11:27:32;133.0;1573385253;103.207;11.671312349964506;0.3095838819619232;-0.32958984375;
11:27:33;134.0;1573385254;103.433;11.54172106235862;0.30614644727741697;-0.3271484375;
11:27:34;135.0;1573385255;103.661;11.54172106235862;0.30614644727741697;-0.3271484375;
11:27:35;136.0;1573385256;103.071;11.412129774752733;0.30270901259291066;-0.32470703125;
11:27:36;137.0;1573385257;102.687;11.152947199540959;0.2958341432238981;-0.31982421875;
11:27:37;138.0;1573385258;102.732;10.893764624329187;0.28895927385488557;-0.31494140625;
11:27:38;139.0;1573385259;102.237;11.800903637570393;0.3130213166464295;-0.33203125;
11:27:39;140.0;1573385260;102.484;11.023355911935075;0.2923967085393919;-0.3173828125;
11:27:40;141.0;1573385261;102.529;11.412129774752733;0.30270901259291066;-0.32470703125;
11:27:41;142.0;1573385262;102.574;10.893764624329187;0.28895927385488557;-0.31494140625;
11:27:42;143.0;1573385263;103.139;13.096816513629257;0.3473956634914922;-0.3564453125;
11:27:43;144.0;1573385264;102.822;11.412129774752733;0.30270901259291066;-0.32470703125;
11:27:44;145.0;1573385265;102.822;12.18967750038805;0.32333362069994825;-0.33935546875;
11:27:45;146.0;1573385266;102.484;11.54172106235862;0.30614644727741697;-0.3271484375;
11:27:46;147.0;1573385268;102.327;11.152947199540959;0.2958341432238981;-0.31982421875;
11:27:47;148.0;1573385268;102.687;12.060086212782165;0.319896186015442;-0.3369140625;
11:27:48;149.0;1573385269;102.709;11.282538487146848;0.2992715779084044;-0.322265625;
11:27:49;150.0;1573385270;103.093;11.54172106235862;0.30614644727741697;-0.3271484375;
11:27:50;151.0;1573385272;103.207;11.282538487146848;0.2992715779084044;-0.322265625;
11:27:51;152.0;1573385272;102.867;11.54172106235862;0.30614644727741697;-0.3271484375;
11:27:52;153.0;1573385273;102.777;11.152947199540959;0.2958341432238981;-0.31982421875;
11:27:53;154.0;1573385275;102.754;10.893764624329187;0.28895927385488557;-0.31494140625;
11:27:54;155.0;1573385275;102.439;11.930494925176278;0.31645875133093576;-0.33447265625;
11:27:55;156.0;1573385276;102.484;12.060086212782165;0.319896186015442;-0.3369140625;
11:27:56;157.0;1573385278;102.551;10.893764624329187;0.28895927385488557;-0.31494140625;
11:27:57;158.0;1573385279;102.17;11.800903637570393;0.3130213166464295;-0.33203125;
11:27:58;159.0;1573385279;102.125;11.412129774752733;0.30270901259291066;-0.32470703125;
11:27:59;160.0;1573385281;102.125;11.282538487146848;0.2992715779084044;-0.322265625;
11:28:00;161.0;1573385282;102.709;11.54172106235862;0.30614644727741697;-0.3271484375;
11:28:01;162.0;1573385282;102.394;11.412129774752733;0.30270901259291066;-0.32470703125;
11:28:02;163.0;1573385283;102.642;11.412129774752733;0.30270901259291066;-0.32470703125;
11:28:03;164.0;1573385285;102.687;11.671312349964506;0.3095838819619232;-0.32958984375;
11:28:04;165.0;1573385286;101.79;11.671312349964506;0.3095838819619232;-0.32958984375;
11:28:05;166.0;1573385286;102.461;11.412129774752733;0.30270901259291066;-0.32470703125;
11:28:06;167.0;1573385288;102.304;8.301938872211464;0.2202105801647603;-0.26611328125;
11:28:07;168.0;1573385289;102.574;11.671312349964506;0.3095838819619232;-0.32958984375;
11:28:08;169.0;1573385289;103.252;14.00395552687046;0.37145770628303604;-0.37353515625;
11:28:09;170.0;1573385291;102.912;12.448860075599823;0.3302084900689608;-0.34423828125;
11:28:10;171.0;1573385292;102.935;10.50499076151153;0.27864696980136683;-0.3076171875;
11:28:11;172.0;1573385293;102.327;11.152947199540959;0.2958341432238981;-0.31982421875;
11:28:12;173.0;1573385294;101.924;11.54172106235862;0.30614644727741697;-0.3271484375;
11:28:13;174.0;1573385295;101.278;14.911094540111662;0.3955197490745799;-0.390625;
11:28:14;175.0;1573385296;101.522;11.412129774752733;0.30270901259291066;-0.32470703125;
11:28:15;176.0;1573385297;101.812;11.671312349964506;0.3095838819619232;-0.32958984375;
11:28:16;177.0;1573385298;102.17;11.152947199540959;0.2958341432238981;-0.31982421875;
11:28:17;178.0;1573385299;103.161;11.671312349964506;0.3095838819619232;-0.32958984375;
11:28:18;179.0;1573385300;102.822;6.617252133334941;0.1755239292661788;-0.234375;
11:28:19;180.0;1573385301;103.456;9.727443035876211;0.2580223616943292;-0.29296875;
11:28:21;182.0;1573385302;103.116;11.412129774752733;0.30270901259291066;-0.32470703125;
11:28:22;183.0;1573385303;103.048;11.412129774752733;0.30270901259291066;-0.32470703125;
11:28:23;184.0;1573385304;103.093;11.412129774752733;0.30270901259291066;-0.32470703125;
11:28:24;185.0;1573385305;102.484;11.412129774752733;0.30270901259291066;-0.32470703125;
11:28:25;186.0;1573385306;101.901;11.800903637570393;0.3130213166464295;-0.33203125;
11:28:26;187.0;1573385307;101.611;11.54172106235862;0.30614644727741697;-0.3271484375;
11:28:27;188.0;1573385308;101.656;11.412129774752733;0.30270901259291066;-0.32470703125;
11:28:28;189.0;1573385309;101.633;11.54172106235862;0.30614644727741697;-0.3271484375;
11:28:29;190.0;1573385310;102.192;11.412129774752733;0.30270901259291066;-0.32470703125;
11:28:30;191.0;1573385311;101.968;11.671312349964506;0.3095838819619232;-0.32958984375;
11:28:31;192.0;1573385312;101.946;11.800903637570393;0.3130213166464295;-0.33203125;
11:28:32;193.0;1573385313;101.924;11.54172106235862;0.30614644727741697;-0.3271484375;
11:28:33;194.0;1573385314;102.259;11.412129774752733;0.30270901259291066;-0.32470703125;
11:28:34;195.0;1573385315;102.259;11.412129774752733;0.30270901259291066;-0.32470703125;
11:28:35;196.0;1573385316;102.259;11.54172106235862;0.30614644727741697;-0.3271484375;
11:28:36;197.0;1573385317;102.551;11.800903637570393;0.3130213166464295;-0.33203125;
11:28:37;198.0;1573385318;102.125;11.152947199540959;0.2958341432238981;-0.31982421875;
11:28:38;199.0;1573385319;102.349;11.412129774752733;0.30270901259291066;-0.32470703125;
11:28:39;200.0;1573385320;102.013;12.578451363205712;0.33364592475346716;-0.3466796875;
11:28:40;201.0;1573385321;101.723;11.282538487146848;0.2992715779084044;-0.322265625;
11:28:41;202.0;1573385322;102.192;11.800903637570393;0.3130213166464295;-0.33203125;
11:28:42;203.0;1573385323;102.259;11.412129774752733;0.30270901259291066;-0.32470703125;
11:28:43;204.0;1573385324;102.89;12.578451363205712;0.33364592475346716;-0.3466796875;
11:28:44;205.0;1573385325;103.184;11.412129774752733;0.30270901259291066;-0.32470703125;
11:28:45;206.0;1573385326;102.912;9.986625611087984;0.26489723106334173;-0.2978515625;
11:28:46;207.0;1573385327;102.867;11.54172106235862;0.30614644727741697;-0.3271484375;
11:28:47;208.0;1573385328;102.237;14.522320677294005;0.3852074450210611;-0.38330078125;
11:28:48;209.0;1573385329;101.946;11.412129774752733;0.30270901259291066;-0.32470703125;
11:28:49;210.0;1573385330;102.192;11.412129774752733;0.30270901259291066;-0.32470703125;
11:28:50;211.0;1573385331;102.215;10.893764624329187;0.28895927385488557;-0.31494140625;
11:28:51;212.0;1573385332;102.551;11.152947199540959;0.2958341432238981;-0.31982421875;
11:28:52;213.0;1573385334;102.304;11.282538487146848;0.2992715779084044;-0.322265625;
11:28:53;214.0;1573385334;102.259;11.54172106235862;0.30614644727741697;-0.3271484375;
11:28:55;216.0;1573385335;102.237;5.839704407699623;0.15489932115914118;-0.2197265625;
11:28:56;217.0;1573385338;103.048;13.22640780123514;0.3508330981759984;-0.35888671875;
11:28:57;218.0;1573385338;103.116;11.412129774752733;0.30270901259291066;-0.32470703125;
11:28:58;219.0;1573385339;103.456;10.116216898693873;0.2683346657478481;-0.30029296875;
11:28:59;220.0;1573385341;103.638;9999.0;9999.0;9999.0;
11:29:00;221.0;1573385341;103.343;12.448860075599823;0.3302084900689608;-0.34423828125;
11:29:01;222.0;1573385342;103.003;11.54172106235862;0.30614644727741697;-0.3271484375;
11:29:02;223.0;1573385344;102.957;11.800903637570393;0.3130213166464295;-0.33203125;
11:29:03;224.0;1573385345;102.687;11.412129774752733;0.30270901259291066;-0.32470703125;
11:29:04;225.0;1573385345;102.822;11.54172106235862;0.30614644727741697;-0.3271484375;
11:29:05;226.0;1573385347;102.822;11.412129774752733;0.30270901259291066;-0.32470703125;
11:29:06;227.0;1573385348;102.529;10.893764624329187;0.28895927385488557;-0.31494140625;
11:29:07;228.0;1573385349;102.867;11.54172106235862;0.30614644727741697;-0.3271484375;
11:29:08;229.0;1573385349;102.484;11.54172106235862;0.30614644727741697;-0.3271484375;
11:29:09;230.0;1573385351;102.822;11.671312349964506;0.3095838819619232;-0.32958984375;
11:29:10;231.0;1573385352;102.574;11.023355911935075;0.2923967085393919;-0.3173828125;
11:29:11;232.0;1573385352;101.991;9.986625611087984;0.26489723106334173;-0.2978515625;
11:29:12;233.0;1573385354;101.968;11.54172106235862;0.30614644727741697;-0.3271484375;
11:29:13;234.0;1573385355;102.215;11.282538487146848;0.2992715779084044;-0.322265625;
11:29:14;235.0;1573385356;102.506;12.31926878799394;0.3267710553844546;-0.341796875;
11:29:15;236.0;1573385356;102.484;11.412129774752733;0.30270901259291066;-0.32470703125;
11:29:16;237.0;1573385358;102.529;11.412129774752733;0.30270901259291066;-0.32470703125;
11:29:17;238.0;1573385359;102.237;12.060086212782165;0.319896186015442;-0.3369140625;
11:29:18;239.0;1573385359;102.17;11.412129774752733;0.30270901259291066;-0.32470703125;
11:29:19;240.0;1573385361;102.506;11.412129774752733;0.30270901259291066;-0.32470703125;
11:29:20;241.0;1573385362;102.754;11.54172106235862;0.30614644727741697;-0.3271484375;
11:29:21;242.0;1573385363;102.799;12.060086212782165;0.319896186015442;-0.3369140625;
11:29:22;243.0;1573385364;103.207;12.578451363205712;0.33364592475346716;-0.3466796875;
11:29:23;244.0;1573385365;103.479;11.800903637570393;0.3130213166464295;-0.33203125;
11:29:25;246.0;1573385366;103.161;11.412129774752733;0.30270901259291066;-0.32470703125;
11:29:26;247.0;1573385367;102.845;13.22640780123514;0.3508330981759984;-0.35888671875;
11:29:27;248.0;1573385368;102.461;16.336598703776414;0.43333153060414886;-0.41748046875;
11:29:28;249.0;1573385369;101.589;11.412129774752733;0.30270901259291066;-0.32470703125;
11:29:29;250.0;1573385370;101.946;11.800903637570393;0.3130213166464295;-0.33203125;
11:29:30;251.0;1573385371;101.879;11.800903637570393;0.3130213166464295;-0.33203125;
11:29:31;252.0;1573385372;101.633;11.54172106235862;0.30614644727741697;-0.3271484375;
11:29:32;253.0;1573385373;101.901;11.412129774752733;0.30270901259291066;-0.32470703125;
11:29:33;254.0;1573385374;101.589;11.282538487146848;0.2992715779084044;-0.322265625;
11:29:34;255.0;1573385375;101.611;11.412129774752733;0.30270901259291066;-0.32470703125;
11:29:35;256.0;1573385376;101.901;14.263138102082232;0.3783325756520486;-0.37841796875;
11:29:36;257.0;1573385377;102.551;11.800903637570393;0.3130213166464295;-0.33203125;
11:29:37;258.0;1573385378;102.754;11.671312349964506;0.3095838819619232;-0.32958984375;
11:29:38;259.0;1573385379;103.071;9.8570343234821;0.26145979637883554;-0.29541015625;
11:29:39;260.0;1573385380;103.071;11.282538487146848;0.2992715779084044;-0.322265625;
11:29:40;261.0;1573385381;102.709;11.671312349964506;0.3095838819619232;-0.32958984375;
11:29:41;262.0;1573385382;102.574;11.54172106235862;0.30614644727741697;-0.3271484375;
11:29:42;263.0;1573385383;102.551;11.54172106235862;0.30614644727741697;-0.3271484375;
11:29:43;264.0;1573385384;103.184;11.412129774752733;0.30270901259291066;-0.32470703125;
11:29:44;265.0;1573385385;103.479;11.54172106235862;0.30614644727741697;-0.3271484375;
11:29:45;266.0;1573385386;103.661;11.930494925176278;0.31645875133093576;-0.33447265625;
11:29:46;267.0;1573385387;103.388;11.54172106235862;0.30614644727741697;-0.3271484375;
11:29:47;268.0;1573385388;102.664;11.412129774752733;0.30270901259291066;-0.32470703125;
11:29:48;269.0;1573385389;102.372;11.54172106235862;0.30614644727741697;-0.3271484375;
11:29:49;270.0;1573385390;102.372;11.54172106235862;0.30614644727741697;-0.3271484375;
11:29:50;271.0;1573385391;102.664;10.893764624329187;0.28895927385488557;-0.31494140625;
11:29:51;272.0;1573385392;102.732;11.412129774752733;0.30270901259291066;-0.32470703125;
11:29:52;273.0;1573385394;102.799;11.412129774752733;0.30270901259291066;-0.32470703125;
11:29:53;274.0;1573385394;102.867;11.412129774752733;0.30270901259291066;-0.32470703125;
11:29:54;275.0;1573385395;102.237;11.282538487146848;0.2992715779084044;-0.322265625;
11:29:55;276.0;1573385396;102.215;11.412129774752733;0.30270901259291066;-0.32470703125;
11:29:56;277.0;1573385397;102.215;11.54172106235862;0.30614644727741697;-0.3271484375;
11:29:57;278.0;1573385398;101.946;11.412129774752733;0.30270901259291066;-0.32470703125;
11:29:58;279.0;1573385399;102.304;11.412129774752733;0.30270901259291066;-0.32470703125;
11:29:59;280.0;1573385401;102.259;11.412129774752733;0.30270901259291066;-0.32470703125;
11:30:00;281.0;1573385401;102.237;11.412129774752733;0.30270901259291066;-0.32470703125;
11:30:01;282.0;1573385402;101.879;11.671312349964506;0.3095838819619232;-0.32958984375;
11:30:02;283.0;1573385404;101.522;10.764173336723303;0.2855218391703794;-0.3125;
11:30:03;284.0;1573385405;101.544;11.671312349964506;0.3095838819619232;-0.32958984375;
11:30:04;285.0;1573385405;101.834;11.412129774752733;0.30270901259291066;-0.32470703125;
11:30:05;286.0;1573385406;102.17;11.671312349964506;0.3095838819619232;-0.32958984375;
11:30:06;287.0;1573385408;102.551;11.930494925176278;0.31645875133093576;-0.33447265625;
11:30:07;288.0;1573385408;101.991;10.116216898693873;0.2683346657478481;-0.30029296875;
11:30:08;289.0;1573385409;101.367;11.671312349964506;0.3095838819619232;-0.32958984375;
11:30:09;290.0;1573385411;101.012;11.412129774752733;0.30270901259291066;-0.32470703125;
11:30:10;291.0;1573385412;100.637;11.800903637570393;0.3130213166464295;-0.33203125;
11:30:11;292.0;1573385412;101.567;11.671312349964506;0.3095838819619232;-0.32958984375;
11:30:12;293.0;1573385413;102.484;11.800903637570393;0.3130213166464295;-0.33203125;
11:30:13;294.0;1573385415;102.484;11.671312349964506;0.3095838819619232;-0.32958984375;
11:30:14;295.0;1573385416;102.799;11.412129774752733;0.30270901259291066;-0.32470703125;
11:30:15;296.0;1573385416;102.461;11.412129774752733;0.30270901259291066;-0.32470703125;
11:30:16;297.0;1573385418;101.879;11.412129774752733;0.30270901259291066;-0.32470703125;
11:30:17;298.0;1573385419;101.924;12.578451363205712;0.33364592475346716;-0.3466796875;
11:30:18;299.0;1573385420;101.611;11.412129774752733;0.30270901259291066;-0.32470703125;
11:30:19;300.0;1573385421;101.611;11.54172106235862;0.30614644727741697;-0.3271484375;
11:30:20;301.0;1573385422;101.611;11.412129774752733;0.30270901259291066;-0.32470703125;
11:30:21;302.0;1573385423;102.215;11.54172106235862;0.30614644727741697;-0.3271484375;
11:30:22;303.0;1573385423;102.215;14.392729389688116;0.3817700103365548;-0.380859375;
11:30:23;304.0;1573385425;101.856;11.412129774752733;0.30270901259291066;-0.32470703125;
11:30:24;305.0;1573385426;101.856;11.54172106235862;0.30614644727741697;-0.3271484375;
11:30:25;306.0;1573385427;101.834;11.282538487146848;0.2992715779084044;-0.322265625;
11:30:26;307.0;1573385428;101.834;11.412129774752733;0.30270901259291066;-0.32470703125;
11:30:27;308.0;1573385429;102.461;11.671312349964506;0.3095838819619232;-0.32958984375;
11:30:29;310.0;1573385430;102.461;11.412129774752733;0.30270901259291066;-0.32470703125;
11:30:30;311.0;1573385431;102.08;11.54172106235862;0.30614644727741697;-0.3271484375;
11:30:31;312.0;1573385432;102.439;11.54172106235862;0.30614644727741697;-0.3271484375;
11:30:32;313.0;1573385433;102.484;11.54172106235862;0.30614644727741697;-0.3271484375;
11:30:33;314.0;1573385434;102.417;10.245808186299758;0.2717721004323543;-0.302734375;
11:30:34;315.0;1573385435;102.867;9.727443035876211;0.2580223616943292;-0.29296875;
11:30:35;316.0;1573385436;102.754;14.133546814476343;0.37489514096754223;-0.3759765625;
11:30:36;317.0;1573385437;102.709;11.800903637570393;0.3130213166464295;-0.33203125;
11:30:37;318.0;1573385438;102.417;11.152947199540959;0.2958341432238981;-0.31982421875;
11:30:38;319.0;1573385439;102.058;10.116216898693873;0.2683346657478481;-0.30029296875;
11:30:39;320.0;1573385440;102.417;11.54172106235862;0.30614644727741697;-0.3271484375;
11:30:40;321.0;1573385441;102.192;11.412129774752733;0.30270901259291066;-0.32470703125;
11:30:41;322.0;1573385442;102.89;11.282538487146848;0.2992715779084044;-0.322265625;
11:30:42;323.0;1573385443;102.822;11.412129774752733;0.30270901259291066;-0.32470703125;
11:30:43;324.0;1573385444;102.845;11.412129774752733;0.30270901259291066;-0.32470703125;
11:30:44;325.0;1573385445;102.529;11.152947199540959;0.2958341432238981;-0.31982421875;
11:30:45;326.0;1573385446;101.856;11.671312349964506;0.3095838819619232;-0.32958984375;
11:30:46;327.0;1573385447;101.611;11.54172106235862;0.30614644727741697;-0.3271484375;
11:30:47;328.0;1573385448;101.278;11.152947199540959;0.2958341432238981;-0.31982421875;
11:30:48;329.0;1573385449;101.522;11.800903637570393;0.3130213166464295;-0.33203125;
11:30:49;330.0;1573385450;101.856;11.54172106235862;0.30614644727741697;-0.3271484375;
11:30:50;331.0;1573385451;102.754;11.282538487146848;0.2992715779084044;-0.322265625;
11:30:51;332.0;1573385452;102.484;10.116216898693873;0.2683346657478481;-0.30029296875;
11:30:52;333.0;1573385453;102.439;11.412129774752733;0.30270901259291066;-0.32470703125;
11:30:53;334.0;1573385454;102.394;11.152947199540959;0.2958341432238981;-0.31982421875;
11:30:54;335.0;1573385455;101.544;11.412129774752733;0.30270901259291066;-0.32470703125;
11:30:55;336.0;1573385456;101.79;11.412129774752733;0.30270901259291066;-0.32470703125;
11:30:56;337.0;1573385457;101.834;11.930494925176278;0.31645875133093576;-0.33447265625;
11:30:57;338.0;1573385458;101.901;11.54172106235862;0.30614644727741697;-0.3271484375;
11:30:58;339.0;1573385459;102.147;11.671312349964506;0.3095838819619232;-0.32958984375;
11:30:59;340.0;1573385460;101.901;11.282538487146848;0.2992715779084044;-0.322265625;
11:31:00;341.0;1573385461;101.879;11.412129774752733;0.30270901259291066;-0.32470703125;
11:31:01;342.0;1573385463;101.589;11.930494925176278;0.31645875133093576;-0.33447265625;
11:31:02;343.0;1573385463;101.611;11.930494925176278;0.31645875133093576;-0.33447265625;
11:31:03;344.0;1573385464;102.192;11.412129774752733;0.30270901259291066;-0.32470703125;
11:31:04;345.0;1573385466;102.237;11.54172106235862;0.30614644727741697;-0.3271484375;
11:31:05;346.0;1573385466;102.709;11.54172106235862;0.30614644727741697;-0.3271484375;
11:31:06;347.0;1573385467;102.98;11.671312349964506;0.3095838819619232;-0.32958984375;
11:31:07;348.0;1573385468;102.372;10.634582049117418;0.28208440448587313;-0.31005859375;
11:31:08;349.0;1573385470;102.08;11.54172106235862;0.30614644727741697;-0.3271484375;
11:31:09;350.0;1573385470;101.544;10.893764624329187;0.28895927385488557;-0.31494140625;
11:31:10;351.0;1573385471;101.633;11.412129774752733;0.30270901259291066;-0.32470703125;
11:31:11;352.0;1573385473;101.924;7.265208571364372;0.1927111026887101;-0.24658203125;
11:31:12;353.0;1573385474;102.237;11.412129774752733;0.30270901259291066;-0.32470703125;
11:31:13;354.0;1573385474;102.529;11.54172106235862;0.30614644727741697;-0.3271484375;
11:31:14;355.0;1573385476;102.439;13.485590376446915;0.357707967545011;-0.36376953125;
11:31:15;356.0;1573385477;102.417;11.930494925176278;0.31645875133093576;-0.33447265625;
11:31:16;357.0;1573385477;102.327;11.412129774752733;0.30270901259291066;-0.32470703125;
11:31:17;358.0;1573385478;102.709;11.412129774752733;0.30270901259291066;-0.32470703125;
11:31:18;359.0;1573385480;102.461;11.671312349964506;0.3095838819619232;-0.32958984375;
11:31:19;360.0;1573385481;102.237;11.54172106235862;0.30614644727741697;-0.3271484375;
11:31:20;361.0;1573385481;102.013;10.764173336723303;0.2855218391703794;-0.3125;
11:31:21;362.0;1573385483;101.633;11.54172106235862;0.30614644727741697;-0.3271484375;
11:31:22;363.0;1573385484;101.278;11.930494925176278;0.31645875133093576;-0.33447265625;
11:31:23;364.0;1573385484;101.856;11.671312349964506;0.3095838819619232;-0.32958984375;
11:31:24;365.0;1573385486;102.08;9.8570343234821;0.26145979637883554;-0.29541015625;
11:31:25;366.0;1573385487;101.656;11.54172106235862;0.30614644727741697;-0.3271484375;
11:31:26;367.0;1573385488;101.7;11.54172106235862;0.30614644727741697;-0.3271484375;
11:31:27;368.0;1573385489;101.411;11.282538487146848;0.2992715779084044;-0.322265625;
11:31:28;369.0;1573385490;101.723;11.412129774752733;0.30270901259291066;-0.32470703125;
11:31:29;370.0;1573385491;101.856;11.54172106235862;0.30614644727741697;-0.3271484375;
11:31:30;371.0;1573385492;102.125;11.800903637570393;0.3130213166464295;-0.33203125;
11:31:31;372.0;1573385493;101.167;11.930494925176278;0.31645875133093576;-0.33447265625;
11:31:33;374.0;1573385494;100.57;11.800903637570393;0.3130213166464295;-0.33203125;
11:31:34;375.0;1573385495;101.478;11.800903637570393;0.3130213166464295;-0.33203125;
11:31:35;376.0;1573385496;101.79;11.800903637570393;0.3130213166464295;-0.33203125;
11:31:36;377.0;1573385497;102.732;15.559050978141096;0.4127069224971113;-0.40283203125;
11:31:37;378.0;1573385498;102.417;11.800903637570393;0.3130213166464295;-0.33203125;
11:31:38;379.0;1573385499;101.745;11.412129774752733;0.30270901259291066;-0.32470703125;
11:31:39;380.0;1573385500;101.167;11.800903637570393;0.3130213166464295;-0.33203125;
11:31:40;381.0;1573385501;101.189;15.299868402929322;0.40583205312809867;-0.39794921875;
11:31:41;382.0;1573385502;101.879;11.412129774752733;0.30270901259291066;-0.32470703125;
11:31:42;383.0;1573385503;101.968;8.561121447423236;0.22708544953377283;-0.27099609375;
11:31:43;384.0;1573385504;102.551;11.412129774752733;0.30270901259291066;-0.32470703125;
11:31:44;385.0;1573385505;102.845;11.412129774752733;0.30270901259291066;-0.32470703125;
11:31:45;386.0;1573385506;102.461;11.671312349964506;0.3095838819619232;-0.32958984375;
11:31:46;387.0;1573385507;102.687;11.282538487146848;0.2992715779084044;-0.322265625;
11:31:47;388.0;1573385508;102.417;10.893764624329187;0.28895927385488557;-0.31494140625;
11:31:48;389.0;1573385509;102.417;13.22640780123514;0.3508330981759984;-0.35888671875;
11:31:49;390.0;1573385510;103.093;11.412129774752733;0.30270901259291066;-0.32470703125;
11:31:50;391.0;1573385511;102.845;11.152947199540959;0.2958341432238981;-0.31982421875;
11:31:52;393.0;1573385512;102.461;11.412129774752733;0.30270901259291066;-0.32470703125;
11:31:53;394.0;1573385514;101.812;11.282538487146848;0.2992715779084044;-0.322265625;
11:31:54;395.0;1573385515;101.567;11.54172106235862;0.30614644727741697;-0.3271484375;
11:31:55;396.0;1573385516;101.611;10.893764624329187;0.28895927385488557;-0.31494140625;
11:31:56;397.0;1573385517;101.344;11.671312349964506;0.3095838819619232;-0.32958984375;
11:31:57;398.0;1573385518;101.7;11.412129774752733;0.30270901259291066;-0.32470703125;
11:31:58;399.0;1573385519;101.589;11.412129774752733;0.30270901259291066;-0.32470703125;
11:31:59;400.0;1573385520;101.812;10.634582049117418;0.28208440448587313;-0.31005859375;
11:32:00;401.0;1573385521;102.17;11.671312349964506;0.3095838819619232;-0.32958984375;
11:32:01;402.0;1573385522;101.856;11.671312349964506;0.3095838819619232;-0.32958984375;
11:32:02;403.0;1573385523;102.506;11.412129774752733;0.30270901259291066;-0.32470703125;
11:32:03;404.0;1573385525;101.946;11.54172106235862;0.30614644727741697;-0.3271484375;
11:32:04;405.0;1573385525;102.192;11.412129774752733;0.30270901259291066;-0.32470703125;
11:32:05;406.0;1573385526;102.484;12.060086212782165;0.319896186015442;-0.3369140625;
11:32:06;407.0;1573385528;101.856;11.412129774752733;0.30270901259291066;-0.32470703125;
11:32:07;408.0;1573385528;101.812;11.412129774752733;0.30270901259291066;-0.32470703125;
11:32:08;409.0;1573385529;101.879;10.764173336723303;0.2855218391703794;-0.3125;
11:32:09;410.0;1573385531;101.79;11.412129774752733;0.30270901259291066;-0.32470703125;
11:32:10;411.0;1573385531;101.856;11.54172106235862;0.30614644727741697;-0.3271484375;
11:32:11;412.0;1573385532;101.834;11.671312349964506;0.3095838819619232;-0.32958984375;
11:32:12;413.0;1573385534;101.544;8.820304022635009;0.23396031890278535;-0.27587890625;
11:32:13;414.0;1573385535;101.7;11.671312349964506;0.3095838819619232;-0.32958984375;
11:32:14;415.0;1573385535;101.633;11.930494925176278;0.31645875133093576;-0.33447265625;
11:32:15;416.0;1573385537;101.633;11.412129774752733;0.30270901259291066;-0.32470703125;
11:32:16;417.0;1573385538;101.79;11.54172106235862;0.30614644727741697;-0.3271484375;
11:32:17;418.0;1573385538;101.433;11.930494925176278;0.31645875133093576;-0.33447265625;
11:32:18;419.0;1573385540;101.189;11.54172106235862;0.30614644727741697;-0.3271484375;
11:32:19;420.0;1573385541;101.167;11.412129774752733;0.30270901259291066;-0.32470703125;
11:32:20;421.0;1573385542;100.99;11.412129774752733;0.30270901259291066;-0.32470703125;
11:32:21;422.0;1573385542;100.879;9.986625611087984;0.26489723106334173;-0.2978515625;
11:32:22;423.0;1573385544;101.123;11.671312349964506;0.3095838819619232;-0.32958984375;
11:32:23;424.0;1573385545;101.233;11.54172106235862;0.30614644727741697;-0.3271484375;
11:32:24;425.0;1573385545;101.167;11.54172106235862;0.30614644727741697;-0.3271484375;
11:32:25;426.0;1573385547;101.879;11.54172106235862;0.30614644727741697;-0.3271484375;
11:32:26;427.0;1573385548;102.215;11.54172106235862;0.30614644727741697;-0.3271484375;
11:32:27;428.0;1573385549;102.845;10.893764624329187;0.28895927385488557;-0.31494140625;
11:32:28;429.0;1573385550;102.845;11.671312349964506;0.3095838819619232;-0.32958984375;
11:32:29;430.0;1573385551;102.215;11.412129774752733;0.30270901259291066;-0.32470703125;
11:32:30;431.0;1573385552;102.259;11.412129774752733;0.30270901259291066;-0.32470703125;
11:32:31;432.0;1573385552;101.611;10.893764624329187;0.28895927385488557;-0.31494140625;
11:32:32;433.0;1573385554;101.3;11.412129774752733;0.30270901259291066;-0.32470703125;
11:32:33;434.0;1573385555;101.344;11.412129774752733;0.30270901259291066;-0.32470703125;
11:32:34;435.0;1573385556;101.233;11.282538487146848;0.2992715779084044;-0.322265625;
11:32:35;436.0;1573385557;101.767;11.282538487146848;0.2992715779084044;-0.322265625;
11:32:37;438.0;1573385558;102.394;11.412129774752733;0.30270901259291066;-0.32470703125;
11:32:38;439.0;1573385559;102.619;11.412129774752733;0.30270901259291066;-0.32470703125;
11:32:39;440.0;1573385560;102.349;11.671312349964506;0.3095838819619232;-0.32958984375;
11:32:40;441.0;1573385561;102.394;11.412129774752733;0.30270901259291066;-0.32470703125;
11:32:41;442.0;1573385562;101.79;12.967225226023368;0.34395822880698584;-0.35400390625;
11:32:42;443.0;1573385563;101.767;11.54172106235862;0.30614644727741697;-0.3271484375;
11:32:43;444.0;1573385564;101.812;11.54172106235862;0.30614644727741697;-0.3271484375;
11:32:44;445.0;1573385565;101.5;11.152947199540959;0.2958341432238981;-0.31982421875;
11:32:45;446.0;1573385566;101.79;13.485590376446915;0.357707967545011;-0.36376953125;
11:32:46;447.0;1573385567;101.856;11.54172106235862;0.30614644727741697;-0.3271484375;
11:32:47;448.0;1573385568;102.439;11.412129774752733;0.30270901259291066;-0.32470703125;
11:32:48;449.0;1573385569;102.147;11.671312349964506;0.3095838819619232;-0.32958984375;
11:32:49;450.0;1573385570;101.834;11.412129774752733;0.30270901259291066;-0.32470703125;
11:32:51;452.0;1573385571;101.233;11.282538487146848;0.2992715779084044;-0.322265625;
11:32:52;453.0;1573385573;101.544;11.54172106235862;0.30614644727741697;-0.3271484375;
11:32:53;454.0;1573385574;101.656;11.412129774752733;0.30270901259291066;-0.32470703125;
11:32:54;455.0;1573385575;101.968;11.282538487146848;0.2992715779084044;-0.322265625;
11:32:55;456.0;1573385576;101.633;11.671312349964506;0.3095838819619232;-0.32958984375;
11:32:56;457.0;1573385577;101.3;11.54172106235862;0.30614644727741697;-0.3271484375;
11:32:57;458.0;1573385578;101.589;11.412129774752733;0.30270901259291066;-0.32470703125;
11:32:58;459.0;1573385579;101.012;11.671312349964506;0.3095838819619232;-0.32958984375;
11:32:59;460.0;1573385580;101.3;11.671312349964506;0.3095838819619232;-0.32958984375;
11:33:00;461.0;1573385581;101.7;11.671312349964506;0.3095838819619232;-0.32958984375;
11:33:01;462.0;1573385582;101.589;11.671312349964506;0.3095838819619232;-0.32958984375;
11:33:02;463.0;1573385583;102.192;11.412129774752733;0.30270901259291066;-0.32470703125;
11:33:03;464.0;1573385584;102.529;11.282538487146848;0.2992715779084044;-0.322265625;
11:33:04;465.0;1573385585;102.506;11.412129774752733;0.30270901259291066;-0.32470703125;
11:33:05;466.0;1573385586;102.822;11.54172106235862;0.30614644727741697;-0.3271484375;
11:33:06;467.0;1573385587;103.116;11.54172106235862;0.30614644727741697;-0.3271484375;
11:33:07;468.0;1573385588;103.139;11.282538487146848;0.2992715779084044;-0.322265625;
11:33:08;469.0;1573385590;102.551;10.893764624329187;0.28895927385488557;-0.31494140625;
11:33:09;470.0;1573385590;102.596;11.930494925176278;0.31645875133093576;-0.33447265625;
11:33:10;471.0;1573385591;102.574;11.152947199540959;0.2958341432238981;-0.31982421875;
11:33:11;472.0;1573385593;102.237;11.800903637570393;0.3130213166464295;-0.33203125;
11:33:12;473.0;1573385593;102.484;11.54172106235862;0.30614644727741697;-0.3271484375;
11:33:13;474.0;1573385594;102.484;11.930494925176278;0.31645875133093576;-0.33447265625;
11:33:14;475.0;1573385596;101.567;11.671312349964506;0.3095838819619232;-0.32958984375;
11:33:15;476.0;1573385596;101.879;12.448860075599823;0.3302084900689608;-0.34423828125;
11:33:16;477.0;1573385597;101.901;11.282538487146848;0.2992715779084044;-0.322265625;
11:33:17;478.0;1573385599;101.567;11.54172106235862;0.30614644727741697;-0.3271484375;
11:33:18;479.0;1573385600;101.589;11.54172106235862;0.30614644727741697;-0.3271484375;
11:33:19;480.0;1573385600;101.3;11.412129774752733;0.30270901259291066;-0.32470703125;
11:33:20;481.0;1573385602;101.278;11.412129774752733;0.30270901259291066;-0.32470703125;
11:33:21;482.0;1573385603;101.256;11.671312349964506;0.3095838819619232;-0.32958984375;
11:33:22;483.0;1573385603;101.233;11.152947199540959;0.2958341432238981;-0.31982421875;
11:33:23;484.0;1573385605;101.5;11.282538487146848;0.2992715779084044;-0.322265625;
11:33:24;485.0;1573385606;101.856;11.671312349964506;0.3095838819619232;-0.32958984375;
11:33:25;486.0;1573385606;101.278;11.54172106235862;0.30614644727741697;-0.3271484375;
11:33:26;487.0;1573385608;102.237;11.54172106235862;0.30614644727741697;-0.3271484375;
11:33:27;488.0;1573385609;101.968;11.412129774752733;0.30270901259291066;-0.32470703125;
11:33:28;489.0;1573385609;101.633;11.800903637570393;0.3130213166464295;-0.33203125;
11:33:29;490.0;1573385611;102.282;11.412129774752733;0.30270901259291066;-0.32470703125;
11:33:30;491.0;1573385612;101.656;11.671312349964506;0.3095838819619232;-0.32958984375;
11:33:31;492.0;1573385613;101.589;11.54172106235862;0.30614644727741697;-0.3271484375;
11:33:32;493.0;1573385614;101.656;11.671312349964506;0.3095838819619232;-0.32958984375;
11:33:33;494.0;1573385615;101.7;11.54172106235862;0.30614644727741697;-0.3271484375;
11:33:34;495.0;1573385616;101.991;11.412129774752733;0.30270901259291066;-0.32470703125;
11:33:35;496.0;1573385617;101.745;11.282538487146848;0.2992715779084044;-0.322265625;
11:33:36;497.0;1573385618;101.633;11.930494925176278;0.31645875133093576;-0.33447265625;
11:33:37;498.0;1573385619;101.3;11.54172106235862;0.30614644727741697;-0.3271484375;
11:33:38;499.0;1573385620;101.344;11.412129774752733;0.30270901259291066;-0.32470703125;
11:33:39;500.0;1573385621;101.946;11.54172106235862;0.30614644727741697;-0.3271484375;
11:33:41;502.0;1573385622;101.946;12.060086212782165;0.319896186015442;-0.3369140625;
11:33:42;503.0;1573385623;102.215;11.412129774752733;0.30270901259291066;-0.32470703125;
11:33:43;504.0;1573385624;101.812;11.54172106235862;0.30614644727741697;-0.3271484375;
11:33:44;505.0;1573385625;101.478;11.930494925176278;0.31645875133093576;-0.33447265625;
11:33:45;506.0;1573385626;101.812;11.54172106235862;0.30614644727741697;-0.3271484375;
11:33:46;507.0;1573385627;102.125;11.152947199540959;0.2958341432238981;-0.31982421875;
11:33:47;508.0;1573385628;102.484;11.671312349964506;0.3095838819619232;-0.32958984375;
11:33:48;509.0;1573385629;102.506;11.671312349964506;0.3095838819619232;-0.32958984375;
11:33:49;510.0;1573385630;102.484;11.412129774752733;0.30270901259291066;-0.32470703125;
11:33:50;511.0;1573385630;101.834;11.412129774752733;0.30270901259291066;-0.32470703125;
11:33:51;512.0;1573385632;101.5;11.412129774752733;0.30270901259291066;-0.32470703125;
11:33:52;513.0;1573385633;101.189;11.54172106235862;0.30614644727741697;-0.3271484375;
11:33:53;514.0;1573385634;100.901;12.448860075599823;0.3302084900689608;-0.34423828125;
11:33:54;515.0;1573385635;100.946;11.412129774752733;0.30270901259291066;-0.32470703125;
11:33:55;516.0;1573385636;101.3;11.800903637570393;0.3130213166464295;-0.33203125;
11:33:56;517.0;1573385637;100.681;11.412129774752733;0.30270901259291066;-0.32470703125;
11:33:57;518.0;1573385638;100.946;11.023355911935075;0.2923967085393919;-0.3173828125;
11:33:58;519.0;1573385639;101.256;11.54172106235862;0.30614644727741697;-0.3271484375;
11:33:59;520.0;1573385640;101.278;11.152947199540959;0.2958341432238981;-0.31982421875;
11:34:00;521.0;1573385641;102.259;11.671312349964506;0.3095838819619232;-0.32958984375;
11:34:01;522.0;1573385642;102.035;11.54172106235862;0.30614644727741697;-0.3271484375;
11:34:02;523.0;1573385643;101.723;11.671312349964506;0.3095838819619232;-0.32958984375;
11:34:03;524.0;1573385644;101.946;11.671312349964506;0.3095838819619232;-0.32958984375;
11:34:04;525.0;1573385645;102.215;11.800903637570393;0.3130213166464295;-0.33203125;
11:34:05;526.0;1573385646;102.17;8.301938872211464;0.2202105801647603;-0.26611328125;
11:34:06;527.0;1573385647;103.116;11.671312349964506;0.3095838819619232;-0.32958984375;
11:34:07;528.0;1573385648;102.89;11.800903637570393;0.3130213166464295;-0.33203125;
11:34:08;529.0;1573385649;102.304;11.54172106235862;0.30614644727741697;-0.3271484375;
11:34:09;530.0;1573385650;102.574;11.412129774752733;0.30270901259291066;-0.32470703125;
11:34:10;531.0;1573385651;101.901;10.893764624329187;0.28895927385488557;-0.31494140625;
11:34:11;532.0;1573385652;101.567;11.54172106235862;0.30614644727741697;-0.3271484375;
11:34:12;533.0;1573385653;101.834;11.54172106235862;0.30614644727741697;-0.3271484375;
11:34:13;534.0;1573385654;101.589;11.412129774752733;0.30270901259291066;-0.32470703125;
11:34:14;535.0;1573385656;100.968;11.54172106235862;0.30614644727741697;-0.3271484375;
11:34:15;536.0;1573385656;100.968;13.485590376446915;0.357707967545011;-0.36376953125;
11:34:16;537.0;1573385657;100.57;11.800903637570393;0.3130213166464295;-0.33203125;
11:34:17;538.0;1573385659;101.145;11.412129774752733;0.30270901259291066;-0.32470703125;
11:34:18;539.0;1573385659;101.723;11.152947199540959;0.2958341432238981;-0.31982421875;
11:34:19;540.0;1573385660;101.723;11.412129774752733;0.30270901259291066;-0.32470703125;
11:34:20;541.0;1573385662;102.08;11.54172106235862;0.30614644727741697;-0.3271484375;
11:34:21;542.0;1573385663;101.745;11.412129774752733;0.30270901259291066;-0.32470703125;
11:34:22;543.0;1573385663;101.856;10.893764624329187;0.28895927385488557;-0.31494140625;
11:34:23;544.0;1573385664;102.17;11.152947199540959;0.2958341432238981;-0.31982421875;
11:34:24;545.0;1573385666;102.237;11.54172106235862;0.30614644727741697;-0.3271484375;
11:34:25;546.0;1573385666;102.013;11.282538487146848;0.2992715779084044;-0.322265625;
11:34:26;547.0;1573385667;101.924;11.152947199540959;0.2958341432238981;-0.31982421875;
11:34:27;548.0;1573385669;101.879;11.412129774752733;0.30270901259291066;-0.32470703125;
11:34:28;549.0;1573385670;101.233;11.412129774752733;0.30270901259291066;-0.32470703125;
11:34:29;550.0;1573385670;101.167;10.893764624329187;0.28895927385488557;-0.31494140625;
11:34:30;551.0;1573385672;100.923;11.412129774752733;0.30270901259291066;-0.32470703125;
11:34:31;552.0;1573385673;101.256;11.412129774752733;0.30270901259291066;-0.32470703125;
11:34:32;553.0;1573385674;101.567;11.412129774752733;0.30270901259291066;-0.32470703125;
11:34:33;554.0;1573385674;101.589;11.54172106235862;0.30614644727741697;-0.3271484375;
11:34:34;555.0;1573385676;101.256;10.893764624329187;0.28895927385488557;-0.31494140625;
11:34:35;556.0;1573385677;100.968;11.152947199540959;0.2958341432238981;-0.31982421875;
11:34:36;557.0;1573385677;100.99;11.54172106235862;0.30614644727741697;-0.3271484375;
11:34:37;558.0;1573385679;101.589;11.412129774752733;0.30270901259291066;-0.32470703125;
11:34:38;559.0;1573385680;101.611;11.54172106235862;0.30614644727741697;-0.3271484375;
11:34:39;560.0;1573385681;101.611;10.893764624329187;0.28895927385488557;-0.31494140625;
11:34:40;561.0;1573385682;101.589;11.800903637570393;0.3130213166464295;-0.33203125;
11:34:41;562.0;1573385683;101.256;11.671312349964506;0.3095838819619232;-0.32958984375;
11:34:42;563.0;1573385684;101.901;11.930494925176278;0.31645875133093576;-0.33447265625;
11:34:43;564.0;1573385685;102.192;10.764173336723303;0.2855218391703794;-0.3125;
11:34:45;566.0;1573385686;101.812;10.893764624329187;0.28895927385488557;-0.31494140625;
11:34:46;567.0;1573385687;101.522;11.930494925176278;0.31645875133093576;-0.33447265625;
11:34:47;568.0;1573385688;101.455;11.412129774752733;0.30270901259291066;-0.32470703125;
11:34:48;569.0;1573385689;101.123;11.800903637570393;0.3130213166464295;-0.33203125;
11:34:49;570.0;1573385689;101.233;10.893764624329187;0.28895927385488557;-0.31494140625;
11:34:50;571.0;1573385691;101.256;11.54172106235862;0.30614644727741697;-0.3271484375;
11:34:51;572.0;1573385692;100.99;13.22640780123514;0.3508330981759984;-0.35888671875;
11:34:52;573.0;1573385693;100.747;11.930494925176278;0.31645875133093576;-0.33447265625;
11:34:53;574.0;1573385694;101.322;11.800903637570393;0.3130213166464295;-0.33203125;
11:34:54;575.0;1573385695;101.633;11.54172106235862;0.30614644727741697;-0.3271484375;
11:34:55;576.0;1573385696;101.589;11.412129774752733;0.30270901259291066;-0.32470703125;
11:34:56;577.0;1573385697;101.834;10.893764624329187;0.28895927385488557;-0.31494140625;
11:34:57;578.0;1573385698;101.522;8.820304022635009;0.23396031890278535;-0.27587890625;
11:34:58;579.0;1573385699;101.522;11.282538487146848;0.2992715779084044;-0.322265625;
11:34:59;580.0;1573385700;101.567;11.930494925176278;0.31645875133093576;-0.33447265625;
11:35:00;581.0;1573385701;101.611;11.152947199540959;0.2958341432238981;-0.31982421875;
11:35:01;582.0;1573385702;101.968;10.893764624329187;0.28895927385488557;-0.31494140625;
11:35:02;583.0;1573385703;101.879;11.412129774752733;0.30270901259291066;-0.32470703125;
11:35:03;584.0;1573385704;102.08;11.412129774752733;0.30270901259291066;-0.32470703125;
11:35:04;585.0;1573385705;102.058;11.800903637570393;0.3130213166464295;-0.33203125;
11:35:05;586.0;1573385706;101.924;11.412129774752733;0.30270901259291066;-0.32470703125;
11:35:06;587.0;1573385707;101.968;11.152947199540959;0.2958341432238981;-0.31982421875;
11:35:07;588.0;1573385708;101.745;11.412129774752733;0.30270901259291066;-0.32470703125;
11:35:08;589.0;1573385709;102.08;12.060086212782165;0.319896186015442;-0.3369140625;
11:35:09;590.0;1573385710;101.834;11.412129774752733;0.30270901259291066;-0.32470703125;
11:35:10;591.0;1573385711;101.522;11.800903637570393;0.3130213166464295;-0.33203125;
11:35:11;592.0;1573385712;101.478;11.54172106235862;0.30614644727741697;-0.3271484375;
11:35:12;593.0;1573385713;101.544;11.671312349964506;0.3095838819619232;-0.32958984375;
11:35:13;594.0;1573385714;101.901;11.412129774752733;0.30270901259291066;-0.32470703125;
11:35:14;595.0;1573385715;102.551;11.671312349964506;0.3095838819619232;-0.32958984375;
11:35:15;596.0;1573385717;102.596;11.54172106235862;0.30614644727741697;-0.3271484375;
11:35:16;597.0;1573385717;102.506;11.54172106235862;0.30614644727741697;-0.3271484375;
11:35:17;598.0;1573385718;102.147;11.412129774752733;0.30270901259291066;-0.32470703125;
11:35:18;599.0;1573385719;101.856;11.412129774752733;0.30270901259291066;-0.32470703125;
11:35:19;600.0;1573385721;101.856;11.54172106235862;0.30614644727741697;-0.3271484375;
11:35:20;601.0;1573385721;101.233;11.54172106235862;0.30614644727741697;-0.3271484375;
11:35:21;602.0;1573385722;101.522;12.060086212782165;0.319896186015442;-0.3369140625;
11:35:22;603.0;1573385724;100.857;11.54172106235862;0.30614644727741697;-0.3271484375;
11:35:23;604.0;1573385724;101.167;10.764173336723303;0.2855218391703794;-0.3125;
11:35:24;605.0;1573385725;100.857;11.412129774752733;0.30270901259291066;-0.32470703125;
11:35:25;606.0;1573385727;100.879;11.412129774752733;0.30270901259291066;-0.32470703125;
11:35:26;607.0;1573385727;100.923;10.375399473905645;0.2752095351168606;-0.30517578125;
11:35:27;608.0;1573385728;100.637;11.54172106235862;0.30614644727741697;-0.3271484375;
11:35:28;609.0;1573385730;100.703;10.634582049117418;0.28208440448587313;-0.31005859375;
11:35:29;610.0;1573385731;100.659;16.07741612856464;0.4264566612351363;-0.41259765625;
11:35:30;611.0;1573385731;101.544;12.578451363205712;0.33364592475346716;-0.3466796875;
11:35:31;612.0;1573385732;101.879;11.282538487146848;0.2992715779084044;-0.322265625;
11:35:32;613.0;1573385734;102.394;9999.0;9999.0;9999.0;
11:35:33;614.0;1573385734;102.461;11.54172106235862;0.30614644727741697;-0.3271484375;
11:35:34;615.0;1573385735;101.901;11.800903637570393;0.3130213166464295;-0.33203125;
11:35:35;616.0;1573385737;101.522;11.023355911935075;0.2923967085393919;-0.3173828125;
11:35:36;617.0;1573385738;101.544;11.412129774752733;0.30270901259291066;-0.32470703125;
11:35:37;618.0;1573385738;101.167;11.671312349964506;0.3095838819619232;-0.32958984375;
11:35:38;619.0;1573385740;101.478;11.152947199540959;0.2958341432238981;-0.31982421875;
11:35:39;620.0;1573385741;101.544;11.800903637570393;0.3130213166464295;-0.33203125;
11:35:40;621.0;1573385741;101.611;11.54172106235862;0.30614644727741697;-0.3271484375;
11:35:41;622.0;1573385743;101.455;11.282538487146848;0.2992715779084044;-0.322265625;
11:35:42;623.0;1573385744;101.123;11.54172106235862;0.30614644727741697;-0.3271484375;
11:35:43;624.0;1573385745;101.656;11.412129774752733;0.30270901259291066;-0.32470703125;
11:35:44;625.0;1573385746;101.901;11.54172106235862;0.30614644727741697;-0.3271484375;
11:35:45;626.0;1573385747;102.439;9.986625611087984;0.26489723106334173;-0.2978515625;
11:35:46;627.0;1573385748;102.439;11.54172106235862;0.30614644727741697;-0.3271484375;
11:35:47;628.0;1573385749;101.812;11.412129774752733;0.30270901259291066;-0.32470703125;
11:35:49;630.0;1573385750;101.278;11.54172106235862;0.30614644727741697;-0.3271484375;
11:35:50;631.0;1573385751;101.322;10.764173336723303;0.2855218391703794;-0.3125;
11:35:51;632.0;1573385752;100.99;11.412129774752733;0.30270901259291066;-0.32470703125;
11:35:52;633.0;1573385753;101.034;12.18967750038805;0.32333362069994825;-0.33935546875;
11:35:53;634.0;1573385754;100.725;11.152947199540959;0.2958341432238981;-0.31982421875;
11:35:54;635.0;1573385755;100.923;9.8570343234821;0.26145979637883554;-0.29541015625;
11:35:55;636.0;1573385756;101.812;11.800903637570393;0.3130213166464295;-0.33203125;
11:35:56;637.0;1573385757;101.767;12.837633938417484;0.34052079412247965;-0.3515625;
11:35:57;638.0;1573385758;102.08;11.412129774752733;0.30270901259291066;-0.32470703125;
11:35:58;639.0;1573385759;101.233;10.893764624329187;0.28895927385488557;-0.31494140625;
11:35:59;640.0;1573385760;100.703;8.690712735029122;0.23052288421827907;-0.2734375;
11:36:00;641.0;1573385761;100.769;11.412129774752733;0.30270901259291066;-0.32470703125;
11:36:01;642.0;1573385762;101.012;14.911094540111662;0.3955197490745799;-0.390625;
11:36:02;643.0;1573385763;101.256;11.671312349964506;0.3095838819619232;-0.32958984375;
11:36:03;644.0;1573385764;101.812;9.338669173058555;0.24771005764081047;-0.28564453125;
11:36:04;645.0;1573385765;102.125;11.412129774752733;0.30270901259291066;-0.32470703125;
11:36:05;646.0;1573385766;102.058;11.800903637570393;0.3130213166464295;-0.33203125;
11:36:06;647.0;1573385767;102.058;11.412129774752733;0.30270901259291066;-0.32470703125;
11:36:07;648.0;1573385768;102.349;11.412129774752733;0.30270901259291066;-0.32470703125;
11:36:08;649.0;1573385769;101.968;11.671312349964506;0.3095838819619232;-0.32958984375;
11:36:09;650.0;1573385770;102.035;11.412129774752733;0.30270901259291066;-0.32470703125;
11:36:10;651.0;1573385771;102.08;11.412129774752733;0.30270901259291066;-0.32470703125;
11:36:11;652.0;1573385772;101.189;11.412129774752733;0.30270901259291066;-0.32470703125;
11:36:12;653.0;1573385773;101.233;11.671312349964506;0.3095838819619232;-0.32958984375;
11:36:13;654.0;1573385774;100.901;11.412129774752733;0.30270901259291066;-0.32470703125;
11:36:14;655.0;1573385775;101.167;11.412129774752733;0.30270901259291066;-0.32470703125;
11:36:15;656.0;1573385776;101.211;8.820304022635009;0.23396031890278535;-0.27587890625;
11:36:16;657.0;1573385777;101.256;11.152947199540959;0.2958341432238981;-0.31982421875;
11:36:17;658.0;1573385778;100.99;11.671312349964506;0.3095838819619232;-0.32958984375;
11:36:18;659.0;1573385779;100.725;12.18967750038805;0.32333362069994825;-0.33935546875;
11:36:19;660.0;1573385780;100.395;11.282538487146848;0.2992715779084044;-0.322265625;
11:36:20;661.0;1573385781;100.593;11.54172106235862;0.30614644727741697;-0.3271484375;
11:36:21;662.0;1573385782;100.879;11.54172106235862;0.30614644727741697;-0.3271484375;
11:36:22;663.0;1573385784;100.879;12.18967750038805;0.32333362069994825;-0.33935546875;
11:36:23;664.0;1573385784;101.5;11.54172106235862;0.30614644727741697;-0.3271484375;
11:36:24;665.0;1573385785;101.233;11.412129774752733;0.30270901259291066;-0.32470703125;
11:36:25;666.0;1573385787;101.256;11.412129774752733;0.30270901259291066;-0.32470703125;
11:36:26;667.0;1573385788;100.923;11.54172106235862;0.30614644727741697;-0.3271484375;
11:36:27;668.0;1573385788;100.615;11.412129774752733;0.30270901259291066;-0.32470703125;
11:36:28;669.0;1573385789;100.637;11.54172106235862;0.30614644727741697;-0.3271484375;
11:36:29;670.0;1573385791;100.879;11.54172106235862;0.30614644727741697;-0.3271484375;
11:36:30;671.0;1573385791;101.211;11.54172106235862;0.30614644727741697;-0.3271484375;
11:36:31;672.0;1573385792;101.478;11.412129774752733;0.30270901259291066;-0.32470703125;
11:36:32;673.0;1573385794;101.79;11.54172106235862;0.30614644727741697;-0.3271484375;
11:36:33;674.0;1573385795;101.256;11.412129774752733;0.30270901259291066;-0.32470703125;
11:36:34;675.0;1573385795;101.589;11.800903637570393;0.3130213166464295;-0.33203125;
11:36:35;676.0;1573385796;101.879;11.800903637570393;0.3130213166464295;-0.33203125;
11:36:36;677.0;1573385798;101.812;11.282538487146848;0.2992715779084044;-0.322265625;
11:36:37;678.0;1573385799;102.058;11.54172106235862;0.30614644727741697;-0.3271484375;
11:36:38;679.0;1573385799;101.7;11.800903637570393;0.3130213166464295;-0.33203125;
11:36:39;680.0;1573385801;101.433;12.18967750038805;0.32333362069994825;-0.33935546875;
11:36:40;681.0;1573385802;101.455;11.412129774752733;0.30270901259291066;-0.32470703125;
11:36:41;682.0;1573385803;101.455;11.412129774752733;0.30270901259291066;-0.32470703125;
11:36:42;683.0;1573385803;101.767;10.893764624329187;0.28895927385488557;-0.31494140625;
11:36:43;684.0;1573385805;101.145;11.412129774752733;0.30270901259291066;-0.32470703125;
11:36:44;685.0;1573385806;100.879;11.412129774752733;0.30270901259291066;-0.32470703125;
11:36:45;686.0;1573385806;100.681;11.54172106235862;0.30614644727741697;-0.3271484375;
11:36:46;687.0;1573385808;100.153;10.245808186299758;0.2717721004323543;-0.302734375;
11:36:47;688.0;1573385809;100.526;11.54172106235862;0.30614644727741697;-0.3271484375;
11:36:48;689.0;1573385810;100.835;11.282538487146848;0.2992715779084044;-0.322265625;
11:36:49;690.0;1573385811;101.078;12.060086212782165;0.319896186015442;-0.3369140625;
11:36:50;691.0;1573385812;101.278;10.50499076151153;0.27864696980136683;-0.3076171875;
11:36:51;692.0;1573385813;101.567;11.412129774752733;0.30270901259291066;-0.32470703125;
11:36:52;693.0;1573385814;101.233;11.800903637570393;0.3130213166464295;-0.33203125;
11:36:54;695.0;1573385815;101.233;11.412129774752733;0.30270901259291066;-0.32470703125;
11:36:55;696.0;1573385816;101.79;11.412129774752733;0.30270901259291066;-0.32470703125;
11:36:56;697.0;1573385817;101.478;11.54172106235862;0.30614644727741697;-0.3271484375;
11:36:57;698.0;1573385818;101.233;11.671312349964506;0.3095838819619232;-0.32958984375;
11:36:58;699.0;1573385819;101.5;11.54172106235862;0.30614644727741697;-0.3271484375;
11:36:59;700.0;1573385820;101.344;11.412129774752733;0.30270901259291066;-0.32470703125;
11:37:00;701.0;1573385821;101.633;8.949895310240894;0.2373977535872916;-0.2783203125;
11:37:01;702.0;1573385822;102.215;11.412129774752733;0.30270901259291066;-0.32470703125;
11:37:02;703.0;1573385823;102.259;11.412129774752733;0.30270901259291066;-0.32470703125;
11:37:03;704.0;1573385824;101.567;11.54172106235862;0.30614644727741697;-0.3271484375;
11:37:04;705.0;1573385825;101.3;11.282538487146848;0.2992715779084044;-0.322265625;
11:37:05;706.0;1573385826;100.99;11.54172106235862;0.30614644727741697;-0.3271484375;
11:37:06;707.0;1573385827;100.615;12.31926878799394;0.3267710553844546;-0.341796875;
11:37:07;708.0;1573385828;100.946;11.800903637570393;0.3130213166464295;-0.33203125;
11:37:08;709.0;1573385829;101.478;11.412129774752733;0.30270901259291066;-0.32470703125;
11:37:09;710.0;1573385830;101.411;11.412129774752733;0.30270901259291066;-0.32470703125;
11:37:10;711.0;1573385831;101.812;11.671312349964506;0.3095838819619232;-0.32958984375;
11:37:11;712.0;1573385832;101.544;14.651911964899888;0.38864487970556727;-0.3857421875;
11:37:12;713.0;1573385833;101.278;11.282538487146848;0.2992715779084044;-0.322265625;
11:37:13;714.0;1573385834;100.681;11.412129774752733;0.30270901259291066;-0.32470703125;
11:37:14;715.0;1573385835;100.351;11.54172106235862;0.30614644727741697;-0.3271484375;
11:37:15;716.0;1573385836;100.593;10.893764624329187;0.28895927385488557;-0.31494140625;
11:37:16;717.0;1573385837;100.57;11.412129774752733;0.30270901259291066;-0.32470703125;
11:37:17;718.0;1573385838;101.767;11.412129774752733;0.30270901259291066;-0.32470703125;
11:37:18;719.0;1573385839;101.7;11.412129774752733;0.30270901259291066;-0.32470703125;
11:37:19;720.0;1573385840;102.08;11.412129774752733;0.30270901259291066;-0.32470703125;
11:37:20;721.0;1573385841;102.058;11.282538487146848;0.2992715779084044;-0.322265625;
11:37:21;722.0;1573385842;101.5;11.412129774752733;0.30270901259291066;-0.32470703125;
11:37:22;723.0;1573385843;101.322;11.282538487146848;0.2992715779084044;-0.322265625;
11:37:23;724.0;1573385844;101.544;11.54172106235862;0.30614644727741697;-0.3271484375;
11:37:24;725.0;1573385845;101.233;11.800903637570393;0.3130213166464295;-0.33203125;
11:37:25;726.0;1573385847;101.544;11.54172106235862;0.30614644727741697;-0.3271484375;
11:37:26;727.0;1573385847;102.058;11.412129774752733;0.30270901259291066;-0.32470703125;
11:37:27;728.0;1573385848;102.102;11.54172106235862;0.30614644727741697;-0.3271484375;
11:37:28;729.0;1573385849;102.461;11.800903637570393;0.3130213166464295;-0.33203125;
11:37:29;730.0;1573385851;102.506;11.412129774752733;0.30270901259291066;-0.32470703125;
11:37:30;731.0;1573385851;102.551;11.282538487146848;0.2992715779084044;-0.322265625;
11:37:31;732.0;1573385852;102.237;11.282538487146848;0.2992715779084044;-0.322265625;
11:37:32;733.0;1573385854;101.901;11.412129774752733;0.30270901259291066;-0.32470703125;
11:37:33;734.0;1573385854;101.567;11.412129774752733;0.30270901259291066;-0.32470703125;
11:37:34;735.0;1573385855;101.167;11.54172106235862;0.30614644727741697;-0.3271484375;
11:37:35;736.0;1573385857;100.526;11.412129774752733;0.30270901259291066;-0.32470703125;
11:37:36;737.0;1573385857;100.285;11.412129774752733;0.30270901259291066;-0.32470703125;
11:37:37;738.0;1573385858;100.241;11.930494925176278;0.31645875133093576;-0.33447265625;
11:37:38;739.0;1573385860;100.351;11.671312349964506;0.3095838819619232;-0.32958984375;
11:37:39;740.0;1573385861;101.012;11.930494925176278;0.31645875133093576;-0.33447265625;
11:37:40;741.0;1573385861;101.322;11.412129774752733;0.30270901259291066;-0.32470703125;
11:37:41;742.0;1573385862;101.745;13.615181664052802;0.36114540222951724;-0.3662109375;
11:37:42;743.0;1573385864;101.7;11.54172106235862;0.30614644727741697;-0.3271484375;
11:37:43;744.0;1573385865;101.7;11.671312349964506;0.3095838819619232;-0.32958984375;
11:37:44;745.0;1573385865;101.344;11.54172106235862;0.30614644727741697;-0.3271484375;
11:37:45;746.0;1573385867;100.637;11.54172106235862;0.30614644727741697;-0.3271484375;
11:37:46;747.0;1573385868;100.57;11.412129774752733;0.30270901259291066;-0.32470703125;
11:37:47;748.0;1573385869;100.241;11.282538487146848;0.2992715779084044;-0.322265625;
11:37:48;749.0;1573385870;100.57;11.54172106235862;0.30614644727741697;-0.3271484375;
11:37:49;750.0;1573385871;100.901;11.412129774752733;0.30270901259291066;-0.32470703125;
11:37:50;751.0;1573385872;100.968;11.54172106235862;0.30614644727741697;-0.3271484375;
11:37:51;752.0;1573385872;100.946;11.412129774752733;0.30270901259291066;-0.32470703125;
11:37:52;753.0;1573385874;100.946;11.152947199540959;0.2958341432238981;-0.31982421875;
11:37:53;754.0;1573385875;100.659;11.412129774752733;0.30270901259291066;-0.32470703125;
11:37:54;755.0;1573385876;100.747;11.800903637570393;0.3130213166464295;-0.33203125;
11:37:55;756.0;1573385877;101.078;11.412129774752733;0.30270901259291066;-0.32470703125;
11:37:56;757.0;1573385878;101.1;11.54172106235862;0.30614644727741697;-0.3271484375;
11:37:58;759.0;1573385879;101.411;11.152947199540959;0.2958341432238981;-0.31982421875;
11:37:59;760.0;1573385880;101.056;11.54172106235862;0.30614644727741697;-0.3271484375;
11:38:00;761.0;1573385881;100.769;11.800903637570393;0.3130213166464295;-0.33203125;
11:38:01;762.0;1573385882;100.395;11.412129774752733;0.30270901259291066;-0.32470703125;
11:38:02;763.0;1573385883;100.044;11.54172106235862;0.30614644727741697;-0.3271484375;
11:38:03;764.0;1573385884;100.637;11.412129774752733;0.30270901259291066;-0.32470703125;
11:38:04;765.0;1573385885;100.637;13.485590376446915;0.357707967545011;-0.36376953125;
11:38:05;766.0;1573385886;101.233;11.152947199540959;0.2958341432238981;-0.31982421875;
11:38:06;767.0;1573385887;101.189;11.412129774752733;0.30270901259291066;-0.32470703125;
11:38:07;768.0;1573385888;100.901;11.412129774752733;0.30270901259291066;-0.32470703125;
11:38:08;769.0;1573385889;101.211;11.930494925176278;0.31645875133093576;-0.33447265625;
11:38:09;770.0;1573385890;101.278;11.54172106235862;0.30614644727741697;-0.3271484375;
11:38:10;771.0;1573385891;101.991;11.282538487146848;0.2992715779084044;-0.322265625;
11:38:11;772.0;1573385892;101.678;11.412129774752733;0.30270901259291066;-0.32470703125;
11:38:12;773.0;1573385893;101.034;11.54172106235862;0.30614644727741697;-0.3271484375;
11:38:13;774.0;1573385894;100.681;11.671312349964506;0.3095838819619232;-0.32958984375;
11:38:14;775.0;1573385895;100.285;11.671312349964506;0.3095838819619232;-0.32958984375;
11:38:15;776.0;1573385896;100.285;11.671312349964506;0.3095838819619232;-0.32958984375;
11:38:16;777.0;1573385897;100.593;11.412129774752733;0.30270901259291066;-0.32470703125;
11:38:17;778.0;1573385898;100.615;11.412129774752733;0.30270901259291066;-0.32470703125;
11:38:18;779.0;1573385899;100.725;11.412129774752733;0.30270901259291066;-0.32470703125;
11:38:19;780.0;1573385900;100.725;10.893764624329187;0.28895927385488557;-0.31494140625;
11:38:20;781.0;1573385901;100.659;11.54172106235862;0.30614644727741697;-0.3271484375;
11:38:21;782.0;1573385902;100.351;11.282538487146848;0.2992715779084044;-0.322265625;
11:38:22;783.0;1573385903;100.0;11.800903637570393;0.3130213166464295;-0.33203125;
11:38:23;784.0;1573385904;100.241;11.412129774752733;0.30270901259291066;-0.32470703125;
11:38:24;785.0;1573385905;100.044;11.54172106235862;0.30614644727741697;-0.3271484375;
11:38:25;786.0;1573385906;100.417;11.023355911935075;0.2923967085393919;-0.3173828125;
11:38:26;787.0;1573385907;100.439;11.800903637570393;0.3130213166464295;-0.33203125;
11:38:27;788.0;1573385908;100.439;11.930494925176278;0.31645875133093576;-0.33447265625;
11:38:28;789.0;1573385909;100.395;11.412129774752733;0.30270901259291066;-0.32470703125;
11:38:29;790.0;1573385910;100.022;12.578451363205712;0.33364592475346716;-0.3466796875;
11:38:30;791.0;1573385912;100.285;11.412129774752733;0.30270901259291066;-0.32470703125;
11:38:31;792.0;1573385912;100.285;11.152947199540959;0.2958341432238981;-0.31982421875;
11:38:32;793.0;1573385913;100.285;11.54172106235862;0.30614644727741697;-0.3271484375;
11:38:33;794.0;1573385915;100.548;11.54172106235862;0.30614644727741697;-0.3271484375;
11:38:34;795.0;1573385915;100.548;10.893764624329187;0.28895927385488557;-0.31494140625;
11:38:35;796.0;1573385916;100.307;11.800903637570393;0.3130213166464295;-0.33203125;
11:38:36;797.0;1573385918;100.879;11.54172106235862;0.30614644727741697;-0.3271484375;
11:38:37;798.0;1573385919;101.233;11.412129774752733;0.30270901259291066;-0.32470703125;
11:38:38;799.0;1573385919;101.211;11.54172106235862;0.30614644727741697;-0.3271484375;
11:38:39;800.0;1573385920;101.478;11.282538487146848;0.2992715779084044;-0.322265625;
11:38:40;801.0;1573385922;101.522;11.412129774752733;0.30270901259291066;-0.32470703125;
11:38:41;802.0;1573385923;100.879;12.31926878799394;0.3267710553844546;-0.341796875;
11:38:42;803.0;1573385923;100.923;11.282538487146848;0.2992715779084044;-0.322265625;
11:38:43;804.0;1573385925;100.901;11.412129774752733;0.30270901259291066;-0.32470703125;
11:38:44;805.0;1573385926;100.548;11.671312349964506;0.3095838819619232;-0.32958984375;
11:38:45;806.0;1573385926;100.857;11.54172106235862;0.30614644727741697;-0.3271484375;
11:38:46;807.0;1573385927;100.857;11.671312349964506;0.3095838819619232;-0.32958984375;
11:38:47;808.0;1573385929;100.593;11.54172106235862;0.30614644727741697;-0.3271484375;
11:38:48;809.0;1573385930;100.923;11.412129774752733;0.30270901259291066;-0.32470703125;
11:38:49;810.0;1573385930;100.659;11.54172106235862;0.30614644727741697;-0.3271484375;
11:38:50;811.0;1573385932;100.351;11.412129774752733;0.30270901259291066;-0.32470703125;
11:38:51;812.0;1573385933;100.373;11.412129774752733;0.30270901259291066;-0.32470703125;
11:38:52;813.0;1573385934;100.088;11.412129774752733;0.30270901259291066;-0.32470703125;
11:38:53;814.0;1573385935;100.373;8.431530159817349;0.22364801484926652;-0.2685546875;
11:38:54;815.0;1573385936;100.307;11.671312349964506;0.3095838819619232;-0.32958984375;
11:38:55;816.0;1573385937;100.923;11.54172106235862;0.30614644727741697;-0.3271484375;
11:38:56;817.0;1573385937;100.923;11.54172106235862;0.30614644727741697;-0.3271484375;
11:38:57;818.0;1573385939;100.901;11.671312349964506;0.3095838819619232;-0.32958984375;
11:38:58;819.0;1573385940;101.3;11.54172106235862;0.30614644727741697;-0.3271484375;
11:38:59;820.0;1573385941;101.211;12.967225226023368;0.34395822880698584;-0.35400390625;
11:39:00;821.0;1573385942;101.233;11.54172106235862;0.30614644727741697;-0.3271484375;
11:39:02;823.0;1573385943;101.522;11.54172106235862;0.30614644727741697;-0.3271484375;
11:39:03;824.0;1573385944;101.544;11.54172106235862;0.30614644727741697;-0.3271484375;
11:39:04;825.0;1573385945;100.99;11.54172106235862;0.30614644727741697;-0.3271484375;
11:39:05;826.0;1573385946;101.322;11.282538487146848;0.2992715779084044;-0.322265625;
11:39:06;827.0;1573385947;101.344;11.800903637570393;0.3130213166464295;-0.33203125;
11:39:07;828.0;1573385948;101.611;11.54172106235862;0.30614644727741697;-0.3271484375;
11:39:08;829.0;1573385949;101.901;11.54172106235862;0.30614644727741697;-0.3271484375;
11:39:09;830.0;1573385950;101.5;12.31926878799394;0.3267710553844546;-0.341796875;
11:39:10;831.0;1573385951;101.256;11.54172106235862;0.30614644727741697;-0.3271484375;
11:39:11;832.0;1573385952;100.879;11.152947199540959;0.2958341432238981;-0.31982421875;
11:39:12;833.0;1573385953;100.791;11.282538487146848;0.2992715779084044;-0.322265625;
11:39:13;834.0;1573385954;101.056;12.31926878799394;0.3267710553844546;-0.341796875;
11:39:14;835.0;1573385955;100.747;11.54172106235862;0.30614644727741697;-0.3271484375;
11:39:15;836.0;1573385956;101.078;11.54172106235862;0.30614644727741697;-0.3271484375;
11:39:16;837.0;1573385957;101.5;11.023355911935075;0.2923967085393919;-0.3173828125;
11:39:17;838.0;1573385958;101.3;13.615181664052802;0.36114540222951724;-0.3662109375;
11:39:18;839.0;1573385959;101.211;11.54172106235862;0.30614644727741697;-0.3271484375;
11:39:19;840.0;1573385960;100.615;11.412129774752733;0.30270901259291066;-0.32470703125;
11:39:20;841.0;1573385961;100.329;11.54172106235862;0.30614644727741697;-0.3271484375;
11:39:21;842.0;1573385962;100.285;11.282538487146848;0.2992715779084044;-0.322265625;
11:39:22;843.0;1573385963;100.615;11.671312349964506;0.3095838819619232;-0.32958984375;
11:39:23;844.0;1573385964;101.233;11.412129774752733;0.30270901259291066;-0.32470703125;
11:39:24;845.0;1573385965;101.256;11.54172106235862;0.30614644727741697;-0.3271484375;
11:39:25;846.0;1573385966;101.3;11.671312349964506;0.3095838819619232;-0.32958984375;
11:39:26;847.0;1573385967;101.012;11.671312349964506;0.3095838819619232;-0.32958984375;
11:39:27;848.0;1573385968;100.417;11.54172106235862;0.30614644727741697;-0.3271484375;
11:39:28;849.0;1573385969;100.351;11.412129774752733;0.30270901259291066;-0.32470703125;
11:39:29;850.0;1573385971;100.373;11.54172106235862;0.30614644727741697;-0.3271484375;
11:39:30;851.0;1573385971;100.395;11.930494925176278;0.31645875133093576;-0.33447265625;
11:39:31;852.0;1573385972;100.725;11.412129774752733;0.30270901259291066;-0.32470703125;
11:39:32;853.0;1573385974;101.012;11.930494925176278;0.31645875133093576;-0.33447265625;
11:39:33;854.0;1573385974;100.99;11.412129774752733;0.30270901259291066;-0.32470703125;
11:39:34;855.0;1573385975;100.923;11.412129774752733;0.30270901259291066;-0.32470703125;
11:39:35;856.0;1573385976;100.901;11.282538487146848;0.2992715779084044;-0.322265625;
11:39:36;857.0;1573385978;100.351;11.54172106235862;0.30614644727741697;-0.3271484375;
11:39:37;858.0;1573385978;100.659;10.764173336723303;0.2855218391703794;-0.3125;
11:39:38;859.0;1573385979;100.99;11.54172106235862;0.30614644727741697;-0.3271484375;
11:39:39;860.0;1573385981;100.968;11.54172106235862;0.30614644727741697;-0.3271484375;
11:39:40;861.0;1573385981;100.968;11.671312349964506;0.3095838819619232;-0.32958984375;
11:39:41;862.0;1573385982;100.285;11.152947199540959;0.2958341432238981;-0.31982421875;
11:39:42;863.0;1573385983;99.629;11.282538487146848;0.2992715779084044;-0.322265625;
11:39:43;864.0;1573385985;99.716;11.282538487146848;0.2992715779084044;-0.322265625;
11:39:44;865.0;1573385985;99.978;11.671312349964506;0.3095838819619232;-0.32958984375;
11:39:45;866.0;1573385986;100.022;11.412129774752733;0.30270901259291066;-0.32470703125;
11:39:46;867.0;1573385988;100.725;11.152947199540959;0.2958341432238981;-0.31982421875;
