Time;Seconds from start for linreg;Unix Time;ch1 po2;Uc;Ubl;Vc;
20:05:14;-1.0;1573329915;100.593;19.058015743500025;0.5055176589787804;-0.46875;
20:05:15;0.0;1573329916;100.461;19.705972181529457;0.5227048324013118;-0.48095703125;
20:05:16;1.0;1573329917;99.978;19.705972181529457;0.5227048324013118;-0.48095703125;
20:05:17;2.0;1573329918;100.263;19.83556346913534;0.526142267085818;-0.4833984375;
20:05:18;3.0;1573329919;100.57;19.187607031105912;0.5089550936632867;-0.47119140625;
20:05:19;4.0;1573329920;100.593;19.187607031105912;0.5089550936632867;-0.47119140625;
20:05:20;5.0;1573329921;100.835;18.410059305470593;0.48833048555624914;-0.45654296875;
20:05:21;6.0;1573329922;100.57;19.187607031105912;0.5089550936632867;-0.47119140625;
20:05:22;7.0;1573329923;100.548;19.187607031105912;0.5089550936632867;-0.47119140625;
20:05:23;8.0;1573329924;100.615;19.187607031105912;0.5089550936632867;-0.47119140625;
20:05:24;9.0;1573329925;100.285;19.187607031105912;0.5089550936632867;-0.47119140625;
20:05:25;10.0;1573329926;100.175;19.57638089392357;0.5192673977168055;-0.478515625;
20:05:26;11.0;1573329927;100.241;18.53965059307648;0.4917679202407554;-0.458984375;
20:05:27;12.0;1573329928;100.219;19.187607031105912;0.5089550936632867;-0.47119140625;
20:05:28;13.0;1573329930;100.263;19.187607031105912;0.5089550936632867;-0.47119140625;
20:05:29;14.0;1573329930;100.263;18.92842445589414;0.5020802242942742;-0.46630859375;
20:05:30;15.0;1573329931;99.956;19.058015743500025;0.5055176589787804;-0.46875;
20:05:31;16.0;1573329932;99.978;19.187607031105912;0.5089550936632867;-0.47119140625;
20:05:32;17.0;1573329934;100.219;19.058015743500025;0.5055176589787804;-0.46875;
20:05:33;18.0;1573329934;100.307;17.632511579835278;0.46770587744921155;-0.44189453125;
20:05:34;19.0;1573329935;100.307;19.187607031105912;0.5089550936632867;-0.47119140625;
20:05:35;20.0;1573329936;100.615;19.058015743500025;0.5055176589787804;-0.46875;
20:05:36;21.0;1573329937;100.901;17.632511579835278;0.46770587744921155;-0.44189453125;
20:05:37;22.0;1573329939;100.901;19.187607031105912;0.5089550936632867;-0.47119140625;
20:05:38;23.0;1573329940;101.1;19.187607031105912;0.5089550936632867;-0.47119140625;
20:05:39;24.0;1573329940;100.791;19.058015743500025;0.5055176589787804;-0.46875;
20:05:40;25.0;1573329941;100.615;19.187607031105912;0.5089550936632867;-0.47119140625;
20:05:41;26.0;1573329943;100.879;19.317198318711796;0.5123925283477929;-0.4736328125;
20:05:42;27.0;1573329944;100.637;19.187607031105912;0.5089550936632867;-0.47119140625;
20:05:43;28.0;1573329945;100.615;19.187607031105912;0.5089550936632867;-0.47119140625;
20:05:44;29.0;1573329945;100.219;19.058015743500025;0.5055176589787804;-0.46875;
20:05:45;30.0;1573329946;99.651;19.187607031105912;0.5089550936632867;-0.47119140625;
20:05:46;31.0;1573329948;100.241;19.187607031105912;0.5089550936632867;-0.47119140625;
20:05:47;32.0;1573329949;100.526;19.187607031105912;0.5089550936632867;-0.47119140625;
20:05:48;33.0;1573329950;101.411;18.79883316828825;0.4986427896097679;-0.4638671875;
20:05:49;34.0;1573329951;101.411;19.187607031105912;0.5089550936632867;-0.47119140625;
20:05:50;35.0;1573329951;100.769;19.187607031105912;0.5089550936632867;-0.47119140625;
20:05:51;36.0;1573329953;101.078;18.669241880682367;0.4952053549252617;-0.46142578125;
20:05:52;37.0;1573329954;100.241;18.669241880682367;0.4952053549252617;-0.46142578125;
20:05:53;38.0;1573329955;100.439;19.187607031105912;0.5089550936632867;-0.47119140625;
20:05:54;39.0;1573329956;100.482;19.187607031105912;0.5089550936632867;-0.47119140625;
20:05:55;40.0;1573329957;100.285;19.187607031105912;0.5089550936632867;-0.47119140625;
20:05:56;41.0;1573329958;100.329;19.187607031105912;0.5089550936632867;-0.47119140625;
20:05:58;43.0;1573329959;100.088;19.058015743500025;0.5055176589787804;-0.46875;
20:05:59;44.0;1573329960;100.439;19.058015743500025;0.5055176589787804;-0.46875;
20:06:00;45.0;1573329961;100.109;21.909024070829524;0.5811412220379184;-0.5224609375;
20:06:01;46.0;1573329962;100.285;18.669241880682367;0.4952053549252617;-0.46142578125;
20:06:02;47.0;1573329963;100.0;19.187607031105912;0.5089550936632867;-0.47119140625;
20:06:03;48.0;1573329964;100.219;19.187607031105912;0.5089550936632867;-0.47119140625;
20:06:04;49.0;1573329965;100.197;19.187607031105912;0.5089550936632867;-0.47119140625;
20:06:05;50.0;1573329966;99.934;18.79883316828825;0.4986427896097679;-0.4638671875;
20:06:06;51.0;1573329967;100.197;19.058015743500025;0.5055176589787804;-0.46875;
20:06:07;52.0;1573329968;100.0;18.79883316828825;0.4986427896097679;-0.4638671875;
20:06:08;53.0;1573329969;100.241;19.058015743500025;0.5055176589787804;-0.46875;
20:06:09;54.0;1573329970;100.285;18.92842445589414;0.5020802242942742;-0.46630859375;
20:06:10;55.0;1573329971;100.373;19.187607031105912;0.5089550936632867;-0.47119140625;
20:06:11;56.0;1573329972;100.044;18.92842445589414;0.5020802242942742;-0.46630859375;
20:06:12;57.0;1573329973;99.782;19.317198318711796;0.5123925283477929;-0.4736328125;
20:06:13;58.0;1573329974;99.803;19.058015743500025;0.5055176589787804;-0.46875;
20:06:14;59.0;1573329975;99.738;19.187607031105912;0.5089550936632867;-0.47119140625;
20:06:15;60.0;1573329976;100.241;19.83556346913534;0.526142267085818;-0.4833984375;
20:06:16;61.0;1573329977;100.241;18.92842445589414;0.5020802242942742;-0.46630859375;
20:06:17;62.0;1573329978;100.197;20.742702482376544;0.5502043098773619;-0.50048828125;
20:06:18;63.0;1573329979;99.934;19.058015743500025;0.5055176589787804;-0.46875;
20:06:19;64.0;1573329980;99.716;19.187607031105912;0.5089550936632867;-0.47119140625;
20:06:20;65.0;1573329981;100.022;19.187607031105912;0.5089550936632867;-0.47119140625;
20:06:21;66.0;1573329982;100.548;19.187607031105912;0.5089550936632867;-0.47119140625;
20:06:22;67.0;1573329983;100.526;19.058015743500025;0.5055176589787804;-0.46875;
20:06:23;68.0;1573329984;100.548;19.058015743500025;0.5055176589787804;-0.46875;
20:06:24;69.0;1573329985;100.197;19.187607031105912;0.5089550936632867;-0.47119140625;
20:06:25;70.0;1573329986;99.694;19.058015743500025;0.5055176589787804;-0.46875;
20:06:26;71.0;1573329987;99.934;18.92842445589414;0.5020802242942742;-0.46630859375;
20:06:27;72.0;1573329989;99.869;19.317198318711796;0.5123925283477929;-0.4736328125;
20:06:28;73.0;1573329989;99.913;19.058015743500025;0.5055176589787804;-0.46875;
20:06:29;74.0;1573329990;100.153;19.058015743500025;0.5055176589787804;-0.46875;
20:06:30;75.0;1573329991;100.175;19.058015743500025;0.5055176589787804;-0.46875;
20:06:31;76.0;1573329993;100.219;19.446789606317687;0.5158299630322993;-0.47607421875;
20:06:32;77.0;1573329993;100.504;18.280468017864706;0.48489305087174284;-0.4541015625;
20:06:33;78.0;1573329994;100.791;19.96515475674123;0.5295797017703244;-0.48583984375;
20:06:34;79.0;1573329995;101.411;19.187607031105912;0.5089550936632867;-0.47119140625;
20:06:35;80.0;1573329996;101.012;19.058015743500025;0.5055176589787804;-0.46875;
20:06:36;81.0;1573329998;100.968;18.669241880682367;0.4952053549252617;-0.46142578125;
20:06:37;82.0;1573329999;100.747;18.280468017864706;0.48489305087174284;-0.4541015625;
20:06:38;83.0;1573329999;100.461;18.92842445589414;0.5020802242942742;-0.46630859375;
20:06:39;84.0;1573330000;101.123;19.058015743500025;0.5055176589787804;-0.46875;
20:06:40;85.0;1573330001;100.901;19.058015743500025;0.5055176589787804;-0.46875;
20:06:41;86.0;1573330003;101.167;19.187607031105912;0.5089550936632867;-0.47119140625;
20:06:42;87.0;1573330004;101.389;19.446789606317687;0.5158299630322993;-0.47607421875;
20:06:43;88.0;1573330005;100.857;19.317198318711796;0.5123925283477929;-0.4736328125;
20:06:44;89.0;1573330005;101.123;19.058015743500025;0.5055176589787804;-0.46875;
20:06:45;90.0;1573330006;101.145;19.57638089392357;0.5192673977168055;-0.478515625;
20:06:46;91.0;1573330008;100.857;19.187607031105912;0.5089550936632867;-0.47119140625;
20:06:47;92.0;1573330009;101.056;19.187607031105912;0.5089550936632867;-0.47119140625;
20:06:48;93.0;1573330010;101.344;19.058015743500025;0.5055176589787804;-0.46875;
20:06:49;94.0;1573330010;100.439;19.446789606317687;0.5158299630322993;-0.47607421875;
20:06:50;95.0;1573330012;100.175;19.83556346913534;0.526142267085818;-0.4833984375;
20:06:51;96.0;1573330013;100.219;19.058015743500025;0.5055176589787804;-0.46875;
20:06:52;97.0;1573330014;99.673;19.83556346913534;0.526142267085818;-0.4833984375;
20:06:53;98.0;1573330015;99.934;19.058015743500025;0.5055176589787804;-0.46875;
20:06:54;99.0;1573330016;100.769;19.187607031105912;0.5089550936632867;-0.47119140625;
20:06:55;100.0;1573330016;101.344;19.317198318711796;0.5123925283477929;-0.4736328125;
20:06:56;101.0;1573330018;101.611;19.187607031105912;0.5089550936632867;-0.47119140625;
20:06:57;102.0;1573330019;101.589;18.92842445589414;0.5020802242942742;-0.46630859375;
20:06:58;103.0;1573330020;100.747;19.317198318711796;0.5123925283477929;-0.4736328125;
20:06:59;104.0;1573330021;99.585;19.187607031105912;0.5089550936632867;-0.47119140625;
20:07:00;105.0;1573330022;99.607;19.187607031105912;0.5089550936632867;-0.47119140625;
20:07:02;107.0;1573330023;99.673;19.317198318711796;0.5123925283477929;-0.4736328125;
20:07:03;108.0;1573330024;99.716;18.92842445589414;0.5020802242942742;-0.46630859375;
20:07:04;109.0;1573330025;100.681;19.83556346913534;0.526142267085818;-0.4833984375;
20:07:05;110.0;1573330026;100.461;19.57638089392357;0.5192673977168055;-0.478515625;
20:07:06;111.0;1573330027;100.395;19.317198318711796;0.5123925283477929;-0.4736328125;
20:07:07;112.0;1573330028;100.879;19.187607031105912;0.5089550936632867;-0.47119140625;
20:07:08;113.0;1573330029;100.439;20.094746044347115;0.5330171364548306;-0.48828125;
20:07:09;114.0;1573330030;100.615;19.187607031105912;0.5089550936632867;-0.47119140625;
20:07:10;115.0;1573330031;100.923;19.187607031105912;0.5089550936632867;-0.47119140625;
20:07:11;116.0;1573330032;100.747;19.187607031105912;0.5089550936632867;-0.47119140625;
20:07:12;117.0;1573330033;101.123;19.187607031105912;0.5089550936632867;-0.47119140625;
20:07:13;118.0;1573330034;101.411;19.187607031105912;0.5089550936632867;-0.47119140625;
20:07:14;119.0;1573330035;102.013;18.79883316828825;0.4986427896097679;-0.4638671875;
20:07:15;120.0;1573330036;101.678;19.317198318711796;0.5123925283477929;-0.4736328125;
20:07:16;121.0;1573330037;101.389;19.705972181529457;0.5227048324013118;-0.48095703125;
20:07:17;122.0;1573330038;100.901;19.187607031105912;0.5089550936632867;-0.47119140625;
20:07:18;123.0;1573330039;100.044;19.058015743500025;0.5055176589787804;-0.46875;
20:07:19;124.0;1573330040;100.066;19.187607031105912;0.5089550936632867;-0.47119140625;
20:07:20;125.0;1573330041;100.0;18.79883316828825;0.4986427896097679;-0.4638671875;
20:07:21;126.0;1573330042;100.285;19.187607031105912;0.5089550936632867;-0.47119140625;
20:07:22;127.0;1573330043;100.615;19.058015743500025;0.5055176589787804;-0.46875;
20:07:23;128.0;1573330044;100.857;19.187607031105912;0.5089550936632867;-0.47119140625;
20:07:24;129.0;1573330045;100.946;18.92842445589414;0.5020802242942742;-0.46630859375;
20:07:25;130.0;1573330046;100.835;19.187607031105912;0.5089550936632867;-0.47119140625;
20:07:26;131.0;1573330047;100.526;19.187607031105912;0.5089550936632867;-0.47119140625;
20:07:27;132.0;1573330048;100.263;18.92842445589414;0.5020802242942742;-0.46630859375;
20:07:28;133.0;1573330049;99.891;16.72537256659407;0.44364383465766766;-0.4248046875;
20:07:29;134.0;1573330050;99.629;19.058015743500025;0.5055176589787804;-0.46875;
20:07:30;135.0;1573330051;99.259;19.187607031105912;0.5089550936632867;-0.47119140625;
20:07:32;137.0;1573330052;99.651;19.187607031105912;0.5089550936632867;-0.47119140625;
20:07:33;138.0;1573330054;99.716;19.187607031105912;0.5089550936632867;-0.47119140625;
20:07:34;139.0;1573330055;100.109;21.001885057588318;0.5570791792463744;-0.50537109375;
20:07:35;140.0;1573330056;99.803;18.92842445589414;0.5020802242942742;-0.46630859375;
20:07:36;141.0;1573330058;100.088;21.261067632800092;0.563954048615387;-0.51025390625;
20:07:37;142.0;1573330059;100.0;19.187607031105912;0.5089550936632867;-0.47119140625;
20:07:38;143.0;1573330059;100.482;19.058015743500025;0.5055176589787804;-0.46875;
20:07:39;144.0;1573330060;100.725;19.187607031105912;0.5089550936632867;-0.47119140625;
20:07:40;145.0;1573330061;100.769;19.187607031105912;0.5089550936632867;-0.47119140625;
20:07:41;146.0;1573330063;100.791;19.317198318711796;0.5123925283477929;-0.4736328125;
20:07:42;147.0;1573330064;100.263;19.317198318711796;0.5123925283477929;-0.4736328125;
20:07:43;148.0;1573330064;99.956;17.243737717017616;0.4573935733956927;-0.4345703125;
20:07:44;149.0;1573330065;100.241;14.651911964899888;0.38864487970556727;-0.3857421875;
20:07:45;150.0;1573330067;100.526;19.187607031105912;0.5089550936632867;-0.47119140625;
20:07:46;151.0;1573330068;100.857;19.187607031105912;0.5089550936632867;-0.47119140625;
20:07:47;152.0;1573330069;100.879;19.058015743500025;0.5055176589787804;-0.46875;
20:07:48;153.0;1573330069;100.263;19.187607031105912;0.5089550936632867;-0.47119140625;
20:07:49;154.0;1573330070;99.913;20.872293769982434;0.5536417445618682;-0.5029296875;
20:07:50;155.0;1573330072;99.847;20.224337331953002;0.5364545711393369;-0.49072265625;
20:07:51;156.0;1573330073;100.197;19.058015743500025;0.5055176589787804;-0.46875;
20:07:52;157.0;1573330074;100.395;20.224337331953002;0.5364545711393369;-0.49072265625;
20:07:53;158.0;1573330074;100.813;19.96515475674123;0.5295797017703244;-0.48583984375;
20:07:54;159.0;1573330076;101.145;21.131476345194205;0.5605166139308807;-0.5078125;
20:07:55;160.0;1573330077;100.769;19.058015743500025;0.5055176589787804;-0.46875;
20:07:56;161.0;1573330078;100.835;18.79883316828825;0.4986427896097679;-0.4638671875;
20:07:57;162.0;1573330079;100.747;19.317198318711796;0.5123925283477929;-0.4736328125;
20:07:58;163.0;1573330079;100.482;19.187607031105912;0.5089550936632867;-0.47119140625;
20:07:59;164.0;1573330081;100.461;19.317198318711796;0.5123925283477929;-0.4736328125;
20:08:00;165.0;1573330082;100.439;15.170277115323435;0.4023946184435924;-0.3955078125;
20:08:01;166.0;1573330083;100.482;19.317198318711796;0.5123925283477929;-0.4736328125;
20:08:02;167.0;1573330084;100.417;19.317198318711796;0.5123925283477929;-0.4736328125;
20:08:03;168.0;1573330085;100.439;19.058015743500025;0.5055176589787804;-0.46875;
20:08:04;169.0;1573330086;100.461;19.058015743500025;0.5055176589787804;-0.46875;
20:08:06;171.0;1573330087;100.461;21.001885057588318;0.5570791792463744;-0.50537109375;
20:08:07;172.0;1573330088;100.526;19.317198318711796;0.5123925283477929;-0.4736328125;
20:08:08;173.0;1573330089;100.548;19.83556346913534;0.526142267085818;-0.4833984375;
20:08:09;174.0;1573330090;100.615;19.058015743500025;0.5055176589787804;-0.46875;
20:08:10;175.0;1573330091;100.857;19.187607031105912;0.5089550936632867;-0.47119140625;
20:08:11;176.0;1573330092;101.145;19.187607031105912;0.5089550936632867;-0.47119140625;
20:08:12;177.0;1573330093;101.455;19.187607031105912;0.5089550936632867;-0.47119140625;
20:08:13;178.0;1573330094;101.723;19.058015743500025;0.5055176589787804;-0.46875;
20:08:14;179.0;1573330095;101.567;19.446789606317687;0.5158299630322993;-0.47607421875;
20:08:15;180.0;1573330096;101.3;19.317198318711796;0.5123925283477929;-0.4736328125;
20:08:16;181.0;1573330097;101.278;19.058015743500025;0.5055176589787804;-0.46875;
20:08:17;182.0;1573330098;100.946;19.058015743500025;0.5055176589787804;-0.46875;
20:08:18;183.0;1573330099;100.901;19.187607031105912;0.5089550936632867;-0.47119140625;
20:08:19;184.0;1573330100;101.189;19.446789606317687;0.5158299630322993;-0.47607421875;
20:08:20;185.0;1573330101;101.211;19.187607031105912;0.5089550936632867;-0.47119140625;
20:08:21;186.0;1573330102;101.5;19.058015743500025;0.5055176589787804;-0.46875;
20:08:22;187.0;1573330103;101.433;19.57638089392357;0.5192673977168055;-0.478515625;
20:08:23;188.0;1573330104;101.145;19.187607031105912;0.5089550936632867;-0.47119140625;
20:08:24;189.0;1573330105;101.167;19.705972181529457;0.5227048324013118;-0.48095703125;
20:08:25;190.0;1573330106;100.901;19.446789606317687;0.5158299630322993;-0.47607421875;
20:08:26;191.0;1573330107;100.637;19.187607031105912;0.5089550936632867;-0.47119140625;
20:08:27;192.0;1573330108;100.548;19.187607031105912;0.5089550936632867;-0.47119140625;
20:08:28;193.0;1573330109;100.461;19.187607031105912;0.5089550936632867;-0.47119140625;
20:08:29;194.0;1573330110;100.175;19.187607031105912;0.5089550936632867;-0.47119140625;
20:08:31;196.0;1573330111;100.482;18.79883316828825;0.4986427896097679;-0.4638671875;
20:08:32;197.0;1573330113;100.747;19.187607031105912;0.5089550936632867;-0.47119140625;
20:08:33;198.0;1573330114;100.725;19.96515475674123;0.5295797017703244;-0.48583984375;
20:08:34;199.0;1573330115;100.351;17.243737717017616;0.4573935733956927;-0.4345703125;
20:08:35;200.0;1573330116;101.3;19.058015743500025;0.5055176589787804;-0.46875;
20:08:36;201.0;1573330118;101.389;19.317198318711796;0.5123925283477929;-0.4736328125;
20:08:37;202.0;1573330118;101.367;19.317198318711796;0.5123925283477929;-0.4736328125;
20:08:38;203.0;1573330119;101.411;19.187607031105912;0.5089550936632867;-0.47119140625;
20:08:39;204.0;1573330120;100.901;19.058015743500025;0.5055176589787804;-0.46875;
20:08:40;205.0;1573330121;100.066;19.058015743500025;0.5055176589787804;-0.46875;
20:08:41;206.0;1573330123;100.593;19.57638089392357;0.5192673977168055;-0.478515625;
20:08:42;207.0;1573330124;100.066;19.187607031105912;0.5089550936632867;-0.47119140625;
20:08:43;208.0;1573330124;99.934;18.92842445589414;0.5020802242942742;-0.46630859375;
20:08:44;209.0;1573330125;100.153;19.187607031105912;0.5089550936632867;-0.47119140625;
20:08:45;210.0;1573330126;99.869;18.79883316828825;0.4986427896097679;-0.4638671875;
20:08:46;211.0;1573330127;99.825;19.187607031105912;0.5089550936632867;-0.47119140625;
20:08:47;212.0;1573330129;100.088;19.058015743500025;0.5055176589787804;-0.46875;
20:08:48;213.0;1573330129;100.439;19.058015743500025;0.5055176589787804;-0.46875;
20:08:49;214.0;1573330130;100.835;19.187607031105912;0.5089550936632867;-0.47119140625;
20:08:50;215.0;1573330131;101.745;18.53965059307648;0.4917679202407554;-0.458984375;
20:08:51;216.0;1573330133;102.125;19.317198318711796;0.5123925283477929;-0.4736328125;
20:08:52;217.0;1573330134;101.767;19.058015743500025;0.5055176589787804;-0.46875;
20:08:53;218.0;1573330135;101.189;19.187607031105912;0.5089550936632867;-0.47119140625;
20:08:54;219.0;1573330135;100.901;19.187607031105912;0.5089550936632867;-0.47119140625;
20:08:55;220.0;1573330136;100.307;19.058015743500025;0.5055176589787804;-0.46875;
20:08:56;221.0;1573330138;100.329;19.317198318711796;0.5123925283477929;-0.4736328125;
20:08:57;222.0;1573330139;100.57;20.872293769982434;0.5536417445618682;-0.5029296875;
20:08:58;223.0;1573330140;100.219;19.058015743500025;0.5055176589787804;-0.46875;
20:08:59;224.0;1573330140;100.197;19.058015743500025;0.5055176589787804;-0.46875;
20:09:00;225.0;1573330142;100.526;19.058015743500025;0.5055176589787804;-0.46875;
20:09:01;226.0;1573330143;100.504;19.058015743500025;0.5055176589787804;-0.46875;
20:09:02;227.0;1573330144;100.526;19.187607031105912;0.5089550936632867;-0.47119140625;
20:09:03;228.0;1573330145;100.241;18.150876730258823;0.48145561618723665;-0.45166015625;
20:09:04;229.0;1573330146;100.197;18.53965059307648;0.4917679202407554;-0.458984375;
20:09:05;230.0;1573330147;100.197;19.058015743500025;0.5055176589787804;-0.46875;
20:09:06;231.0;1573330148;100.461;18.92842445589414;0.5020802242942742;-0.46630859375;
20:09:07;232.0;1573330149;100.131;19.187607031105912;0.5089550936632867;-0.47119140625;
20:09:08;233.0;1573330150;100.197;18.92842445589414;0.5020802242942742;-0.46630859375;
20:09:10;235.0;1573330151;100.175;19.058015743500025;0.5055176589787804;-0.46875;
20:09:11;236.0;1573330152;99.869;21.131476345194205;0.5605166139308807;-0.5078125;
20:09:12;237.0;1573330153;100.175;19.058015743500025;0.5055176589787804;-0.46875;
20:09:13;238.0;1573330154;100.109;18.79883316828825;0.4986427896097679;-0.4638671875;
20:09:14;239.0;1573330155;99.869;18.410059305470593;0.48833048555624914;-0.45654296875;
20:09:15;240.0;1573330156;99.934;19.446789606317687;0.5158299630322993;-0.47607421875;
20:09:16;241.0;1573330157;99.694;20.61311119477066;0.5467668751928557;-0.498046875;
20:09:17;242.0;1573330158;99.694;19.317198318711796;0.5123925283477929;-0.4736328125;
20:09:18;243.0;1573330159;99.651;19.187607031105912;0.5089550936632867;-0.47119140625;
20:09:19;244.0;1573330160;99.956;19.317198318711796;0.5123925283477929;-0.4736328125;
20:09:20;245.0;1573330161;100.835;18.280468017864706;0.48489305087174284;-0.4541015625;
20:09:21;246.0;1573330162;100.285;19.187607031105912;0.5089550936632867;-0.47119140625;
20:09:22;247.0;1573330163;100.307;18.92842445589414;0.5020802242942742;-0.46630859375;
20:09:23;248.0;1573330164;100.351;19.187607031105912;0.5089550936632867;-0.47119140625;
20:09:24;249.0;1573330165;99.978;19.187607031105912;0.5089550936632867;-0.47119140625;
20:09:25;250.0;1573330166;100.461;19.058015743500025;0.5055176589787804;-0.46875;
20:09:26;251.0;1573330167;100.835;19.058015743500025;0.5055176589787804;-0.46875;
20:09:27;252.0;1573330168;100.131;19.187607031105912;0.5089550936632867;-0.47119140625;
20:09:28;253.0;1573330169;99.869;23.723302097311933;0.6292653076210062;-0.556640625;
20:09:30;255.0;1573330170;100.329;20.094746044347115;0.5330171364548306;-0.48828125;
20:09:31;256.0;1573330172;101.256;19.446789606317687;0.5158299630322993;-0.47607421875;
20:09:32;257.0;1573330173;101.522;19.187607031105912;0.5089550936632867;-0.47119140625;
20:09:33;258.0;1573330174;101.322;19.317198318711796;0.5123925283477929;-0.4736328125;
20:09:34;259.0;1573330175;100.504;19.57638089392357;0.5192673977168055;-0.478515625;
20:09:35;260.0;1573330176;99.934;19.058015743500025;0.5055176589787804;-0.46875;
20:09:36;261.0;1573330177;99.694;18.150876730258823;0.48145561618723665;-0.45166015625;
20:09:37;262.0;1573330178;99.847;19.317198318711796;0.5123925283477929;-0.4736328125;
20:09:38;263.0;1573330179;99.847;18.92842445589414;0.5020802242942742;-0.46630859375;
20:09:39;264.0;1573330180;100.088;19.187607031105912;0.5089550936632867;-0.47119140625;
20:09:40;265.0;1573330181;99.803;18.92842445589414;0.5020802242942742;-0.46630859375;
20:09:41;266.0;1573330182;99.346;19.187607031105912;0.5089550936632867;-0.47119140625;
20:09:42;267.0;1573330183;99.39;19.317198318711796;0.5123925283477929;-0.4736328125;
20:09:43;268.0;1573330184;99.455;19.058015743500025;0.5055176589787804;-0.46875;
20:09:44;269.0;1573330185;99.716;18.92842445589414;0.5020802242942742;-0.46630859375;
20:09:45;270.0;1573330186;100.285;19.187607031105912;0.5089550936632867;-0.47119140625;
20:09:46;271.0;1573330187;100.022;19.187607031105912;0.5089550936632867;-0.47119140625;
20:09:47;272.0;1573330189;99.978;21.131476345194205;0.5605166139308807;-0.5078125;
20:09:48;273.0;1573330189;99.694;21.779432783223637;0.5777037873534121;-0.52001953125;
20:09:49;274.0;1573330190;99.694;19.187607031105912;0.5089550936632867;-0.47119140625;
20:09:50;275.0;1573330191;99.978;18.92842445589414;0.5020802242942742;-0.46630859375;
20:09:51;276.0;1573330192;100.0;19.187607031105912;0.5089550936632867;-0.47119140625;
20:09:52;277.0;1573330194;100.285;17.632511579835278;0.46770587744921155;-0.44189453125;
20:09:53;278.0;1573330195;100.285;18.92842445589414;0.5020802242942742;-0.46630859375;
20:09:54;279.0;1573330195;100.197;15.68864226574698;0.41614435718161746;-0.4052734375;
20:09:55;280.0;1573330196;99.869;19.96515475674123;0.5295797017703244;-0.48583984375;
20:09:56;281.0;1573330198;100.131;19.187607031105912;0.5089550936632867;-0.47119140625;
20:09:57;282.0;1573330199;100.131;18.92842445589414;0.5020802242942742;-0.46630859375;
20:09:58;283.0;1573330200;100.439;19.317198318711796;0.5123925283477929;-0.4736328125;
20:09:59;284.0;1573330200;100.417;19.446789606317687;0.5158299630322993;-0.47607421875;
20:10:00;285.0;1573330201;100.175;18.79883316828825;0.4986427896097679;-0.4638671875;
20:10:01;286.0;1573330203;100.482;19.058015743500025;0.5055176589787804;-0.46875;
20:10:02;287.0;1573330204;100.197;19.446789606317687;0.5158299630322993;-0.47607421875;
20:10:03;288.0;1573330205;100.461;18.92842445589414;0.5020802242942742;-0.46630859375;
20:10:04;289.0;1573330205;100.439;18.79883316828825;0.4986427896097679;-0.4638671875;
20:10:05;290.0;1573330207;100.131;19.187607031105912;0.5089550936632867;-0.47119140625;
20:10:06;291.0;1573330208;100.131;18.280468017864706;0.48489305087174284;-0.4541015625;
20:10:07;292.0;1573330209;99.869;19.187607031105912;0.5089550936632867;-0.47119140625;
20:10:08;293.0;1573330210;100.548;19.058015743500025;0.5055176589787804;-0.46875;
20:10:09;294.0;1573330211;100.637;19.187607031105912;0.5089550936632867;-0.47119140625;
20:10:10;295.0;1573330212;100.946;19.058015743500025;0.5055176589787804;-0.46875;
20:10:11;296.0;1573330213;101.233;19.446789606317687;0.5158299630322993;-0.47607421875;
20:10:12;297.0;1573330214;100.57;18.669241880682367;0.4952053549252617;-0.46142578125;
20:10:14;299.0;1573330215;100.835;19.187607031105912;0.5089550936632867;-0.47119140625;
20:10:15;300.0;1573330216;100.901;19.317198318711796;0.5123925283477929;-0.4736328125;
20:10:16;301.0;1573330217;100.659;18.669241880682367;0.4952053549252617;-0.46142578125;
20:10:17;302.0;1573330218;100.923;18.79883316828825;0.4986427896097679;-0.4638671875;
20:10:18;303.0;1573330219;100.526;19.187607031105912;0.5089550936632867;-0.47119140625;
20:10:19;304.0;1573330220;100.417;18.92842445589414;0.5020802242942742;-0.46630859375;
20:10:20;305.0;1573330221;100.637;19.187607031105912;0.5089550936632867;-0.47119140625;
20:10:21;306.0;1573330222;100.659;19.187607031105912;0.5089550936632867;-0.47119140625;
20:10:22;307.0;1573330223;100.769;19.187607031105912;0.5089550936632867;-0.47119140625;
20:10:23;308.0;1573330224;100.482;19.317198318711796;0.5123925283477929;-0.4736328125;
20:10:24;309.0;1573330225;100.593;19.187607031105912;0.5089550936632867;-0.47119140625;
20:10:25;310.0;1573330226;100.615;17.89169415504705;0.47458074681822404;-0.44677734375;
20:10:26;311.0;1573330227;100.57;18.92842445589414;0.5020802242942742;-0.46630859375;
20:10:27;312.0;1573330228;100.548;18.79883316828825;0.4986427896097679;-0.4638671875;
20:10:28;313.0;1573330229;100.504;18.410059305470593;0.48833048555624914;-0.45654296875;
20:10:29;314.0;1573330229;100.131;19.187607031105912;0.5089550936632867;-0.47119140625;
20:10:30;315.0;1573330231;100.088;19.187607031105912;0.5089550936632867;-0.47119140625;
20:10:31;316.0;1573330232;100.439;19.187607031105912;0.5089550936632867;-0.47119140625;
20:10:32;317.0;1573330233;100.461;18.79883316828825;0.4986427896097679;-0.4638671875;
20:10:33;318.0;1573330234;100.219;19.187607031105912;0.5089550936632867;-0.47119140625;
20:10:34;319.0;1573330235;100.197;19.187607031105912;0.5089550936632867;-0.47119140625;
20:10:35;320.0;1573330236;100.175;20.483519907164776;0.5433294405083494;-0.49560546875;
20:10:36;321.0;1573330237;100.088;20.35392861955889;0.5398920058238432;-0.4931640625;
20:10:37;322.0;1573330238;100.373;18.92842445589414;0.5020802242942742;-0.46630859375;
20:10:38;323.0;1573330239;100.153;19.317198318711796;0.5123925283477929;-0.4736328125;
20:10:39;324.0;1573330240;99.869;19.058015743500025;0.5055176589787804;-0.46875;
20:10:40;325.0;1573330241;99.651;19.187607031105912;0.5089550936632867;-0.47119140625;
20:10:41;326.0;1573330242;99.651;16.984555141805842;0.45051870402668015;-0.4296875;
20:10:42;327.0;1573330243;99.934;19.058015743500025;0.5055176589787804;-0.46875;
20:10:43;328.0;1573330245;99.956;19.187607031105912;0.5089550936632867;-0.47119140625;
20:10:44;329.0;1573330245;99.956;19.187607031105912;0.5089550936632867;-0.47119140625;
20:10:45;330.0;1573330246;100.548;19.187607031105912;0.5089550936632867;-0.47119140625;
20:10:46;331.0;1573330247;100.197;18.79883316828825;0.4986427896097679;-0.4638671875;
20:10:47;332.0;1573330248;99.825;19.187607031105912;0.5089550936632867;-0.47119140625;
20:10:48;333.0;1573330249;100.373;19.187607031105912;0.5089550936632867;-0.47119140625;
20:10:49;334.0;1573330251;100.153;19.187607031105912;0.5089550936632867;-0.47119140625;
20:10:50;335.0;1573330251;100.439;19.187607031105912;0.5089550936632867;-0.47119140625;
20:10:51;336.0;1573330252;101.078;18.92842445589414;0.5020802242942742;-0.46630859375;
20:10:52;337.0;1573330253;100.504;19.058015743500025;0.5055176589787804;-0.46875;
20:10:53;338.0;1573330254;100.197;18.92842445589414;0.5020802242942742;-0.46630859375;
20:10:54;339.0;1573330255;99.978;18.92842445589414;0.5020802242942742;-0.46630859375;
20:10:55;340.0;1573330257;99.694;18.150876730258823;0.48145561618723665;-0.45166015625;
20:10:56;341.0;1573330258;99.433;19.058015743500025;0.5055176589787804;-0.46875;
20:10:57;342.0;1573330258;99.411;19.705972181529457;0.5227048324013118;-0.48095703125;
20:10:58;343.0;1573330259;99.086;19.187607031105912;0.5089550936632867;-0.47119140625;
20:10:59;344.0;1573330260;98.74;18.92842445589414;0.5020802242942742;-0.46630859375;
20:11:00;345.0;1573330261;99.585;19.705972181529457;0.5227048324013118;-0.48095703125;
20:11:01;346.0;1573330263;99.607;19.317198318711796;0.5123925283477929;-0.4736328125;
20:11:02;347.0;1573330264;100.197;19.57638089392357;0.5192673977168055;-0.478515625;
20:11:03;348.0;1573330265;100.548;18.53965059307648;0.4917679202407554;-0.458984375;
20:11:04;349.0;1573330265;100.351;19.187607031105912;0.5089550936632867;-0.47119140625;
20:11:05;350.0;1573330266;100.615;19.705972181529457;0.5227048324013118;-0.48095703125;
20:11:06;351.0;1573330268;100.351;20.094746044347115;0.5330171364548306;-0.48828125;
20:11:07;352.0;1573330269;100.659;19.317198318711796;0.5123925283477929;-0.4736328125;
20:11:08;353.0;1573330270;100.57;19.058015743500025;0.5055176589787804;-0.46875;
20:11:09;354.0;1573330271;99.956;18.92842445589414;0.5020802242942742;-0.46630859375;
20:11:10;355.0;1573330272;100.219;19.317198318711796;0.5123925283477929;-0.4736328125;
20:11:11;356.0;1573330273;99.869;19.187607031105912;0.5089550936632867;-0.47119140625;
20:11:12;357.0;1573330273;99.52;19.058015743500025;0.5055176589787804;-0.46875;
20:11:13;358.0;1573330275;99.869;18.92842445589414;0.5020802242942742;-0.46630859375;
20:11:14;359.0;1573330276;100.197;19.187607031105912;0.5089550936632867;-0.47119140625;
20:11:15;360.0;1573330277;100.504;19.187607031105912;0.5089550936632867;-0.47119140625;
20:11:16;361.0;1573330278;100.307;18.92842445589414;0.5020802242942742;-0.46630859375;
20:11:17;362.0;1573330279;100.548;19.187607031105912;0.5089550936632867;-0.47119140625;
20:11:19;364.0;1573330280;100.197;19.705972181529457;0.5227048324013118;-0.48095703125;
20:11:20;365.0;1573330281;99.934;20.094746044347115;0.5330171364548306;-0.48828125;
20:11:21;366.0;1573330282;100.175;18.669241880682367;0.4952053549252617;-0.46142578125;
20:11:22;367.0;1573330283;99.891;18.92842445589414;0.5020802242942742;-0.46630859375;
20:11:23;368.0;1573330284;99.325;21.261067632800092;0.563954048615387;-0.51025390625;
20:11:24;369.0;1573330285;99.368;19.058015743500025;0.5055176589787804;-0.46875;
20:11:25;370.0;1573330286;99.477;19.058015743500025;0.5055176589787804;-0.46875;
20:11:26;371.0;1573330287;99.716;19.187607031105912;0.5089550936632867;-0.47119140625;
20:11:28;373.0;1573330288;100.307;19.187607031105912;0.5089550936632867;-0.47119140625;
20:11:29;374.0;1573330290;99.956;18.79883316828825;0.4986427896097679;-0.4638671875;
20:11:30;375.0;1573330291;99.673;18.92842445589414;0.5020802242942742;-0.46630859375;
20:11:31;376.0;1573330292;99.0;19.317198318711796;0.5123925283477929;-0.4736328125;
20:11:32;377.0;1573330293;99.216;18.79883316828825;0.4986427896097679;-0.4638671875;
20:11:33;378.0;1573330294;99.173;19.058015743500025;0.5055176589787804;-0.46875;
20:11:34;379.0;1573330295;99.498;19.187607031105912;0.5089550936632867;-0.47119140625;
20:11:35;380.0;1573330296;100.439;18.669241880682367;0.4952053549252617;-0.46142578125;
20:11:36;381.0;1573330297;100.219;18.92842445589414;0.5020802242942742;-0.46630859375;
20:11:37;382.0;1573330298;100.219;20.224337331953002;0.5364545711393369;-0.49072265625;
20:11:38;383.0;1573330299;99.869;20.872293769982434;0.5536417445618682;-0.5029296875;
20:11:39;384.0;1573330300;99.325;19.57638089392357;0.5192673977168055;-0.478515625;
20:11:40;385.0;1573330301;99.585;19.058015743500025;0.5055176589787804;-0.46875;
20:11:41;386.0;1573330302;99.913;19.187607031105912;0.5089550936632867;-0.47119140625;
20:11:42;387.0;1573330303;100.044;19.058015743500025;0.5055176589787804;-0.46875;
20:11:43;388.0;1573330304;99.978;19.187607031105912;0.5089550936632867;-0.47119140625;
20:11:44;389.0;1573330305;99.913;13.22640780123514;0.3508330981759984;-0.35888671875;
20:11:45;390.0;1573330306;100.131;18.92842445589414;0.5020802242942742;-0.46630859375;
20:11:46;391.0;1573330307;100.329;18.53965059307648;0.4917679202407554;-0.458984375;
20:11:47;392.0;1573330308;100.637;19.058015743500025;0.5055176589787804;-0.46875;
20:11:48;393.0;1573330309;100.417;19.187607031105912;0.5089550936632867;-0.47119140625;
20:11:49;394.0;1573330310;100.526;19.187607031105912;0.5089550936632867;-0.47119140625;
20:11:50;395.0;1573330311;100.263;18.92842445589414;0.5020802242942742;-0.46630859375;
20:11:51;396.0;1573330312;100.504;19.446789606317687;0.5158299630322993;-0.47607421875;
20:11:52;397.0;1573330313;101.1;19.57638089392357;0.5192673977168055;-0.478515625;
20:11:53;398.0;1573330314;100.461;19.058015743500025;0.5055176589787804;-0.46875;
20:11:54;399.0;1573330316;100.482;19.705972181529457;0.5227048324013118;-0.48095703125;
20:11:55;400.0;1573330317;100.219;18.92842445589414;0.5020802242942742;-0.46630859375;
20:11:56;401.0;1573330318;99.869;19.317198318711796;0.5123925283477929;-0.4736328125;
20:11:57;402.0;1573330318;100.109;18.92842445589414;0.5020802242942742;-0.46630859375;
20:11:58;403.0;1573330319;100.373;19.187607031105912;0.5089550936632867;-0.47119140625;
20:11:59;404.0;1573330320;100.109;19.187607031105912;0.5089550936632867;-0.47119140625;
20:12:00;405.0;1573330321;99.847;19.317198318711796;0.5123925283477929;-0.4736328125;
20:12:01;406.0;1573330322;99.869;18.021285442652935;0.47801818150273034;-0.44921875;
20:12:02;407.0;1573330324;99.564;19.317198318711796;0.5123925283477929;-0.4736328125;
20:12:03;408.0;1573330325;99.913;19.058015743500025;0.5055176589787804;-0.46875;
20:12:04;409.0;1573330326;100.0;19.058015743500025;0.5055176589787804;-0.46875;
20:12:05;410.0;1573330327;100.329;18.92842445589414;0.5020802242942742;-0.46630859375;
20:12:06;411.0;1573330328;100.417;18.79883316828825;0.4986427896097679;-0.4638671875;
20:12:07;412.0;1573330328;100.066;19.187607031105912;0.5089550936632867;-0.47119140625;
20:12:08;413.0;1573330329;100.0;19.058015743500025;0.5055176589787804;-0.46875;
20:12:09;414.0;1573330330;99.673;19.187607031105912;0.5089550936632867;-0.47119140625;
20:12:10;415.0;1573330332;99.303;20.483519907164776;0.5433294405083494;-0.49560546875;
20:12:11;416.0;1573330333;99.629;19.058015743500025;0.5055176589787804;-0.46875;
20:12:12;417.0;1573330334;100.219;18.92842445589414;0.5020802242942742;-0.46630859375;
20:12:13;418.0;1573330335;100.241;19.058015743500025;0.5055176589787804;-0.46875;
20:12:14;419.0;1573330336;100.791;19.187607031105912;0.5089550936632867;-0.47119140625;
20:12:15;420.0;1573330337;100.504;19.187607031105912;0.5089550936632867;-0.47119140625;
20:12:16;421.0;1573330338;100.197;18.92842445589414;0.5020802242942742;-0.46630859375;
20:12:17;422.0;1573330339;100.219;19.058015743500025;0.5055176589787804;-0.46875;
20:12:18;423.0;1573330340;100.0;18.79883316828825;0.4986427896097679;-0.4638671875;
20:12:19;424.0;1573330341;99.978;18.669241880682367;0.4952053549252617;-0.46142578125;
20:12:20;425.0;1573330342;100.044;18.79883316828825;0.4986427896097679;-0.4638671875;
20:12:21;426.0;1573330343;100.373;19.058015743500025;0.5055176589787804;-0.46875;
20:12:23;428.0;1573330344;100.373;19.187607031105912;0.5089550936632867;-0.47119140625;
20:12:24;429.0;1573330345;100.307;18.92842445589414;0.5020802242942742;-0.46630859375;
20:12:25;430.0;1573330346;99.913;20.61311119477066;0.5467668751928557;-0.498046875;
20:12:26;431.0;1573330347;99.782;19.317198318711796;0.5123925283477929;-0.4736328125;
20:12:27;432.0;1573330347;99.738;19.187607031105912;0.5089550936632867;-0.47119140625;
20:12:28;433.0;1573330349;99.782;18.92842445589414;0.5020802242942742;-0.46630859375;
20:12:29;434.0;1573330350;100.109;19.187607031105912;0.5089550936632867;-0.47119140625;
20:12:30;435.0;1573330351;99.891;19.187607031105912;0.5089550936632867;-0.47119140625;
20:12:31;436.0;1573330352;100.197;19.187607031105912;0.5089550936632867;-0.47119140625;
20:12:32;437.0;1573330353;100.153;18.669241880682367;0.4952053549252617;-0.46142578125;
20:12:33;438.0;1573330354;99.913;17.89169415504705;0.47458074681822404;-0.44677734375;
20:12:34;439.0;1573330355;99.869;19.187607031105912;0.5089550936632867;-0.47119140625;
20:12:35;440.0;1573330356;99.281;18.79883316828825;0.4986427896097679;-0.4638671875;
20:12:36;441.0;1573330357;99.281;18.92842445589414;0.5020802242942742;-0.46630859375;
20:12:37;442.0;1573330358;99.216;18.92842445589414;0.5020802242942742;-0.46630859375;
20:12:38;443.0;1573330359;99.238;18.92842445589414;0.5020802242942742;-0.46630859375;
20:12:39;444.0;1573330360;99.847;19.058015743500025;0.5055176589787804;-0.46875;
20:12:40;445.0;1573330361;99.607;19.446789606317687;0.5158299630322993;-0.47607421875;
20:12:41;446.0;1573330362;99.978;18.92842445589414;0.5020802242942742;-0.46630859375;
20:12:42;447.0;1573330363;99.76;19.058015743500025;0.5055176589787804;-0.46875;
20:12:43;448.0;1573330364;99.76;19.705972181529457;0.5227048324013118;-0.48095703125;
20:12:44;449.0;1573330365;99.782;19.96515475674123;0.5295797017703244;-0.48583984375;
20:12:45;450.0;1573330366;99.498;19.058015743500025;0.5055176589787804;-0.46875;
20:12:46;451.0;1573330367;99.477;19.187607031105912;0.5089550936632867;-0.47119140625;
20:12:47;452.0;1573330368;99.173;19.317198318711796;0.5123925283477929;-0.4736328125;
20:12:48;453.0;1573330369;99.346;19.058015743500025;0.5055176589787804;-0.46875;
20:12:49;454.0;1573330370;99.542;17.89169415504705;0.47458074681822404;-0.44677734375;
20:12:50;455.0;1573330371;99.782;18.669241880682367;0.4952053549252617;-0.46142578125;
20:12:51;456.0;1573330372;99.716;18.150876730258823;0.48145561618723665;-0.45166015625;
20:12:52;457.0;1573330373;100.351;19.317198318711796;0.5123925283477929;-0.4736328125;
20:12:53;458.0;1573330374;100.395;19.187607031105912;0.5089550936632867;-0.47119140625;
20:12:54;459.0;1573330375;100.681;19.83556346913534;0.526142267085818;-0.4833984375;
20:12:55;460.0;1573330377;100.791;19.187607031105912;0.5089550936632867;-0.47119140625;
20:12:56;461.0;1573330377;100.241;18.92842445589414;0.5020802242942742;-0.46630859375;
20:12:57;462.0;1573330378;99.629;18.92842445589414;0.5020802242942742;-0.46630859375;
20:12:58;463.0;1573330379;99.651;18.92842445589414;0.5020802242942742;-0.46630859375;
20:12:59;464.0;1573330380;99.607;20.224337331953002;0.5364545711393369;-0.49072265625;
20:13:00;465.0;1573330381;99.673;18.79883316828825;0.4986427896097679;-0.4638671875;
20:13:01;466.0;1573330382;100.0;19.317198318711796;0.5123925283477929;-0.4736328125;
20:13:02;467.0;1573330384;99.368;19.058015743500025;0.5055176589787804;-0.46875;
20:13:03;468.0;1573330385;99.368;19.058015743500025;0.5055176589787804;-0.46875;
20:13:04;469.0;1573330386;99.021;19.058015743500025;0.5055176589787804;-0.46875;
20:13:05;470.0;1573330386;99.564;19.446789606317687;0.5158299630322993;-0.47607421875;
20:13:06;471.0;1573330387;99.585;19.058015743500025;0.5055176589787804;-0.46875;
20:13:07;472.0;1573330388;99.325;19.187607031105912;0.5089550936632867;-0.47119140625;
20:13:08;473.0;1573330389;99.607;18.410059305470593;0.48833048555624914;-0.45654296875;
20:13:09;474.0;1573330391;99.064;18.021285442652935;0.47801818150273034;-0.44921875;
20:13:10;475.0;1573330392;99.651;19.058015743500025;0.5055176589787804;-0.46875;
20:13:11;476.0;1573330393;99.368;19.058015743500025;0.5055176589787804;-0.46875;
20:13:12;477.0;1573330394;99.673;19.187607031105912;0.5089550936632867;-0.47119140625;
20:13:13;478.0;1573330395;99.651;18.410059305470593;0.48833048555624914;-0.45654296875;
20:13:14;479.0;1573330396;99.891;19.058015743500025;0.5055176589787804;-0.46875;
20:13:15;480.0;1573330396;100.351;19.058015743500025;0.5055176589787804;-0.46875;
20:13:16;481.0;1573330397;99.825;21.261067632800092;0.563954048615387;-0.51025390625;
20:13:17;482.0;1573330399;99.869;19.187607031105912;0.5089550936632867;-0.47119140625;
20:13:18;483.0;1573330400;99.673;19.058015743500025;0.5055176589787804;-0.46875;
20:13:19;484.0;1573330401;99.411;19.187607031105912;0.5089550936632867;-0.47119140625;
20:13:20;485.0;1573330402;99.281;19.058015743500025;0.5055176589787804;-0.46875;
20:13:21;486.0;1573330403;99.325;19.187607031105912;0.5089550936632867;-0.47119140625;
20:13:22;487.0;1573330404;99.346;19.187607031105912;0.5089550936632867;-0.47119140625;
20:13:23;488.0;1573330405;99.716;18.410059305470593;0.48833048555624914;-0.45654296875;
20:13:24;489.0;1573330406;100.681;19.187607031105912;0.5089550936632867;-0.47119140625;
20:13:25;490.0;1573330407;100.615;19.058015743500025;0.5055176589787804;-0.46875;
20:13:27;492.0;1573330408;100.285;19.187607031105912;0.5089550936632867;-0.47119140625;
20:13:28;493.0;1573330409;99.956;19.187607031105912;0.5089550936632867;-0.47119140625;
20:13:29;494.0;1573330410;99.346;19.058015743500025;0.5055176589787804;-0.46875;
20:13:30;495.0;1573330411;99.346;18.79883316828825;0.4986427896097679;-0.4638671875;
20:13:31;496.0;1573330412;99.043;19.058015743500025;0.5055176589787804;-0.46875;
20:13:32;497.0;1573330413;99.673;19.57638089392357;0.5192673977168055;-0.478515625;
20:13:33;498.0;1573330414;99.346;19.187607031105912;0.5089550936632867;-0.47119140625;
20:13:34;499.0;1573330415;99.259;19.187607031105912;0.5089550936632867;-0.47119140625;
20:13:35;500.0;1573330416;99.52;19.058015743500025;0.5055176589787804;-0.46875;
20:13:36;501.0;1573330417;99.498;19.187607031105912;0.5089550936632867;-0.47119140625;
20:13:37;502.0;1573330418;99.564;19.058015743500025;0.5055176589787804;-0.46875;
20:13:38;503.0;1573330419;99.934;19.187607031105912;0.5089550936632867;-0.47119140625;
20:13:39;504.0;1573330420;99.913;19.187607031105912;0.5089550936632867;-0.47119140625;
20:13:40;505.0;1573330421;99.629;18.79883316828825;0.4986427896097679;-0.4638671875;
20:13:41;506.0;1573330422;100.175;19.058015743500025;0.5055176589787804;-0.46875;
20:13:42;507.0;1573330423;99.978;19.187607031105912;0.5089550936632867;-0.47119140625;
20:13:43;508.0;1573330424;100.351;19.058015743500025;0.5055176589787804;-0.46875;
20:13:44;509.0;1573330425;100.615;19.317198318711796;0.5123925283477929;-0.4736328125;
20:13:45;510.0;1573330426;100.022;19.187607031105912;0.5089550936632867;-0.47119140625;
20:13:46;511.0;1573330427;99.956;19.187607031105912;0.5089550936632867;-0.47119140625;
20:13:47;512.0;1573330428;99.978;20.094746044347115;0.5330171364548306;-0.48828125;
20:13:48;513.0;1573330429;99.782;19.187607031105912;0.5089550936632867;-0.47119140625;
20:13:49;514.0;1573330430;100.044;19.058015743500025;0.5055176589787804;-0.46875;
20:13:50;515.0;1573330431;100.395;18.79883316828825;0.4986427896097679;-0.4638671875;
20:13:51;516.0;1573330432;100.109;19.187607031105912;0.5089550936632867;-0.47119140625;
20:13:52;517.0;1573330433;100.329;19.187607031105912;0.5089550936632867;-0.47119140625;
20:13:53;518.0;1573330434;100.088;19.446789606317687;0.5158299630322993;-0.47607421875;
20:13:54;519.0;1573330435;100.044;18.92842445589414;0.5020802242942742;-0.46630859375;
20:13:55;520.0;1573330436;99.738;19.187607031105912;0.5089550936632867;-0.47119140625;
20:13:56;521.0;1573330438;99.738;16.595781278988188;0.44020639997316147;-0.42236328125;
20:13:57;522.0;1573330438;99.76;18.150876730258823;0.48145561618723665;-0.45166015625;
20:13:58;523.0;1573330439;100.022;19.187607031105912;0.5089550936632867;-0.47119140625;
20:13:59;524.0;1573330440;99.694;19.058015743500025;0.5055176589787804;-0.46875;
20:14:00;525.0;1573330441;99.433;19.058015743500025;0.5055176589787804;-0.46875;
20:14:01;526.0;1573330442;99.129;19.187607031105912;0.5089550936632867;-0.47119140625;
20:14:02;527.0;1573330443;98.568;19.446789606317687;0.5158299630322993;-0.47607421875;
20:14:03;528.0;1573330444;99.129;18.92842445589414;0.5020802242942742;-0.46630859375;
20:14:04;529.0;1573330446;99.39;19.187607031105912;0.5089550936632867;-0.47119140625;
20:14:05;530.0;1573330447;100.307;19.058015743500025;0.5055176589787804;-0.46875;
20:14:06;531.0;1573330447;100.593;19.187607031105912;0.5089550936632867;-0.47119140625;
20:14:07;532.0;1573330448;100.946;18.92842445589414;0.5020802242942742;-0.46630859375;
20:14:08;533.0;1573330449;100.99;19.187607031105912;0.5089550936632867;-0.47119140625;
20:14:09;534.0;1573330450;101.189;18.150876730258823;0.48145561618723665;-0.45166015625;
20:14:10;535.0;1573330451;101.478;17.76210286744116;0.4711433121337178;-0.4443359375;
20:14:11;536.0;1573330452;100.857;18.79883316828825;0.4986427896097679;-0.4638671875;
20:14:12;537.0;1573330454;100.461;18.150876730258823;0.48145561618723665;-0.45166015625;
20:14:13;538.0;1573330455;99.956;18.92842445589414;0.5020802242942742;-0.46630859375;
20:14:14;539.0;1573330456;99.368;19.187607031105912;0.5089550936632867;-0.47119140625;
20:14:15;540.0;1573330457;99.629;19.187607031105912;0.5089550936632867;-0.47119140625;
20:14:16;541.0;1573330457;99.368;19.57638089392357;0.5192673977168055;-0.478515625;
20:14:17;542.0;1573330458;99.629;18.669241880682367;0.4952053549252617;-0.46142578125;
20:14:18;543.0;1573330459;99.585;19.446789606317687;0.5158299630322993;-0.47607421875;
20:14:19;544.0;1573330461;99.607;19.187607031105912;0.5089550936632867;-0.47119140625;
20:14:20;545.0;1573330462;99.913;19.187607031105912;0.5089550936632867;-0.47119140625;
20:14:21;546.0;1573330463;99.869;19.187607031105912;0.5089550936632867;-0.47119140625;
20:14:22;547.0;1573330464;99.629;19.058015743500025;0.5055176589787804;-0.46875;
20:14:23;548.0;1573330465;99.585;19.058015743500025;0.5055176589787804;-0.46875;
20:14:24;549.0;1573330465;99.607;19.317198318711796;0.5123925283477929;-0.4736328125;
20:14:25;550.0;1573330467;99.325;18.92842445589414;0.5020802242942742;-0.46630859375;
20:14:26;551.0;1573330467;99.629;19.187607031105912;0.5089550936632867;-0.47119140625;
20:14:27;552.0;1573330469;99.585;18.150876730258823;0.48145561618723665;-0.45166015625;
20:14:28;553.0;1573330470;99.564;18.669241880682367;0.4952053549252617;-0.46142578125;
20:14:29;554.0;1573330471;99.52;19.187607031105912;0.5089550936632867;-0.47119140625;
20:14:31;556.0;1573330472;99.455;18.92842445589414;0.5020802242942742;-0.46630859375;
20:14:32;557.0;1573330473;99.564;19.058015743500025;0.5055176589787804;-0.46875;
20:14:33;558.0;1573330474;99.216;19.058015743500025;0.5055176589787804;-0.46875;
20:14:34;559.0;1573330475;99.281;18.92842445589414;0.5020802242942742;-0.46630859375;
20:14:35;560.0;1573330476;99.346;19.058015743500025;0.5055176589787804;-0.46875;
20:14:36;561.0;1573330477;99.303;19.187607031105912;0.5089550936632867;-0.47119140625;
20:14:37;562.0;1573330478;99.651;19.705972181529457;0.5227048324013118;-0.48095703125;
20:14:38;563.0;1573330479;99.585;19.187607031105912;0.5089550936632867;-0.47119140625;
20:14:39;564.0;1573330480;99.542;21.520250208011863;0.5708289179843995;-0.51513671875;
20:14:40;565.0;1573330481;99.52;19.187607031105912;0.5089550936632867;-0.47119140625;
20:14:41;566.0;1573330482;99.52;17.76210286744116;0.4711433121337178;-0.4443359375;
20:14:42;567.0;1573330483;99.259;19.705972181529457;0.5227048324013118;-0.48095703125;
20:14:43;568.0;1573330484;99.564;19.187607031105912;0.5089550936632867;-0.47119140625;
20:14:44;569.0;1573330485;99.346;19.187607031105912;0.5089550936632867;-0.47119140625;
20:14:45;570.0;1573330486;99.325;19.705972181529457;0.5227048324013118;-0.48095703125;
20:14:46;571.0;1573330487;99.673;19.058015743500025;0.5055176589787804;-0.46875;
20:14:47;572.0;1573330488;99.368;19.446789606317687;0.5158299630322993;-0.47607421875;
20:14:48;573.0;1573330489;99.346;19.058015743500025;0.5055176589787804;-0.46875;
20:14:49;574.0;1573330490;99.108;19.058015743500025;0.5055176589787804;-0.46875;
20:14:50;575.0;1573330491;99.129;19.187607031105912;0.5089550936632867;-0.47119140625;
20:14:51;576.0;1573330492;99.151;19.058015743500025;0.5055176589787804;-0.46875;
20:14:52;577.0;1573330493;99.39;19.317198318711796;0.5123925283477929;-0.4736328125;
20:14:53;578.0;1573330494;99.651;19.187607031105912;0.5089550936632867;-0.47119140625;
20:14:54;579.0;1573330495;99.869;18.92842445589414;0.5020802242942742;-0.46630859375;
20:14:55;580.0;1573330496;99.564;19.187607031105912;0.5089550936632867;-0.47119140625;
20:14:56;581.0;1573330497;99.259;19.187607031105912;0.5089550936632867;-0.47119140625;
20:14:57;582.0;1573330498;98.956;19.058015743500025;0.5055176589787804;-0.46875;
20:14:58;583.0;1573330499;98.461;19.705972181529457;0.5227048324013118;-0.48095703125;
20:14:59;584.0;1573330500;98.719;19.058015743500025;0.5055176589787804;-0.46875;
20:15:00;585.0;1573330501;99.086;19.57638089392357;0.5192673977168055;-0.478515625;
20:15:01;586.0;1573330502;99.368;18.92842445589414;0.5020802242942742;-0.46630859375;
20:15:02;587.0;1573330503;99.281;18.92842445589414;0.5020802242942742;-0.46630859375;
20:15:03;588.0;1573330504;99.346;19.187607031105912;0.5089550936632867;-0.47119140625;
20:15:04;589.0;1573330505;99.281;18.669241880682367;0.4952053549252617;-0.46142578125;
20:15:05;590.0;1573330506;99.281;19.187607031105912;0.5089550936632867;-0.47119140625;
20:15:06;591.0;1573330507;99.956;19.187607031105912;0.5089550936632867;-0.47119140625;
20:15:07;592.0;1573330509;99.956;19.058015743500025;0.5055176589787804;-0.46875;
20:15:08;593.0;1573330510;100.593;18.79883316828825;0.4986427896097679;-0.4638671875;
20:15:09;594.0;1573330510;100.637;19.058015743500025;0.5055176589787804;-0.46875;
20:15:10;595.0;1573330511;100.241;23.33452823449427;0.6189530035674873;-0.54931640625;
20:15:11;596.0;1573330512;100.482;19.187607031105912;0.5089550936632867;-0.47119140625;
20:15:12;597.0;1573330513;100.219;19.187607031105912;0.5089550936632867;-0.47119140625;
20:15:13;598.0;1573330514;101.078;18.669241880682367;0.4952053549252617;-0.46142578125;
20:15:14;599.0;1573330516;100.835;19.187607031105912;0.5089550936632867;-0.47119140625;
20:15:15;600.0;1573330517;100.857;19.058015743500025;0.5055176589787804;-0.46875;
20:15:16;601.0;1573330518;100.791;18.92842445589414;0.5020802242942742;-0.46630859375;
20:15:17;602.0;1573330519;100.241;19.187607031105912;0.5089550936632867;-0.47119140625;
20:15:18;603.0;1573330520;100.548;19.187607031105912;0.5089550936632867;-0.47119140625;
20:15:19;604.0;1573330520;100.307;19.187607031105912;0.5089550936632867;-0.47119140625;
20:15:20;605.0;1573330521;100.022;19.187607031105912;0.5089550936632867;-0.47119140625;
20:15:21;606.0;1573330522;99.956;18.53965059307648;0.4917679202407554;-0.458984375;
20:15:22;607.0;1573330524;99.956;19.317198318711796;0.5123925283477929;-0.4736328125;
20:15:23;608.0;1573330524;100.197;19.187607031105912;0.5089550936632867;-0.47119140625;
20:15:24;609.0;1573330526;100.175;19.83556346913534;0.526142267085818;-0.4833984375;
20:15:25;610.0;1573330527;99.607;19.187607031105912;0.5089550936632867;-0.47119140625;
20:15:26;611.0;1573330528;99.564;19.187607031105912;0.5089550936632867;-0.47119140625;
20:15:27;612.0;1573330529;99.259;19.058015743500025;0.5055176589787804;-0.46875;
20:15:28;613.0;1573330530;99.869;19.187607031105912;0.5089550936632867;-0.47119140625;
20:15:29;614.0;1573330530;99.869;19.187607031105912;0.5089550936632867;-0.47119140625;
20:15:30;615.0;1573330532;99.629;18.79883316828825;0.4986427896097679;-0.4638671875;
20:15:31;616.0;1573330533;99.934;19.058015743500025;0.5055176589787804;-0.46875;
20:15:32;617.0;1573330534;99.086;18.92842445589414;0.5020802242942742;-0.46630859375;
20:15:33;618.0;1573330535;99.086;19.317198318711796;0.5123925283477929;-0.4736328125;
20:15:35;620.0;1573330536;99.0;19.187607031105912;0.5089550936632867;-0.47119140625;
20:15:36;621.0;1573330537;98.139;19.187607031105912;0.5089550936632867;-0.47119140625;
20:15:37;622.0;1573330538;98.418;19.187607031105912;0.5089550936632867;-0.47119140625;
20:15:38;623.0;1573330539;98.439;21.131476345194205;0.5605166139308807;-0.5078125;
20:15:39;624.0;1573330540;98.805;19.187607031105912;0.5089550936632867;-0.47119140625;
20:15:40;625.0;1573330541;99.086;19.187607031105912;0.5089550936632867;-0.47119140625;
20:15:41;626.0;1573330542;99.0;19.187607031105912;0.5089550936632867;-0.47119140625;
20:15:42;627.0;1573330543;99.043;19.058015743500025;0.5055176589787804;-0.46875;
20:15:43;628.0;1573330544;99.0;19.187607031105912;0.5089550936632867;-0.47119140625;
20:15:44;629.0;1573330545;98.956;18.92842445589414;0.5020802242942742;-0.46630859375;
20:15:45;630.0;1573330546;98.74;19.058015743500025;0.5055176589787804;-0.46875;
20:15:46;631.0;1573330547;98.74;19.187607031105912;0.5089550936632867;-0.47119140625;
20:15:47;632.0;1573330548;99.368;19.058015743500025;0.5055176589787804;-0.46875;
20:15:48;633.0;1573330549;99.411;19.57638089392357;0.5192673977168055;-0.478515625;
20:15:49;634.0;1573330550;100.0;18.92842445589414;0.5020802242942742;-0.46630859375;
20:15:50;635.0;1573330551;100.241;19.187607031105912;0.5089550936632867;-0.47119140625;
20:15:51;636.0;1573330552;99.673;19.446789606317687;0.5158299630322993;-0.47607421875;
20:15:52;637.0;1573330553;100.263;19.187607031105912;0.5089550936632867;-0.47119140625;
20:15:53;638.0;1573330554;99.978;19.187607031105912;0.5089550936632867;-0.47119140625;
20:15:54;639.0;1573330555;99.913;19.317198318711796;0.5123925283477929;-0.4736328125;
20:15:55;640.0;1573330556;99.325;19.058015743500025;0.5055176589787804;-0.46875;
20:15:56;641.0;1573330557;98.87;19.187607031105912;0.5089550936632867;-0.47119140625;
20:15:57;642.0;1573330558;98.892;20.872293769982434;0.5536417445618682;-0.5029296875;
20:15:58;643.0;1573330559;98.892;19.187607031105912;0.5089550936632867;-0.47119140625;
20:15:59;644.0;1573330560;98.892;19.446789606317687;0.5158299630322993;-0.47607421875;
20:16:00;645.0;1573330561;99.325;19.058015743500025;0.5055176589787804;-0.46875;
20:16:01;646.0;1573330562;99.325;19.058015743500025;0.5055176589787804;-0.46875;
20:16:02;647.0;1573330563;99.39;18.92842445589414;0.5020802242942742;-0.46630859375;
20:16:03;648.0;1573330564;99.869;18.669241880682367;0.4952053549252617;-0.46142578125;
20:16:04;649.0;1573330565;99.607;19.187607031105912;0.5089550936632867;-0.47119140625;
20:16:05;650.0;1573330566;99.891;18.53965059307648;0.4917679202407554;-0.458984375;
20:16:06;651.0;1573330567;99.847;18.92842445589414;0.5020802242942742;-0.46630859375;
20:16:07;652.0;1573330568;100.219;19.187607031105912;0.5089550936632867;-0.47119140625;
20:16:08;653.0;1573330569;99.934;19.058015743500025;0.5055176589787804;-0.46875;
20:16:09;654.0;1573330570;99.651;19.317198318711796;0.5123925283477929;-0.4736328125;
20:16:10;655.0;1573330572;99.716;19.187607031105912;0.5089550936632867;-0.47119140625;
20:16:11;656.0;1573330573;99.411;19.187607031105912;0.5089550936632867;-0.47119140625;
20:16:12;657.0;1573330573;99.368;19.187607031105912;0.5089550936632867;-0.47119140625;
20:16:13;658.0;1573330574;99.607;18.669241880682367;0.4952053549252617;-0.46142578125;
20:16:14;659.0;1573330575;99.891;19.187607031105912;0.5089550936632867;-0.47119140625;
20:16:15;660.0;1573330576;99.891;19.058015743500025;0.5055176589787804;-0.46875;
20:16:16;661.0;1573330577;100.482;19.187607031105912;0.5089550936632867;-0.47119140625;
20:16:17;662.0;1573330578;99.869;18.280468017864706;0.48489305087174284;-0.4541015625;
20:16:18;663.0;1573330579;99.281;19.187607031105912;0.5089550936632867;-0.47119140625;
20:16:19;664.0;1573330581;99.281;19.187607031105912;0.5089550936632867;-0.47119140625;
20:16:20;665.0;1573330582;98.697;18.79883316828825;0.4986427896097679;-0.4638671875;
20:16:21;666.0;1573330583;99.086;19.187607031105912;0.5089550936632867;-0.47119140625;
20:16:22;667.0;1573330583;99.738;19.96515475674123;0.5295797017703244;-0.48583984375;
20:16:23;668.0;1573330584;100.307;17.243737717017616;0.4573935733956927;-0.4345703125;
20:16:24;669.0;1573330585;100.351;19.187607031105912;0.5089550936632867;-0.47119140625;
20:16:25;670.0;1573330586;99.978;18.669241880682367;0.4952053549252617;-0.46142578125;
20:16:26;671.0;1573330588;99.564;19.058015743500025;0.5055176589787804;-0.46875;
20:16:27;672.0;1573330589;99.0;19.96515475674123;0.5295797017703244;-0.48583984375;
20:16:28;673.0;1573330590;98.978;20.35392861955889;0.5398920058238432;-0.4931640625;
20:16:29;674.0;1573330591;99.585;18.79883316828825;0.4986427896097679;-0.4638671875;
20:16:30;675.0;1573330592;99.325;19.187607031105912;0.5089550936632867;-0.47119140625;
20:16:31;676.0;1573330593;98.978;19.317198318711796;0.5123925283477929;-0.4736328125;
20:16:32;677.0;1573330594;99.259;19.187607031105912;0.5089550936632867;-0.47119140625;
20:16:33;678.0;1573330594;98.633;18.53965059307648;0.4917679202407554;-0.458984375;
20:16:34;679.0;1573330596;98.611;19.317198318711796;0.5123925283477929;-0.4736328125;
20:16:35;680.0;1573330597;98.956;18.79883316828825;0.4986427896097679;-0.4638671875;
20:16:36;681.0;1573330598;98.978;18.79883316828825;0.4986427896097679;-0.4638671875;
20:16:37;682.0;1573330599;99.629;18.79883316828825;0.4986427896097679;-0.4638671875;
20:16:39;684.0;1573330600;99.913;18.669241880682367;0.4952053549252617;-0.46142578125;
20:16:40;685.0;1573330601;99.913;19.187607031105912;0.5089550936632867;-0.47119140625;
20:16:41;686.0;1573330602;99.934;20.094746044347115;0.5330171364548306;-0.48828125;
20:16:42;687.0;1573330603;99.629;19.187607031105912;0.5089550936632867;-0.47119140625;
20:16:43;688.0;1573330604;99.934;19.058015743500025;0.5055176589787804;-0.46875;
20:16:44;689.0;1573330605;100.131;22.297797933647182;0.5914535260914371;-0.52978515625;
20:16:45;690.0;1573330606;100.153;19.317198318711796;0.5123925283477929;-0.4736328125;
20:16:46;691.0;1573330607;100.131;19.187607031105912;0.5089550936632867;-0.47119140625;
20:16:47;692.0;1573330608;99.847;18.92842445589414;0.5020802242942742;-0.46630859375;
20:16:48;693.0;1573330609;99.585;19.317198318711796;0.5123925283477929;-0.4736328125;
20:16:49;694.0;1573330610;99.52;19.187607031105912;0.5089550936632867;-0.47119140625;
20:16:50;695.0;1573330611;99.564;19.058015743500025;0.5055176589787804;-0.46875;
20:16:51;696.0;1573330612;99.585;19.187607031105912;0.5089550936632867;-0.47119140625;
20:16:52;697.0;1573330613;99.673;19.446789606317687;0.5158299630322993;-0.47607421875;
20:16:53;698.0;1573330614;99.716;19.187607031105912;0.5089550936632867;-0.47119140625;
20:16:54;699.0;1573330615;100.0;18.53965059307648;0.4917679202407554;-0.458984375;
20:16:55;700.0;1573330616;100.0;19.317198318711796;0.5123925283477929;-0.4736328125;
20:16:56;701.0;1573330617;100.022;19.058015743500025;0.5055176589787804;-0.46875;
20:16:57;702.0;1573330618;100.285;16.595781278988188;0.44020639997316147;-0.42236328125;
20:16:58;703.0;1573330619;100.241;19.058015743500025;0.5055176589787804;-0.46875;
20:16:59;704.0;1573330620;99.956;19.187607031105912;0.5089550936632867;-0.47119140625;
20:17:00;705.0;1573330621;99.934;19.446789606317687;0.5158299630322993;-0.47607421875;
20:17:01;706.0;1573330622;99.694;19.83556346913534;0.526142267085818;-0.4833984375;
20:17:02;707.0;1573330623;99.716;19.187607031105912;0.5089550936632867;-0.47119140625;
20:17:03;708.0;1573330624;100.022;19.187607031105912;0.5089550936632867;-0.47119140625;
20:17:04;709.0;1573330625;100.351;19.058015743500025;0.5055176589787804;-0.46875;
20:17:05;710.0;1573330626;100.307;21.261067632800092;0.563954048615387;-0.51025390625;
20:17:06;711.0;1573330627;100.307;19.317198318711796;0.5123925283477929;-0.4736328125;
20:17:07;712.0;1573330628;99.978;19.317198318711796;0.5123925283477929;-0.4736328125;
20:17:08;713.0;1573330629;99.651;18.53965059307648;0.4917679202407554;-0.458984375;
20:17:09;714.0;1573330630;99.564;19.058015743500025;0.5055176589787804;-0.46875;
20:17:10;715.0;1573330631;98.978;19.187607031105912;0.5089550936632867;-0.47119140625;
20:17:11;716.0;1573330632;99.281;18.53965059307648;0.4917679202407554;-0.458984375;
20:17:12;717.0;1573330634;99.303;19.058015743500025;0.5055176589787804;-0.46875;
20:17:13;718.0;1573330634;99.129;19.058015743500025;0.5055176589787804;-0.46875;
20:17:14;719.0;1573330635;99.39;19.058015743500025;0.5055176589787804;-0.46875;
20:17:15;720.0;1573330636;99.108;19.187607031105912;0.5089550936632867;-0.47119140625;
20:17:16;721.0;1573330637;98.762;19.317198318711796;0.5123925283477929;-0.4736328125;
20:17:17;722.0;1573330638;98.978;19.187607031105912;0.5089550936632867;-0.47119140625;
20:17:18;723.0;1573330639;98.978;19.187607031105912;0.5089550936632867;-0.47119140625;
20:17:19;724.0;1573330640;99.259;19.83556346913534;0.526142267085818;-0.4833984375;
20:17:20;725.0;1573330642;99.303;19.187607031105912;0.5089550936632867;-0.47119140625;
20:17:21;726.0;1573330643;99.021;19.187607031105912;0.5089550936632867;-0.47119140625;
20:17:22;727.0;1573330644;99.39;18.92842445589414;0.5020802242942742;-0.46630859375;
20:17:23;728.0;1573330645;99.043;19.57638089392357;0.5192673977168055;-0.478515625;
20:17:24;729.0;1573330645;99.585;19.705972181529457;0.5227048324013118;-0.48095703125;
20:17:25;730.0;1573330646;99.607;19.317198318711796;0.5123925283477929;-0.4736328125;
20:17:26;731.0;1573330647;99.585;19.187607031105912;0.5089550936632867;-0.47119140625;
20:17:27;732.0;1573330648;99.891;19.317198318711796;0.5123925283477929;-0.4736328125;
20:17:28;733.0;1573330650;99.325;18.92842445589414;0.5020802242942742;-0.46630859375;
20:17:29;734.0;1573330651;99.673;18.669241880682367;0.4952053549252617;-0.46142578125;
20:17:30;735.0;1573330652;99.108;19.058015743500025;0.5055176589787804;-0.46875;
20:17:31;736.0;1573330653;99.498;19.058015743500025;0.5055176589787804;-0.46875;
20:17:32;737.0;1573330654;99.825;19.317198318711796;0.5123925283477929;-0.4736328125;
20:17:33;738.0;1573330655;99.782;19.187607031105912;0.5089550936632867;-0.47119140625;
20:17:34;739.0;1573330656;100.044;19.058015743500025;0.5055176589787804;-0.46875;
20:17:35;740.0;1573330656;99.716;19.058015743500025;0.5055176589787804;-0.46875;
20:17:36;741.0;1573330658;99.978;19.187607031105912;0.5089550936632867;-0.47119140625;
20:17:37;742.0;1573330659;99.891;19.317198318711796;0.5123925283477929;-0.4736328125;
20:17:38;743.0;1573330660;99.281;19.058015743500025;0.5055176589787804;-0.46875;
20:17:39;744.0;1573330661;99.259;19.187607031105912;0.5089550936632867;-0.47119140625;
20:17:40;745.0;1573330662;98.978;19.187607031105912;0.5089550936632867;-0.47119140625;
20:17:41;746.0;1573330663;99.0;19.058015743500025;0.5055176589787804;-0.46875;
20:17:43;748.0;1573330664;99.542;18.150876730258823;0.48145561618723665;-0.45166015625;
20:17:44;749.0;1573330665;99.803;18.79883316828825;0.4986427896097679;-0.4638671875;
20:17:45;750.0;1573330666;99.498;18.92842445589414;0.5020802242942742;-0.46630859375;
20:17:46;751.0;1573330667;99.281;18.92842445589414;0.5020802242942742;-0.46630859375;
20:17:47;752.0;1573330668;99.346;18.92842445589414;0.5020802242942742;-0.46630859375;
20:17:48;753.0;1573330669;99.151;18.92842445589414;0.5020802242942742;-0.46630859375;
20:17:49;754.0;1573330670;99.477;19.187607031105912;0.5089550936632867;-0.47119140625;
20:17:50;755.0;1573330671;100.044;18.79883316828825;0.4986427896097679;-0.4638671875;
20:17:51;756.0;1573330672;99.803;19.058015743500025;0.5055176589787804;-0.46875;
20:17:52;757.0;1573330673;99.76;19.058015743500025;0.5055176589787804;-0.46875;
20:17:53;758.0;1573330674;99.673;19.187607031105912;0.5089550936632867;-0.47119140625;
20:17:54;759.0;1573330675;99.346;23.075345659282497;0.6120781341984747;-0.54443359375;
20:17:55;760.0;1573330676;99.564;19.187607031105912;0.5089550936632867;-0.47119140625;
20:17:56;761.0;1573330677;99.542;19.187607031105912;0.5089550936632867;-0.47119140625;
20:17:57;762.0;1573330678;99.585;18.410059305470593;0.48833048555624914;-0.45654296875;
20:17:58;763.0;1573330679;99.368;19.317198318711796;0.5123925283477929;-0.4736328125;
20:17:59;764.0;1573330680;99.108;18.92842445589414;0.5020802242942742;-0.46630859375;
20:18:00;765.0;1573330681;99.151;19.187607031105912;0.5089550936632867;-0.47119140625;
20:18:01;766.0;1573330682;98.827;18.410059305470593;0.48833048555624914;-0.45654296875;
20:18:02;767.0;1573330683;99.433;19.317198318711796;0.5123925283477929;-0.4736328125;
20:18:03;768.0;1573330684;99.39;18.53965059307648;0.4917679202407554;-0.458984375;
20:18:04;769.0;1573330685;99.411;19.187607031105912;0.5089550936632867;-0.47119140625;
20:18:05;770.0;1573330686;99.956;19.187607031105912;0.5089550936632867;-0.47119140625;
20:18:06;771.0;1573330687;99.564;19.187607031105912;0.5089550936632867;-0.47119140625;
20:18:07;772.0;1573330688;99.607;19.187607031105912;0.5089550936632867;-0.47119140625;
20:18:08;773.0;1573330689;100.066;19.058015743500025;0.5055176589787804;-0.46875;
20:18:09;774.0;1573330690;99.542;19.705972181529457;0.5227048324013118;-0.48095703125;
20:18:10;775.0;1573330691;99.564;19.187607031105912;0.5089550936632867;-0.47119140625;
20:18:11;776.0;1573330692;99.825;22.297797933647182;0.5914535260914371;-0.52978515625;
20:18:12;777.0;1573330693;99.303;18.53965059307648;0.4917679202407554;-0.458984375;
20:18:13;778.0;1573330694;99.585;19.058015743500025;0.5055176589787804;-0.46875;
20:18:14;779.0;1573330695;99.325;19.317198318711796;0.5123925283477929;-0.4736328125;
20:18:15;780.0;1573330696;99.303;19.058015743500025;0.5055176589787804;-0.46875;
20:18:16;781.0;1573330697;99.259;18.92842445589414;0.5020802242942742;-0.46630859375;
20:18:17;782.0;1573330699;99.259;19.058015743500025;0.5055176589787804;-0.46875;
20:18:18;783.0;1573330699;99.542;18.669241880682367;0.4952053549252617;-0.46142578125;
20:18:19;784.0;1573330700;99.303;19.187607031105912;0.5089550936632867;-0.47119140625;
20:18:20;785.0;1573330701;99.346;19.317198318711796;0.5123925283477929;-0.4736328125;
20:18:21;786.0;1573330702;99.346;19.058015743500025;0.5055176589787804;-0.46875;
20:18:22;787.0;1573330703;99.607;18.92842445589414;0.5020802242942742;-0.46630859375;
20:18:23;788.0;1573330704;99.891;19.187607031105912;0.5089550936632867;-0.47119140625;
20:18:24;789.0;1573330705;99.869;18.79883316828825;0.4986427896097679;-0.4638671875;
20:18:25;790.0;1573330707;99.629;19.446789606317687;0.5158299630322993;-0.47607421875;
20:18:26;791.0;1573330708;99.325;19.187607031105912;0.5089550936632867;-0.47119140625;
20:18:27;792.0;1573330709;99.325;19.187607031105912;0.5089550936632867;-0.47119140625;
20:18:28;793.0;1573330709;99.346;19.446789606317687;0.5158299630322993;-0.47607421875;
20:18:29;794.0;1573330710;99.913;19.187607031105912;0.5089550936632867;-0.47119140625;
20:18:30;795.0;1573330711;99.673;18.79883316828825;0.4986427896097679;-0.4638671875;
20:18:31;796.0;1573330712;99.629;19.058015743500025;0.5055176589787804;-0.46875;
20:18:32;797.0;1573330714;99.607;19.317198318711796;0.5123925283477929;-0.4736328125;
20:18:33;798.0;1573330715;99.021;18.79883316828825;0.4986427896097679;-0.4638671875;
20:18:34;799.0;1573330716;99.346;18.92842445589414;0.5020802242942742;-0.46630859375;
20:18:35;800.0;1573330717;99.498;19.446789606317687;0.5158299630322993;-0.47607421875;
20:18:36;801.0;1573330718;99.564;18.280468017864706;0.48489305087174284;-0.4541015625;
20:18:37;802.0;1573330719;99.825;19.187607031105912;0.5089550936632867;-0.47119140625;
20:18:38;803.0;1573330719;99.477;17.502920292229387;0.4642684427647052;-0.439453125;
20:18:39;804.0;1573330720;99.129;19.187607031105912;0.5089550936632867;-0.47119140625;
20:18:40;805.0;1573330722;99.411;19.187607031105912;0.5089550936632867;-0.47119140625;
20:18:41;806.0;1573330723;99.455;19.058015743500025;0.5055176589787804;-0.46875;
20:18:43;808.0;1573330724;100.066;18.79883316828825;0.4986427896097679;-0.4638671875;
20:18:44;809.0;1573330726;99.346;19.187607031105912;0.5089550936632867;-0.47119140625;
20:18:45;810.0;1573330727;98.978;19.058015743500025;0.5055176589787804;-0.46875;
20:18:46;811.0;1573330728;98.375;20.483519907164776;0.5433294405083494;-0.49560546875;
20:18:48;813.0;1573330729;98.676;19.317198318711796;0.5123925283477929;-0.4736328125;
20:18:49;814.0;1573330730;99.564;19.058015743500025;0.5055176589787804;-0.46875;
20:18:50;815.0;1573330731;99.956;19.446789606317687;0.5158299630322993;-0.47607421875;
20:18:51;816.0;1573330732;99.673;19.187607031105912;0.5089550936632867;-0.47119140625;
20:18:52;817.0;1573330733;99.956;19.187607031105912;0.5089550936632867;-0.47119140625;
20:18:53;818.0;1573330734;99.368;19.058015743500025;0.5055176589787804;-0.46875;
20:18:54;819.0;1573330735;99.346;18.410059305470593;0.48833048555624914;-0.45654296875;
20:18:55;820.0;1573330736;100.439;17.89169415504705;0.47458074681822404;-0.44677734375;
20:18:56;821.0;1573330737;100.153;19.058015743500025;0.5055176589787804;-0.46875;
20:18:57;822.0;1573330738;99.869;19.187607031105912;0.5089550936632867;-0.47119140625;
20:18:58;823.0;1573330739;99.238;19.317198318711796;0.5123925283477929;-0.4736328125;
20:18:59;824.0;1573330740;98.418;19.187607031105912;0.5089550936632867;-0.47119140625;
20:19:00;825.0;1573330741;98.182;19.187607031105912;0.5089550936632867;-0.47119140625;
20:19:01;826.0;1573330742;98.784;19.187607031105912;0.5089550936632867;-0.47119140625;
20:19:02;827.0;1573330743;99.151;19.187607031105912;0.5089550936632867;-0.47119140625;
20:19:03;828.0;1573330744;99.716;20.224337331953002;0.5364545711393369;-0.49072265625;
20:19:04;829.0;1573330745;99.607;19.187607031105912;0.5089550936632867;-0.47119140625;
20:19:05;830.0;1573330746;99.021;19.187607031105912;0.5089550936632867;-0.47119140625;
20:19:06;831.0;1573330747;98.913;19.187607031105912;0.5089550936632867;-0.47119140625;
20:19:07;832.0;1573330748;98.935;19.317198318711796;0.5123925283477929;-0.4736328125;
20:19:08;833.0;1573330749;99.259;18.669241880682367;0.4952053549252617;-0.46142578125;
20:19:09;834.0;1573330750;99.303;19.187607031105912;0.5089550936632867;-0.47119140625;
20:19:10;835.0;1573330751;99.651;19.187607031105912;0.5089550936632867;-0.47119140625;
20:19:11;836.0;1573330752;99.39;19.187607031105912;0.5089550936632867;-0.47119140625;
20:19:12;837.0;1573330753;99.173;18.92842445589414;0.5020802242942742;-0.46630859375;
20:19:13;838.0;1573330754;99.194;18.669241880682367;0.4952053549252617;-0.46142578125;
20:19:14;839.0;1573330755;98.892;19.187607031105912;0.5089550936632867;-0.47119140625;
20:19:15;840.0;1573330756;98.31;19.187607031105912;0.5089550936632867;-0.47119140625;
20:19:16;841.0;1573330757;98.504;19.317198318711796;0.5123925283477929;-0.4736328125;
20:19:17;842.0;1573330758;98.719;19.83556346913534;0.526142267085818;-0.4833984375;
20:19:18;843.0;1573330759;99.021;19.058015743500025;0.5055176589787804;-0.46875;
20:19:20;845.0;1573330760;99.086;19.317198318711796;0.5123925283477929;-0.4736328125;
20:19:21;846.0;1573330762;99.346;19.058015743500025;0.5055176589787804;-0.46875;
20:19:22;847.0;1573330764;98.805;19.058015743500025;0.5055176589787804;-0.46875;
20:19:23;848.0;1573330765;99.39;18.669241880682367;0.4952053549252617;-0.46142578125;
20:19:24;849.0;1573330765;99.39;18.79883316828825;0.4986427896097679;-0.4638671875;
20:19:25;850.0;1573330766;99.151;19.058015743500025;0.5055176589787804;-0.46875;
20:19:26;851.0;1573330767;99.39;19.058015743500025;0.5055176589787804;-0.46875;
20:19:27;852.0;1573330768;99.064;18.92842445589414;0.5020802242942742;-0.46630859375;
20:19:28;853.0;1573330769;99.021;19.187607031105912;0.5089550936632867;-0.47119140625;
20:19:29;854.0;1573330770;99.259;19.317198318711796;0.5123925283477929;-0.4736328125;
20:19:30;855.0;1573330772;99.869;18.92842445589414;0.5020802242942742;-0.46630859375;
20:19:31;856.0;1573330773;99.934;19.317198318711796;0.5123925283477929;-0.4736328125;
20:19:32;857.0;1573330774;100.219;19.317198318711796;0.5123925283477929;-0.4736328125;
20:19:33;858.0;1573330775;99.978;19.96515475674123;0.5295797017703244;-0.48583984375;
20:19:34;859.0;1573330776;99.411;21.909024070829524;0.5811412220379184;-0.5224609375;
20:19:35;860.0;1573330777;99.607;18.92842445589414;0.5020802242942742;-0.46630859375;
20:19:36;861.0;1573330777;99.629;20.483519907164776;0.5433294405083494;-0.49560546875;
20:19:37;862.0;1573330778;99.303;19.187607031105912;0.5089550936632867;-0.47119140625;
20:19:38;863.0;1573330779;99.542;19.187607031105912;0.5089550936632867;-0.47119140625;
20:19:39;864.0;1573330781;99.607;18.92842445589414;0.5020802242942742;-0.46630859375;
20:19:40;865.0;1573330782;99.346;18.92842445589414;0.5020802242942742;-0.46630859375;
20:19:41;866.0;1573330783;99.694;19.058015743500025;0.5055176589787804;-0.46875;
20:19:42;867.0;1573330784;99.738;19.187607031105912;0.5089550936632867;-0.47119140625;
20:19:43;868.0;1573330785;99.108;19.317198318711796;0.5123925283477929;-0.4736328125;
