Time;Seconds from start for linreg;Unix Time;ch1 po2;Uc;Ubl;Vc;
07:34:37;-2.0;1572503679;98.892;20.28119938747966;0.49466339969462586;-0.4833984375;
07:34:38;-1.0;1572503680;98.676;19.751188380349994;0.481736301959756;-0.4736328125;
07:34:39;0.0;1572503680;98.611;19.61868562856758;0.4785045275260385;-0.47119140625;
07:34:40;1.0;1572503682;98.525;20.546204891044493;0.5011269485620607;-0.48828125;
07:34:41;2.0;1572503683;98.461;20.413702139262078;0.4978951741283434;-0.48583984375;
07:34:42;3.0;1572503684;98.892;20.413702139262078;0.4978951741283434;-0.48583984375;
07:34:43;4.0;1572503684;98.892;23.72627093382248;0.57868953497128;-0.546875;
07:34:44;5.0;1572503686;98.654;20.413702139262078;0.4978951741283434;-0.48583984375;
07:34:45;6.0;1572503687;98.935;20.413702139262078;0.4978951741283434;-0.48583984375;
07:34:46;7.0;1572503688;98.676;18.823669117873084;0.4591138809237338;-0.45654296875;
07:34:47;8.0;1572503689;98.87;20.148696635697245;0.49143162526090844;-0.48095703125;
07:34:48;9.0;1572503690;99.0;20.546204891044493;0.5011269485620607;-0.48828125;
07:34:49;10.0;1572503691;98.892;20.148696635697245;0.49143162526090844;-0.48095703125;
07:34:50;11.0;1572503692;99.064;20.28119938747966;0.49466339969462586;-0.4833984375;
07:34:51;12.0;1572503693;98.913;20.413702139262078;0.4978951741283434;-0.48583984375;
07:34:52;13.0;1572503694;99.021;20.546204891044493;0.5011269485620607;-0.48828125;
07:34:53;14.0;1572503695;98.956;20.546204891044493;0.5011269485620607;-0.48828125;
07:34:55;16.0;1572503696;98.762;20.811210394609326;0.5075904974294958;-0.4931640625;
07:34:56;17.0;1572503697;98.87;20.28119938747966;0.49466339969462586;-0.4833984375;
07:34:57;18.0;1572503698;98.87;20.413702139262078;0.4978951741283434;-0.48583984375;
07:34:58;19.0;1572503699;98.87;20.28119938747966;0.49466339969462586;-0.4833984375;
07:34:59;20.0;1572503700;99.108;20.811210394609326;0.5075904974294958;-0.4931640625;
07:35:00;21.0;1572503701;98.805;20.67870764282691;0.5043587229957783;-0.49072265625;
07:35:01;22.0;1572503702;98.74;20.413702139262078;0.4978951741283434;-0.48583984375;
07:35:02;23.0;1572503703;98.633;19.751188380349994;0.481736301959756;-0.4736328125;
07:35:03;24.0;1572503704;98.568;20.148696635697245;0.49143162526090844;-0.48095703125;
07:35:04;25.0;1572503705;98.59;20.148696635697245;0.49143162526090844;-0.48095703125;
07:35:05;26.0;1572503706;98.611;19.61868562856758;0.4785045275260385;-0.47119140625;
07:35:06;27.0;1572503707;98.439;20.67870764282691;0.5043587229957783;-0.49072265625;
07:35:07;28.0;1572503708;98.504;20.28119938747966;0.49466339969462586;-0.4833984375;
07:35:08;29.0;1572503709;98.482;20.148696635697245;0.49143162526090844;-0.48095703125;
07:35:09;30.0;1572503710;98.418;20.811210394609326;0.5075904974294958;-0.4931640625;
07:35:10;31.0;1572503711;98.676;20.413702139262078;0.4978951741283434;-0.48583984375;
07:35:11;32.0;1572503712;98.611;20.28119938747966;0.49466339969462586;-0.4833984375;
07:35:12;33.0;1572503713;98.719;20.148696635697245;0.49143162526090844;-0.48095703125;
07:35:13;34.0;1572503714;98.611;20.148696635697245;0.49143162526090844;-0.48095703125;
07:35:14;35.0;1572503715;98.654;20.148696635697245;0.49143162526090844;-0.48095703125;
07:35:15;36.0;1572503716;98.525;20.28119938747966;0.49466339969462586;-0.4833984375;
07:35:16;37.0;1572503717;98.611;20.811210394609326;0.5075904974294958;-0.4931640625;
07:35:17;38.0;1572503718;98.74;20.28119938747966;0.49466339969462586;-0.4833984375;
07:35:18;39.0;1572503719;98.74;20.148696635697245;0.49143162526090844;-0.48095703125;
07:35:19;40.0;1572503720;98.805;20.413702139262078;0.4978951741283434;-0.48583984375;
07:35:20;41.0;1572503721;98.762;20.28119938747966;0.49466339969462586;-0.4833984375;
07:35:21;42.0;1572503723;98.848;20.413702139262078;0.4978951741283434;-0.48583984375;
07:35:22;43.0;1572503723;98.654;20.67870764282691;0.5043587229957783;-0.49072265625;
07:35:23;44.0;1572503724;98.827;20.546204891044493;0.5011269485620607;-0.48828125;
07:35:24;45.0;1572503725;98.568;20.28119938747966;0.49466339969462586;-0.4833984375;
07:35:26;47.0;1572503727;98.332;20.413702139262078;0.4978951741283434;-0.48583984375;
07:35:27;48.0;1572503728;98.053;20.148696635697245;0.49143162526090844;-0.48095703125;
07:35:28;49.0;1572503729;98.267;20.148696635697245;0.49143162526090844;-0.48095703125;
07:35:29;50.0;1572503730;98.289;20.28119938747966;0.49466339969462586;-0.4833984375;
07:35:30;51.0;1572503731;98.633;20.28119938747966;0.49466339969462586;-0.4833984375;
07:35:31;52.0;1572503732;98.827;19.883691132132412;0.48496807639347345;-0.47607421875;
07:35:32;53.0;1572503733;98.568;22.00373516065107;0.5366764673329529;-0.51513671875;
07:35:33;54.0;1572503734;98.332;20.148696635697245;0.49143162526090844;-0.48095703125;
07:35:34;55.0;1572503735;98.01;21.20871864995657;0.517285820730648;-0.50048828125;
07:35:35;56.0;1572503736;97.882;20.016193883914827;0.4881998508271909;-0.478515625;
07:35:36;57.0;1572503737;97.904;20.546204891044493;0.5011269485620607;-0.48828125;
07:35:37;58.0;1572503738;97.946;20.413702139262078;0.4978951741283434;-0.48583984375;
07:35:38;59.0;1572503739;98.203;20.148696635697245;0.49143162526090844;-0.48095703125;
07:35:39;60.0;1572503740;97.946;20.413702139262078;0.4978951741283434;-0.48583984375;
07:35:40;61.0;1572503741;98.117;20.413702139262078;0.4978951741283434;-0.48583984375;
07:35:41;62.0;1572503742;98.246;20.67870764282691;0.5043587229957783;-0.49072265625;
07:35:42;63.0;1572503743;97.925;20.413702139262078;0.4978951741283434;-0.48583984375;
07:35:43;64.0;1572503744;98.053;20.28119938747966;0.49466339969462586;-0.4833984375;
07:35:44;65.0;1572503745;98.075;20.413702139262078;0.4978951741283434;-0.48583984375;
07:35:45;66.0;1572503746;98.117;20.546204891044493;0.5011269485620607;-0.48828125;
07:35:46;67.0;1572503747;98.31;20.413702139262078;0.4978951741283434;-0.48583984375;
07:35:47;68.0;1572503748;98.59;20.413702139262078;0.4978951741283434;-0.48583984375;
07:35:48;69.0;1572503749;98.547;19.883691132132412;0.48496807639347345;-0.47607421875;
07:35:49;70.0;1572503750;98.547;20.413702139262078;0.4978951741283434;-0.48583984375;
07:35:50;71.0;1572503751;98.504;21.20871864995657;0.517285820730648;-0.50048828125;
07:35:51;72.0;1572503752;98.461;20.28119938747966;0.49466339969462586;-0.4833984375;
07:35:52;73.0;1572503753;98.654;18.691166366090666;0.45588210649001626;-0.4541015625;
07:35:53;74.0;1572503754;98.461;20.413702139262078;0.4978951741283434;-0.48583984375;
07:35:54;75.0;1572503755;98.461;20.413702139262078;0.4978951741283434;-0.48583984375;
07:35:55;76.0;1572503756;98.31;20.148696635697245;0.49143162526090844;-0.48095703125;
07:35:56;77.0;1572503757;98.16;20.28119938747966;0.49466339969462586;-0.4833984375;
07:35:57;78.0;1572503758;98.225;21.738729657086235;0.530212918465518;-0.51025390625;
07:35:58;79.0;1572503759;98.225;20.28119938747966;0.49466339969462586;-0.4833984375;
07:35:59;80.0;1572503761;98.16;20.148696635697245;0.49143162526090844;-0.48095703125;
07:36:00;81.0;1572503761;98.16;20.148696635697245;0.49143162526090844;-0.48095703125;
07:36:01;82.0;1572503762;98.353;20.28119938747966;0.49466339969462586;-0.4833984375;
07:36:02;83.0;1572503763;98.396;20.67870764282691;0.5043587229957783;-0.49072265625;
07:36:03;84.0;1572503765;98.375;19.751188380349994;0.481736301959756;-0.4736328125;
07:36:04;85.0;1572503766;98.504;20.148696635697245;0.49143162526090844;-0.48095703125;
07:36:05;86.0;1572503766;98.332;20.413702139262078;0.4978951741283434;-0.48583984375;
07:36:06;87.0;1572503767;98.182;20.413702139262078;0.4978951741283434;-0.48583984375;
07:36:07;88.0;1572503769;98.246;20.28119938747966;0.49466339969462586;-0.4833984375;
07:36:08;89.0;1572503770;97.968;20.67870764282691;0.5043587229957783;-0.49072265625;
07:36:09;90.0;1572503770;97.904;20.148696635697245;0.49143162526090844;-0.48095703125;
07:36:10;91.0;1572503771;98.01;20.148696635697245;0.49143162526090844;-0.48095703125;
07:36:11;92.0;1572503773;98.075;20.546204891044493;0.5011269485620607;-0.48828125;
07:36:12;93.0;1572503774;98.139;20.28119938747966;0.49466339969462586;-0.4833984375;
07:36:13;94.0;1572503774;98.203;21.473724153521403;0.5237493695980829;-0.50537109375;
07:36:14;95.0;1572503775;98.139;20.413702139262078;0.4978951741283434;-0.48583984375;
07:36:15;96.0;1572503777;98.032;20.413702139262078;0.4978951741283434;-0.48583984375;
07:36:16;97.0;1572503778;98.246;20.413702139262078;0.4978951741283434;-0.48583984375;
07:36:17;98.0;1572503778;98.096;20.148696635697245;0.49143162526090844;-0.48095703125;
07:36:18;99.0;1572503780;98.096;19.088674621437917;0.46557742979116873;-0.46142578125;
07:36:19;100.0;1572503781;97.861;20.28119938747966;0.49466339969462586;-0.4833984375;
07:36:20;101.0;1572503782;97.69;20.413702139262078;0.4978951741283434;-0.48583984375;
07:36:21;102.0;1572503782;97.925;20.67870764282691;0.5043587229957783;-0.49072265625;
07:36:22;103.0;1572503784;97.861;20.413702139262078;0.4978951741283434;-0.48583984375;
07:36:23;104.0;1572503785;98.203;20.28119938747966;0.49466339969462586;-0.4833984375;
07:36:24;105.0;1572503786;98.203;20.413702139262078;0.4978951741283434;-0.48583984375;
07:36:25;106.0;1572503786;98.032;19.61868562856758;0.4785045275260385;-0.47119140625;
07:36:26;107.0;1572503788;98.16;20.28119938747966;0.49466339969462586;-0.4833984375;
07:36:27;108.0;1572503789;98.096;20.28119938747966;0.49466339969462586;-0.4833984375;
07:36:28;109.0;1572503790;97.84;20.413702139262078;0.4978951741283434;-0.48583984375;
07:36:30;111.0;1572503791;97.818;22.533746167780734;0.5496035650678228;-0.52490234375;
07:36:31;112.0;1572503792;97.882;20.148696635697245;0.49143162526090844;-0.48095703125;
07:36:32;113.0;1572503793;97.733;20.28119938747966;0.49466339969462586;-0.4833984375;
07:36:33;114.0;1572503794;97.754;20.413702139262078;0.4978951741283434;-0.48583984375;
07:36:34;115.0;1572503795;97.818;19.883691132132412;0.48496807639347345;-0.47607421875;
07:36:35;116.0;1572503796;97.69;20.546204891044493;0.5011269485620607;-0.48828125;
07:36:36;117.0;1572503797;97.584;20.148696635697245;0.49143162526090844;-0.48095703125;
07:36:37;118.0;1572503798;97.818;20.148696635697245;0.49143162526090844;-0.48095703125;
07:36:38;119.0;1572503799;97.882;20.148696635697245;0.49143162526090844;-0.48095703125;
07:36:39;120.0;1572503800;97.946;20.28119938747966;0.49466339969462586;-0.4833984375;
07:36:40;121.0;1572503801;98.182;20.148696635697245;0.49143162526090844;-0.48095703125;
07:36:41;122.0;1572503802;97.946;20.28119938747966;0.49466339969462586;-0.4833984375;
07:36:42;123.0;1572503803;97.904;22.2687406642159;0.5431400162003879;-0.52001953125;
07:36:43;124.0;1572503803;97.776;20.28119938747966;0.49466339969462586;-0.4833984375;
07:36:44;125.0;1572503805;97.414;20.67870764282691;0.5043587229957783;-0.49072265625;
07:36:45;126.0;1572503806;97.456;20.148696635697245;0.49143162526090844;-0.48095703125;
07:36:46;127.0;1572503807;97.456;20.413702139262078;0.4978951741283434;-0.48583984375;
07:36:47;128.0;1572503808;97.478;20.28119938747966;0.49466339969462586;-0.4833984375;
07:36:48;129.0;1572503809;97.648;20.148696635697245;0.49143162526090844;-0.48095703125;
07:36:49;130.0;1572503810;97.669;20.28119938747966;0.49466339969462586;-0.4833984375;
07:36:50;131.0;1572503811;97.456;20.28119938747966;0.49466339969462586;-0.4833984375;
07:36:51;132.0;1572503812;97.435;20.28119938747966;0.49466339969462586;-0.4833984375;
07:36:52;133.0;1572503813;97.478;20.28119938747966;0.49466339969462586;-0.4833984375;
07:36:53;134.0;1572503814;97.52;20.413702139262078;0.4978951741283434;-0.48583984375;
07:36:54;135.0;1572503815;97.584;20.016193883914827;0.4881998508271909;-0.478515625;
07:36:55;136.0;1572503816;97.754;20.148696635697245;0.49143162526090844;-0.48095703125;
07:36:56;137.0;1572503817;97.84;20.811210394609326;0.5075904974294958;-0.4931640625;
07:36:57;138.0;1572503818;97.648;20.413702139262078;0.4978951741283434;-0.48583984375;
07:36:58;139.0;1572503819;97.52;20.28119938747966;0.49466339969462586;-0.4833984375;
07:36:59;140.0;1572503820;97.202;9999.0;9999.0;9999.0;
07:37:00;141.0;1572503821;97.032;20.28119938747966;0.49466339969462586;-0.4833984375;
07:37:01;142.0;1572503822;97.18;20.413702139262078;0.4978951741283434;-0.48583984375;
07:37:02;143.0;1572503823;97.456;20.28119938747966;0.49466339969462586;-0.4833984375;
07:37:03;144.0;1572503824;97.478;20.67870764282691;0.5043587229957783;-0.49072265625;
07:37:04;145.0;1572503825;97.605;27.436347983730133;0.6691792191153692;-0.615234375;
07:37:05;146.0;1572503827;97.499;20.413702139262078;0.4978951741283434;-0.48583984375;
07:37:06;147.0;1572503828;97.329;20.016193883914827;0.4881998508271909;-0.478515625;
07:37:07;148.0;1572503828;97.478;20.413702139262078;0.4978951741283434;-0.48583984375;
07:37:08;149.0;1572503829;97.371;20.28119938747966;0.49466339969462586;-0.4833984375;
07:37:09;150.0;1572503831;97.52;20.28119938747966;0.49466339969462586;-0.4833984375;
07:37:10;151.0;1572503832;97.626;21.60622690530382;0.5269811440318005;-0.5078125;
07:37:11;152.0;1572503832;97.584;20.413702139262078;0.4978951741283434;-0.48583984375;
07:37:12;153.0;1572503833;97.648;21.341221401738988;0.5205175951643656;-0.5029296875;
07:37:13;154.0;1572503835;97.393;20.413702139262078;0.4978951741283434;-0.48583984375;
07:37:14;155.0;1572503836;97.435;19.088674621437917;0.46557742979116873;-0.46142578125;
07:37:15;156.0;1572503836;97.648;20.413702139262078;0.4978951741283434;-0.48583984375;
07:37:16;157.0;1572503838;97.584;20.413702139262078;0.4978951741283434;-0.48583984375;
07:37:17;158.0;1572503839;97.69;20.28119938747966;0.49466339969462586;-0.4833984375;
07:37:18;159.0;1572503839;97.52;20.413702139262078;0.4978951741283434;-0.48583984375;
07:37:19;160.0;1572503840;97.265;20.148696635697245;0.49143162526090844;-0.48095703125;
07:37:20;161.0;1572503842;97.371;20.28119938747966;0.49466339969462586;-0.4833984375;
07:37:21;162.0;1572503843;97.435;20.413702139262078;0.4978951741283434;-0.48583984375;
07:37:22;163.0;1572503844;97.286;20.28119938747966;0.49466339969462586;-0.4833984375;
07:37:23;164.0;1572503844;97.223;17.366138848266505;0.4235643621528416;-0.4296875;
07:37:24;165.0;1572503846;97.456;19.751188380349994;0.481736301959756;-0.4736328125;
07:37:25;166.0;1572503847;97.456;20.28119938747966;0.49466339969462586;-0.4833984375;
07:37:26;167.0;1572503848;97.605;20.148696635697245;0.49143162526090844;-0.48095703125;
07:37:27;168.0;1572503848;97.754;22.666248919563152;0.5528353395015403;-0.52734375;
07:37:28;169.0;1572503850;97.456;20.148696635697245;0.49143162526090844;-0.48095703125;
07:37:29;170.0;1572503851;97.393;20.28119938747966;0.49466339969462586;-0.4833984375;
07:37:30;171.0;1572503852;97.371;20.148696635697245;0.49143162526090844;-0.48095703125;
07:37:31;172.0;1572503853;97.414;19.751188380349994;0.481736301959756;-0.4736328125;
07:37:32;173.0;1572503854;97.371;20.28119938747966;0.49466339969462586;-0.4833984375;
07:37:34;175.0;1572503855;97.605;20.148696635697245;0.49143162526090844;-0.48095703125;
07:37:35;176.0;1572503856;97.605;20.28119938747966;0.49466339969462586;-0.4833984375;
07:37:36;177.0;1572503857;97.371;20.28119938747966;0.49466339969462586;-0.4833984375;
07:37:37;178.0;1572503858;97.329;20.546204891044493;0.5011269485620607;-0.48828125;
07:37:38;179.0;1572503859;97.096;20.148696635697245;0.49143162526090844;-0.48095703125;
07:37:39;180.0;1572503860;97.096;20.28119938747966;0.49466339969462586;-0.4833984375;
07:37:40;181.0;1572503861;97.075;20.413702139262078;0.4978951741283434;-0.48583984375;
07:37:41;182.0;1572503862;97.075;20.016193883914827;0.4881998508271909;-0.478515625;
07:37:42;183.0;1572503863;97.265;20.546204891044493;0.5011269485620607;-0.48828125;
07:37:43;184.0;1572503864;97.286;20.413702139262078;0.4978951741283434;-0.48583984375;
07:37:44;185.0;1572503865;97.244;20.546204891044493;0.5011269485620607;-0.48828125;
07:37:45;186.0;1572503866;97.159;23.858773685604895;0.5819213094049974;-0.54931640625;
07:37:46;187.0;1572503867;97.032;9999.0;9999.0;9999.0;
07:37:47;188.0;1572503868;96.779;20.148696635697245;0.49143162526090844;-0.48095703125;
07:37:48;189.0;1572503869;97.18;20.546204891044493;0.5011269485620607;-0.48828125;
07:37:49;190.0;1572503870;97.054;15.643603075095095;0.3815512945145145;-0.39794921875;
07:37:50;191.0;1572503871;96.948;19.883691132132412;0.48496807639347345;-0.47607421875;
07:37:51;192.0;1572503872;97.244;20.413702139262078;0.4978951741283434;-0.48583984375;
07:37:52;193.0;1572503873;97.011;20.546204891044493;0.5011269485620607;-0.48828125;
07:37:53;194.0;1572503874;97.244;20.28119938747966;0.49466339969462586;-0.4833984375;
07:37:54;195.0;1572503875;97.117;20.28119938747966;0.49466339969462586;-0.4833984375;
07:37:55;196.0;1572503876;96.969;20.28119938747966;0.49466339969462586;-0.4833984375;
07:37:56;197.0;1572503877;96.842;20.413702139262078;0.4978951741283434;-0.48583984375;
07:37:57;198.0;1572503878;96.653;20.67870764282691;0.5043587229957783;-0.49072265625;
07:37:58;199.0;1572503879;96.779;19.883691132132412;0.48496807639347345;-0.47607421875;
07:37:59;200.0;1572503880;96.779;20.28119938747966;0.49466339969462586;-0.4833984375;
07:38:00;201.0;1572503881;96.99;20.943713146391744;0.5108222718632133;-0.49560546875;
07:38:01;202.0;1572503883;97.265;20.546204891044493;0.5011269485620607;-0.48828125;
07:38:02;203.0;1572503883;97.159;21.473724153521403;0.5237493695980829;-0.50537109375;
07:38:03;204.0;1572503884;97.18;20.148696635697245;0.49143162526090844;-0.48095703125;
07:38:04;205.0;1572503885;96.8;20.148696635697245;0.49143162526090844;-0.48095703125;
07:38:05;206.0;1572503887;96.526;20.28119938747966;0.49466339969462586;-0.4833984375;
07:38:06;207.0;1572503887;96.421;19.221177373220332;0.46880920422488614;-0.4638671875;
07:38:07;208.0;1572503888;96.295;20.28119938747966;0.49466339969462586;-0.4833984375;
07:38:08;209.0;1572503889;96.254;20.148696635697245;0.49143162526090844;-0.48095703125;
07:38:09;210.0;1572503891;96.421;20.413702139262078;0.4978951741283434;-0.48583984375;
07:38:10;211.0;1572503891;96.442;20.413702139262078;0.4978951741283434;-0.48583984375;
07:38:11;212.0;1572503892;96.589;20.28119938747966;0.49466339969462586;-0.4833984375;
07:38:12;213.0;1572503893;96.758;20.413702139262078;0.4978951741283434;-0.48583984375;
07:38:13;214.0;1572503895;96.505;19.48618287678516;0.47527275309232103;-0.46875;
07:38:14;215.0;1572503895;96.737;20.67870764282691;0.5043587229957783;-0.49072265625;
07:38:15;216.0;1572503896;96.884;20.67870764282691;0.5043587229957783;-0.49072265625;
07:38:16;217.0;1572503898;96.884;21.738729657086235;0.530212918465518;-0.51025390625;
07:38:17;218.0;1572503899;96.927;21.738729657086235;0.530212918465518;-0.51025390625;
07:38:18;219.0;1572503899;96.842;20.148696635697245;0.49143162526090844;-0.48095703125;
07:38:19;220.0;1572503900;96.505;20.413702139262078;0.4978951741283434;-0.48583984375;
07:38:20;221.0;1572503902;96.463;20.148696635697245;0.49143162526090844;-0.48095703125;
07:38:21;222.0;1572503903;96.484;20.413702139262078;0.4978951741283434;-0.48583984375;
07:38:22;223.0;1572503903;96.547;20.28119938747966;0.49466339969462586;-0.4833984375;
07:38:23;224.0;1572503905;96.716;20.413702139262078;0.4978951741283434;-0.48583984375;
07:38:24;225.0;1572503906;96.695;20.28119938747966;0.49466339969462586;-0.4833984375;
07:38:25;226.0;1572503907;96.969;20.28119938747966;0.49466339969462586;-0.4833984375;
07:38:26;227.0;1572503907;96.969;21.20871864995657;0.517285820730648;-0.50048828125;
07:38:27;228.0;1572503909;96.948;20.28119938747966;0.49466339969462586;-0.4833984375;
07:38:28;229.0;1572503910;97.202;20.413702139262078;0.4978951741283434;-0.48583984375;
07:38:29;230.0;1572503911;96.906;20.148696635697245;0.49143162526090844;-0.48095703125;
07:38:30;231.0;1572503911;96.758;20.28119938747966;0.49466339969462586;-0.4833984375;
07:38:31;232.0;1572503913;96.674;20.28119938747966;0.49466339969462586;-0.4833984375;
07:38:32;233.0;1572503914;96.547;20.28119938747966;0.49466339969462586;-0.4833984375;
07:38:33;234.0;1572503915;96.632;20.28119938747966;0.49466339969462586;-0.4833984375;
07:38:34;235.0;1572503916;96.526;20.413702139262078;0.4978951741283434;-0.48583984375;
07:38:35;236.0;1572503917;96.505;19.883691132132412;0.48496807639347345;-0.47607421875;
07:38:36;237.0;1572503918;96.337;20.28119938747966;0.49466339969462586;-0.4833984375;
07:38:38;239.0;1572503919;96.254;20.546204891044493;0.5011269485620607;-0.48828125;
07:38:39;240.0;1572503920;96.547;20.67870764282691;0.5043587229957783;-0.49072265625;
07:38:40;241.0;1572503921;96.611;20.28119938747966;0.49466339969462586;-0.4833984375;
07:38:41;242.0;1572503922;96.484;20.148696635697245;0.49143162526090844;-0.48095703125;
07:38:42;243.0;1572503923;96.484;19.61868562856758;0.4785045275260385;-0.47119140625;
07:38:43;244.0;1572503924;96.275;20.28119938747966;0.49466339969462586;-0.4833984375;
07:38:44;245.0;1572503925;96.191;20.148696635697245;0.49143162526090844;-0.48095703125;
07:38:45;246.0;1572503926;96.128;19.61868562856758;0.4785045275260385;-0.47119140625;
07:38:46;247.0;1572503927;96.149;20.016193883914827;0.4881998508271909;-0.478515625;
07:38:47;248.0;1572503928;96.128;20.28119938747966;0.49466339969462586;-0.4833984375;
07:38:48;249.0;1572503929;96.17;20.28119938747966;0.49466339969462586;-0.4833984375;
07:38:49;250.0;1572503930;96.233;20.28119938747966;0.49466339969462586;-0.4833984375;
07:38:50;251.0;1572503931;96.316;24.256281940952146;0.59161663270615;-0.556640625;
07:38:51;252.0;1572503932;96.442;20.148696635697245;0.49143162526090844;-0.48095703125;
07:38:52;253.0;1572503933;96.17;20.413702139262078;0.4978951741283434;-0.48583984375;
07:38:53;254.0;1572503934;96.484;20.413702139262078;0.4978951741283434;-0.48583984375;
07:38:54;255.0;1572503935;96.4;20.016193883914827;0.4881998508271909;-0.478515625;
07:38:55;256.0;1572503936;96.442;19.883691132132412;0.48496807639347345;-0.47607421875;
07:38:56;257.0;1572503937;96.779;20.546204891044493;0.5011269485620607;-0.48828125;
07:38:57;258.0;1572503938;96.442;20.28119938747966;0.49466339969462586;-0.4833984375;
07:38:58;259.0;1572503939;96.4;20.148696635697245;0.49143162526090844;-0.48095703125;
07:38:59;260.0;1572503940;96.17;20.413702139262078;0.4978951741283434;-0.48583984375;
07:39:00;261.0;1572503941;96.065;20.546204891044493;0.5011269485620607;-0.48828125;
07:39:01;262.0;1572503942;96.107;20.811210394609326;0.5075904974294958;-0.4931640625;
07:39:02;263.0;1572503943;96.233;20.413702139262078;0.4978951741283434;-0.48583984375;
07:39:03;264.0;1572503944;96.611;18.823669117873084;0.4591138809237338;-0.45654296875;
07:39:04;265.0;1572503945;96.379;20.148696635697245;0.49143162526090844;-0.48095703125;
07:39:05;266.0;1572503946;96.484;20.413702139262078;0.4978951741283434;-0.48583984375;
07:39:06;267.0;1572503947;96.358;20.546204891044493;0.5011269485620607;-0.48828125;
07:39:07;268.0;1572503948;96.149;20.546204891044493;0.5011269485620607;-0.48828125;
07:39:08;269.0;1572503949;96.379;20.28119938747966;0.49466339969462586;-0.4833984375;
07:39:09;270.0;1572503950;96.191;20.28119938747966;0.49466339969462586;-0.4833984375;
07:39:10;271.0;1572503951;96.065;20.546204891044493;0.5011269485620607;-0.48828125;
07:39:11;272.0;1572503952;95.982;20.28119938747966;0.49466339969462586;-0.4833984375;
07:39:12;273.0;1572503953;95.898;16.438619585789592;0.4009419411168193;-0.41259765625;
07:39:13;274.0;1572503954;96.337;20.413702139262078;0.4978951741283434;-0.48583984375;
07:39:14;275.0;1572503955;96.632;20.28119938747966;0.49466339969462586;-0.4833984375;
07:39:15;276.0;1572503957;96.316;20.28119938747966;0.49466339969462586;-0.4833984375;
07:39:16;277.0;1572503957;96.191;20.413702139262078;0.4978951741283434;-0.48583984375;
07:39:17;278.0;1572503958;95.648;20.148696635697245;0.49143162526090844;-0.48095703125;
07:39:18;279.0;1572503960;95.44;20.28119938747966;0.49466339969462586;-0.4833984375;
07:39:19;280.0;1572503960;95.877;18.823669117873084;0.4591138809237338;-0.45654296875;
07:39:20;281.0;1572503961;96.107;19.61868562856758;0.4785045275260385;-0.47119140625;
07:39:21;282.0;1572503963;96.358;20.28119938747966;0.49466339969462586;-0.4833984375;
07:39:22;283.0;1572503964;96.674;20.148696635697245;0.49143162526090844;-0.48095703125;
07:39:23;284.0;1572503964;96.484;20.546204891044493;0.5011269485620607;-0.48828125;
07:39:24;285.0;1572503965;96.4;20.28119938747966;0.49466339969462586;-0.4833984375;
07:39:25;286.0;1572503967;96.442;20.28119938747966;0.49466339969462586;-0.4833984375;
07:39:26;287.0;1572503968;96.086;20.148696635697245;0.49143162526090844;-0.48095703125;
07:39:27;288.0;1572503969;95.919;18.9561718696555;0.4623456553574512;-0.458984375;
07:39:28;289.0;1572503969;95.773;20.148696635697245;0.49143162526090844;-0.48095703125;
07:39:29;290.0;1572503971;95.627;20.28119938747966;0.49466339969462586;-0.4833984375;
07:39:30;291.0;1572503972;95.898;20.148696635697245;0.49143162526090844;-0.48095703125;
07:39:31;292.0;1572503973;96.023;20.943713146391744;0.5108222718632133;-0.49560546875;
07:39:32;293.0;1572503973;96.065;20.148696635697245;0.49143162526090844;-0.48095703125;
07:39:33;294.0;1572503975;96.149;20.546204891044493;0.5011269485620607;-0.48828125;
07:39:34;295.0;1572503976;95.856;20.28119938747966;0.49466339969462586;-0.4833984375;
07:39:35;296.0;1572503977;96.002;20.28119938747966;0.49466339969462586;-0.4833984375;
07:39:36;297.0;1572503977;95.982;18.55866361430825;0.45265033205629884;-0.45166015625;
07:39:37;298.0;1572503979;96.002;19.883691132132412;0.48496807639347345;-0.47607421875;
07:39:38;299.0;1572503980;95.752;20.546204891044493;0.5011269485620607;-0.48828125;
07:39:39;300.0;1572503981;95.565;20.148696635697245;0.49143162526090844;-0.48095703125;
07:39:40;301.0;1572503982;95.565;20.413702139262078;0.4978951741283434;-0.48583984375;
07:39:42;303.0;1572503983;95.503;20.148696635697245;0.49143162526090844;-0.48095703125;
07:39:43;304.0;1572503984;95.773;20.413702139262078;0.4978951741283434;-0.48583984375;
07:39:44;305.0;1572503985;95.773;20.148696635697245;0.49143162526090844;-0.48095703125;
07:39:45;306.0;1572503986;95.752;20.148696635697245;0.49143162526090844;-0.48095703125;
07:39:46;307.0;1572503987;95.565;20.413702139262078;0.4978951741283434;-0.48583984375;
07:39:47;308.0;1572503988;95.461;20.28119938747966;0.49466339969462586;-0.4833984375;
07:39:48;309.0;1572503989;95.337;21.20871864995657;0.517285820730648;-0.50048828125;
07:39:49;310.0;1572503990;95.482;19.61868562856758;0.4785045275260385;-0.47119140625;
07:39:50;311.0;1572503991;95.773;20.67870764282691;0.5043587229957783;-0.49072265625;
07:39:51;312.0;1572503992;95.752;20.016193883914827;0.4881998508271909;-0.478515625;
07:39:52;313.0;1572503993;95.773;20.016193883914827;0.4881998508271909;-0.478515625;
07:39:53;314.0;1572503994;95.627;20.413702139262078;0.4978951741283434;-0.48583984375;
07:39:54;315.0;1572503995;95.316;17.896149855396168;0.43649145988771143;-0.439453125;
07:39:55;316.0;1572503996;95.316;20.28119938747966;0.49466339969462586;-0.4833984375;
07:39:56;317.0;1572503997;95.482;20.28119938747966;0.49466339969462586;-0.4833984375;
07:39:57;318.0;1572503998;95.648;20.148696635697245;0.49143162526090844;-0.48095703125;
07:39:58;319.0;1572503999;95.856;20.148696635697245;0.49143162526090844;-0.48095703125;
07:39:59;320.0;1572504000;95.94;20.546204891044493;0.5011269485620607;-0.48828125;
07:40:00;321.0;1572504001;95.94;20.413702139262078;0.4978951741283434;-0.48583984375;
07:40:01;322.0;1572504002;95.794;18.426160862525833;0.4494185576225813;-0.44921875;
07:40:02;323.0;1572504003;95.565;20.148696635697245;0.49143162526090844;-0.48095703125;
07:40:03;324.0;1572504004;95.69;20.28119938747966;0.49466339969462586;-0.4833984375;
07:40:04;325.0;1572504005;95.565;20.28119938747966;0.49466339969462586;-0.4833984375;
07:40:05;326.0;1572504006;95.337;22.2687406642159;0.5431400162003879;-0.52001953125;
07:40:06;327.0;1572504007;95.627;20.148696635697245;0.49143162526090844;-0.48095703125;
07:40:07;328.0;1572504008;95.357;20.148696635697245;0.49143162526090844;-0.48095703125;
07:40:08;329.0;1572504009;95.233;19.883691132132412;0.48496807639347345;-0.47607421875;
07:40:09;330.0;1572504010;95.378;20.148696635697245;0.49143162526090844;-0.48095703125;
07:40:10;331.0;1572504011;95.274;20.546204891044493;0.5011269485620607;-0.48828125;
07:40:11;332.0;1572504013;95.357;20.413702139262078;0.4978951741283434;-0.48583984375;
07:40:12;333.0;1572504013;95.523;20.413702139262078;0.4978951741283434;-0.48583984375;
07:40:13;334.0;1572504014;95.627;20.28119938747966;0.49466339969462586;-0.4833984375;
07:40:14;335.0;1572504015;95.627;20.546204891044493;0.5011269485620607;-0.48828125;
07:40:15;336.0;1572504017;95.815;20.67870764282691;0.5043587229957783;-0.49072265625;
07:40:16;337.0;1572504017;95.773;20.016193883914827;0.4881998508271909;-0.478515625;
07:40:17;338.0;1572504018;95.669;20.148696635697245;0.49143162526090844;-0.48095703125;
07:40:18;339.0;1572504019;95.69;20.28119938747966;0.49466339969462586;-0.4833984375;
07:40:19;340.0;1572504021;95.399;20.546204891044493;0.5011269485620607;-0.48828125;
07:40:20;341.0;1572504021;95.316;21.07621589817416;0.5140540462969307;-0.498046875;
07:40:21;342.0;1572504022;95.378;20.148696635697245;0.49143162526090844;-0.48095703125;
07:40:22;343.0;1572504024;95.212;20.67870764282691;0.5043587229957783;-0.49072265625;
07:40:23;344.0;1572504025;95.357;20.28119938747966;0.49466339969462586;-0.4833984375;
07:40:24;345.0;1572504025;95.71;20.67870764282691;0.5043587229957783;-0.49072265625;
07:40:25;346.0;1572504026;95.648;20.546204891044493;0.5011269485620607;-0.48828125;
07:40:26;347.0;1572504028;95.856;20.413702139262078;0.4978951741283434;-0.48583984375;
07:40:27;348.0;1572504029;95.815;20.148696635697245;0.49143162526090844;-0.48095703125;
07:40:28;349.0;1572504029;95.378;20.28119938747966;0.49466339969462586;-0.4833984375;
07:40:29;350.0;1572504030;95.295;20.016193883914827;0.4881998508271909;-0.478515625;
07:40:30;351.0;1572504032;95.088;20.811210394609326;0.5075904974294958;-0.4931640625;
07:40:31;352.0;1572504033;95.192;20.413702139262078;0.4978951741283434;-0.48583984375;
07:40:32;353.0;1572504033;95.254;20.546204891044493;0.5011269485620607;-0.48828125;
07:40:33;354.0;1572504035;95.316;19.48618287678516;0.47527275309232103;-0.46875;
07:40:34;355.0;1572504036;95.378;20.546204891044493;0.5011269485620607;-0.48828125;
07:40:35;356.0;1572504037;95.15;20.28119938747966;0.49466339969462586;-0.4833984375;
07:40:36;357.0;1572504038;95.212;20.016193883914827;0.4881998508271909;-0.478515625;
07:40:37;358.0;1572504039;95.233;20.28119938747966;0.49466339969462586;-0.4833984375;
07:40:38;359.0;1572504040;95.295;20.546204891044493;0.5011269485620607;-0.48828125;
07:40:39;360.0;1572504040;95.316;9999.0;9999.0;9999.0;
07:40:40;361.0;1572504041;95.461;20.546204891044493;0.5011269485620607;-0.48828125;
07:40:41;362.0;1572504042;95.295;20.413702139262078;0.4978951741283434;-0.48583984375;
07:40:42;363.0;1572504043;95.067;20.28119938747966;0.49466339969462586;-0.4833984375;
07:40:43;364.0;1572504044;95.026;20.28119938747966;0.49466339969462586;-0.4833984375;
07:40:44;365.0;1572504045;94.799;20.943713146391744;0.5108222718632133;-0.49560546875;
07:40:45;366.0;1572504046;95.026;20.148696635697245;0.49143162526090844;-0.48095703125;
07:40:46;367.0;1572504047;95.295;20.28119938747966;0.49466339969462586;-0.4833984375;
07:40:47;368.0;1572504048;95.254;20.546204891044493;0.5011269485620607;-0.48828125;
07:40:48;369.0;1572504050;95.171;20.148696635697245;0.49143162526090844;-0.48095703125;
07:40:49;370.0;1572504050;95.316;19.61868562856758;0.4785045275260385;-0.47119140625;
07:40:50;371.0;1572504051;95.192;20.413702139262078;0.4978951741283434;-0.48583984375;
07:40:51;372.0;1572504053;95.129;20.413702139262078;0.4978951741283434;-0.48583984375;
07:40:52;373.0;1572504054;95.233;20.28119938747966;0.49466339969462586;-0.4833984375;
07:40:53;374.0;1572504054;95.005;20.148696635697245;0.49143162526090844;-0.48095703125;
07:40:54;375.0;1572504055;94.82;25.581309458776307;0.6239343770433246;-0.5810546875;
07:40:55;376.0;1572504057;95.171;21.07621589817416;0.5140540462969307;-0.498046875;
07:40:56;377.0;1572504058;95.088;20.28119938747966;0.49466339969462586;-0.4833984375;
07:40:57;378.0;1572504058;94.923;18.161155358961;0.4429550087551464;-0.4443359375;
07:40:58;379.0;1572504059;94.696;20.28119938747966;0.49466339969462586;-0.4833984375;
07:40:59;380.0;1572504061;94.758;20.413702139262078;0.4978951741283434;-0.48583984375;
07:41:00;381.0;1572504062;94.779;20.28119938747966;0.49466339969462586;-0.4833984375;
07:41:01;382.0;1572504063;94.84;20.148696635697245;0.49143162526090844;-0.48095703125;
07:41:02;383.0;1572504063;95.171;20.413702139262078;0.4978951741283434;-0.48583984375;
07:41:03;384.0;1572504065;94.696;20.546204891044493;0.5011269485620607;-0.48828125;
07:41:04;385.0;1572504066;94.82;20.148696635697245;0.49143162526090844;-0.48095703125;
07:41:05;386.0;1572504067;94.861;20.148696635697245;0.49143162526090844;-0.48095703125;
07:41:06;387.0;1572504067;94.779;20.148696635697245;0.49143162526090844;-0.48095703125;
07:41:07;388.0;1572504069;95.171;20.28119938747966;0.49466339969462586;-0.4833984375;
07:41:08;389.0;1572504070;95.005;20.413702139262078;0.4978951741283434;-0.48583984375;
07:41:09;390.0;1572504071;94.902;20.016193883914827;0.4881998508271909;-0.478515625;
07:41:10;391.0;1572504071;94.84;20.67870764282691;0.5043587229957783;-0.49072265625;
07:41:11;392.0;1572504073;94.84;20.28119938747966;0.49466339969462586;-0.4833984375;
07:41:12;393.0;1572504074;95.005;20.28119938747966;0.49466339969462586;-0.4833984375;
07:41:13;394.0;1572504075;94.964;20.148696635697245;0.49143162526090844;-0.48095703125;
07:41:14;395.0;1572504076;94.985;20.28119938747966;0.49466339969462586;-0.4833984375;
07:41:15;396.0;1572504077;94.758;20.413702139262078;0.4978951741283434;-0.48583984375;
07:41:17;398.0;1572504078;94.573;20.28119938747966;0.49466339969462586;-0.4833984375;
07:41:18;399.0;1572504079;94.655;20.28119938747966;0.49466339969462586;-0.4833984375;
07:41:19;400.0;1572504080;94.696;20.28119938747966;0.49466339969462586;-0.4833984375;
07:41:20;401.0;1572504081;94.676;20.413702139262078;0.4978951741283434;-0.48583984375;
07:41:21;402.0;1572504081;94.737;20.28119938747966;0.49466339969462586;-0.4833984375;
07:41:22;403.0;1572504084;95.15;20.28119938747966;0.49466339969462586;-0.4833984375;
07:41:23;404.0;1572504084;95.005;18.823669117873084;0.4591138809237338;-0.45654296875;
07:41:24;405.0;1572504085;95.171;20.546204891044493;0.5011269485620607;-0.48828125;
07:41:25;406.0;1572504086;94.964;20.28119938747966;0.49466339969462586;-0.4833984375;
07:41:26;407.0;1572504088;94.737;20.413702139262078;0.4978951741283434;-0.48583984375;
07:41:27;408.0;1572504088;94.964;20.28119938747966;0.49466339969462586;-0.4833984375;
07:41:28;409.0;1572504089;94.882;20.546204891044493;0.5011269485620607;-0.48828125;
07:41:29;410.0;1572504090;94.696;20.148696635697245;0.49143162526090844;-0.48095703125;
07:41:30;411.0;1572504092;94.717;20.28119938747966;0.49466339969462586;-0.4833984375;
07:41:31;412.0;1572504093;94.696;20.28119938747966;0.49466339969462586;-0.4833984375;
07:41:32;413.0;1572504093;94.676;20.28119938747966;0.49466339969462586;-0.4833984375;
07:41:33;414.0;1572504095;94.779;20.28119938747966;0.49466339969462586;-0.4833984375;
07:41:34;415.0;1572504096;94.779;20.811210394609326;0.5075904974294958;-0.4931640625;
07:41:35;416.0;1572504097;94.511;20.148696635697245;0.49143162526090844;-0.48095703125;
07:41:36;417.0;1572504097;94.245;20.28119938747966;0.49466339969462586;-0.4833984375;
07:41:37;418.0;1572504099;94.081;20.413702139262078;0.4978951741283434;-0.48583984375;
07:41:38;419.0;1572504100;93.918;19.35368012500275;0.47204097865860367;-0.46630859375;
07:41:39;420.0;1572504101;93.938;19.48618287678516;0.47527275309232103;-0.46875;
07:41:40;421.0;1572504101;93.898;20.148696635697245;0.49143162526090844;-0.48095703125;
07:41:41;422.0;1572504103;94.061;20.148696635697245;0.49143162526090844;-0.48095703125;
07:41:42;423.0;1572504104;94.245;20.148696635697245;0.49143162526090844;-0.48095703125;
07:41:43;424.0;1572504105;94.265;20.016193883914827;0.4881998508271909;-0.478515625;
07:41:44;425.0;1572504106;94.245;20.413702139262078;0.4978951741283434;-0.48583984375;
07:41:45;426.0;1572504107;94.061;20.148696635697245;0.49143162526090844;-0.48095703125;
07:41:46;427.0;1572504108;94.081;20.28119938747966;0.49466339969462586;-0.4833984375;
07:41:48;429.0;1572504109;94.245;19.883691132132412;0.48496807639347345;-0.47607421875;
07:41:49;430.0;1572504110;94.388;20.546204891044493;0.5011269485620607;-0.48828125;
07:41:50;431.0;1572504111;94.573;20.413702139262078;0.4978951741283434;-0.48583984375;
07:41:51;432.0;1572504112;94.655;20.67870764282691;0.5043587229957783;-0.49072265625;
07:41:52;433.0;1572504113;94.47;21.473724153521403;0.5237493695980829;-0.50537109375;
07:41:53;434.0;1572504114;94.368;20.28119938747966;0.49466339969462586;-0.4833984375;
07:41:54;435.0;1572504115;94.204;20.28119938747966;0.49466339969462586;-0.4833984375;
07:41:55;436.0;1572504116;94.163;19.751188380349994;0.481736301959756;-0.4736328125;
07:41:56;437.0;1572504117;94.327;20.28119938747966;0.49466339969462586;-0.4833984375;
07:41:57;438.0;1572504118;94.245;20.28119938747966;0.49466339969462586;-0.4833984375;
07:41:58;439.0;1572504119;94.204;20.943713146391744;0.5108222718632133;-0.49560546875;
07:41:59;440.0;1572504120;94.122;20.016193883914827;0.4881998508271909;-0.478515625;
07:42:00;441.0;1572504121;93.959;20.546204891044493;0.5011269485620607;-0.48828125;
07:42:01;442.0;1572504122;94.04;19.61868562856758;0.4785045275260385;-0.47119140625;
07:42:02;443.0;1572504123;93.979;20.413702139262078;0.4978951741283434;-0.48583984375;
07:42:03;444.0;1572504124;93.775;20.546204891044493;0.5011269485620607;-0.48828125;
07:42:04;445.0;1572504125;93.877;19.751188380349994;0.481736301959756;-0.4736328125;
07:42:05;446.0;1572504126;94.122;19.751188380349994;0.481736301959756;-0.4736328125;
07:42:06;447.0;1572504127;94.224;20.413702139262078;0.4978951741283434;-0.48583984375;
07:42:07;448.0;1572504128;94.47;20.546204891044493;0.5011269485620607;-0.48828125;
07:42:08;449.0;1572504129;94.347;20.67870764282691;0.5043587229957783;-0.49072265625;
07:42:09;450.0;1572504130;94.102;20.148696635697245;0.49143162526090844;-0.48095703125;
07:42:10;451.0;1572504131;94.102;20.28119938747966;0.49466339969462586;-0.4833984375;
07:42:11;452.0;1572504132;93.816;20.413702139262078;0.4978951741283434;-0.48583984375;
07:42:12;453.0;1572504133;93.857;21.341221401738988;0.5205175951643656;-0.5029296875;
07:42:13;454.0;1572504134;93.796;19.883691132132412;0.48496807639347345;-0.47607421875;
07:42:14;455.0;1572504135;93.796;19.883691132132412;0.48496807639347345;-0.47607421875;
07:42:15;456.0;1572504136;93.898;20.28119938747966;0.49466339969462586;-0.4833984375;
07:42:16;457.0;1572504137;94.102;20.413702139262078;0.4978951741283434;-0.48583984375;
07:42:17;458.0;1572504138;94.04;20.28119938747966;0.49466339969462586;-0.4833984375;
07:42:18;459.0;1572504140;94.02;20.546204891044493;0.5011269485620607;-0.48828125;
07:42:19;460.0;1572504140;94.081;19.35368012500275;0.47204097865860367;-0.46630859375;
07:42:20;461.0;1572504141;93.857;20.413702139262078;0.4978951741283434;-0.48583984375;
07:42:21;462.0;1572504142;94.122;20.148696635697245;0.49143162526090844;-0.48095703125;
07:42:22;463.0;1572504144;94.224;20.28119938747966;0.49466339969462586;-0.4833984375;
07:42:23;464.0;1572504144;94.0;20.67870764282691;0.5043587229957783;-0.49072265625;
07:42:24;465.0;1572504145;93.877;20.413702139262078;0.4978951741283434;-0.48583984375;
07:42:25;466.0;1572504146;93.775;20.413702139262078;0.4978951741283434;-0.48583984375;
07:42:26;467.0;1572504148;93.755;20.811210394609326;0.5075904974294958;-0.4931640625;
07:42:27;468.0;1572504148;94.081;20.546204891044493;0.5011269485620607;-0.48828125;
07:42:28;469.0;1572504149;94.183;20.28119938747966;0.49466339969462586;-0.4833984375;
07:42:29;470.0;1572504150;94.183;20.148696635697245;0.49143162526090844;-0.48095703125;
07:42:30;471.0;1572504152;94.0;20.28119938747966;0.49466339969462586;-0.4833984375;
07:42:31;472.0;1572504153;93.959;20.28119938747966;0.49466339969462586;-0.4833984375;
07:42:32;473.0;1572504153;93.979;20.546204891044493;0.5011269485620607;-0.48828125;
07:42:33;474.0;1572504154;94.04;20.413702139262078;0.4978951741283434;-0.48583984375;
07:42:34;475.0;1572504156;94.0;20.28119938747966;0.49466339969462586;-0.4833984375;
07:42:35;476.0;1572504157;93.918;20.28119938747966;0.49466339969462586;-0.4833984375;
07:42:37;478.0;1572504157;93.918;20.148696635697245;0.49143162526090844;-0.48095703125;
07:42:38;479.0;1572504160;93.959;20.413702139262078;0.4978951741283434;-0.48583984375;
07:42:39;480.0;1572504161;94.061;21.473724153521403;0.5237493695980829;-0.50537109375;
07:42:40;481.0;1572504161;93.857;20.148696635697245;0.49143162526090844;-0.48095703125;
07:42:41;482.0;1572504163;93.816;20.67870764282691;0.5043587229957783;-0.49072265625;
07:42:42;483.0;1572504164;93.714;20.28119938747966;0.49466339969462586;-0.4833984375;
07:42:43;484.0;1572504165;93.796;20.148696635697245;0.49143162526090844;-0.48095703125;
07:42:44;485.0;1572504165;93.714;20.28119938747966;0.49466339969462586;-0.4833984375;
07:42:45;486.0;1572504167;93.592;20.148696635697245;0.49143162526090844;-0.48095703125;
07:42:46;487.0;1572504168;93.775;20.28119938747966;0.49466339969462586;-0.4833984375;
07:42:47;488.0;1572504169;93.531;20.811210394609326;0.5075904974294958;-0.4931640625;
07:42:48;489.0;1572504170;93.674;20.811210394609326;0.5075904974294958;-0.4931640625;
07:42:49;490.0;1572504171;93.349;21.07621589817416;0.5140540462969307;-0.498046875;
07:42:50;491.0;1572504172;93.349;20.28119938747966;0.49466339969462586;-0.4833984375;
07:42:52;493.0;1572504173;93.228;20.546204891044493;0.5011269485620607;-0.48828125;
07:42:53;494.0;1572504174;93.046;20.28119938747966;0.49466339969462586;-0.4833984375;
07:42:54;495.0;1572504175;93.167;19.221177373220332;0.46880920422488614;-0.4638671875;
07:42:55;496.0;1572504176;93.268;20.148696635697245;0.49143162526090844;-0.48095703125;
07:42:56;497.0;1572504177;93.41;20.546204891044493;0.5011269485620607;-0.48828125;
07:42:57;498.0;1572504178;93.511;20.28119938747966;0.49466339969462586;-0.4833984375;
07:42:58;499.0;1572504179;93.572;20.413702139262078;0.4978951741283434;-0.48583984375;
07:42:59;500.0;1572504180;93.167;22.00373516065107;0.5366764673329529;-0.51513671875;
07:43:00;501.0;1572504181;93.268;20.413702139262078;0.4978951741283434;-0.48583984375;
07:43:01;502.0;1572504182;93.288;20.413702139262078;0.4978951741283434;-0.48583984375;
07:43:02;503.0;1572504183;93.592;18.29365811074342;0.44618678318886384;-0.44677734375;
07:43:03;504.0;1572504184;93.714;20.28119938747966;0.49466339969462586;-0.4833984375;
07:43:04;505.0;1572504185;93.572;20.811210394609326;0.5075904974294958;-0.4931640625;
07:43:05;506.0;1572504186;93.552;21.738729657086235;0.530212918465518;-0.51025390625;
07:43:06;507.0;1572504187;93.207;20.148696635697245;0.49143162526090844;-0.48095703125;
07:43:07;508.0;1572504188;93.248;20.811210394609326;0.5075904974294958;-0.4931640625;
07:43:08;509.0;1572504189;93.389;20.413702139262078;0.4978951741283434;-0.48583984375;
07:43:09;510.0;1572504190;93.41;20.546204891044493;0.5011269485620607;-0.48828125;
07:43:10;511.0;1572504191;93.41;20.28119938747966;0.49466339969462586;-0.4833984375;
07:43:11;512.0;1572504193;93.592;20.413702139262078;0.4978951741283434;-0.48583984375;
07:43:12;513.0;1572504194;93.552;20.148696635697245;0.49143162526090844;-0.48095703125;
07:43:13;514.0;1572504195;93.491;20.413702139262078;0.4978951741283434;-0.48583984375;
07:43:14;515.0;1572504196;93.268;20.67870764282691;0.5043587229957783;-0.49072265625;
07:43:15;516.0;1572504197;93.106;20.413702139262078;0.4978951741283434;-0.48583984375;
07:43:16;517.0;1572504198;93.005;20.28119938747966;0.49466339969462586;-0.4833984375;
07:43:17;518.0;1572504199;93.248;20.546204891044493;0.5011269485620607;-0.48828125;
07:43:18;519.0;1572504200;93.329;20.546204891044493;0.5011269485620607;-0.48828125;
07:43:19;520.0;1572504201;93.248;20.148696635697245;0.49143162526090844;-0.48095703125;
07:43:20;521.0;1572504202;93.369;20.546204891044493;0.5011269485620607;-0.48828125;
07:43:21;522.0;1572504203;93.207;20.67870764282691;0.5043587229957783;-0.49072265625;
07:43:23;524.0;1572504204;93.369;20.28119938747966;0.49466339969462586;-0.4833984375;
07:43:24;525.0;1572504205;93.248;20.148696635697245;0.49143162526090844;-0.48095703125;
07:43:25;526.0;1572504206;93.066;20.148696635697245;0.49143162526090844;-0.48095703125;
07:43:26;527.0;1572504207;93.147;20.28119938747966;0.49466339969462586;-0.4833984375;
07:43:27;528.0;1572504208;92.925;20.28119938747966;0.49466339969462586;-0.4833984375;
07:43:28;529.0;1572504209;93.248;20.413702139262078;0.4978951741283434;-0.48583984375;
07:43:29;530.0;1572504210;93.349;20.546204891044493;0.5011269485620607;-0.48828125;
07:43:30;531.0;1572504211;93.511;20.28119938747966;0.49466339969462586;-0.4833984375;
07:43:31;532.0;1572504212;93.572;20.413702139262078;0.4978951741283434;-0.48583984375;
07:43:32;533.0;1572504213;93.268;20.28119938747966;0.49466339969462586;-0.4833984375;
07:43:33;534.0;1572504214;93.491;20.28119938747966;0.49466339969462586;-0.4833984375;
07:43:34;535.0;1572504215;93.268;20.148696635697245;0.49143162526090844;-0.48095703125;
07:43:35;536.0;1572504216;93.207;20.148696635697245;0.49143162526090844;-0.48095703125;
07:43:36;537.0;1572504217;93.41;20.67870764282691;0.5043587229957783;-0.49072265625;
07:43:37;538.0;1572504218;93.086;20.546204891044493;0.5011269485620607;-0.48828125;
07:43:38;539.0;1572504219;92.945;21.20871864995657;0.517285820730648;-0.50048828125;
07:43:39;540.0;1572504220;93.147;20.28119938747966;0.49466339969462586;-0.4833984375;
07:43:40;541.0;1572504221;92.925;20.28119938747966;0.49466339969462586;-0.4833984375;
07:43:41;542.0;1572504222;93.106;20.148696635697245;0.49143162526090844;-0.48095703125;
07:43:42;543.0;1572504223;93.329;18.691166366090666;0.45588210649001626;-0.4541015625;
07:43:43;544.0;1572504224;93.026;19.751188380349994;0.481736301959756;-0.4736328125;
07:43:44;545.0;1572504225;92.985;20.148696635697245;0.49143162526090844;-0.48095703125;
07:43:45;546.0;1572504226;92.884;20.148696635697245;0.49143162526090844;-0.48095703125;
07:43:46;547.0;1572504227;92.683;20.67870764282691;0.5043587229957783;-0.49072265625;
07:43:47;548.0;1572504228;92.744;20.28119938747966;0.49466339969462586;-0.4833984375;
07:43:48;549.0;1572504229;92.784;20.67870764282691;0.5043587229957783;-0.49072265625;
07:43:49;550.0;1572504230;92.844;20.413702139262078;0.4978951741283434;-0.48583984375;
07:43:50;551.0;1572504231;93.046;20.943713146391744;0.5108222718632133;-0.49560546875;
07:43:51;552.0;1572504232;92.864;20.28119938747966;0.49466339969462586;-0.4833984375;
07:43:52;553.0;1572504233;92.764;20.28119938747966;0.49466339969462586;-0.4833984375;
07:43:53;554.0;1572504234;92.563;20.28119938747966;0.49466339969462586;-0.4833984375;
07:43:54;555.0;1572504235;92.442;20.28119938747966;0.49466339969462586;-0.4833984375;
07:43:55;556.0;1572504236;92.583;19.61868562856758;0.4785045275260385;-0.47119140625;
07:43:56;557.0;1572504237;92.623;20.413702139262078;0.4978951741283434;-0.48583984375;
07:43:57;558.0;1572504238;92.925;20.67870764282691;0.5043587229957783;-0.49072265625;
07:43:58;559.0;1572504239;92.965;18.29365811074342;0.44618678318886384;-0.44677734375;
07:43:59;560.0;1572504240;93.086;20.413702139262078;0.4978951741283434;-0.48583984375;
07:44:00;561.0;1572504242;93.147;20.016193883914827;0.4881998508271909;-0.478515625;
07:44:01;562.0;1572504242;92.663;20.28119938747966;0.49466339969462586;-0.4833984375;
07:44:02;563.0;1572504243;92.804;20.546204891044493;0.5011269485620607;-0.48828125;
07:44:03;564.0;1572504245;92.764;22.136237912433486;0.5399082417666704;-0.517578125;
07:44:04;565.0;1572504245;92.703;26.376325969470805;0.6433250236456294;-0.595703125;
07:44:05;566.0;1572504246;92.965;20.28119938747966;0.49466339969462586;-0.4833984375;
07:44:06;567.0;1572504247;92.723;20.148696635697245;0.49143162526090844;-0.48095703125;
07:44:07;568.0;1572504249;92.503;20.148696635697245;0.49143162526090844;-0.48095703125;
07:44:08;569.0;1572504250;92.362;20.148696635697245;0.49143162526090844;-0.48095703125;
07:44:09;570.0;1572504250;92.222;20.28119938747966;0.49466339969462586;-0.4833984375;
07:44:10;571.0;1572504251;92.282;20.67870764282691;0.5043587229957783;-0.49072265625;
07:44:11;572.0;1572504253;92.322;20.546204891044493;0.5011269485620607;-0.48828125;
07:44:12;573.0;1572504254;92.463;20.413702139262078;0.4978951741283434;-0.48583984375;
07:44:13;574.0;1572504254;92.402;20.28119938747966;0.49466339969462586;-0.4833984375;
07:44:14;575.0;1572504256;92.382;20.148696635697245;0.49143162526090844;-0.48095703125;
07:44:15;576.0;1572504257;92.463;20.148696635697245;0.49143162526090844;-0.48095703125;
07:44:16;577.0;1572504258;92.483;20.28119938747966;0.49466339969462586;-0.4833984375;
07:44:17;578.0;1572504258;92.663;20.148696635697245;0.49143162526090844;-0.48095703125;
07:44:18;579.0;1572504260;92.663;20.28119938747966;0.49466339969462586;-0.4833984375;
07:44:19;580.0;1572504261;92.663;24.653790196299394;0.6013119560073023;-0.56396484375;
07:44:20;581.0;1572504262;92.523;20.148696635697245;0.49143162526090844;-0.48095703125;
07:44:21;582.0;1572504262;92.523;20.413702139262078;0.4978951741283434;-0.48583984375;
07:44:22;583.0;1572504264;92.483;20.016193883914827;0.4881998508271909;-0.478515625;
07:44:23;584.0;1572504265;92.442;20.148696635697245;0.49143162526090844;-0.48095703125;
07:44:24;585.0;1572504266;92.463;20.28119938747966;0.49466339969462586;-0.4833984375;
07:44:25;586.0;1572504267;92.382;20.148696635697245;0.49143162526090844;-0.48095703125;
07:44:26;587.0;1572504268;92.342;20.148696635697245;0.49143162526090844;-0.48095703125;
07:44:28;589.0;1572504269;92.262;20.28119938747966;0.49466339969462586;-0.4833984375;
07:44:29;590.0;1572504270;92.182;20.413702139262078;0.4978951741283434;-0.48583984375;
07:44:30;591.0;1572504271;92.083;20.413702139262078;0.4978951741283434;-0.48583984375;
07:44:31;592.0;1572504272;92.202;20.148696635697245;0.49143162526090844;-0.48095703125;
07:44:32;593.0;1572504273;92.103;20.28119938747966;0.49466339969462586;-0.4833984375;
07:44:33;594.0;1572504274;92.142;20.28119938747966;0.49466339969462586;-0.4833984375;
07:44:34;595.0;1572504275;92.202;20.148696635697245;0.49143162526090844;-0.48095703125;
07:44:35;596.0;1572504276;91.983;20.28119938747966;0.49466339969462586;-0.4833984375;
07:44:36;597.0;1572504277;91.963;20.28119938747966;0.49466339969462586;-0.4833984375;
07:44:37;598.0;1572504278;92.242;20.413702139262078;0.4978951741283434;-0.48583984375;
