Time;Seconds from start for linreg;Unix Time;ch1 po2;Uc;Ubl;Vc;
05:42:58;-2.0;1577252580;98.83;1.1450633628918767;0.033678334202702255;-0.1318359375;
05:42:59;-1.0;1577252581;98.594;1.1450633628918767;0.033678334202702255;-0.1318359375;
05:43:00;0.0;1577252582;98.594;1.1450633628918767;0.033678334202702255;-0.1318359375;
05:43:01;1.0;1577252583;97.931;1.1450633628918767;0.033678334202702255;-0.1318359375;
05:43:03;3.0;1577252584;98.123;1.1450633628918767;0.033678334202702255;-0.1318359375;
05:43:04;4.0;1577252585;98.337;1.1450633628918767;0.033678334202702255;-0.1318359375;
05:43:05;5.0;1577252586;98.809;1.1450633628918767;0.033678334202702255;-0.1318359375;
05:43:06;6.0;1577252587;99.262;1.1450633628918767;0.033678334202702255;-0.1318359375;
05:43:07;7.0;1577252588;99.067;1.1450633628918767;0.033678334202702255;-0.1318359375;
05:43:08;8.0;1577252589;99.046;1.1450633628918767;0.033678334202702255;-0.1318359375;
05:43:09;9.0;1577252590;98.766;1.1450633628918767;0.033678334202702255;-0.1318359375;
05:43:10;10.0;1577252591;98.315;1.1450633628918767;0.033678334202702255;-0.1318359375;
05:43:11;11.0;1577252592;98.486;1.1450633628918767;0.033678334202702255;-0.1318359375;
05:43:12;12.0;1577252593;98.486;1.1450633628918767;0.033678334202702255;-0.1318359375;
05:43:13;13.0;1577252594;98.572;1.1450633628918767;0.033678334202702255;-0.1318359375;
05:43:14;14.0;1577252595;98.594;1.1450633628918767;0.033678334202702255;-0.1318359375;
05:43:15;15.0;1577252596;98.658;1.1450633628918767;0.033678334202702255;-0.1318359375;
05:43:16;16.0;1577252597;98.444;1.1450633628918767;0.033678334202702255;-0.1318359375;
05:43:17;17.0;1577252598;98.959;1.1450633628918767;0.033678334202702255;-0.1318359375;
05:43:18;18.0;1577252599;98.852;1.1450633628918767;0.033678334202702255;-0.1318359375;
05:43:19;19.0;1577252600;98.401;1.1450633628918767;0.033678334202702255;-0.1318359375;
05:43:20;20.0;1577252601;98.379;1.1450633628918767;0.033678334202702255;-0.1318359375;
05:43:21;21.0;1577252602;97.846;1.1450633628918767;0.033678334202702255;-0.1318359375;
05:43:22;22.0;1577252603;97.867;1.1450633628918767;0.033678334202702255;-0.1318359375;
05:43:23;23.0;1577252604;98.486;1.1450633628918767;0.033678334202702255;-0.1318359375;
05:43:24;24.0;1577252605;98.723;1.1450633628918767;0.033678334202702255;-0.1318359375;
05:43:25;25.0;1577252606;98.465;1.1450633628918767;0.033678334202702255;-0.1318359375;
05:43:26;26.0;1577252607;98.508;1.1450633628918767;0.033678334202702255;-0.1318359375;
05:43:27;27.0;1577252608;98.101;1.1450633628918767;0.033678334202702255;-0.1318359375;
05:43:28;28.0;1577252609;97.824;1.1450633628918767;0.033678334202702255;-0.1318359375;
05:43:29;29.0;1577252610;98.08;1.1450633628918767;0.033678334202702255;-0.1318359375;
05:43:30;30.0;1577252611;98.037;1.1450633628918767;0.033678334202702255;-0.1318359375;
05:43:31;31.0;1577252612;97.739;1.1450633628918767;0.033678334202702255;-0.1318359375;
05:43:32;32.0;1577252613;97.803;1.1450633628918767;0.033678334202702255;-0.1318359375;
05:43:33;33.0;1577252614;98.016;1.1450633628918767;0.033678334202702255;-0.1318359375;
05:43:34;34.0;1577252615;98.465;1.1450633628918767;0.033678334202702255;-0.1318359375;
05:43:35;35.0;1577252616;98.723;1.1450633628918767;0.033678334202702255;-0.1318359375;
05:43:36;36.0;1577252617;98.959;1.1450633628918767;0.033678334202702255;-0.1318359375;
05:43:37;37.0;1577252618;98.508;1.1450633628918767;0.033678334202702255;-0.1318359375;
05:43:38;38.0;1577252619;98.294;1.1450633628918767;0.033678334202702255;-0.1318359375;
05:43:39;39.0;1577252620;98.572;1.1450633628918767;0.033678334202702255;-0.1318359375;
05:43:40;40.0;1577252621;98.615;1.1450633628918767;0.033678334202702255;-0.1318359375;
05:43:41;41.0;1577252622;98.852;1.1450633628918767;0.033678334202702255;-0.1318359375;
05:43:42;42.0;1577252623;98.594;1.1450633628918767;0.033678334202702255;-0.1318359375;
05:43:43;43.0;1577252624;98.272;1.1450633628918767;0.033678334202702255;-0.1318359375;
05:43:44;44.0;1577252625;98.208;1.1450633628918767;0.033678334202702255;-0.1318359375;
05:43:45;45.0;1577252626;98.208;1.1450633628918767;0.033678334202702255;-0.1318359375;
05:43:46;46.0;1577252627;98.486;1.1450633628918767;0.033678334202702255;-0.1318359375;
05:43:47;47.0;1577252628;98.787;1.1450633628918767;0.033678334202702255;-0.1318359375;
05:43:48;48.0;1577252629;98.315;1.1450633628918767;0.033678334202702255;-0.1318359375;
05:43:49;49.0;1577252630;98.101;1.1450633628918767;0.033678334202702255;-0.1318359375;
05:43:50;50.0;1577252631;98.165;1.1450633628918767;0.033678334202702255;-0.1318359375;
05:43:51;51.0;1577252632;98.101;1.1450633628918767;0.033678334202702255;-0.1318359375;
05:43:52;52.0;1577252633;98.615;1.1450633628918767;0.033678334202702255;-0.1318359375;
05:43:53;53.0;1577252634;99.067;1.1450633628918767;0.033678334202702255;-0.1318359375;
05:43:54;54.0;1577252635;98.701;1.1450633628918767;0.033678334202702255;-0.1318359375;
05:43:55;55.0;1577252636;98.701;1.1450633628918767;0.033678334202702255;-0.1318359375;
05:43:56;56.0;1577252637;98.916;1.1450633628918767;0.033678334202702255;-0.1318359375;
05:43:57;57.0;1577252638;98.895;1.1450633628918767;0.033678334202702255;-0.1318359375;
05:43:58;58.0;1577252639;99.002;1.1450633628918767;0.033678334202702255;-0.1318359375;
05:43:59;59.0;1577252640;99.024;1.1450633628918767;0.033678334202702255;-0.1318359375;
05:44:00;60.0;1577252642;98.529;1.1450633628918767;0.033678334202702255;-0.1318359375;
05:44:01;61.0;1577252643;98.379;1.1450633628918767;0.033678334202702255;-0.1318359375;
05:44:02;62.0;1577252644;98.572;1.1450633628918767;0.033678334202702255;-0.1318359375;
05:44:03;63.0;1577252645;98.422;1.1450633628918767;0.033678334202702255;-0.1318359375;
05:44:04;64.0;1577252646;98.873;1.1450633628918767;0.033678334202702255;-0.1318359375;
05:44:05;65.0;1577252647;98.787;1.1450633628918767;0.033678334202702255;-0.1318359375;
05:44:07;67.0;1577252648;98.766;1.1450633628918767;0.033678334202702255;-0.1318359375;
05:44:08;68.0;1577252649;98.723;1.1450633628918767;0.033678334202702255;-0.1318359375;
05:44:09;69.0;1577252650;98.572;1.1450633628918767;0.033678334202702255;-0.1318359375;
05:44:10;70.0;1577252651;98.358;1.1450633628918767;0.033678334202702255;-0.1318359375;
05:44:11;71.0;1577252652;98.144;1.1450633628918767;0.033678334202702255;-0.1318359375;
05:44:12;72.0;1577252652;98.379;1.1450633628918767;0.033678334202702255;-0.1318359375;
05:44:13;73.0;1577252654;98.101;1.1450633628918767;0.033678334202702255;-0.1318359375;
05:44:14;74.0;1577252655;98.315;1.1450633628918767;0.033678334202702255;-0.1318359375;
05:44:15;75.0;1577252656;98.315;1.1450633628918767;0.033678334202702255;-0.1318359375;
05:44:16;76.0;1577252657;98.508;1.1450633628918767;0.033678334202702255;-0.1318359375;
05:44:17;77.0;1577252658;98.508;1.1450633628918767;0.033678334202702255;-0.1318359375;
05:44:18;78.0;1577252659;98.529;1.1450633628918767;0.033678334202702255;-0.1318359375;
05:44:19;79.0;1577252660;98.723;1.1450633628918767;0.033678334202702255;-0.1318359375;
05:44:20;80.0;1577252661;98.551;1.1450633628918767;0.033678334202702255;-0.1318359375;
05:44:21;81.0;1577252662;98.809;1.1450633628918767;0.033678334202702255;-0.1318359375;
05:44:22;82.0;1577252663;98.83;1.1450633628918767;0.033678334202702255;-0.1318359375;
05:44:23;83.0;1577252664;98.873;1.1450633628918767;0.033678334202702255;-0.1318359375;
05:44:24;84.0;1577252665;99.305;1.1450633628918767;0.033678334202702255;-0.1318359375;
05:44:25;85.0;1577252666;99.391;1.1450633628918767;0.033678334202702255;-0.1318359375;
05:44:26;86.0;1577252667;99.154;1.1450633628918767;0.033678334202702255;-0.1318359375;
05:44:27;87.0;1577252668;99.24;1.1450633628918767;0.033678334202702255;-0.1318359375;
05:44:28;88.0;1577252669;98.723;1.1450633628918767;0.033678334202702255;-0.1318359375;
05:44:29;89.0;1577252670;98.852;1.1450633628918767;0.033678334202702255;-0.1318359375;
05:44:30;90.0;1577252671;99.305;1.1450633628918767;0.033678334202702255;-0.1318359375;
05:44:31;91.0;1577252672;99.218;1.1450633628918767;0.033678334202702255;-0.1318359375;
05:44:32;92.0;1577252673;99.262;1.1450633628918767;0.033678334202702255;-0.1318359375;
05:44:33;93.0;1577252674;98.787;1.1450633628918767;0.033678334202702255;-0.1318359375;
05:44:34;94.0;1577252675;98.529;1.1450633628918767;0.033678334202702255;-0.1318359375;
05:44:35;95.0;1577252676;98.272;1.1450633628918767;0.033678334202702255;-0.1318359375;
05:44:36;96.0;1577252677;98.529;1.1450633628918767;0.033678334202702255;-0.1318359375;
05:44:37;97.0;1577252678;98.144;1.1450633628918767;0.033678334202702255;-0.1318359375;
05:44:38;98.0;1577252679;98.208;1.1450633628918767;0.033678334202702255;-0.1318359375;
05:44:39;99.0;1577252680;98.165;1.1450633628918767;0.033678334202702255;-0.1318359375;
05:44:40;100.0;1577252681;97.612;1.1450633628918767;0.033678334202702255;-0.1318359375;
05:44:41;101.0;1577252682;97.973;1.1450633628918767;0.033678334202702255;-0.1318359375;
05:44:42;102.0;1577252683;98.144;1.1450633628918767;0.033678334202702255;-0.1318359375;
05:44:43;103.0;1577252684;98.144;1.1450633628918767;0.033678334202702255;-0.1318359375;
05:44:44;104.0;1577252685;98.637;1.1450633628918767;0.033678334202702255;-0.1318359375;
05:44:45;105.0;1577252686;98.852;1.1450633628918767;0.033678334202702255;-0.1318359375;
05:44:46;106.0;1577252687;98.379;1.1450633628918767;0.033678334202702255;-0.1318359375;
05:44:47;107.0;1577252688;98.701;1.1450633628918767;0.033678334202702255;-0.1318359375;
05:44:48;108.0;1577252689;98.701;1.1450633628918767;0.033678334202702255;-0.1318359375;
05:44:49;109.0;1577252690;98.723;1.1450633628918767;0.033678334202702255;-0.1318359375;
05:44:50;110.0;1577252691;99.024;1.1450633628918767;0.033678334202702255;-0.1318359375;
05:44:51;111.0;1577252692;99.002;1.1450633628918767;0.033678334202702255;-0.1318359375;
05:44:52;112.0;1577252693;99.046;1.1450633628918767;0.033678334202702255;-0.1318359375;
05:44:53;113.0;1577252694;99.046;1.1450633628918767;0.033678334202702255;-0.1318359375;
05:44:54;114.0;1577252695;98.766;1.1450633628918767;0.033678334202702255;-0.1318359375;
05:44:55;115.0;1577252696;98.744;1.1450633628918767;0.033678334202702255;-0.1318359375;
05:44:56;116.0;1577252697;98.251;1.1450633628918767;0.033678334202702255;-0.1318359375;
05:44:57;117.0;1577252698;98.08;1.1450633628918767;0.033678334202702255;-0.1318359375;
05:44:58;118.0;1577252699;98.551;1.1450633628918767;0.033678334202702255;-0.1318359375;
05:44:59;119.0;1577252700;98.251;1.1450633628918767;0.033678334202702255;-0.1318359375;
05:45:00;120.0;1577252702;98.294;1.1450633628918767;0.033678334202702255;-0.1318359375;
05:45:01;121.0;1577252703;98.723;1.1450633628918767;0.033678334202702255;-0.1318359375;
05:45:02;122.0;1577252704;97.995;1.1450633628918767;0.033678334202702255;-0.1318359375;
05:45:03;123.0;1577252705;98.101;1.1450633628918767;0.033678334202702255;-0.1318359375;
05:45:04;124.0;1577252706;98.123;1.1450633628918767;0.033678334202702255;-0.1318359375;
05:45:05;125.0;1577252707;97.888;1.1450633628918767;0.033678334202702255;-0.1318359375;
05:45:06;126.0;1577252708;97.91;1.1450633628918767;0.033678334202702255;-0.1318359375;
05:45:07;127.0;1577252709;97.91;1.1450633628918767;0.033678334202702255;-0.1318359375;
05:45:08;128.0;1577252710;98.101;1.1450633628918767;0.033678334202702255;-0.1318359375;
05:45:09;129.0;1577252711;97.824;1.1450633628918767;0.033678334202702255;-0.1318359375;
05:45:10;130.0;1577252711;98.272;1.1450633628918767;0.033678334202702255;-0.1318359375;
05:45:12;132.0;1577252713;98.68;1.1450633628918767;0.033678334202702255;-0.1318359375;
05:45:13;133.0;1577252714;98.444;1.1450633628918767;0.033678334202702255;-0.1318359375;
05:45:14;134.0;1577252715;98.444;1.1450633628918767;0.033678334202702255;-0.1318359375;
05:45:15;135.0;1577252716;98.744;1.1450633628918767;0.033678334202702255;-0.1318359375;
05:45:16;136.0;1577252717;98.508;1.1450633628918767;0.033678334202702255;-0.1318359375;
05:45:17;137.0;1577252718;98.315;1.1450633628918767;0.033678334202702255;-0.1318359375;
05:45:18;138.0;1577252719;98.83;1.1450633628918767;0.033678334202702255;-0.1318359375;
05:45:19;139.0;1577252720;98.059;1.1450633628918767;0.033678334202702255;-0.1318359375;
05:45:20;140.0;1577252721;97.824;1.1450633628918767;0.033678334202702255;-0.1318359375;
05:45:21;141.0;1577252722;98.037;1.1450633628918767;0.033678334202702255;-0.1318359375;
05:45:22;142.0;1577252723;97.569;1.1450633628918767;0.033678334202702255;-0.1318359375;
05:45:23;143.0;1577252724;98.101;1.1450633628918767;0.033678334202702255;-0.1318359375;
05:45:24;144.0;1577252725;98.615;1.1450633628918767;0.033678334202702255;-0.1318359375;
05:45:25;145.0;1577252726;98.83;1.1450633628918767;0.033678334202702255;-0.1318359375;
05:45:26;146.0;1577252727;99.067;1.1450633628918767;0.033678334202702255;-0.1318359375;
05:45:27;147.0;1577252728;98.744;1.1450633628918767;0.033678334202702255;-0.1318359375;
05:45:28;148.0;1577252729;98.23;1.1450633628918767;0.033678334202702255;-0.1318359375;
05:45:29;149.0;1577252730;97.973;1.1450633628918767;0.033678334202702255;-0.1318359375;
05:45:30;150.0;1577252731;97.973;1.1450633628918767;0.033678334202702255;-0.1318359375;
05:45:31;151.0;1577252732;98.037;1.1450633628918767;0.033678334202702255;-0.1318359375;
05:45:32;152.0;1577252733;98.101;1.1450633628918767;0.033678334202702255;-0.1318359375;
05:45:33;153.0;1577252734;98.101;1.1450633628918767;0.033678334202702255;-0.1318359375;
05:45:34;154.0;1577252735;98.059;1.1450633628918767;0.033678334202702255;-0.1318359375;
05:45:35;155.0;1577252736;98.358;1.1450633628918767;0.033678334202702255;-0.1318359375;
05:45:36;156.0;1577252737;98.123;1.1450633628918767;0.033678334202702255;-0.1318359375;
05:45:37;157.0;1577252738;98.187;1.1450633628918767;0.033678334202702255;-0.1318359375;
05:45:38;158.0;1577252739;97.995;1.1450633628918767;0.033678334202702255;-0.1318359375;
05:45:39;159.0;1577252740;97.421;1.1450633628918767;0.033678334202702255;-0.1318359375;
05:45:40;160.0;1577252741;97.824;1.1450633628918767;0.033678334202702255;-0.1318359375;
05:45:41;161.0;1577252742;97.506;1.1450633628918767;0.033678334202702255;-0.1318359375;
05:45:42;162.0;1577252743;97.485;1.1450633628918767;0.033678334202702255;-0.1318359375;
05:45:43;163.0;1577252744;97.761;1.1450633628918767;0.033678334202702255;-0.1318359375;
05:45:44;164.0;1577252745;97.782;1.1450633628918767;0.033678334202702255;-0.1318359375;
05:45:45;165.0;1577252746;98.08;1.1450633628918767;0.033678334202702255;-0.1318359375;
05:45:46;166.0;1577252747;97.803;1.1450633628918767;0.033678334202702255;-0.1318359375;
05:45:47;167.0;1577252748;98.059;1.1450633628918767;0.033678334202702255;-0.1318359375;
05:45:48;168.0;1577252749;98.337;1.1450633628918767;0.033678334202702255;-0.1318359375;
05:45:49;169.0;1577252750;98.23;1.1450633628918767;0.033678334202702255;-0.1318359375;
05:45:50;170.0;1577252751;98.701;1.1450633628918767;0.033678334202702255;-0.1318359375;
05:45:51;171.0;1577252752;98.572;1.1450633628918767;0.033678334202702255;-0.1318359375;
05:45:52;172.0;1577252753;98.294;1.1450633628918767;0.033678334202702255;-0.1318359375;
05:45:53;173.0;1577252754;98.358;1.1450633628918767;0.033678334202702255;-0.1318359375;
05:45:54;174.0;1577252755;98.208;1.1450633628918767;0.033678334202702255;-0.1318359375;
05:45:55;175.0;1577252756;98.272;1.1450633628918767;0.033678334202702255;-0.1318359375;
05:45:56;176.0;1577252757;98.037;1.1450633628918767;0.033678334202702255;-0.1318359375;
05:45:57;177.0;1577252758;98.337;1.1450633628918767;0.033678334202702255;-0.1318359375;
05:45:58;178.0;1577252759;98.337;1.1450633628918767;0.033678334202702255;-0.1318359375;
05:45:59;179.0;1577252760;98.059;1.1450633628918767;0.033678334202702255;-0.1318359375;
05:46:00;180.0;1577252761;97.782;1.1450633628918767;0.033678334202702255;-0.1318359375;
05:46:01;181.0;1577252763;97.527;1.1450633628918767;0.033678334202702255;-0.1318359375;
05:46:02;182.0;1577252764;97.506;1.1450633628918767;0.033678334202702255;-0.1318359375;
05:46:03;183.0;1577252765;97.569;1.1450633628918767;0.033678334202702255;-0.1318359375;
05:46:04;184.0;1577252766;97.846;1.1450633628918767;0.033678334202702255;-0.1318359375;
05:46:05;185.0;1577252767;98.016;1.1450633628918767;0.033678334202702255;-0.1318359375;
05:46:06;186.0;1577252768;97.803;1.1450633628918767;0.033678334202702255;-0.1318359375;
05:46:07;187.0;1577252769;98.016;1.1450633628918767;0.033678334202702255;-0.1318359375;
05:46:08;188.0;1577252770;98.251;1.1450633628918767;0.033678334202702255;-0.1318359375;
05:46:09;189.0;1577252770;98.059;1.1450633628918767;0.033678334202702255;-0.1318359375;
05:46:10;190.0;1577252772;98.23;1.1450633628918767;0.033678334202702255;-0.1318359375;
05:46:11;191.0;1577252773;98.059;1.1450633628918767;0.033678334202702255;-0.1318359375;
05:46:12;192.0;1577252774;97.591;1.1450633628918767;0.033678334202702255;-0.1318359375;
05:46:13;193.0;1577252775;97.358;1.1450633628918767;0.033678334202702255;-0.1318359375;
05:46:14;194.0;1577252776;97.697;1.1450633628918767;0.033678334202702255;-0.1318359375;
05:46:16;196.0;1577252777;97.676;1.1450633628918767;0.033678334202702255;-0.1318359375;
05:46:17;197.0;1577252778;97.973;1.1450633628918767;0.033678334202702255;-0.1318359375;
05:46:18;198.0;1577252779;98.208;1.1450633628918767;0.033678334202702255;-0.1318359375;
05:46:19;199.0;1577252780;98.144;1.1450633628918767;0.033678334202702255;-0.1318359375;
05:46:20;200.0;1577252781;98.08;1.1450633628918767;0.033678334202702255;-0.1318359375;
05:46:21;201.0;1577252782;97.803;1.1450633628918767;0.033678334202702255;-0.1318359375;
05:46:22;202.0;1577252783;97.782;1.1450633628918767;0.033678334202702255;-0.1318359375;
05:46:23;203.0;1577252784;98.016;1.1450633628918767;0.033678334202702255;-0.1318359375;
05:46:24;204.0;1577252785;98.294;1.1450633628918767;0.033678334202702255;-0.1318359375;
05:46:25;205.0;1577252786;98.551;1.1450633628918767;0.033678334202702255;-0.1318359375;
05:46:26;206.0;1577252787;98.315;1.1450633628918767;0.033678334202702255;-0.1318359375;
05:46:27;207.0;1577252788;98.08;1.1450633628918767;0.033678334202702255;-0.1318359375;
05:46:28;208.0;1577252789;98.272;1.1450633628918767;0.033678334202702255;-0.1318359375;
05:46:29;209.0;1577252790;97.824;1.1450633628918767;0.033678334202702255;-0.1318359375;
05:46:30;210.0;1577252791;98.337;1.1450633628918767;0.033678334202702255;-0.1318359375;
05:46:31;211.0;1577252792;98.144;1.1450633628918767;0.033678334202702255;-0.1318359375;
05:46:32;212.0;1577252793;97.676;1.1450633628918767;0.033678334202702255;-0.1318359375;
05:46:33;213.0;1577252794;98.272;1.1450633628918767;0.033678334202702255;-0.1318359375;
05:46:34;214.0;1577252795;98.208;1.1450633628918767;0.033678334202702255;-0.1318359375;
05:46:35;215.0;1577252796;98.401;1.1450633628918767;0.033678334202702255;-0.1318359375;
05:46:36;216.0;1577252797;98.444;1.1450633628918767;0.033678334202702255;-0.1318359375;
05:46:37;217.0;1577252798;98.486;1.1450633628918767;0.033678334202702255;-0.1318359375;
05:46:38;218.0;1577252799;98.508;1.1450633628918767;0.033678334202702255;-0.1318359375;
05:46:39;219.0;1577252800;98.059;1.1450633628918767;0.033678334202702255;-0.1318359375;
05:46:40;220.0;1577252801;98.037;1.1450633628918767;0.033678334202702255;-0.1318359375;
05:46:41;221.0;1577252802;98.059;1.1450633628918767;0.033678334202702255;-0.1318359375;
05:46:42;222.0;1577252803;97.867;1.1450633628918767;0.033678334202702255;-0.1318359375;
05:46:43;223.0;1577252804;98.08;1.1450633628918767;0.033678334202702255;-0.1318359375;
05:46:44;224.0;1577252805;98.016;1.1450633628918767;0.033678334202702255;-0.1318359375;
05:46:45;225.0;1577252806;97.612;1.1450633628918767;0.033678334202702255;-0.1318359375;
05:46:46;226.0;1577252807;97.358;1.1450633628918767;0.033678334202702255;-0.1318359375;
05:46:47;227.0;1577252808;97.358;1.1450633628918767;0.033678334202702255;-0.1318359375;
05:46:48;228.0;1577252809;97.4;1.1450633628918767;0.033678334202702255;-0.1318359375;
05:46:49;229.0;1577252810;97.485;1.1450633628918767;0.033678334202702255;-0.1318359375;
05:46:50;230.0;1577252811;97.697;1.1450633628918767;0.033678334202702255;-0.1318359375;
05:46:51;231.0;1577252812;97.888;1.1450633628918767;0.033678334202702255;-0.1318359375;
05:46:52;232.0;1577252813;98.379;1.1450633628918767;0.033678334202702255;-0.1318359375;
05:46:53;233.0;1577252814;98.187;1.1450633628918767;0.033678334202702255;-0.1318359375;
05:46:54;234.0;1577252815;98.208;1.1450633628918767;0.033678334202702255;-0.1318359375;
05:46:55;235.0;1577252816;98.23;1.1450633628918767;0.033678334202702255;-0.1318359375;
05:46:56;236.0;1577252817;97.931;1.1450633628918767;0.033678334202702255;-0.1318359375;
05:46:57;237.0;1577252818;98.144;1.1450633628918767;0.033678334202702255;-0.1318359375;
05:46:58;238.0;1577252819;97.888;1.1450633628918767;0.033678334202702255;-0.1318359375;
05:46:59;239.0;1577252820;97.888;1.1450633628918767;0.033678334202702255;-0.1318359375;
05:47:00;240.0;1577252821;97.463;1.1450633628918767;0.033678334202702255;-0.1318359375;
05:47:01;241.0;1577252822;97.273;1.1450633628918767;0.033678334202702255;-0.1318359375;
05:47:02;242.0;1577252823;97.697;1.1450633628918767;0.033678334202702255;-0.1318359375;
05:47:03;243.0;1577252825;97.485;1.1450633628918767;0.033678334202702255;-0.1318359375;
05:47:04;244.0;1577252826;97.739;1.1450633628918767;0.033678334202702255;-0.1318359375;
05:47:05;245.0;1577252827;97.718;1.1450633628918767;0.033678334202702255;-0.1318359375;
05:47:06;246.0;1577252828;97.548;1.1450633628918767;0.033678334202702255;-0.1318359375;
05:47:07;247.0;1577252829;97.231;1.1450633628918767;0.033678334202702255;-0.1318359375;
05:47:08;248.0;1577252829;96.83;1.1450633628918767;0.033678334202702255;-0.1318359375;
05:47:09;249.0;1577252831;96.872;1.1450633628918767;0.033678334202702255;-0.1318359375;
05:47:10;250.0;1577252832;96.683;1.1450633628918767;0.033678334202702255;-0.1318359375;
05:47:11;251.0;1577252833;97.167;1.1450633628918767;0.033678334202702255;-0.1318359375;
05:47:12;252.0;1577252834;97.569;1.1450633628918767;0.033678334202702255;-0.1318359375;
05:47:13;253.0;1577252835;97.591;1.1450633628918767;0.033678334202702255;-0.1318359375;
05:47:14;254.0;1577252836;97.824;1.1450633628918767;0.033678334202702255;-0.1318359375;
05:47:15;255.0;1577252837;97.442;1.1450633628918767;0.033678334202702255;-0.1318359375;
05:47:16;256.0;1577252838;97.146;1.1450633628918767;0.033678334202702255;-0.1318359375;
05:47:17;257.0;1577252839;97.548;1.1450633628918767;0.033678334202702255;-0.1318359375;
05:47:18;258.0;1577252840;97.294;1.1450633628918767;0.033678334202702255;-0.1318359375;
05:47:20;260.0;1577252841;97.718;1.1450633628918767;0.033678334202702255;-0.1318359375;
05:47:21;261.0;1577252842;97.824;1.1450633628918767;0.033678334202702255;-0.1318359375;
05:47:22;262.0;1577252843;97.654;1.1450633628918767;0.033678334202702255;-0.1318359375;
05:47:23;263.0;1577252844;97.654;1.1450633628918767;0.033678334202702255;-0.1318359375;
05:47:24;264.0;1577252845;97.358;1.1450633628918767;0.033678334202702255;-0.1318359375;
05:47:25;265.0;1577252846;97.527;1.1450633628918767;0.033678334202702255;-0.1318359375;
05:47:26;266.0;1577252847;97.294;1.1450633628918767;0.033678334202702255;-0.1318359375;
05:47:27;267.0;1577252848;97.506;1.1450633628918767;0.033678334202702255;-0.1318359375;
05:47:28;268.0;1577252849;97.379;1.1450633628918767;0.033678334202702255;-0.1318359375;
05:47:29;269.0;1577252850;97.846;1.1450633628918767;0.033678334202702255;-0.1318359375;
05:47:30;270.0;1577252851;98.059;1.1450633628918767;0.033678334202702255;-0.1318359375;
05:47:31;271.0;1577252852;97.612;1.1450633628918767;0.033678334202702255;-0.1318359375;
05:47:32;272.0;1577252853;97.824;1.1450633628918767;0.033678334202702255;-0.1318359375;
05:47:33;273.0;1577252854;97.188;1.1450633628918767;0.033678334202702255;-0.1318359375;
05:47:34;274.0;1577252855;96.893;1.1450633628918767;0.033678334202702255;-0.1318359375;
05:47:35;275.0;1577252856;97.273;1.1450633628918767;0.033678334202702255;-0.1318359375;
05:47:36;276.0;1577252857;96.999;1.1450633628918767;0.033678334202702255;-0.1318359375;
05:47:37;277.0;1577252858;97.146;1.1450633628918767;0.033678334202702255;-0.1318359375;
05:47:38;278.0;1577252859;96.977;1.1450633628918767;0.033678334202702255;-0.1318359375;
05:47:39;279.0;1577252860;96.83;1.1450633628918767;0.033678334202702255;-0.1318359375;
05:47:40;280.0;1577252861;97.104;1.1450633628918767;0.033678334202702255;-0.1318359375;
05:47:41;281.0;1577252862;97.104;1.1450633628918767;0.033678334202702255;-0.1318359375;
05:47:42;282.0;1577252863;97.315;1.1450633628918767;0.033678334202702255;-0.1318359375;
05:47:43;283.0;1577252864;97.421;1.1450633628918767;0.033678334202702255;-0.1318359375;
05:47:44;284.0;1577252865;97.146;1.1450633628918767;0.033678334202702255;-0.1318359375;
05:47:45;285.0;1577252866;96.914;1.1450633628918767;0.033678334202702255;-0.1318359375;
05:47:46;286.0;1577252867;96.704;1.1450633628918767;0.033678334202702255;-0.1318359375;
05:47:47;287.0;1577252868;96.746;1.1450633628918767;0.033678334202702255;-0.1318359375;
05:47:48;288.0;1577252869;97.21;1.1450633628918767;0.033678334202702255;-0.1318359375;
05:47:49;289.0;1577252870;97.569;1.1450633628918767;0.033678334202702255;-0.1318359375;
05:47:50;290.0;1577252871;98.037;1.1450633628918767;0.033678334202702255;-0.1318359375;
05:47:51;291.0;1577252872;98.101;1.1450633628918767;0.033678334202702255;-0.1318359375;
05:47:52;292.0;1577252873;97.676;1.1450633628918767;0.033678334202702255;-0.1318359375;
05:47:53;293.0;1577252874;97.633;1.1450633628918767;0.033678334202702255;-0.1318359375;
05:47:54;294.0;1577252875;97.4;1.1450633628918767;0.033678334202702255;-0.1318359375;
05:47:55;295.0;1577252876;97.125;1.1450633628918767;0.033678334202702255;-0.1318359375;
05:47:56;296.0;1577252877;96.683;1.1450633628918767;0.033678334202702255;-0.1318359375;
05:47:57;297.0;1577252878;96.39;1.1450633628918767;0.033678334202702255;-0.1318359375;
05:47:58;298.0;1577252879;96.369;1.1450633628918767;0.033678334202702255;-0.1318359375;
05:47:59;299.0;1577252880;96.599;1.1450633628918767;0.033678334202702255;-0.1318359375;
05:48:00;300.0;1577252881;97.252;1.1450633628918767;0.033678334202702255;-0.1318359375;
05:48:01;301.0;1577252882;97.506;1.1450633628918767;0.033678334202702255;-0.1318359375;
05:48:02;302.0;1577252883;97.506;1.1450633628918767;0.033678334202702255;-0.1318359375;
05:48:03;303.0;1577252884;97.294;1.1450633628918767;0.033678334202702255;-0.1318359375;
05:48:04;304.0;1577252886;97.294;1.1450633628918767;0.033678334202702255;-0.1318359375;
05:48:05;305.0;1577252887;97.083;1.1450633628918767;0.033678334202702255;-0.1318359375;
05:48:06;306.0;1577252888;97.083;1.1450633628918767;0.033678334202702255;-0.1318359375;
05:48:07;307.0;1577252888;96.893;1.1450633628918767;0.033678334202702255;-0.1318359375;
05:48:08;308.0;1577252890;96.914;1.1450633628918767;0.033678334202702255;-0.1318359375;
05:48:09;309.0;1577252891;96.914;1.1450633628918767;0.033678334202702255;-0.1318359375;
05:48:10;310.0;1577252892;97.188;1.1450633628918767;0.033678334202702255;-0.1318359375;
05:48:11;311.0;1577252893;97.612;1.1450633628918767;0.033678334202702255;-0.1318359375;
05:48:12;312.0;1577252894;97.612;1.1450633628918767;0.033678334202702255;-0.1318359375;
05:48:13;313.0;1577252895;97.782;1.1450633628918767;0.033678334202702255;-0.1318359375;
05:48:14;314.0;1577252896;97.485;1.1450633628918767;0.033678334202702255;-0.1318359375;
05:48:15;315.0;1577252897;97.739;1.1450633628918767;0.033678334202702255;-0.1318359375;
05:48:16;316.0;1577252898;97.463;1.1450633628918767;0.033678334202702255;-0.1318359375;
05:48:17;317.0;1577252899;97.252;1.1450633628918767;0.033678334202702255;-0.1318359375;
05:48:18;318.0;1577252900;97.697;1.1450633628918767;0.033678334202702255;-0.1318359375;
05:48:19;319.0;1577252901;97.21;1.1450633628918767;0.033678334202702255;-0.1318359375;
05:48:20;320.0;1577252902;97.231;1.1450633628918767;0.033678334202702255;-0.1318359375;
05:48:21;321.0;1577252903;97.252;1.1450633628918767;0.033678334202702255;-0.1318359375;
05:48:22;322.0;1577252904;97.146;1.1450633628918767;0.033678334202702255;-0.1318359375;
05:48:24;324.0;1577252905;97.188;1.1450633628918767;0.033678334202702255;-0.1318359375;
05:48:25;325.0;1577252906;97.231;1.1450633628918767;0.033678334202702255;-0.1318359375;
05:48:26;326.0;1577252907;97.463;1.1450633628918767;0.033678334202702255;-0.1318359375;
05:48:27;327.0;1577252908;97.4;1.1450633628918767;0.033678334202702255;-0.1318359375;
05:48:28;328.0;1577252909;97.315;1.1450633628918767;0.033678334202702255;-0.1318359375;
05:48:29;329.0;1577252910;97.273;1.1450633628918767;0.033678334202702255;-0.1318359375;
05:48:30;330.0;1577252911;97.231;1.1450633628918767;0.033678334202702255;-0.1318359375;
05:48:31;331.0;1577252912;97.041;1.1450633628918767;0.033678334202702255;-0.1318359375;
05:48:32;332.0;1577252913;96.83;1.1450633628918767;0.033678334202702255;-0.1318359375;
05:48:33;333.0;1577252914;97.273;1.1450633628918767;0.033678334202702255;-0.1318359375;
05:48:34;334.0;1577252915;97.125;1.1450633628918767;0.033678334202702255;-0.1318359375;
05:48:35;335.0;1577252916;97.463;1.1450633628918767;0.033678334202702255;-0.1318359375;
05:48:36;336.0;1577252917;97.931;1.1450633628918767;0.033678334202702255;-0.1318359375;
05:48:37;337.0;1577252918;97.442;1.1450633628918767;0.033678334202702255;-0.1318359375;
05:48:38;338.0;1577252919;97.21;1.1450633628918767;0.033678334202702255;-0.1318359375;
05:48:39;339.0;1577252920;97.02;1.1450633628918767;0.033678334202702255;-0.1318359375;
05:48:40;340.0;1577252921;97.252;1.1450633628918767;0.033678334202702255;-0.1318359375;
05:48:41;341.0;1577252922;97.527;1.1450633628918767;0.033678334202702255;-0.1318359375;
05:48:42;342.0;1577252923;97.931;1.1450633628918767;0.033678334202702255;-0.1318359375;
05:48:43;343.0;1577252924;97.761;1.1450633628918767;0.033678334202702255;-0.1318359375;
05:48:44;344.0;1577252925;97.083;1.1450633628918767;0.033678334202702255;-0.1318359375;
05:48:45;345.0;1577252926;96.851;1.1450633628918767;0.033678334202702255;-0.1318359375;
05:48:46;346.0;1577252927;96.851;1.1450633628918767;0.033678334202702255;-0.1318359375;
05:48:47;347.0;1577252928;97.294;1.1450633628918767;0.033678334202702255;-0.1318359375;
05:48:48;348.0;1577252929;97.973;1.1450633628918767;0.033678334202702255;-0.1318359375;
05:48:49;349.0;1577252930;97.931;1.1450633628918767;0.033678334202702255;-0.1318359375;
05:48:50;350.0;1577252931;97.761;1.1450633628918767;0.033678334202702255;-0.1318359375;
05:48:51;351.0;1577252932;97.803;1.1450633628918767;0.033678334202702255;-0.1318359375;
05:48:52;352.0;1577252933;97.612;1.1450633628918767;0.033678334202702255;-0.1318359375;
05:48:53;353.0;1577252934;97.676;1.1450633628918767;0.033678334202702255;-0.1318359375;
05:48:54;354.0;1577252935;97.676;1.1450633628918767;0.033678334202702255;-0.1318359375;
05:48:55;355.0;1577252936;96.851;1.1450633628918767;0.033678334202702255;-0.1318359375;
05:48:56;356.0;1577252937;96.599;1.1450633628918767;0.033678334202702255;-0.1318359375;
05:48:57;357.0;1577252938;96.788;1.1450633628918767;0.033678334202702255;-0.1318359375;
05:48:58;358.0;1577252939;96.515;1.1450633628918767;0.033678334202702255;-0.1318359375;
05:48:59;359.0;1577252940;96.872;1.1450633628918767;0.033678334202702255;-0.1318359375;
05:49:00;360.0;1577252941;96.348;1.1450633628918767;0.033678334202702255;-0.1318359375;
05:49:01;361.0;1577252942;96.201;1.1450633628918767;0.033678334202702255;-0.1318359375;
05:49:02;362.0;1577252943;96.264;1.1450633628918767;0.033678334202702255;-0.1318359375;
05:49:03;363.0;1577252944;96.201;1.1450633628918767;0.033678334202702255;-0.1318359375;
05:49:04;364.0;1577252945;96.746;1.1450633628918767;0.033678334202702255;-0.1318359375;
05:49:05;365.0;1577252946;96.662;1.1450633628918767;0.033678334202702255;-0.1318359375;
05:49:06;366.0;1577252947;96.746;1.1450633628918767;0.033678334202702255;-0.1318359375;
05:49:07;367.0;1577252949;97.02;1.1450633628918767;0.033678334202702255;-0.1318359375;
05:49:08;368.0;1577252950;97.041;1.1450633628918767;0.033678334202702255;-0.1318359375;
05:49:09;369.0;1577252951;97.02;1.1450633628918767;0.033678334202702255;-0.1318359375;
05:49:10;370.0;1577252952;97.062;1.1450633628918767;0.033678334202702255;-0.1318359375;
05:49:11;371.0;1577252953;96.578;1.1450633628918767;0.033678334202702255;-0.1318359375;
05:49:12;372.0;1577252954;96.327;1.1450633628918767;0.033678334202702255;-0.1318359375;
05:49:13;373.0;1577252955;96.348;1.1450633628918767;0.033678334202702255;-0.1318359375;
05:49:14;374.0;1577252956;96.431;1.1450633628918767;0.033678334202702255;-0.1318359375;
05:49:15;375.0;1577252957;96.578;1.1450633628918767;0.033678334202702255;-0.1318359375;
05:49:16;376.0;1577252958;97.062;1.1450633628918767;0.033678334202702255;-0.1318359375;
05:49:17;377.0;1577252959;97.083;1.1450633628918767;0.033678334202702255;-0.1318359375;
05:49:18;378.0;1577252960;96.809;1.1450633628918767;0.033678334202702255;-0.1318359375;
05:49:19;379.0;1577252961;97.041;1.1450633628918767;0.033678334202702255;-0.1318359375;
05:49:20;380.0;1577252962;96.767;1.1450633628918767;0.033678334202702255;-0.1318359375;
05:49:21;381.0;1577252963;97.062;1.1450633628918767;0.033678334202702255;-0.1318359375;
05:49:22;382.0;1577252964;97.104;1.1450633628918767;0.033678334202702255;-0.1318359375;
05:49:23;383.0;1577252965;96.956;1.1450633628918767;0.033678334202702255;-0.1318359375;
05:49:24;384.0;1577252966;96.746;1.1450633628918767;0.033678334202702255;-0.1318359375;
05:49:25;385.0;1577252967;96.18;1.1450633628918767;0.033678334202702255;-0.1318359375;
05:49:26;386.0;1577252968;96.327;1.1450633628918767;0.033678334202702255;-0.1318359375;
05:49:28;388.0;1577252969;95.889;1.1450633628918767;0.033678334202702255;-0.1318359375;
05:49:29;389.0;1577252970;96.348;1.1450633628918767;0.033678334202702255;-0.1318359375;
05:49:30;390.0;1577252971;96.348;1.1450633628918767;0.033678334202702255;-0.1318359375;
05:49:31;391.0;1577252972;96.41;1.1450633628918767;0.033678334202702255;-0.1318359375;
05:49:32;392.0;1577252973;96.557;1.1450633628918767;0.033678334202702255;-0.1318359375;
05:49:33;393.0;1577252974;96.118;1.1450633628918767;0.033678334202702255;-0.1318359375;
05:49:34;394.0;1577252975;96.348;1.1450633628918767;0.033678334202702255;-0.1318359375;
05:49:35;395.0;1577252976;96.16;1.1450633628918767;0.033678334202702255;-0.1318359375;
05:49:36;396.0;1577252977;96.683;1.1450633628918767;0.033678334202702255;-0.1318359375;
05:49:37;397.0;1577252978;96.62;1.1450633628918767;0.033678334202702255;-0.1318359375;
05:49:38;398.0;1577252979;96.41;1.1450633628918767;0.033678334202702255;-0.1318359375;
05:49:39;399.0;1577252980;96.578;1.1450633628918767;0.033678334202702255;-0.1318359375;
05:49:40;400.0;1577252981;96.097;1.1450633628918767;0.033678334202702255;-0.1318359375;
05:49:41;401.0;1577252982;96.348;1.1450633628918767;0.033678334202702255;-0.1318359375;
05:49:42;402.0;1577252983;96.369;1.1450633628918767;0.033678334202702255;-0.1318359375;
05:49:43;403.0;1577252984;96.285;1.1450633628918767;0.033678334202702255;-0.1318359375;
05:49:44;404.0;1577252985;96.264;1.1450633628918767;0.033678334202702255;-0.1318359375;
05:49:45;405.0;1577252986;96.034;1.1450633628918767;0.033678334202702255;-0.1318359375;
05:49:46;406.0;1577252987;96.285;1.1450633628918767;0.033678334202702255;-0.1318359375;
05:49:47;407.0;1577252988;96.83;1.1450633628918767;0.033678334202702255;-0.1318359375;
05:49:48;408.0;1577252989;97.062;1.1450633628918767;0.033678334202702255;-0.1318359375;
05:49:49;409.0;1577252990;97.104;1.1450633628918767;0.033678334202702255;-0.1318359375;
05:49:50;410.0;1577252991;96.851;1.1450633628918767;0.033678334202702255;-0.1318359375;
05:49:51;411.0;1577252992;96.369;1.1450633628918767;0.033678334202702255;-0.1318359375;
05:49:52;412.0;1577252993;96.62;1.1450633628918767;0.033678334202702255;-0.1318359375;
05:49:53;413.0;1577252994;96.809;1.1450633628918767;0.033678334202702255;-0.1318359375;
05:49:54;414.0;1577252995;96.999;1.1450633628918767;0.033678334202702255;-0.1318359375;
05:49:55;415.0;1577252996;97.02;1.1450633628918767;0.033678334202702255;-0.1318359375;
05:49:56;416.0;1577252997;96.62;1.1450633628918767;0.033678334202702255;-0.1318359375;
05:49:57;417.0;1577252998;96.201;1.1450633628918767;0.033678334202702255;-0.1318359375;
05:49:58;418.0;1577252999;96.055;1.1450633628918767;0.033678334202702255;-0.1318359375;
05:49:59;419.0;1577253000;95.785;1.1450633628918767;0.033678334202702255;-0.1318359375;
05:50:00;420.0;1577253001;96.18;1.1450633628918767;0.033678334202702255;-0.1318359375;
05:50:01;421.0;1577253002;96.662;1.1450633628918767;0.033678334202702255;-0.1318359375;
05:50:02;422.0;1577253003;96.872;1.1450633628918767;0.033678334202702255;-0.1318359375;
05:50:03;423.0;1577253004;96.683;1.1450633628918767;0.033678334202702255;-0.1318359375;
05:50:04;424.0;1577253005;96.473;1.1450633628918767;0.033678334202702255;-0.1318359375;
05:50:05;425.0;1577253006;96.599;1.1450633628918767;0.033678334202702255;-0.1318359375;
05:50:06;426.0;1577253007;96.118;1.1450633628918767;0.033678334202702255;-0.1318359375;
05:50:07;427.0;1577253009;96.746;1.1450633628918767;0.033678334202702255;-0.1318359375;
05:50:08;428.0;1577253010;96.473;1.1450633628918767;0.033678334202702255;-0.1318359375;
05:50:09;429.0;1577253011;96.076;1.1450633628918767;0.033678334202702255;-0.1318359375;
05:50:10;430.0;1577253012;96.536;1.1450633628918767;0.033678334202702255;-0.1318359375;
05:50:11;431.0;1577253013;96.327;1.1450633628918767;0.033678334202702255;-0.1318359375;
05:50:12;432.0;1577253014;96.118;1.1450633628918767;0.033678334202702255;-0.1318359375;
05:50:13;433.0;1577253015;96.327;1.1450633628918767;0.033678334202702255;-0.1318359375;
05:50:14;434.0;1577253016;96.139;1.1450633628918767;0.033678334202702255;-0.1318359375;
05:50:15;435.0;1577253017;95.93;1.1450633628918767;0.033678334202702255;-0.1318359375;
05:50:16;436.0;1577253018;96.16;1.1450633628918767;0.033678334202702255;-0.1318359375;
05:50:17;437.0;1577253019;96.285;1.1450633628918767;0.033678334202702255;-0.1318359375;
05:50:18;438.0;1577253020;96.306;1.1450633628918767;0.033678334202702255;-0.1318359375;
05:50:19;439.0;1577253021;96.536;1.1450633628918767;0.033678334202702255;-0.1318359375;
05:50:20;440.0;1577253022;96.536;1.1450633628918767;0.033678334202702255;-0.1318359375;
05:50:21;441.0;1577253023;96.348;1.1450633628918767;0.033678334202702255;-0.1318359375;
05:50:22;442.0;1577253024;96.014;1.1450633628918767;0.033678334202702255;-0.1318359375;
05:50:23;443.0;1577253025;95.826;1.1450633628918767;0.033678334202702255;-0.1318359375;
05:50:24;444.0;1577253026;95.868;1.1450633628918767;0.033678334202702255;-0.1318359375;
05:50:25;445.0;1577253027;95.722;1.1450633628918767;0.033678334202702255;-0.1318359375;
05:50:26;446.0;1577253028;96.18;1.1450633628918767;0.033678334202702255;-0.1318359375;
05:50:27;447.0;1577253029;96.139;1.1450633628918767;0.033678334202702255;-0.1318359375;
05:50:28;448.0;1577253030;96.285;1.1450633628918767;0.033678334202702255;-0.1318359375;
05:50:29;449.0;1577253031;96.285;1.1450633628918767;0.033678334202702255;-0.1318359375;
05:50:30;450.0;1577253032;96.055;1.1450633628918767;0.033678334202702255;-0.1318359375;
05:50:32;452.0;1577253033;96.055;1.1450633628918767;0.033678334202702255;-0.1318359375;
05:50:33;453.0;1577253034;96.327;1.1450633628918767;0.033678334202702255;-0.1318359375;
05:50:34;454.0;1577253035;96.327;1.1450633628918767;0.033678334202702255;-0.1318359375;
05:50:35;455.0;1577253036;96.139;1.1450633628918767;0.033678334202702255;-0.1318359375;
05:50:36;456.0;1577253037;96.348;1.1450633628918767;0.033678334202702255;-0.1318359375;
05:50:37;457.0;1577253038;96.097;1.1450633628918767;0.033678334202702255;-0.1318359375;
05:50:38;458.0;1577253039;96.306;1.1450633628918767;0.033678334202702255;-0.1318359375;
05:50:39;459.0;1577253040;96.767;1.1450633628918767;0.033678334202702255;-0.1318359375;
05:50:40;460.0;1577253041;96.809;1.1450633628918767;0.033678334202702255;-0.1318359375;
05:50:41;461.0;1577253042;96.578;1.1450633628918767;0.033678334202702255;-0.1318359375;
05:50:42;462.0;1577253043;96.725;1.1450633628918767;0.033678334202702255;-0.1318359375;
05:50:43;463.0;1577253044;96.662;1.1450633628918767;0.033678334202702255;-0.1318359375;
05:50:44;464.0;1577253045;96.683;1.1450633628918767;0.033678334202702255;-0.1318359375;
05:50:45;465.0;1577253046;96.746;1.1450633628918767;0.033678334202702255;-0.1318359375;
05:50:46;466.0;1577253047;96.348;1.1450633628918767;0.033678334202702255;-0.1318359375;
05:50:47;467.0;1577253048;96.369;1.1450633628918767;0.033678334202702255;-0.1318359375;
05:50:48;468.0;1577253049;96.578;1.1450633628918767;0.033678334202702255;-0.1318359375;
05:50:49;469.0;1577253050;96.956;1.1450633628918767;0.033678334202702255;-0.1318359375;
05:50:50;470.0;1577253051;96.999;1.1450633628918767;0.033678334202702255;-0.1318359375;
05:50:51;471.0;1577253052;96.599;1.1450633628918767;0.033678334202702255;-0.1318359375;
05:50:52;472.0;1577253053;96.097;1.1450633628918767;0.033678334202702255;-0.1318359375;
05:50:53;473.0;1577253054;95.909;1.1450633628918767;0.033678334202702255;-0.1318359375;
05:50:54;474.0;1577253055;96.034;1.1450633628918767;0.033678334202702255;-0.1318359375;
05:50:55;475.0;1577253056;96.431;1.1450633628918767;0.033678334202702255;-0.1318359375;
05:50:56;476.0;1577253057;96.683;1.1450633628918767;0.033678334202702255;-0.1318359375;
05:50:57;477.0;1577253058;96.41;1.1450633628918767;0.033678334202702255;-0.1318359375;
05:50:58;478.0;1577253059;96.725;1.1450633628918767;0.033678334202702255;-0.1318359375;
05:50:59;479.0;1577253060;96.704;1.1450633628918767;0.033678334202702255;-0.1318359375;
05:51:00;480.0;1577253061;96.515;1.1450633628918767;0.033678334202702255;-0.1318359375;
05:51:01;481.0;1577253062;96.746;1.1450633628918767;0.033678334202702255;-0.1318359375;
05:51:02;482.0;1577253063;96.014;1.1450633628918767;0.033678334202702255;-0.1318359375;
05:51:03;483.0;1577253064;95.826;1.1450633628918767;0.033678334202702255;-0.1318359375;
05:51:04;484.0;1577253065;96.076;1.1450633628918767;0.033678334202702255;-0.1318359375;
05:51:05;485.0;1577253066;95.909;1.1450633628918767;0.033678334202702255;-0.1318359375;
05:51:06;486.0;1577253067;96.18;1.1450633628918767;0.033678334202702255;-0.1318359375;
05:51:07;487.0;1577253069;96.201;1.1450633628918767;0.033678334202702255;-0.1318359375;
05:51:08;488.0;1577253070;96.118;1.1450633628918767;0.033678334202702255;-0.1318359375;
05:51:09;489.0;1577253071;96.076;1.1450633628918767;0.033678334202702255;-0.1318359375;
05:51:10;490.0;1577253072;96.139;1.1450633628918767;0.033678334202702255;-0.1318359375;
05:51:11;491.0;1577253073;95.993;1.1450633628918767;0.033678334202702255;-0.1318359375;
05:51:12;492.0;1577253074;95.826;1.1450633628918767;0.033678334202702255;-0.1318359375;
05:51:13;493.0;1577253075;95.909;1.1450633628918767;0.033678334202702255;-0.1318359375;
05:51:14;494.0;1577253076;95.598;1.1450633628918767;0.033678334202702255;-0.1318359375;
05:51:15;495.0;1577253077;95.743;1.1450633628918767;0.033678334202702255;-0.1318359375;
05:51:16;496.0;1577253078;95.889;1.1450633628918767;0.033678334202702255;-0.1318359375;
05:51:17;497.0;1577253079;95.743;1.1450633628918767;0.033678334202702255;-0.1318359375;
05:51:18;498.0;1577253080;95.993;1.1450633628918767;0.033678334202702255;-0.1318359375;
05:51:19;499.0;1577253081;96.201;1.1450633628918767;0.033678334202702255;-0.1318359375;
05:51:20;500.0;1577253082;96.076;1.1450633628918767;0.033678334202702255;-0.1318359375;
05:51:21;501.0;1577253083;96.18;1.1450633628918767;0.033678334202702255;-0.1318359375;
05:51:22;502.0;1577253084;95.702;1.1450633628918767;0.033678334202702255;-0.1318359375;
05:51:23;503.0;1577253085;95.494;1.1450633628918767;0.033678334202702255;-0.1318359375;
05:51:24;504.0;1577253086;95.453;1.1450633628918767;0.033678334202702255;-0.1318359375;
05:51:25;505.0;1577253087;95.598;1.1450633628918767;0.033678334202702255;-0.1318359375;
05:51:26;506.0;1577253088;96.139;1.1450633628918767;0.033678334202702255;-0.1318359375;
05:51:27;507.0;1577253089;96.118;1.1450633628918767;0.033678334202702255;-0.1318359375;
05:51:28;508.0;1577253090;95.868;1.1450633628918767;0.033678334202702255;-0.1318359375;
05:51:29;509.0;1577253091;95.743;1.1450633628918767;0.033678334202702255;-0.1318359375;
05:51:30;510.0;1577253092;95.681;1.1450633628918767;0.033678334202702255;-0.1318359375;
05:51:31;511.0;1577253093;95.702;1.1450633628918767;0.033678334202702255;-0.1318359375;
05:51:32;512.0;1577253094;96.39;1.1450633628918767;0.033678334202702255;-0.1318359375;
05:51:33;513.0;1577253095;96.599;1.1450633628918767;0.033678334202702255;-0.1318359375;
05:51:34;514.0;1577253096;96.641;1.1450633628918767;0.033678334202702255;-0.1318359375;
05:51:35;515.0;1577253097;96.62;1.1450633628918767;0.033678334202702255;-0.1318359375;
05:51:37;517.0;1577253098;96.18;1.1450633628918767;0.033678334202702255;-0.1318359375;
05:51:38;518.0;1577253099;96.348;1.1450633628918767;0.033678334202702255;-0.1318359375;
05:51:39;519.0;1577253100;96.076;1.1450633628918767;0.033678334202702255;-0.1318359375;
05:51:40;520.0;1577253101;96.097;1.1450633628918767;0.033678334202702255;-0.1318359375;
05:51:41;521.0;1577253102;96.097;1.1450633628918767;0.033678334202702255;-0.1318359375;
05:51:42;522.0;1577253103;95.66;1.1450633628918767;0.033678334202702255;-0.1318359375;
05:51:43;523.0;1577253104;95.577;1.1450633628918767;0.033678334202702255;-0.1318359375;
05:51:44;524.0;1577253105;95.515;1.1450633628918767;0.033678334202702255;-0.1318359375;
05:51:45;525.0;1577253106;95.329;1.1450633628918767;0.033678334202702255;-0.1318359375;
05:51:46;526.0;1577253107;95.329;1.1450633628918767;0.033678334202702255;-0.1318359375;
05:51:47;527.0;1577253108;95.826;1.1450633628918767;0.033678334202702255;-0.1318359375;
05:51:48;528.0;1577253109;95.681;1.1450633628918767;0.033678334202702255;-0.1318359375;
05:51:49;529.0;1577253110;95.639;1.1450633628918767;0.033678334202702255;-0.1318359375;
05:51:50;530.0;1577253111;95.411;1.1450633628918767;0.033678334202702255;-0.1318359375;
05:51:51;531.0;1577253112;95.205;1.1450633628918767;0.033678334202702255;-0.1318359375;
05:51:52;532.0;1577253113;95.702;1.1450633628918767;0.033678334202702255;-0.1318359375;
05:51:53;533.0;1577253114;95.972;1.1450633628918767;0.033678334202702255;-0.1318359375;
05:51:54;534.0;1577253115;95.993;1.1450633628918767;0.033678334202702255;-0.1318359375;
05:51:55;535.0;1577253116;96.222;1.1450633628918767;0.033678334202702255;-0.1318359375;
05:51:56;536.0;1577253117;96.118;1.1450633628918767;0.033678334202702255;-0.1318359375;
05:51:57;537.0;1577253118;96.243;1.1450633628918767;0.033678334202702255;-0.1318359375;
05:51:58;538.0;1577253119;96.243;1.1450633628918767;0.033678334202702255;-0.1318359375;
05:51:59;539.0;1577253120;95.556;1.1450633628918767;0.033678334202702255;-0.1318359375;
05:52:00;540.0;1577253121;95.287;1.1450633628918767;0.033678334202702255;-0.1318359375;
05:52:01;541.0;1577253122;94.875;1.1450633628918767;0.033678334202702255;-0.1318359375;
05:52:02;542.0;1577253123;94.875;1.1450633628918767;0.033678334202702255;-0.1318359375;
05:52:03;543.0;1577253124;94.875;1.1450633628918767;0.033678334202702255;-0.1318359375;
05:52:04;544.0;1577253124;94.67;1.1450633628918767;0.033678334202702255;-0.1318359375;
05:52:05;545.0;1577253126;94.916;1.1450633628918767;0.033678334202702255;-0.1318359375;
05:52:06;546.0;1577253127;94.937;1.1450633628918767;0.033678334202702255;-0.1318359375;
05:52:07;547.0;1577253128;95.619;1.1450633628918767;0.033678334202702255;-0.1318359375;
05:52:08;548.0;1577253129;95.93;1.1450633628918767;0.033678334202702255;-0.1318359375;
05:52:09;549.0;1577253131;95.909;1.1450633628918767;0.033678334202702255;-0.1318359375;
05:52:10;550.0;1577253132;96.139;1.1450633628918767;0.033678334202702255;-0.1318359375;
05:52:11;551.0;1577253133;95.847;1.1450633628918767;0.033678334202702255;-0.1318359375;
05:52:12;552.0;1577253134;95.639;1.1450633628918767;0.033678334202702255;-0.1318359375;
05:52:13;553.0;1577253135;95.681;1.1450633628918767;0.033678334202702255;-0.1318359375;
05:52:14;554.0;1577253136;95.66;1.1450633628918767;0.033678334202702255;-0.1318359375;
05:52:15;555.0;1577253137;95.909;1.1450633628918767;0.033678334202702255;-0.1318359375;
05:52:16;556.0;1577253138;96.076;1.1450633628918767;0.033678334202702255;-0.1318359375;
05:52:17;557.0;1577253139;95.826;1.1450633628918767;0.033678334202702255;-0.1318359375;
05:52:18;558.0;1577253140;95.536;1.1450633628918767;0.033678334202702255;-0.1318359375;
05:52:19;559.0;1577253141;95.329;1.1450633628918767;0.033678334202702255;-0.1318359375;
05:52:20;560.0;1577253142;95.37;1.1450633628918767;0.033678334202702255;-0.1318359375;
05:52:21;561.0;1577253143;95.826;1.1450633628918767;0.033678334202702255;-0.1318359375;
05:52:22;562.0;1577253144;95.868;1.1450633628918767;0.033678334202702255;-0.1318359375;
05:52:23;563.0;1577253145;95.474;1.1450633628918767;0.033678334202702255;-0.1318359375;
05:52:24;564.0;1577253146;95.494;1.1450633628918767;0.033678334202702255;-0.1318359375;
05:52:25;565.0;1577253147;95.287;1.1450633628918767;0.033678334202702255;-0.1318359375;
05:52:26;566.0;1577253148;95.494;1.1450633628918767;0.033678334202702255;-0.1318359375;
05:52:27;567.0;1577253149;95.411;1.1450633628918767;0.033678334202702255;-0.1318359375;
05:52:28;568.0;1577253150;95.391;1.1450633628918767;0.033678334202702255;-0.1318359375;
05:52:29;569.0;1577253151;95.287;1.1450633628918767;0.033678334202702255;-0.1318359375;
05:52:30;570.0;1577253152;95.308;1.1450633628918767;0.033678334202702255;-0.1318359375;
05:52:31;571.0;1577253153;95.577;1.1450633628918767;0.033678334202702255;-0.1318359375;
05:52:32;572.0;1577253154;95.556;1.1450633628918767;0.033678334202702255;-0.1318359375;
05:52:33;573.0;1577253155;95.702;1.1450633628918767;0.033678334202702255;-0.1318359375;
05:52:34;574.0;1577253156;95.453;1.1450633628918767;0.033678334202702255;-0.1318359375;
05:52:35;575.0;1577253157;95.66;1.1450633628918767;0.033678334202702255;-0.1318359375;
05:52:36;576.0;1577253158;95.411;1.1450633628918767;0.033678334202702255;-0.1318359375;
05:52:37;577.0;1577253159;95.102;1.1450633628918767;0.033678334202702255;-0.1318359375;
05:52:38;578.0;1577253160;95.102;1.1450633628918767;0.033678334202702255;-0.1318359375;
05:52:39;579.0;1577253161;94.67;1.1450633628918767;0.033678334202702255;-0.1318359375;
05:52:41;581.0;1577253162;94.69;1.1450633628918767;0.033678334202702255;-0.1318359375;
05:52:42;582.0;1577253163;94.916;1.1450633628918767;0.033678334202702255;-0.1318359375;
05:52:43;583.0;1577253164;94.731;1.1450633628918767;0.033678334202702255;-0.1318359375;
05:52:44;584.0;1577253165;95.184;1.1450633628918767;0.033678334202702255;-0.1318359375;
05:52:45;585.0;1577253166;95.37;1.1450633628918767;0.033678334202702255;-0.1318359375;
05:52:46;586.0;1577253167;94.957;1.1450633628918767;0.033678334202702255;-0.1318359375;
05:52:47;587.0;1577253168;94.937;1.1450633628918767;0.033678334202702255;-0.1318359375;
05:52:48;588.0;1577253169;94.69;1.1450633628918767;0.033678334202702255;-0.1318359375;
05:52:49;589.0;1577253170;94.629;1.1450633628918767;0.033678334202702255;-0.1318359375;
05:52:50;590.0;1577253171;94.813;1.1450633628918767;0.033678334202702255;-0.1318359375;
05:52:51;591.0;1577253172;95.081;1.1450633628918767;0.033678334202702255;-0.1318359375;
05:52:52;592.0;1577253173;95.329;1.1450633628918767;0.033678334202702255;-0.1318359375;
05:52:53;593.0;1577253174;95.411;1.1450633628918767;0.033678334202702255;-0.1318359375;
05:52:54;594.0;1577253175;95.619;1.1450633628918767;0.033678334202702255;-0.1318359375;
05:52:55;595.0;1577253176;95.349;1.1450633628918767;0.033678334202702255;-0.1318359375;
05:52:56;596.0;1577253177;95.102;1.1450633628918767;0.033678334202702255;-0.1318359375;
05:52:57;597.0;1577253178;94.916;1.1450633628918767;0.033678334202702255;-0.1318359375;
05:52:58;598.0;1577253179;94.957;1.1450633628918767;0.033678334202702255;-0.1318359375;
05:52:59;599.0;1577253180;95.411;1.1450633628918767;0.033678334202702255;-0.1318359375;
05:53:00;600.0;1577253181;95.681;1.1450633628918767;0.033678334202702255;-0.1318359375;
05:53:01;601.0;1577253182;95.909;1.1450633628918767;0.033678334202702255;-0.1318359375;
05:53:02;602.0;1577253183;95.847;1.1450633628918767;0.033678334202702255;-0.1318359375;
05:53:03;603.0;1577253183;95.619;1.1450633628918767;0.033678334202702255;-0.1318359375;
05:53:04;604.0;1577253185;95.102;1.1450633628918767;0.033678334202702255;-0.1318359375;
05:53:05;605.0;1577253186;94.896;1.1450633628918767;0.033678334202702255;-0.1318359375;
05:53:06;606.0;1577253187;94.711;1.1450633628918767;0.033678334202702255;-0.1318359375;
05:53:07;607.0;1577253188;94.937;1.1450633628918767;0.033678334202702255;-0.1318359375;
05:53:08;608.0;1577253189;95.246;1.1450633628918767;0.033678334202702255;-0.1318359375;
05:53:09;609.0;1577253190;95.143;1.1450633628918767;0.033678334202702255;-0.1318359375;
05:53:10;610.0;1577253191;94.69;1.1450633628918767;0.033678334202702255;-0.1318359375;
05:53:11;611.0;1577253192;94.444;1.1450633628918767;0.033678334202702255;-0.1318359375;
05:53:12;612.0;1577253193;94.383;1.1450633628918767;0.033678334202702255;-0.1318359375;
05:53:13;613.0;1577253194;94.424;1.1450633628918767;0.033678334202702255;-0.1318359375;
05:53:14;614.0;1577253195;94.855;1.1450633628918767;0.033678334202702255;-0.1318359375;
05:53:15;615.0;1577253196;95.122;1.1450633628918767;0.033678334202702255;-0.1318359375;
05:53:16;616.0;1577253197;95.391;1.1450633628918767;0.033678334202702255;-0.1318359375;
05:53:17;617.0;1577253199;95.432;1.1450633628918767;0.033678334202702255;-0.1318359375;
05:53:18;618.0;1577253200;95.702;1.1450633628918767;0.033678334202702255;-0.1318359375;
05:53:19;619.0;1577253201;95.205;1.1450633628918767;0.033678334202702255;-0.1318359375;
05:53:20;620.0;1577253202;94.937;1.1450633628918767;0.033678334202702255;-0.1318359375;
05:53:21;621.0;1577253203;95.164;1.1450633628918767;0.033678334202702255;-0.1318359375;
05:53:22;622.0;1577253204;94.813;1.1450633628918767;0.033678334202702255;-0.1318359375;
05:53:23;623.0;1577253205;95.06;1.1450633628918767;0.033678334202702255;-0.1318359375;
05:53:24;624.0;1577253206;95.102;1.1450633628918767;0.033678334202702255;-0.1318359375;
05:53:25;625.0;1577253207;94.629;1.1450633628918767;0.033678334202702255;-0.1318359375;
05:53:26;626.0;1577253208;94.301;1.1450633628918767;0.033678334202702255;-0.1318359375;
05:53:27;627.0;1577253209;94.281;1.1450633628918767;0.033678334202702255;-0.1318359375;
05:53:28;628.0;1577253210;94.322;1.1450633628918767;0.033678334202702255;-0.1318359375;
05:53:29;629.0;1577253211;94.731;1.1450633628918767;0.033678334202702255;-0.1318359375;
05:53:30;630.0;1577253212;94.916;1.1450633628918767;0.033678334202702255;-0.1318359375;
05:53:31;631.0;1577253213;94.731;1.1450633628918767;0.033678334202702255;-0.1318359375;
05:53:32;632.0;1577253214;94.731;1.1450633628918767;0.033678334202702255;-0.1318359375;
05:53:33;633.0;1577253215;94.772;1.1450633628918767;0.033678334202702255;-0.1318359375;
05:53:34;634.0;1577253216;94.588;1.1450633628918767;0.033678334202702255;-0.1318359375;
05:53:35;635.0;1577253217;95.081;1.1450633628918767;0.033678334202702255;-0.1318359375;
05:53:36;636.0;1577253218;94.752;1.1450633628918767;0.033678334202702255;-0.1318359375;
05:53:37;637.0;1577253219;94.322;1.1450633628918767;0.033678334202702255;-0.1318359375;
05:53:38;638.0;1577253220;95.019;1.1450633628918767;0.033678334202702255;-0.1318359375;
05:53:39;639.0;1577253221;94.711;1.1450633628918767;0.033678334202702255;-0.1318359375;
05:53:40;640.0;1577253222;94.813;1.1450633628918767;0.033678334202702255;-0.1318359375;
05:53:41;641.0;1577253223;95.225;1.1450633628918767;0.033678334202702255;-0.1318359375;
05:53:42;642.0;1577253224;94.978;1.1450633628918767;0.033678334202702255;-0.1318359375;
05:53:43;643.0;1577253225;95.06;1.1450633628918767;0.033678334202702255;-0.1318359375;
05:53:45;645.0;1577253226;94.999;1.1450633628918767;0.033678334202702255;-0.1318359375;
05:53:46;646.0;1577253227;95.04;1.1450633628918767;0.033678334202702255;-0.1318359375;
05:53:47;647.0;1577253228;94.793;1.1450633628918767;0.033678334202702255;-0.1318359375;
05:53:48;648.0;1577253229;94.937;1.1450633628918767;0.033678334202702255;-0.1318359375;
05:53:49;649.0;1577253230;95.164;1.1450633628918767;0.033678334202702255;-0.1318359375;
05:53:50;650.0;1577253231;94.629;1.1450633628918767;0.033678334202702255;-0.1318359375;
05:53:51;651.0;1577253232;95.081;1.1450633628918767;0.033678334202702255;-0.1318359375;
05:53:52;652.0;1577253233;94.649;1.1450633628918767;0.033678334202702255;-0.1318359375;
05:53:53;653.0;1577253234;94.649;1.1450633628918767;0.033678334202702255;-0.1318359375;
05:53:54;654.0;1577253235;94.937;1.1450633628918767;0.033678334202702255;-0.1318359375;
05:53:55;655.0;1577253236;94.731;1.1450633628918767;0.033678334202702255;-0.1318359375;
05:53:56;656.0;1577253237;94.957;1.1450633628918767;0.033678334202702255;-0.1318359375;
05:53:57;657.0;1577253238;94.957;1.1450633628918767;0.033678334202702255;-0.1318359375;
05:53:58;658.0;1577253239;94.957;1.1450633628918767;0.033678334202702255;-0.1318359375;
05:53:59;659.0;1577253240;94.649;1.1450633628918767;0.033678334202702255;-0.1318359375;
05:54:00;660.0;1577253241;94.465;1.1450633628918767;0.033678334202702255;-0.1318359375;
05:54:01;661.0;1577253242;94.24;1.1450633628918767;0.033678334202702255;-0.1318359375;
05:54:02;662.0;1577253242;94.036;1.1450633628918767;0.033678334202702255;-0.1318359375;
05:54:03;663.0;1577253244;94.158;1.1450633628918767;0.033678334202702255;-0.1318359375;
05:54:04;664.0;1577253245;94.097;1.1450633628918767;0.033678334202702255;-0.1318359375;
05:54:05;665.0;1577253246;94.322;1.1450633628918767;0.033678334202702255;-0.1318359375;
05:54:06;666.0;1577253247;94.24;1.1450633628918767;0.033678334202702255;-0.1318359375;
05:54:07;667.0;1577253248;94.649;1.1450633628918767;0.033678334202702255;-0.1318359375;
05:54:08;668.0;1577253249;95.143;1.1450633628918767;0.033678334202702255;-0.1318359375;
05:54:09;669.0;1577253250;95.122;1.1450633628918767;0.033678334202702255;-0.1318359375;
05:54:10;670.0;1577253251;95.598;1.1450633628918767;0.033678334202702255;-0.1318359375;
05:54:11;671.0;1577253252;94.875;1.1450633628918767;0.033678334202702255;-0.1318359375;
05:54:12;672.0;1577253253;94.649;1.1450633628918767;0.033678334202702255;-0.1318359375;
05:54:13;673.0;1577253254;94.896;1.1450633628918767;0.033678334202702255;-0.1318359375;
05:54:14;674.0;1577253255;94.916;1.1450633628918767;0.033678334202702255;-0.1318359375;
05:54:15;675.0;1577253256;95.411;1.1450633628918767;0.033678334202702255;-0.1318359375;
05:54:16;676.0;1577253257;95.411;1.1450633628918767;0.033678334202702255;-0.1318359375;
05:54:17;677.0;1577253258;94.937;1.1450633628918767;0.033678334202702255;-0.1318359375;
05:54:18;678.0;1577253259;94.506;1.1450633628918767;0.033678334202702255;-0.1318359375;
05:54:19;679.0;1577253260;94.301;1.1450633628918767;0.033678334202702255;-0.1318359375;
05:54:20;680.0;1577253261;94.281;1.1450633628918767;0.033678334202702255;-0.1318359375;
05:54:21;681.0;1577253262;94.567;1.1450633628918767;0.033678334202702255;-0.1318359375;
05:54:22;682.0;1577253263;94.937;1.1450633628918767;0.033678334202702255;-0.1318359375;
05:54:23;683.0;1577253264;95.391;1.1450633628918767;0.033678334202702255;-0.1318359375;
05:54:24;684.0;1577253265;95.349;1.1450633628918767;0.033678334202702255;-0.1318359375;
05:54:25;685.0;1577253267;95.308;1.1450633628918767;0.033678334202702255;-0.1318359375;
05:54:26;686.0;1577253268;95.122;1.1450633628918767;0.033678334202702255;-0.1318359375;
05:54:27;687.0;1577253269;94.69;1.1450633628918767;0.033678334202702255;-0.1318359375;
05:54:28;688.0;1577253270;94.588;1.1450633628918767;0.033678334202702255;-0.1318359375;
05:54:29;689.0;1577253271;94.608;1.1450633628918767;0.033678334202702255;-0.1318359375;
05:54:30;690.0;1577253272;94.444;1.1450633628918767;0.033678334202702255;-0.1318359375;
05:54:31;691.0;1577253273;94.875;1.1450633628918767;0.033678334202702255;-0.1318359375;
05:54:32;692.0;1577253274;94.793;1.1450633628918767;0.033678334202702255;-0.1318359375;
05:54:33;693.0;1577253275;94.526;1.1450633628918767;0.033678334202702255;-0.1318359375;
05:54:34;694.0;1577253276;94.875;1.1450633628918767;0.033678334202702255;-0.1318359375;
05:54:35;695.0;1577253277;94.404;1.1450633628918767;0.033678334202702255;-0.1318359375;
05:54:36;696.0;1577253278;94.383;1.1450633628918767;0.033678334202702255;-0.1318359375;
05:54:37;697.0;1577253279;94.834;1.1450633628918767;0.033678334202702255;-0.1318359375;
05:54:38;698.0;1577253280;94.67;1.1450633628918767;0.033678334202702255;-0.1318359375;
05:54:39;699.0;1577253281;94.731;1.1450633628918767;0.033678334202702255;-0.1318359375;
05:54:40;700.0;1577253282;94.772;1.1450633628918767;0.033678334202702255;-0.1318359375;
05:54:41;701.0;1577253283;94.281;1.1450633628918767;0.033678334202702255;-0.1318359375;
05:54:42;702.0;1577253284;94.281;1.1450633628918767;0.033678334202702255;-0.1318359375;
05:54:43;703.0;1577253285;94.444;1.1450633628918767;0.033678334202702255;-0.1318359375;
05:54:44;704.0;1577253286;94.24;1.1450633628918767;0.033678334202702255;-0.1318359375;
05:54:45;705.0;1577253287;94.342;1.1450633628918767;0.033678334202702255;-0.1318359375;
05:54:46;706.0;1577253288;94.383;1.1450633628918767;0.033678334202702255;-0.1318359375;
05:54:47;707.0;1577253289;94.342;1.1450633628918767;0.033678334202702255;-0.1318359375;
05:54:49;709.0;1577253290;94.793;1.1450633628918767;0.033678334202702255;-0.1318359375;
05:54:50;710.0;1577253291;94.772;1.1450633628918767;0.033678334202702255;-0.1318359375;
05:54:51;711.0;1577253292;94.281;1.1450633628918767;0.033678334202702255;-0.1318359375;
05:54:52;712.0;1577253293;94.118;1.1450633628918767;0.033678334202702255;-0.1318359375;
05:54:53;713.0;1577253294;94.097;1.1450633628918767;0.033678334202702255;-0.1318359375;
05:54:54;714.0;1577253295;93.873;1.1450633628918767;0.033678334202702255;-0.1318359375;
05:54:55;715.0;1577253296;94.281;1.1450633628918767;0.033678334202702255;-0.1318359375;
05:54:56;716.0;1577253297;94.26;1.1450633628918767;0.033678334202702255;-0.1318359375;
05:54:57;717.0;1577253298;94.465;1.1450633628918767;0.033678334202702255;-0.1318359375;
05:54:58;718.0;1577253299;95.102;1.1450633628918767;0.033678334202702255;-0.1318359375;
05:54:59;719.0;1577253300;95.164;1.1450633628918767;0.033678334202702255;-0.1318359375;
05:55:00;720.0;1577253301;95.143;1.1450633628918767;0.033678334202702255;-0.1318359375;
05:55:01;721.0;1577253301;95.143;1.1450633628918767;0.033678334202702255;-0.1318359375;
05:55:02;722.0;1577253303;94.772;1.1450633628918767;0.033678334202702255;-0.1318359375;
05:55:03;723.0;1577253304;94.752;1.1450633628918767;0.033678334202702255;-0.1318359375;
05:55:04;724.0;1577253305;94.731;1.1450633628918767;0.033678334202702255;-0.1318359375;
05:55:05;725.0;1577253306;94.526;1.1450633628918767;0.033678334202702255;-0.1318359375;
05:55:06;726.0;1577253307;94.711;1.1450633628918767;0.033678334202702255;-0.1318359375;
05:55:07;727.0;1577253308;94.711;1.1450633628918767;0.033678334202702255;-0.1318359375;
05:55:08;728.0;1577253309;94.772;1.1450633628918767;0.033678334202702255;-0.1318359375;
05:55:09;729.0;1577253310;94.567;1.1450633628918767;0.033678334202702255;-0.1318359375;
05:55:10;730.0;1577253311;94.526;1.1450633628918767;0.033678334202702255;-0.1318359375;
05:55:11;731.0;1577253312;94.24;1.1450633628918767;0.033678334202702255;-0.1318359375;
05:55:12;732.0;1577253313;94.383;1.1450633628918767;0.033678334202702255;-0.1318359375;
05:55:13;733.0;1577253314;94.547;1.1450633628918767;0.033678334202702255;-0.1318359375;
05:55:14;734.0;1577253315;94.363;1.1450633628918767;0.033678334202702255;-0.1318359375;
05:55:15;735.0;1577253316;94.465;1.1450633628918767;0.033678334202702255;-0.1318359375;
05:55:16;736.0;1577253317;94.24;1.1450633628918767;0.033678334202702255;-0.1318359375;
05:55:17;737.0;1577253318;94.097;1.1450633628918767;0.033678334202702255;-0.1318359375;
05:55:18;738.0;1577253319;94.057;1.1450633628918767;0.033678334202702255;-0.1318359375;
05:55:19;739.0;1577253320;94.24;1.1450633628918767;0.033678334202702255;-0.1318359375;
05:55:20;740.0;1577253321;94.465;1.1450633628918767;0.033678334202702255;-0.1318359375;
05:55:21;741.0;1577253322;94.404;1.1450633628918767;0.033678334202702255;-0.1318359375;
05:55:22;742.0;1577253323;94.465;1.1450633628918767;0.033678334202702255;-0.1318359375;
05:55:23;743.0;1577253324;94.24;1.1450633628918767;0.033678334202702255;-0.1318359375;
05:55:24;744.0;1577253325;94.057;1.1450633628918767;0.033678334202702255;-0.1318359375;
05:55:25;745.0;1577253326;93.853;1.1450633628918767;0.033678334202702255;-0.1318359375;
05:55:26;746.0;1577253327;93.833;1.1450633628918767;0.033678334202702255;-0.1318359375;
05:55:27;747.0;1577253328;93.589;1.1450633628918767;0.033678334202702255;-0.1318359375;
05:55:28;748.0;1577253329;93.833;1.1450633628918767;0.033678334202702255;-0.1318359375;
05:55:29;749.0;1577253330;93.792;1.1450633628918767;0.033678334202702255;-0.1318359375;
05:55:30;750.0;1577253331;94.036;1.1450633628918767;0.033678334202702255;-0.1318359375;
05:55:31;751.0;1577253333;94.301;1.1450633628918767;0.033678334202702255;-0.1318359375;
05:55:32;752.0;1577253334;94.22;1.1450633628918767;0.033678334202702255;-0.1318359375;
05:55:33;753.0;1577253335;94.281;1.1450633628918767;0.033678334202702255;-0.1318359375;
05:55:34;754.0;1577253336;93.975;1.1450633628918767;0.033678334202702255;-0.1318359375;
05:55:35;755.0;1577253337;93.955;1.1450633628918767;0.033678334202702255;-0.1318359375;
05:55:36;756.0;1577253338;93.731;1.1450633628918767;0.033678334202702255;-0.1318359375;
05:55:37;757.0;1577253339;94.179;1.1450633628918767;0.033678334202702255;-0.1318359375;
05:55:38;758.0;1577253340;94.465;1.1450633628918767;0.033678334202702255;-0.1318359375;
05:55:39;759.0;1577253341;94.69;1.1450633628918767;0.033678334202702255;-0.1318359375;
05:55:40;760.0;1577253342;94.485;1.1450633628918767;0.033678334202702255;-0.1318359375;
05:55:41;761.0;1577253343;93.975;1.1450633628918767;0.033678334202702255;-0.1318359375;
05:55:42;762.0;1577253344;93.529;1.1450633628918767;0.033678334202702255;-0.1318359375;
05:55:43;763.0;1577253345;93.306;1.1450633628918767;0.033678334202702255;-0.1318359375;
05:55:44;764.0;1577253346;93.549;1.1450633628918767;0.033678334202702255;-0.1318359375;
05:55:45;765.0;1577253347;93.792;1.1450633628918767;0.033678334202702255;-0.1318359375;
05:55:46;766.0;1577253348;94.24;1.1450633628918767;0.033678334202702255;-0.1318359375;
05:55:47;767.0;1577253349;94.424;1.1450633628918767;0.033678334202702255;-0.1318359375;
05:55:48;768.0;1577253350;94.26;1.1450633628918767;0.033678334202702255;-0.1318359375;
05:55:49;769.0;1577253351;93.996;1.1450633628918767;0.033678334202702255;-0.1318359375;
05:55:50;770.0;1577253352;93.752;1.1450633628918767;0.033678334202702255;-0.1318359375;
05:55:51;771.0;1577253353;93.589;1.1450633628918767;0.033678334202702255;-0.1318359375;
05:55:53;773.0;1577253354;93.792;1.1450633628918767;0.033678334202702255;-0.1318359375;
05:55:54;774.0;1577253355;94.077;1.1450633628918767;0.033678334202702255;-0.1318359375;
05:55:55;775.0;1577253356;93.894;1.1450633628918767;0.033678334202702255;-0.1318359375;
05:55:56;776.0;1577253357;93.671;1.1450633628918767;0.033678334202702255;-0.1318359375;
05:55:57;777.0;1577253358;93.833;1.1450633628918767;0.033678334202702255;-0.1318359375;
05:55:58;778.0;1577253359;94.057;1.1450633628918767;0.033678334202702255;-0.1318359375;
05:55:59;779.0;1577253360;94.465;1.1450633628918767;0.033678334202702255;-0.1318359375;
05:56:00;780.0;1577253360;94.875;1.1450633628918767;0.033678334202702255;-0.1318359375;
05:56:01;781.0;1577253362;94.629;1.1450633628918767;0.033678334202702255;-0.1318359375;
05:56:02;782.0;1577253363;94.404;1.1450633628918767;0.033678334202702255;-0.1318359375;
05:56:03;783.0;1577253364;94.118;1.1450633628918767;0.033678334202702255;-0.1318359375;
05:56:04;784.0;1577253365;93.873;1.1450633628918767;0.033678334202702255;-0.1318359375;
05:56:05;785.0;1577253366;93.975;1.1450633628918767;0.033678334202702255;-0.1318359375;
05:56:06;786.0;1577253367;93.996;1.1450633628918767;0.033678334202702255;-0.1318359375;
05:56:07;787.0;1577253368;94.118;1.1450633628918767;0.033678334202702255;-0.1318359375;
05:56:08;788.0;1577253369;93.914;1.1450633628918767;0.033678334202702255;-0.1318359375;
05:56:09;789.0;1577253370;93.873;1.1450633628918767;0.033678334202702255;-0.1318359375;
05:56:10;790.0;1577253371;94.036;1.1450633628918767;0.033678334202702255;-0.1318359375;
05:56:11;791.0;1577253372;93.975;1.1450633628918767;0.033678334202702255;-0.1318359375;
05:56:12;792.0;1577253373;94.22;1.1450633628918767;0.033678334202702255;-0.1318359375;
05:56:13;793.0;1577253374;94.24;1.1450633628918767;0.033678334202702255;-0.1318359375;
05:56:14;794.0;1577253375;93.996;1.1450633628918767;0.033678334202702255;-0.1318359375;
05:56:15;795.0;1577253376;94.26;1.1450633628918767;0.033678334202702255;-0.1318359375;
05:56:16;796.0;1577253377;94.26;1.1450633628918767;0.033678334202702255;-0.1318359375;
05:56:17;797.0;1577253378;94.485;1.1450633628918767;0.033678334202702255;-0.1318359375;
05:56:18;798.0;1577253379;94.547;1.1450633628918767;0.033678334202702255;-0.1318359375;
05:56:19;799.0;1577253380;94.711;1.1450633628918767;0.033678334202702255;-0.1318359375;
05:56:20;800.0;1577253381;94.69;1.1450633628918767;0.033678334202702255;-0.1318359375;
05:56:21;801.0;1577253382;94.465;1.1450633628918767;0.033678334202702255;-0.1318359375;
05:56:22;802.0;1577253383;94.485;1.1450633628918767;0.033678334202702255;-0.1318359375;
05:56:23;803.0;1577253384;93.996;1.1450633628918767;0.033678334202702255;-0.1318359375;
05:56:24;804.0;1577253385;93.589;1.1450633628918767;0.033678334202702255;-0.1318359375;
05:56:25;805.0;1577253386;93.367;1.1450633628918767;0.033678334202702255;-0.1318359375;
05:56:26;806.0;1577253387;93.327;1.1450633628918767;0.033678334202702255;-0.1318359375;
05:56:27;807.0;1577253388;93.205;1.1450633628918767;0.033678334202702255;-0.1318359375;
05:56:28;808.0;1577253389;93.813;1.1450633628918767;0.033678334202702255;-0.1318359375;
05:56:29;809.0;1577253390;94.22;1.1450633628918767;0.033678334202702255;-0.1318359375;
05:56:30;810.0;1577253391;93.996;1.1450633628918767;0.033678334202702255;-0.1318359375;
05:56:31;811.0;1577253392;94.118;1.1450633628918767;0.033678334202702255;-0.1318359375;
05:56:32;812.0;1577253393;94.199;1.1450633628918767;0.033678334202702255;-0.1318359375;
05:56:33;813.0;1577253394;93.731;1.1450633628918767;0.033678334202702255;-0.1318359375;
05:56:34;814.0;1577253395;94.158;1.1450633628918767;0.033678334202702255;-0.1318359375;
05:56:35;815.0;1577253396;93.996;1.1450633628918767;0.033678334202702255;-0.1318359375;
05:56:36;816.0;1577253397;93.731;1.1450633628918767;0.033678334202702255;-0.1318359375;
05:56:37;817.0;1577253398;93.975;1.1450633628918767;0.033678334202702255;-0.1318359375;
05:56:38;818.0;1577253400;93.813;1.1450633628918767;0.033678334202702255;-0.1318359375;
05:56:39;819.0;1577253401;94.22;1.1450633628918767;0.033678334202702255;-0.1318359375;
05:56:40;820.0;1577253402;94.26;1.1450633628918767;0.033678334202702255;-0.1318359375;
05:56:41;821.0;1577253403;94.26;1.1450633628918767;0.033678334202702255;-0.1318359375;
05:56:42;822.0;1577253404;94.199;1.1450633628918767;0.033678334202702255;-0.1318359375;
05:56:43;823.0;1577253405;93.792;1.1450633628918767;0.033678334202702255;-0.1318359375;
05:56:44;824.0;1577253406;93.549;1.1450633628918767;0.033678334202702255;-0.1318359375;
05:56:45;825.0;1577253407;93.752;1.1450633628918767;0.033678334202702255;-0.1318359375;
05:56:46;826.0;1577253408;93.813;1.1450633628918767;0.033678334202702255;-0.1318359375;
05:56:47;827.0;1577253409;94.118;1.1450633628918767;0.033678334202702255;-0.1318359375;
05:56:48;828.0;1577253410;94.118;1.1450633628918767;0.033678334202702255;-0.1318359375;
05:56:49;829.0;1577253411;93.508;1.1450633628918767;0.033678334202702255;-0.1318359375;
05:56:50;830.0;1577253412;93.488;1.1450633628918767;0.033678334202702255;-0.1318359375;
05:56:51;831.0;1577253413;93.468;1.1450633628918767;0.033678334202702255;-0.1318359375;
05:56:52;832.0;1577253414;93.448;1.1450633628918767;0.033678334202702255;-0.1318359375;
05:56:53;833.0;1577253415;94.097;1.1450633628918767;0.033678334202702255;-0.1318359375;
05:56:54;834.0;1577253416;94.016;1.1450633628918767;0.033678334202702255;-0.1318359375;
05:56:55;835.0;1577253417;93.671;1.1450633628918767;0.033678334202702255;-0.1318359375;
05:56:57;837.0;1577253418;93.63;1.1450633628918767;0.033678334202702255;-0.1318359375;
05:56:58;838.0;1577253419;93.165;1.1450633628918767;0.033678334202702255;-0.1318359375;
05:56:59;839.0;1577253419;93.004;1.1450633628918767;0.033678334202702255;-0.1318359375;
05:57:00;840.0;1577253421;93.266;1.1450633628918767;0.033678334202702255;-0.1318359375;
05:57:01;841.0;1577253422;93.894;1.1450633628918767;0.033678334202702255;-0.1318359375;
05:57:02;842.0;1577253423;94.097;1.1450633628918767;0.033678334202702255;-0.1318359375;
05:57:03;843.0;1577253424;93.894;1.1450633628918767;0.033678334202702255;-0.1318359375;
05:57:04;844.0;1577253425;93.833;1.1450633628918767;0.033678334202702255;-0.1318359375;
05:57:05;845.0;1577253426;93.468;1.1450633628918767;0.033678334202702255;-0.1318359375;
05:57:06;846.0;1577253427;93.731;1.1450633628918767;0.033678334202702255;-0.1318359375;
05:57:07;847.0;1577253428;93.955;1.1450633628918767;0.033678334202702255;-0.1318359375;
05:57:08;848.0;1577253429;94.036;1.1450633628918767;0.033678334202702255;-0.1318359375;
05:57:09;849.0;1577253430;94.036;1.1450633628918767;0.033678334202702255;-0.1318359375;
05:57:10;850.0;1577253431;93.813;1.1450633628918767;0.033678334202702255;-0.1318359375;
05:57:11;851.0;1577253432;93.569;1.1450633628918767;0.033678334202702255;-0.1318359375;
05:57:12;852.0;1577253433;93.145;1.1450633628918767;0.033678334202702255;-0.1318359375;
05:57:13;853.0;1577253434;92.944;1.1450633628918767;0.033678334202702255;-0.1318359375;
05:57:14;854.0;1577253435;92.743;1.1450633628918767;0.033678334202702255;-0.1318359375;
05:57:15;855.0;1577253436;93.185;1.1450633628918767;0.033678334202702255;-0.1318359375;
05:57:16;856.0;1577253437;93.367;1.1450633628918767;0.033678334202702255;-0.1318359375;
05:57:17;857.0;1577253438;93.488;1.1450633628918767;0.033678334202702255;-0.1318359375;
05:57:18;858.0;1577253439;93.488;1.1450633628918767;0.033678334202702255;-0.1318359375;
05:57:19;859.0;1577253440;93.226;1.1450633628918767;0.033678334202702255;-0.1318359375;
05:57:20;860.0;1577253441;93.266;1.1450633628918767;0.033678334202702255;-0.1318359375;
05:57:21;861.0;1577253442;93.165;1.1450633628918767;0.033678334202702255;-0.1318359375;
05:57:22;862.0;1577253443;93.246;1.1450633628918767;0.033678334202702255;-0.1318359375;
05:57:23;863.0;1577253444;93.125;1.1450633628918767;0.033678334202702255;-0.1318359375;
05:57:24;864.0;1577253445;93.286;1.1450633628918767;0.033678334202702255;-0.1318359375;
05:57:25;865.0;1577253446;93.468;1.1450633628918767;0.033678334202702255;-0.1318359375;
05:57:26;866.0;1577253447;93.387;1.1450633628918767;0.033678334202702255;-0.1318359375;
05:57:27;867.0;1577253448;93.508;1.1450633628918767;0.033678334202702255;-0.1318359375;
05:57:28;868.0;1577253449;92.904;1.1450633628918767;0.033678334202702255;-0.1318359375;
