Time;Seconds from start for linreg;Unix Time;ch1 po2;Uc;Ubl;Vc;
15:57:17;-2.0;1574611039;85.528;11.436550717933972;0.31768196438705476;-0.3271484375;
15:57:18;-1.0;1574611039;85.546;10.666088154179612;0.2962802265049892;-0.3125;
15:57:19;0.0;1574611040;85.197;11.179729863349184;0.3105480517596996;-0.322265625;
15:57:20;1.0;1574611041;85.069;11.564961145226363;0.3212489207007323;-0.32958984375;
15:57:21;2.0;1574611042;85.05;11.179729863349184;0.3105480517596996;-0.322265625;
15:57:22;3.0;1574611043;85.014;10.666088154179612;0.2962802265049892;-0.3125;
15:57:23;4.0;1574611044;85.509;10.922909008764398;0.3034141391323444;-0.3173828125;
15:57:24;5.0;1574611045;85.491;11.436550717933972;0.31768196438705476;-0.3271484375;
15:57:25;6.0;1574611046;85.197;11.179729863349184;0.3105480517596996;-0.322265625;
15:57:26;7.0;1574611047;85.491;11.05131943605679;0.3069810954460219;-0.31982421875;
15:57:27;8.0;1574611048;85.344;11.05131943605679;0.3069810954460219;-0.31982421875;
15:57:28;9.0;1574611049;85.27;11.436550717933972;0.31768196438705476;-0.3271484375;
15:57:29;10.0;1574611050;85.399;11.05131943605679;0.3069810954460219;-0.31982421875;
15:57:30;11.0;1574611051;85.215;10.922909008764398;0.3034141391323444;-0.3173828125;
15:57:31;12.0;1574611052;85.472;11.308140290641576;0.3141150080733771;-0.32470703125;
15:57:32;13.0;1574611053;85.749;6.942185762700204;0.192838493408339;-0.24169921875;
15:57:33;14.0;1574611054;85.915;11.179729863349184;0.3105480517596996;-0.322265625;
15:57:34;15.0;1574611055;85.952;11.308140290641576;0.3141150080733771;-0.32470703125;
15:57:35;16.0;1574611056;85.73;11.693371572518759;0.32481587701440995;-0.33203125;
15:57:36;17.0;1574611057;85.565;11.179729863349184;0.3105480517596996;-0.322265625;
15:57:37;18.0;1574611058;85.179;10.794498581472002;0.29984718281866674;-0.31494140625;
15:57:38;19.0;1574611059;85.491;11.436550717933972;0.31768196438705476;-0.3271484375;
15:57:39;20.0;1574611060;85.675;10.794498581472002;0.29984718281866674;-0.31494140625;
15:57:40;21.0;1574611061;85.509;10.922909008764398;0.3034141391323444;-0.3173828125;
15:57:41;22.0;1574611062;85.767;10.922909008764398;0.3034141391323444;-0.3173828125;
15:57:42;23.0;1574611063;85.546;11.308140290641576;0.3141150080733771;-0.32470703125;
15:57:43;24.0;1574611064;85.179;11.436550717933972;0.31768196438705476;-0.3271484375;
15:57:44;25.0;1574611066;85.234;11.05131943605679;0.3069810954460219;-0.31982421875;
15:57:45;26.0;1574611067;85.234;11.05131943605679;0.3069810954460219;-0.31982421875;
15:57:46;27.0;1574611068;85.142;13.105886272735084;0.3640523964648634;-0.35888671875;
15:57:47;28.0;1574611069;85.289;10.922909008764398;0.3034141391323444;-0.3173828125;
15:57:48;29.0;1574611070;85.565;11.308140290641576;0.3141150080733771;-0.32470703125;
15:57:50;31.0;1574611071;85.509;10.922909008764398;0.3034141391323444;-0.3173828125;
15:57:51;32.0;1574611072;85.528;10.794498581472002;0.29984718281866674;-0.31494140625;
15:57:52;33.0;1574611073;85.362;11.564961145226363;0.3212489207007323;-0.32958984375;
15:57:53;34.0;1574611074;85.069;11.05131943605679;0.3069810954460219;-0.31982421875;
15:57:54;35.0;1574611075;85.381;11.436550717933972;0.31768196438705476;-0.3271484375;
15:57:55;36.0;1574611076;85.197;11.308140290641576;0.3141150080733771;-0.32470703125;
15:57:56;37.0;1574611077;85.454;11.179729863349184;0.3105480517596996;-0.322265625;
15:57:57;38.0;1574611078;85.73;10.794498581472002;0.29984718281866674;-0.31494140625;
15:57:58;39.0;1574611079;85.786;11.308140290641576;0.3141150080733771;-0.32470703125;
15:57:59;40.0;1574611080;85.86;11.308140290641576;0.3141150080733771;-0.32470703125;
15:58:00;41.0;1574611081;85.952;11.05131943605679;0.3069810954460219;-0.31982421875;
15:58:01;42.0;1574611082;85.472;11.308140290641576;0.3141150080733771;-0.32470703125;
15:58:02;43.0;1574611083;85.234;10.794498581472002;0.29984718281866674;-0.31494140625;
15:58:03;44.0;1574611084;85.234;13.23429670002748;0.36761935277854113;-0.361328125;
15:58:04;45.0;1574611085;85.069;11.693371572518759;0.32481587701440995;-0.33203125;
15:58:05;46.0;1574611086;85.215;11.05131943605679;0.3069810954460219;-0.31982421875;
15:58:06;47.0;1574611087;84.904;12.46383413627312;0.3462176148964755;-0.3466796875;
15:58:07;48.0;1574611088;84.996;11.179729863349184;0.3105480517596996;-0.322265625;
15:58:08;49.0;1574611089;84.977;11.05131943605679;0.3069810954460219;-0.31982421875;
15:58:09;50.0;1574611090;85.142;11.436550717933972;0.31768196438705476;-0.3271484375;
15:58:10;51.0;1574611091;85.472;11.308140290641576;0.3141150080733771;-0.32470703125;
15:58:11;52.0;1574611092;85.509;11.179729863349184;0.3105480517596996;-0.322265625;
15:58:12;53.0;1574611093;85.767;11.308140290641576;0.3141150080733771;-0.32470703125;
15:58:13;54.0;1574611094;85.638;10.666088154179612;0.2962802265049892;-0.3125;
15:58:14;55.0;1574611095;85.509;9.510394308548072;0.2641776196818909;-0.29052734375;
15:58:15;56.0;1574611096;85.767;11.308140290641576;0.3141150080733771;-0.32470703125;
15:58:16;57.0;1574611097;85.767;10.024036017717647;0.2784454449366013;-0.30029296875;
15:58:17;58.0;1574611098;85.73;11.05131943605679;0.3069810954460219;-0.31982421875;
15:58:18;59.0;1574611099;85.62;11.179729863349184;0.3105480517596996;-0.322265625;
15:58:19;60.0;1574611100;85.454;11.308140290641576;0.3141150080733771;-0.32470703125;
15:58:20;61.0;1574611101;85.381;11.179729863349184;0.3105480517596996;-0.322265625;
15:58:21;62.0;1574611102;85.381;11.05131943605679;0.3069810954460219;-0.31982421875;
15:58:22;63.0;1574611103;85.417;11.308140290641576;0.3141150080733771;-0.32470703125;
15:58:23;64.0;1574611104;85.325;11.308140290641576;0.3141150080733771;-0.32470703125;
15:58:24;65.0;1574611105;85.252;12.078602854395937;0.3355167459554427;-0.33935546875;
15:58:25;66.0;1574611106;85.124;11.179729863349184;0.3105480517596996;-0.322265625;
15:58:26;67.0;1574611107;85.197;10.922909008764398;0.3034141391323444;-0.3173828125;
15:58:27;68.0;1574611108;85.325;11.308140290641576;0.3141150080733771;-0.32470703125;
15:58:28;69.0;1574611109;85.234;10.794498581472002;0.29984718281866674;-0.31494140625;
15:58:29;70.0;1574611110;85.528;10.794498581472002;0.29984718281866674;-0.31494140625;
15:58:30;71.0;1574611111;85.362;11.179729863349184;0.3105480517596996;-0.322265625;
15:58:31;72.0;1574611112;85.234;11.05131943605679;0.3069810954460219;-0.31982421875;
15:58:32;73.0;1574611113;85.234;10.922909008764398;0.3034141391323444;-0.3173828125;
15:58:33;74.0;1574611114;85.234;10.922909008764398;0.3034141391323444;-0.3173828125;
15:58:34;75.0;1574611115;85.565;10.666088154179612;0.2962802265049892;-0.3125;
15:58:35;76.0;1574611116;85.73;11.05131943605679;0.3069810954460219;-0.31982421875;
15:58:36;77.0;1574611117;85.528;10.922909008764398;0.3034141391323444;-0.3173828125;
15:58:37;78.0;1574611118;85.565;11.308140290641576;0.3141150080733771;-0.32470703125;
15:58:38;79.0;1574611120;85.749;11.436550717933972;0.31768196438705476;-0.3271484375;
15:58:39;80.0;1574611121;85.657;11.308140290641576;0.3141150080733771;-0.32470703125;
15:58:40;81.0;1574611122;85.989;11.179729863349184;0.3105480517596996;-0.322265625;
15:58:41;82.0;1574611123;86.286;11.179729863349184;0.3105480517596996;-0.322265625;
15:58:42;83.0;1574611124;85.971;11.436550717933972;0.31768196438705476;-0.3271484375;
15:58:43;84.0;1574611125;85.841;10.922909008764398;0.3034141391323444;-0.3173828125;
15:58:44;85.0;1574611126;85.73;11.179729863349184;0.3105480517596996;-0.322265625;
15:58:45;86.0;1574611127;85.399;11.564961145226363;0.3212489207007323;-0.32958984375;
15:58:46;87.0;1574611128;85.362;11.05131943605679;0.3069810954460219;-0.31982421875;
15:58:47;88.0;1574611129;85.565;10.794498581472002;0.29984718281866674;-0.31494140625;
15:58:48;89.0;1574611130;85.546;11.693371572518759;0.32481587701440995;-0.33203125;
15:58:49;90.0;1574611131;85.27;11.436550717933972;0.31768196438705476;-0.3271484375;
15:58:50;91.0;1574611132;85.491;10.794498581472002;0.29984718281866674;-0.31494140625;
15:58:51;92.0;1574611133;85.307;11.436550717933972;0.31768196438705476;-0.3271484375;
15:58:52;93.0;1574611134;85.546;9.76721516313286;0.2713115323092461;-0.29541015625;
15:58:53;94.0;1574611135;85.841;11.308140290641576;0.3141150080733771;-0.32470703125;
15:58:55;96.0;1574611136;85.786;10.666088154179612;0.2962802265049892;-0.3125;
15:58:56;97.0;1574611137;85.786;10.922909008764398;0.3034141391323444;-0.3173828125;
15:58:57;98.0;1574611138;85.528;11.05131943605679;0.3069810954460219;-0.31982421875;
15:58:58;99.0;1574611139;85.179;11.179729863349184;0.3105480517596996;-0.322265625;
15:58:59;100.0;1574611140;85.179;11.564961145226363;0.3212489207007323;-0.32958984375;
15:59:00;101.0;1574611141;85.62;10.794498581472002;0.29984718281866674;-0.31494140625;
15:59:01;102.0;1574611142;85.601;11.436550717933972;0.31768196438705476;-0.3271484375;
15:59:02;103.0;1574611143;85.989;11.436550717933972;0.31768196438705476;-0.3271484375;
15:59:03;104.0;1574611144;85.971;11.05131943605679;0.3069810954460219;-0.31982421875;
15:59:04;105.0;1574611145;85.546;11.308140290641576;0.3141150080733771;-0.32470703125;
15:59:05;106.0;1574611146;85.694;10.922909008764398;0.3034141391323444;-0.3173828125;
15:59:06;107.0;1574611147;85.804;11.05131943605679;0.3069810954460219;-0.31982421875;
15:59:07;108.0;1574611148;85.491;11.05131943605679;0.3069810954460219;-0.31982421875;
15:59:08;109.0;1574611149;85.528;11.179729863349184;0.3105480517596996;-0.322265625;
15:59:09;110.0;1574611150;85.234;11.564961145226363;0.3212489207007323;-0.32958984375;
15:59:10;111.0;1574611151;85.105;11.308140290641576;0.3141150080733771;-0.32470703125;
15:59:11;112.0;1574611152;85.307;11.05131943605679;0.3069810954460219;-0.31982421875;
15:59:12;113.0;1574611153;85.27;10.922909008764398;0.3034141391323444;-0.3173828125;
15:59:13;114.0;1574611154;85.436;10.409267299594825;0.289146313877634;-0.3076171875;
15:59:14;115.0;1574611155;85.27;11.05131943605679;0.3069810954460219;-0.31982421875;
15:59:15;116.0;1574611156;85.27;11.05131943605679;0.3069810954460219;-0.31982421875;
15:59:16;117.0;1574611157;85.252;11.179729863349184;0.3105480517596996;-0.322265625;
15:59:17;118.0;1574611158;85.583;11.82178199981115;0.32838283332808754;-0.33447265625;
15:59:18;119.0;1574611159;85.546;10.794498581472002;0.29984718281866674;-0.31494140625;
15:59:19;120.0;1574611160;85.657;11.05131943605679;0.3069810954460219;-0.31982421875;
15:59:20;121.0;1574611161;85.694;11.05131943605679;0.3069810954460219;-0.31982421875;
15:59:21;122.0;1574611162;85.399;11.05131943605679;0.3069810954460219;-0.31982421875;
15:59:22;123.0;1574611163;85.583;11.308140290641576;0.3141150080733771;-0.32470703125;
15:59:23;124.0;1574611164;85.601;11.05131943605679;0.3069810954460219;-0.31982421875;
15:59:24;125.0;1574611165;85.436;11.308140290641576;0.3141150080733771;-0.32470703125;
15:59:25;126.0;1574611166;85.362;11.179729863349184;0.3105480517596996;-0.322265625;
15:59:26;127.0;1574611167;85.325;11.179729863349184;0.3105480517596996;-0.322265625;
15:59:27;128.0;1574611169;85.215;10.794498581472002;0.29984718281866674;-0.31494140625;
15:59:28;129.0;1574611169;85.179;11.179729863349184;0.3105480517596996;-0.322265625;
15:59:29;130.0;1574611171;85.215;11.05131943605679;0.3069810954460219;-0.31982421875;
15:59:30;131.0;1574611172;84.959;10.794498581472002;0.29984718281866674;-0.31494140625;
15:59:31;132.0;1574611173;84.922;11.179729863349184;0.3105480517596996;-0.322265625;
15:59:32;133.0;1574611174;85.142;10.794498581472002;0.29984718281866674;-0.31494140625;
15:59:33;134.0;1574611175;85.124;11.950192427103545;0.33194978964176514;-0.3369140625;
15:59:34;135.0;1574611176;85.215;11.308140290641576;0.3141150080733771;-0.32470703125;
15:59:35;136.0;1574611177;85.344;10.794498581472002;0.29984718281866674;-0.31494140625;
15:59:36;137.0;1574611178;85.436;10.922909008764398;0.3034141391323444;-0.3173828125;
15:59:37;138.0;1574611179;85.325;10.794498581472002;0.29984718281866674;-0.31494140625;
15:59:38;139.0;1574611180;85.472;11.308140290641576;0.3141150080733771;-0.32470703125;
15:59:39;140.0;1574611181;85.234;11.05131943605679;0.3069810954460219;-0.31982421875;
15:59:40;141.0;1574611182;85.27;11.308140290641576;0.3141150080733771;-0.32470703125;
15:59:41;142.0;1574611183;85.509;11.308140290641576;0.3141150080733771;-0.32470703125;
15:59:42;143.0;1574611184;85.307;10.922909008764398;0.3034141391323444;-0.3173828125;
15:59:43;144.0;1574611185;85.583;11.05131943605679;0.3069810954460219;-0.31982421875;
15:59:44;145.0;1574611186;85.491;11.436550717933972;0.31768196438705476;-0.3271484375;
15:59:45;146.0;1574611187;85.399;11.179729863349184;0.3105480517596996;-0.322265625;
15:59:46;147.0;1574611188;85.583;11.82178199981115;0.32838283332808754;-0.33447265625;
15:59:47;148.0;1574611189;85.362;11.179729863349184;0.3105480517596996;-0.322265625;
15:59:48;149.0;1574611190;85.417;11.308140290641576;0.3141150080733771;-0.32470703125;
15:59:49;150.0;1574611191;85.509;11.05131943605679;0.3069810954460219;-0.31982421875;
15:59:50;151.0;1574611192;85.381;12.849065418150298;0.3569184838375083;-0.35400390625;
15:59:51;152.0;1574611193;85.289;11.05131943605679;0.3069810954460219;-0.31982421875;
15:59:52;153.0;1574611194;85.27;11.564961145226363;0.3212489207007323;-0.32958984375;
15:59:53;154.0;1574611195;85.179;11.82178199981115;0.32838283332808754;-0.33447265625;
15:59:54;155.0;1574611196;85.289;10.794498581472002;0.29984718281866674;-0.31494140625;
15:59:55;156.0;1574611197;85.472;11.179729863349184;0.3105480517596996;-0.322265625;
15:59:56;157.0;1574611198;85.546;11.05131943605679;0.3069810954460219;-0.31982421875;
15:59:57;158.0;1574611199;85.362;11.308140290641576;0.3141150080733771;-0.32470703125;
15:59:59;160.0;1574611200;85.16;11.05131943605679;0.3069810954460219;-0.31982421875;
16:00:00;161.0;1574611201;85.179;11.308140290641576;0.3141150080733771;-0.32470703125;
16:00:01;162.0;1574611202;85.142;11.436550717933972;0.31768196438705476;-0.3271484375;
16:00:02;163.0;1574611203;85.325;11.05131943605679;0.3069810954460219;-0.31982421875;
16:00:03;164.0;1574611204;85.601;11.05131943605679;0.3069810954460219;-0.31982421875;
16:00:04;165.0;1574611205;85.491;11.308140290641576;0.3141150080733771;-0.32470703125;
16:00:05;166.0;1574611206;85.528;11.436550717933972;0.31768196438705476;-0.3271484375;
16:00:06;167.0;1574611207;85.712;11.179729863349184;0.3105480517596996;-0.322265625;
16:00:07;168.0;1574611208;85.712;11.308140290641576;0.3141150080733771;-0.32470703125;
16:00:08;169.0;1574611209;85.62;11.436550717933972;0.31768196438705476;-0.3271484375;
16:00:09;170.0;1574611210;85.565;11.308140290641576;0.3141150080733771;-0.32470703125;
16:00:10;171.0;1574611211;85.344;11.308140290641576;0.3141150080733771;-0.32470703125;
16:00:11;172.0;1574611212;85.069;11.05131943605679;0.3069810954460219;-0.31982421875;
16:00:12;173.0;1574611213;85.197;10.409267299594825;0.289146313877634;-0.3076171875;
16:00:13;174.0;1574611214;85.05;11.05131943605679;0.3069810954460219;-0.31982421875;
16:00:14;175.0;1574611215;85.344;12.207013281688333;0.3390837022691204;-0.341796875;
16:00:15;176.0;1574611216;85.417;10.794498581472002;0.29984718281866674;-0.31494140625;
16:00:16;177.0;1574611217;85.142;11.436550717933972;0.31768196438705476;-0.3271484375;
16:00:17;178.0;1574611218;85.179;11.308140290641576;0.3141150080733771;-0.32470703125;
16:00:18;179.0;1574611219;84.922;11.05131943605679;0.3069810954460219;-0.31982421875;
16:00:19;180.0;1574611220;84.813;11.308140290641576;0.3141150080733771;-0.32470703125;
16:00:20;181.0;1574611221;85.417;11.308140290641576;0.3141150080733771;-0.32470703125;
16:00:21;182.0;1574611222;85.197;10.794498581472002;0.29984718281866674;-0.31494140625;
16:00:22;183.0;1574611223;85.05;11.05131943605679;0.3069810954460219;-0.31982421875;
16:00:23;184.0;1574611224;85.215;11.308140290641576;0.3141150080733771;-0.32470703125;
16:00:24;185.0;1574611225;85.087;11.308140290641576;0.3141150080733771;-0.32470703125;
16:00:25;186.0;1574611226;85.472;10.794498581472002;0.29984718281866674;-0.31494140625;
16:00:26;187.0;1574611227;85.583;11.436550717933972;0.31768196438705476;-0.3271484375;
16:00:27;188.0;1574611228;85.749;11.179729863349184;0.3105480517596996;-0.322265625;
16:00:28;189.0;1574611229;85.565;10.794498581472002;0.29984718281866674;-0.31494140625;
16:00:29;190.0;1574611230;85.381;11.05131943605679;0.3069810954460219;-0.31982421875;
16:00:30;191.0;1574611231;85.215;10.922909008764398;0.3034141391323444;-0.3173828125;
16:00:31;192.0;1574611232;85.05;11.308140290641576;0.3141150080733771;-0.32470703125;
16:00:32;193.0;1574611233;84.941;10.922909008764398;0.3034141391323444;-0.3173828125;
16:00:33;194.0;1574611234;84.776;11.693371572518759;0.32481587701440995;-0.33203125;
16:00:34;195.0;1574611235;84.941;10.53767772688722;0.29271327019131166;-0.31005859375;
16:00:35;196.0;1574611236;85.087;11.436550717933972;0.31768196438705476;-0.3271484375;
16:00:36;197.0;1574611237;85.179;10.922909008764398;0.3034141391323444;-0.3173828125;
16:00:37;198.0;1574611238;85.491;11.179729863349184;0.3105480517596996;-0.322265625;
16:00:38;199.0;1574611239;85.417;10.53767772688722;0.29271327019131166;-0.31005859375;
16:00:39;200.0;1574611240;85.454;11.05131943605679;0.3069810954460219;-0.31982421875;
16:00:40;201.0;1574611241;85.344;10.794498581472002;0.29984718281866674;-0.31494140625;
16:00:41;202.0;1574611242;85.325;10.922909008764398;0.3034141391323444;-0.3173828125;
16:00:42;203.0;1574611243;85.454;11.179729863349184;0.3105480517596996;-0.322265625;
16:00:43;204.0;1574611244;85.436;10.922909008764398;0.3034141391323444;-0.3173828125;
16:00:44;205.0;1574611245;85.215;11.05131943605679;0.3069810954460219;-0.31982421875;
16:00:45;206.0;1574611246;85.124;11.179729863349184;0.3105480517596996;-0.322265625;
16:00:46;207.0;1574611247;85.032;11.179729863349184;0.3105480517596996;-0.322265625;
16:00:47;208.0;1574611248;84.685;11.308140290641576;0.3141150080733771;-0.32470703125;
16:00:48;209.0;1574611249;85.05;11.308140290641576;0.3141150080733771;-0.32470703125;
16:00:49;210.0;1574611250;84.886;11.308140290641576;0.3141150080733771;-0.32470703125;
16:00:50;211.0;1574611251;85.124;11.308140290641576;0.3141150080733771;-0.32470703125;
16:00:51;212.0;1574611252;85.472;11.179729863349184;0.3105480517596996;-0.322265625;
16:00:52;213.0;1574611253;85.583;11.436550717933972;0.31768196438705476;-0.3271484375;
16:00:53;214.0;1574611254;85.712;11.179729863349184;0.3105480517596996;-0.322265625;
16:00:54;215.0;1574611255;85.657;11.308140290641576;0.3141150080733771;-0.32470703125;
16:00:55;216.0;1574611256;85.344;11.564961145226363;0.3212489207007323;-0.32958984375;
16:00:56;217.0;1574611257;85.215;10.922909008764398;0.3034141391323444;-0.3173828125;
16:00:57;218.0;1574611259;85.215;12.46383413627312;0.3462176148964755;-0.3466796875;
16:00:58;219.0;1574611260;85.069;10.666088154179612;0.2962802265049892;-0.3125;
16:00:59;220.0;1574611261;84.922;11.308140290641576;0.3141150080733771;-0.32470703125;
16:01:00;221.0;1574611262;84.795;11.05131943605679;0.3069810954460219;-0.31982421875;
16:01:01;222.0;1574611263;84.558;10.794498581472002;0.29984718281866674;-0.31494140625;
16:01:03;224.0;1574611264;84.594;11.05131943605679;0.3069810954460219;-0.31982421875;
16:01:04;225.0;1574611265;84.74;11.179729863349184;0.3105480517596996;-0.322265625;
16:01:05;226.0;1574611266;84.758;10.794498581472002;0.29984718281866674;-0.31494140625;
16:01:06;227.0;1574611267;85.014;11.05131943605679;0.3069810954460219;-0.31982421875;
16:01:07;228.0;1574611268;84.776;11.179729863349184;0.3105480517596996;-0.322265625;
16:01:08;229.0;1574611269;84.941;11.308140290641576;0.3141150080733771;-0.32470703125;
16:01:09;230.0;1574611270;84.922;10.794498581472002;0.29984718281866674;-0.31494140625;
16:01:10;231.0;1574611271;84.977;11.179729863349184;0.3105480517596996;-0.322265625;
16:01:11;232.0;1574611272;85.215;11.05131943605679;0.3069810954460219;-0.31982421875;
16:01:12;233.0;1574611273;85.252;11.308140290641576;0.3141150080733771;-0.32470703125;
16:01:13;234.0;1574611274;85.344;11.436550717933972;0.31768196438705476;-0.3271484375;
16:01:14;235.0;1574611275;85.289;11.308140290641576;0.3141150080733771;-0.32470703125;
16:01:15;236.0;1574611276;85.252;11.308140290641576;0.3141150080733771;-0.32470703125;
16:01:16;237.0;1574611277;84.758;10.794498581472002;0.29984718281866674;-0.31494140625;
16:01:17;238.0;1574611278;84.631;12.078602854395937;0.3355167459554427;-0.33935546875;
16:01:18;239.0;1574611279;84.631;10.666088154179612;0.2962802265049892;-0.3125;
16:01:19;240.0;1574611280;84.722;10.53767772688722;0.29271327019131166;-0.31005859375;
16:01:20;241.0;1574611281;85.014;13.619527981904657;0.3783202217195738;-0.36865234375;
16:01:21;242.0;1574611282;85.05;11.05131943605679;0.3069810954460219;-0.31982421875;
16:01:22;243.0;1574611283;85.032;11.179729863349184;0.3105480517596996;-0.322265625;
16:01:23;244.0;1574611284;84.758;11.05131943605679;0.3069810954460219;-0.31982421875;
16:01:24;245.0;1574611285;84.667;11.05131943605679;0.3069810954460219;-0.31982421875;
16:01:25;246.0;1574611286;84.977;11.05131943605679;0.3069810954460219;-0.31982421875;
16:01:26;247.0;1574611287;84.996;11.179729863349184;0.3105480517596996;-0.322265625;
16:01:27;248.0;1574611288;85.069;10.024036017717647;0.2784454449366013;-0.30029296875;
16:01:28;249.0;1574611289;85.307;11.564961145226363;0.3212489207007323;-0.32958984375;
16:01:29;250.0;1574611290;84.941;11.308140290641576;0.3141150080733771;-0.32470703125;
16:01:30;251.0;1574611291;84.922;8.9967525993785;0.24990979442718053;-0.28076171875;
16:01:31;252.0;1574611292;85.05;10.794498581472002;0.29984718281866674;-0.31494140625;
16:01:32;253.0;1574611293;85.069;11.436550717933972;0.31768196438705476;-0.3271484375;
16:01:33;254.0;1574611294;85.362;11.693371572518759;0.32481587701440995;-0.33203125;
16:01:34;255.0;1574611295;85.399;11.436550717933972;0.31768196438705476;-0.3271484375;
16:01:35;256.0;1574611296;85.381;10.922909008764398;0.3034141391323444;-0.3173828125;
16:01:36;257.0;1574611297;85.069;11.308140290641576;0.3141150080733771;-0.32470703125;
16:01:37;258.0;1574611298;84.795;10.794498581472002;0.29984718281866674;-0.31494140625;
16:01:38;259.0;1574611299;84.449;11.308140290641576;0.3141150080733771;-0.32470703125;
16:01:39;260.0;1574611300;84.304;11.179729863349184;0.3105480517596996;-0.322265625;
16:01:40;261.0;1574611301;84.449;11.179729863349184;0.3105480517596996;-0.322265625;
16:01:41;262.0;1574611302;84.34;11.308140290641576;0.3141150080733771;-0.32470703125;
16:01:42;263.0;1574611303;84.612;10.794498581472002;0.29984718281866674;-0.31494140625;
16:01:43;264.0;1574611304;84.485;11.05131943605679;0.3069810954460219;-0.31982421875;
16:01:44;265.0;1574611305;84.431;10.794498581472002;0.29984718281866674;-0.31494140625;
16:01:45;266.0;1574611306;84.521;10.922909008764398;0.3034141391323444;-0.3173828125;
16:01:46;267.0;1574611307;84.449;11.05131943605679;0.3069810954460219;-0.31982421875;
16:01:47;268.0;1574611308;84.74;11.05131943605679;0.3069810954460219;-0.31982421875;
16:01:48;269.0;1574611309;84.849;11.308140290641576;0.3141150080733771;-0.32470703125;
16:01:49;270.0;1574611310;84.922;9.381983881255676;0.26061066336821326;-0.2880859375;
16:01:50;271.0;1574611311;84.868;11.436550717933972;0.31768196438705476;-0.3271484375;
16:01:51;272.0;1574611313;84.594;11.308140290641576;0.3141150080733771;-0.32470703125;
16:01:52;273.0;1574611314;84.376;11.05131943605679;0.3069810954460219;-0.31982421875;
16:01:53;274.0;1574611314;84.304;10.922909008764398;0.3034141391323444;-0.3173828125;
16:01:54;275.0;1574611316;84.558;11.308140290641576;0.3141150080733771;-0.32470703125;
16:01:55;276.0;1574611317;84.667;10.794498581472002;0.29984718281866674;-0.31494140625;
16:01:56;277.0;1574611318;84.868;11.436550717933972;0.31768196438705476;-0.3271484375;
16:01:57;278.0;1574611319;84.722;11.308140290641576;0.3141150080733771;-0.32470703125;
16:01:58;279.0;1574611320;84.54;11.05131943605679;0.3069810954460219;-0.31982421875;
16:01:59;280.0;1574611321;84.54;11.308140290641576;0.3141150080733771;-0.32470703125;
16:02:00;281.0;1574611322;84.34;10.794498581472002;0.29984718281866674;-0.31494140625;
16:02:01;282.0;1574611323;84.813;11.564961145226363;0.3212489207007323;-0.32958984375;
16:02:02;283.0;1574611324;84.795;11.82178199981115;0.32838283332808754;-0.33447265625;
16:02:03;284.0;1574611325;84.813;11.179729863349184;0.3105480517596996;-0.322265625;
16:02:04;285.0;1574611326;85.05;11.179729863349184;0.3105480517596996;-0.322265625;
16:02:05;286.0;1574611327;84.667;11.308140290641576;0.3141150080733771;-0.32470703125;
16:02:06;287.0;1574611328;84.649;11.308140290641576;0.3141150080733771;-0.32470703125;
16:02:07;288.0;1574611329;84.34;10.794498581472002;0.29984718281866674;-0.31494140625;
16:02:09;290.0;1574611330;84.394;11.308140290641576;0.3141150080733771;-0.32470703125;
16:02:10;291.0;1574611331;84.449;10.666088154179612;0.2962802265049892;-0.3125;
16:02:11;292.0;1574611332;84.449;11.436550717933972;0.31768196438705476;-0.3271484375;
16:02:12;293.0;1574611333;84.703;11.05131943605679;0.3069810954460219;-0.31982421875;
16:02:13;294.0;1574611334;84.576;11.05131943605679;0.3069810954460219;-0.31982421875;
16:02:14;295.0;1574611335;84.904;10.53767772688722;0.29271327019131166;-0.31005859375;
16:02:15;296.0;1574611336;84.576;10.922909008764398;0.3034141391323444;-0.3173828125;
16:02:16;297.0;1574611337;84.267;11.179729863349184;0.3105480517596996;-0.322265625;
16:02:17;298.0;1574611338;84.104;11.82178199981115;0.32838283332808754;-0.33447265625;
16:02:18;299.0;1574611339;83.798;10.922909008764398;0.3034141391323444;-0.3173828125;
16:02:19;300.0;1574611340;83.834;10.922909008764398;0.3034141391323444;-0.3173828125;
16:02:20;301.0;1574611341;84.159;11.05131943605679;0.3069810954460219;-0.31982421875;
16:02:21;302.0;1574611342;84.086;11.693371572518759;0.32481587701440995;-0.33203125;
16:02:22;303.0;1574611343;84.104;10.922909008764398;0.3034141391323444;-0.3173828125;
16:02:23;304.0;1574611344;84.05;10.922909008764398;0.3034141391323444;-0.3173828125;
16:02:24;305.0;1574611345;84.249;11.05131943605679;0.3069810954460219;-0.31982421875;
16:02:26;307.0;1574611346;84.485;10.794498581472002;0.29984718281866674;-0.31494140625;
16:02:27;308.0;1574611348;84.576;11.179729863349184;0.3105480517596996;-0.322265625;
16:02:28;309.0;1574611349;84.304;10.794498581472002;0.29984718281866674;-0.31494140625;
16:02:29;310.0;1574611350;84.032;11.05131943605679;0.3069810954460219;-0.31982421875;
16:02:30;311.0;1574611351;83.996;10.794498581472002;0.29984718281866674;-0.31494140625;
16:02:31;312.0;1574611352;84.195;10.922909008764398;0.3034141391323444;-0.3173828125;
16:02:32;313.0;1574611353;84.104;10.922909008764398;0.3034141391323444;-0.3173828125;
16:02:33;314.0;1574611354;84.213;10.922909008764398;0.3034141391323444;-0.3173828125;
16:02:34;315.0;1574611355;84.412;10.922909008764398;0.3034141391323444;-0.3173828125;
16:02:35;316.0;1574611356;84.304;10.794498581472002;0.29984718281866674;-0.31494140625;
16:02:36;317.0;1574611357;84.34;9.76721516313286;0.2713115323092461;-0.29541015625;
16:02:37;318.0;1574611358;84.195;11.179729863349184;0.3105480517596996;-0.322265625;
16:02:38;319.0;1574611360;84.358;10.53767772688722;0.29271327019131166;-0.31005859375;
16:02:39;320.0;1574611360;84.304;11.308140290641576;0.3141150080733771;-0.32470703125;
16:02:40;321.0;1574611361;84.177;11.05131943605679;0.3069810954460219;-0.31982421875;
16:02:41;322.0;1574611362;84.394;12.849065418150298;0.3569184838375083;-0.35400390625;
16:02:42;323.0;1574611364;84.159;11.05131943605679;0.3069810954460219;-0.31982421875;
16:02:43;324.0;1574611365;84.195;11.05131943605679;0.3069810954460219;-0.31982421875;
16:02:44;325.0;1574611366;84.195;13.105886272735084;0.3640523964648634;-0.35888671875;
16:02:45;326.0;1574611367;84.159;10.794498581472002;0.29984718281866674;-0.31494140625;
16:02:46;327.0;1574611368;84.086;10.794498581472002;0.29984718281866674;-0.31494140625;
16:02:47;328.0;1574611369;84.231;10.922909008764398;0.3034141391323444;-0.3173828125;
16:02:48;329.0;1574611370;84.376;10.794498581472002;0.29984718281866674;-0.31494140625;
16:02:49;330.0;1574611371;84.667;10.794498581472002;0.29984718281866674;-0.31494140625;
16:02:50;331.0;1574611372;84.631;10.922909008764398;0.3034141391323444;-0.3173828125;
16:02:51;332.0;1574611373;84.558;11.05131943605679;0.3069810954460219;-0.31982421875;
16:02:52;333.0;1574611374;84.685;10.280856872302433;0.28557935756395647;-0.30517578125;
16:02:53;334.0;1574611375;84.412;11.308140290641576;0.3141150080733771;-0.32470703125;
16:02:54;335.0;1574611376;84.74;11.05131943605679;0.3069810954460219;-0.31982421875;
16:02:55;336.0;1574611377;84.849;10.794498581472002;0.29984718281866674;-0.31494140625;
16:02:56;337.0;1574611378;84.758;11.308140290641576;0.3141150080733771;-0.32470703125;
16:02:57;338.0;1574611379;84.612;11.05131943605679;0.3069810954460219;-0.31982421875;
16:02:58;339.0;1574611380;84.304;11.436550717933972;0.31768196438705476;-0.3271484375;
16:02:59;340.0;1574611381;84.467;10.922909008764398;0.3034141391323444;-0.3173828125;
16:03:00;341.0;1574611382;84.431;11.308140290641576;0.3141150080733771;-0.32470703125;
16:03:01;342.0;1574611383;84.249;11.564961145226363;0.3212489207007323;-0.32958984375;
16:03:02;343.0;1574611384;84.267;10.794498581472002;0.29984718281866674;-0.31494140625;
16:03:03;344.0;1574611385;84.122;11.308140290641576;0.3141150080733771;-0.32470703125;
16:03:04;345.0;1574611386;84.285;10.794498581472002;0.29984718281866674;-0.31494140625;
16:03:05;346.0;1574611387;84.449;11.179729863349184;0.3105480517596996;-0.322265625;
16:03:06;347.0;1574611388;84.667;11.05131943605679;0.3069810954460219;-0.31982421875;
16:03:07;348.0;1574611389;84.594;11.05131943605679;0.3069810954460219;-0.31982421875;
16:03:08;349.0;1574611390;84.558;11.308140290641576;0.3141150080733771;-0.32470703125;
16:03:09;350.0;1574611391;84.685;10.794498581472002;0.29984718281866674;-0.31494140625;
16:03:10;351.0;1574611392;84.503;11.05131943605679;0.3069810954460219;-0.31982421875;
16:03:11;352.0;1574611393;84.685;10.666088154179612;0.2962802265049892;-0.3125;
16:03:12;353.0;1574611394;84.576;11.564961145226363;0.3212489207007323;-0.32958984375;
16:03:14;355.0;1574611395;84.159;10.794498581472002;0.29984718281866674;-0.31494140625;
16:03:15;356.0;1574611396;83.942;10.409267299594825;0.289146313877634;-0.3076171875;
16:03:16;357.0;1574611397;83.834;11.308140290641576;0.3141150080733771;-0.32470703125;
16:03:17;358.0;1574611398;83.816;10.409267299594825;0.289146313877634;-0.3076171875;
16:03:18;359.0;1574611399;84.159;11.179729863349184;0.3105480517596996;-0.322265625;
16:03:19;360.0;1574611400;84.449;11.179729863349184;0.3105480517596996;-0.322265625;
16:03:20;361.0;1574611401;84.267;11.179729863349184;0.3105480517596996;-0.322265625;
16:03:21;362.0;1574611402;84.558;11.693371572518759;0.32481587701440995;-0.33203125;
16:03:22;363.0;1574611403;84.467;11.308140290641576;0.3141150080733771;-0.32470703125;
16:03:23;364.0;1574611404;84.159;11.05131943605679;0.3069810954460219;-0.31982421875;
16:03:24;365.0;1574611405;84.649;10.794498581472002;0.29984718281866674;-0.31494140625;
16:03:25;366.0;1574611405;84.267;11.179729863349184;0.3105480517596996;-0.322265625;
16:03:26;367.0;1574611407;84.304;11.179729863349184;0.3105480517596996;-0.322265625;
16:03:27;368.0;1574611408;84.467;11.179729863349184;0.3105480517596996;-0.322265625;
16:03:28;369.0;1574611409;84.249;10.794498581472002;0.29984718281866674;-0.31494140625;
16:03:29;370.0;1574611410;84.521;10.794498581472002;0.29984718281866674;-0.31494140625;
16:03:30;371.0;1574611411;84.503;10.794498581472002;0.29984718281866674;-0.31494140625;
16:03:31;372.0;1574611412;84.467;11.308140290641576;0.3141150080733771;-0.32470703125;
16:03:32;373.0;1574611413;84.231;10.922909008764398;0.3034141391323444;-0.3173828125;
16:03:33;374.0;1574611414;84.014;11.05131943605679;0.3069810954460219;-0.31982421875;
16:03:34;375.0;1574611415;83.996;11.308140290641576;0.3141150080733771;-0.32470703125;
16:03:35;376.0;1574611416;84.086;9.76721516313286;0.2713115323092461;-0.29541015625;
16:03:36;377.0;1574611417;84.032;11.05131943605679;0.3069810954460219;-0.31982421875;
16:03:37;378.0;1574611418;84.086;11.05131943605679;0.3069810954460219;-0.31982421875;
16:03:38;379.0;1574611419;84.014;11.179729863349184;0.3105480517596996;-0.322265625;
16:03:39;380.0;1574611420;83.96;10.794498581472002;0.29984718281866674;-0.31494140625;
16:03:40;381.0;1574611421;83.834;11.564961145226363;0.3212489207007323;-0.32958984375;
16:03:41;382.0;1574611422;83.96;11.179729863349184;0.3105480517596996;-0.322265625;
16:03:42;383.0;1574611423;83.906;11.05131943605679;0.3069810954460219;-0.31982421875;
16:03:43;384.0;1574611424;84.141;11.05131943605679;0.3069810954460219;-0.31982421875;
16:03:44;385.0;1574611425;84.285;13.747938409197053;0.38188717803325145;-0.37109375;
16:03:45;386.0;1574611426;84.467;11.564961145226363;0.3212489207007323;-0.32958984375;
16:03:46;387.0;1574611427;84.667;10.152446445010037;0.2820124012502788;-0.302734375;
16:03:47;388.0;1574611428;84.322;11.179729863349184;0.3105480517596996;-0.322265625;
16:03:48;389.0;1574611429;84.213;12.078602854395937;0.3355167459554427;-0.33935546875;
16:03:49;390.0;1574611430;83.888;11.436550717933972;0.31768196438705476;-0.3271484375;
16:03:50;391.0;1574611431;83.906;10.922909008764398;0.3034141391323444;-0.3173828125;
16:03:51;392.0;1574611432;84.104;10.922909008764398;0.3034141391323444;-0.3173828125;
16:03:52;393.0;1574611433;84.231;10.922909008764398;0.3034141391323444;-0.3173828125;
16:03:53;394.0;1574611434;84.195;11.05131943605679;0.3069810954460219;-0.31982421875;
16:03:54;395.0;1574611435;83.96;11.436550717933972;0.31768196438705476;-0.3271484375;
16:03:55;396.0;1574611436;83.761;11.308140290641576;0.3141150080733771;-0.32470703125;
16:03:56;397.0;1574611437;83.6;11.308140290641576;0.3141150080733771;-0.32470703125;
16:03:57;398.0;1574611438;83.528;11.436550717933972;0.31768196438705476;-0.3271484375;
16:03:58;399.0;1574611439;83.689;11.308140290641576;0.3141150080733771;-0.32470703125;
16:03:59;400.0;1574611440;83.852;10.794498581472002;0.29984718281866674;-0.31494140625;
16:04:00;401.0;1574611441;83.834;11.05131943605679;0.3069810954460219;-0.31982421875;
16:04:01;402.0;1574611442;83.978;11.308140290641576;0.3141150080733771;-0.32470703125;
16:04:02;403.0;1574611443;84.014;11.05131943605679;0.3069810954460219;-0.31982421875;
16:04:03;404.0;1574611444;83.996;11.05131943605679;0.3069810954460219;-0.31982421875;
16:04:04;405.0;1574611445;84.014;11.05131943605679;0.3069810954460219;-0.31982421875;
16:04:05;406.0;1574611446;83.87;11.308140290641576;0.3141150080733771;-0.32470703125;
16:04:06;407.0;1574611447;83.852;10.794498581472002;0.29984718281866674;-0.31494140625;
16:04:07;408.0;1574611448;83.78;11.308140290641576;0.3141150080733771;-0.32470703125;
16:04:08;409.0;1574611449;83.888;10.409267299594825;0.289146313877634;-0.3076171875;
16:04:09;410.0;1574611450;84.014;11.05131943605679;0.3069810954460219;-0.31982421875;
16:04:10;411.0;1574611451;83.707;11.05131943605679;0.3069810954460219;-0.31982421875;
16:04:11;412.0;1574611452;83.761;11.05131943605679;0.3069810954460219;-0.31982421875;
16:04:12;413.0;1574611453;83.528;11.308140290641576;0.3141150080733771;-0.32470703125;
16:04:13;414.0;1574611454;83.384;10.794498581472002;0.29984718281866674;-0.31494140625;
16:04:14;415.0;1574611456;83.6;11.308140290641576;0.3141150080733771;-0.32470703125;
16:04:15;416.0;1574611457;83.6;10.794498581472002;0.29984718281866674;-0.31494140625;
16:04:16;417.0;1574611458;83.6;10.794498581472002;0.29984718281866674;-0.31494140625;
16:04:17;418.0;1574611459;83.87;10.922909008764398;0.3034141391323444;-0.3173828125;
16:04:19;420.0;1574611460;83.816;11.308140290641576;0.3141150080733771;-0.32470703125;
16:04:20;421.0;1574611461;83.798;11.693371572518759;0.32481587701440995;-0.33203125;
16:04:21;422.0;1574611462;83.888;11.05131943605679;0.3069810954460219;-0.31982421875;
16:04:22;423.0;1574611463;83.707;10.922909008764398;0.3034141391323444;-0.3173828125;
16:04:24;425.0;1574611464;83.87;11.436550717933972;0.31768196438705476;-0.3271484375;
16:04:25;426.0;1574611466;84.014;11.05131943605679;0.3069810954460219;-0.31982421875;
16:04:26;427.0;1574611467;83.888;11.179729863349184;0.3105480517596996;-0.322265625;
16:04:27;428.0;1574611468;83.474;11.179729863349184;0.3105480517596996;-0.322265625;
16:04:28;429.0;1574611469;83.474;11.05131943605679;0.3069810954460219;-0.31982421875;
16:04:29;430.0;1574611470;83.223;11.05131943605679;0.3069810954460219;-0.31982421875;
16:04:30;431.0;1574611471;83.384;11.05131943605679;0.3069810954460219;-0.31982421875;
16:04:31;432.0;1574611472;83.528;11.564961145226363;0.3212489207007323;-0.32958984375;
16:04:32;433.0;1574611473;83.707;11.05131943605679;0.3069810954460219;-0.31982421875;
16:04:33;434.0;1574611474;83.87;11.308140290641576;0.3141150080733771;-0.32470703125;
16:04:34;435.0;1574611475;83.852;11.564961145226363;0.3212489207007323;-0.32958984375;
16:04:35;436.0;1574611476;84.104;11.693371572518759;0.32481587701440995;-0.33203125;
16:04:36;437.0;1574611477;83.888;10.922909008764398;0.3034141391323444;-0.3173828125;
16:04:37;438.0;1574611478;84.014;11.179729863349184;0.3105480517596996;-0.322265625;
16:04:38;439.0;1574611479;83.906;10.794498581472002;0.29984718281866674;-0.31494140625;
16:04:39;440.0;1574611480;83.618;10.794498581472002;0.29984718281866674;-0.31494140625;
16:04:40;441.0;1574611481;83.761;10.922909008764398;0.3034141391323444;-0.3173828125;
16:04:41;442.0;1574611482;83.888;11.05131943605679;0.3069810954460219;-0.31982421875;
16:04:42;443.0;1574611483;83.654;11.308140290641576;0.3141150080733771;-0.32470703125;
16:04:43;444.0;1574611484;83.834;11.05131943605679;0.3069810954460219;-0.31982421875;
16:04:44;445.0;1574611485;83.564;11.05131943605679;0.3069810954460219;-0.31982421875;
16:04:45;446.0;1574611486;83.313;11.564961145226363;0.3212489207007323;-0.32958984375;
16:04:46;447.0;1574611487;83.528;11.308140290641576;0.3141150080733771;-0.32470703125;
16:04:47;448.0;1574611488;83.636;11.179729863349184;0.3105480517596996;-0.322265625;
16:04:48;449.0;1574611489;83.78;11.308140290641576;0.3141150080733771;-0.32470703125;
16:04:49;450.0;1574611490;83.761;11.179729863349184;0.3105480517596996;-0.322265625;
16:04:50;451.0;1574611491;83.654;12.59224456356551;0.34978457121015305;-0.34912109375;
16:04:51;452.0;1574611492;83.546;9999.0;9999.0;9999.0;
16:04:52;453.0;1574611493;83.564;11.05131943605679;0.3069810954460219;-0.31982421875;
16:04:53;454.0;1574611494;83.78;12.207013281688333;0.3390837022691204;-0.341796875;
16:04:54;455.0;1574611495;84.032;12.335423708980723;0.34265065858279786;-0.34423828125;
16:04:55;456.0;1574611496;84.014;11.179729863349184;0.3105480517596996;-0.322265625;
16:04:56;457.0;1574611497;83.996;11.05131943605679;0.3069810954460219;-0.31982421875;
16:04:57;458.0;1574611498;83.636;10.794498581472002;0.29984718281866674;-0.31494140625;
16:04:58;459.0;1574611499;83.672;11.308140290641576;0.3141150080733771;-0.32470703125;
16:04:59;460.0;1574611500;83.456;11.05131943605679;0.3069810954460219;-0.31982421875;
16:05:00;461.0;1574611501;83.528;11.693371572518759;0.32481587701440995;-0.33203125;
16:05:01;462.0;1574611503;83.348;10.922909008764398;0.3034141391323444;-0.3173828125;
16:05:02;463.0;1574611504;83.045;11.179729863349184;0.3105480517596996;-0.322265625;
16:05:03;464.0;1574611505;82.973;10.409267299594825;0.289146313877634;-0.3076171875;
16:05:04;465.0;1574611506;82.6;11.05131943605679;0.3069810954460219;-0.31982421875;
16:05:05;466.0;1574611507;82.938;10.024036017717647;0.2784454449366013;-0.30029296875;
16:05:06;467.0;1574611508;83.205;11.308140290641576;0.3141150080733771;-0.32470703125;
16:05:07;468.0;1574611509;83.313;10.794498581472002;0.29984718281866674;-0.31494140625;
16:05:08;469.0;1574611510;83.654;10.922909008764398;0.3034141391323444;-0.3173828125;
16:05:09;470.0;1574611511;83.618;10.922909008764398;0.3034141391323444;-0.3173828125;
16:05:10;471.0;1574611512;83.474;11.82178199981115;0.32838283332808754;-0.33447265625;
16:05:11;472.0;1574611513;83.546;11.179729863349184;0.3105480517596996;-0.322265625;
16:05:12;473.0;1574611514;83.528;11.308140290641576;0.3141150080733771;-0.32470703125;
16:05:13;474.0;1574611515;83.51;11.05131943605679;0.3069810954460219;-0.31982421875;
16:05:14;475.0;1574611516;83.528;10.922909008764398;0.3034141391323444;-0.3173828125;
16:05:15;476.0;1574611517;83.51;11.82178199981115;0.32838283332808754;-0.33447265625;
16:05:16;477.0;1574611518;83.366;11.564961145226363;0.3212489207007323;-0.32958984375;
16:05:17;478.0;1574611519;83.366;11.308140290641576;0.3141150080733771;-0.32470703125;
16:05:18;479.0;1574611520;83.205;11.179729863349184;0.3105480517596996;-0.322265625;
16:05:19;480.0;1574611521;83.223;11.05131943605679;0.3069810954460219;-0.31982421875;
16:05:20;481.0;1574611522;83.331;10.922909008764398;0.3034141391323444;-0.3173828125;
16:05:21;482.0;1574611523;83.08;11.179729863349184;0.3105480517596996;-0.322265625;
16:05:23;484.0;1574611523;83.205;10.794498581472002;0.29984718281866674;-0.31494140625;
16:05:24;485.0;1574611525;82.884;11.05131943605679;0.3069810954460219;-0.31982421875;
16:05:25;486.0;1574611526;82.6;10.922909008764398;0.3034141391323444;-0.3173828125;
16:05:26;487.0;1574611527;82.76;10.794498581472002;0.29984718281866674;-0.31494140625;
16:05:27;488.0;1574611528;82.476;11.179729863349184;0.3105480517596996;-0.322265625;
16:05:28;489.0;1574611529;82.476;10.409267299594825;0.289146313877634;-0.3076171875;
16:05:29;490.0;1574611530;82.671;11.308140290641576;0.3141150080733771;-0.32470703125;
16:05:30;491.0;1574611531;82.671;11.308140290641576;0.3141150080733771;-0.32470703125;
16:05:31;492.0;1574611532;82.706;11.436550717933972;0.31768196438705476;-0.3271484375;
16:05:32;493.0;1574611533;82.973;10.794498581472002;0.29984718281866674;-0.31494140625;
16:05:33;494.0;1574611534;83.009;11.308140290641576;0.3141150080733771;-0.32470703125;
16:05:34;495.0;1574611535;83.241;11.308140290641576;0.3141150080733771;-0.32470703125;
16:05:35;496.0;1574611536;83.366;11.179729863349184;0.3105480517596996;-0.322265625;
16:05:36;497.0;1574611537;83.42;11.05131943605679;0.3069810954460219;-0.31982421875;
16:05:37;498.0;1574611538;83.348;11.05131943605679;0.3069810954460219;-0.31982421875;
16:05:38;499.0;1574611539;83.331;11.950192427103545;0.33194978964176514;-0.3369140625;
16:05:39;500.0;1574611540;83.636;11.179729863349184;0.3105480517596996;-0.322265625;
16:05:40;501.0;1574611541;83.618;11.179729863349184;0.3105480517596996;-0.322265625;
16:05:41;502.0;1574611542;83.654;11.05131943605679;0.3069810954460219;-0.31982421875;
16:05:42;503.0;1574611543;83.384;10.794498581472002;0.29984718281866674;-0.31494140625;
16:05:43;504.0;1574611544;83.098;10.794498581472002;0.29984718281866674;-0.31494140625;
16:05:44;505.0;1574611545;82.955;11.179729863349184;0.3105480517596996;-0.322265625;
16:05:45;506.0;1574611546;83.027;10.922909008764398;0.3034141391323444;-0.3173828125;
16:05:46;507.0;1574611547;82.884;10.280856872302433;0.28557935756395647;-0.30517578125;
00:00:00;-57439.0;1574611548;-9999.0;11.179729863349184;0.3105480517596996;-0.322265625;
16:05:47;508.0;1574611548;82.884;11.179729863349184;0.3105480517596996;-0.322265625;
16:05:48;509.0;1574611549;82.884;11.05131943605679;0.3069810954460219;-0.31982421875;
16:05:49;510.0;1574611550;83.009;8.354700462916531;0.23207501285879253;-0.2685546875;
16:05:50;511.0;1574611551;83.062;11.05131943605679;0.3069810954460219;-0.31982421875;
16:05:51;512.0;1574611552;83.062;11.564961145226363;0.3212489207007323;-0.32958984375;
16:05:52;513.0;1574611553;83.08;10.922909008764398;0.3034141391323444;-0.3173828125;
16:05:53;514.0;1574611554;82.813;11.308140290641576;0.3141150080733771;-0.32470703125;
16:05:54;515.0;1574611555;82.866;11.05131943605679;0.3069810954460219;-0.31982421875;
16:05:55;516.0;1574611556;83.009;10.794498581472002;0.29984718281866674;-0.31494140625;
16:05:56;517.0;1574611557;82.831;11.308140290641576;0.3141150080733771;-0.32470703125;
16:05:57;518.0;1574611558;82.938;11.308140290641576;0.3141150080733771;-0.32470703125;
16:05:58;519.0;1574611559;82.884;12.46383413627312;0.3462176148964755;-0.3466796875;
16:05:59;520.0;1574611560;82.884;11.05131943605679;0.3069810954460219;-0.31982421875;
16:06:00;521.0;1574611561;83.152;10.794498581472002;0.29984718281866674;-0.31494140625;
16:06:01;522.0;1574611562;83.259;11.308140290641576;0.3141150080733771;-0.32470703125;
16:06:02;523.0;1574611563;83.707;11.308140290641576;0.3141150080733771;-0.32470703125;
16:06:03;524.0;1574611564;83.564;11.05131943605679;0.3069810954460219;-0.31982421875;
16:06:04;525.0;1574611565;83.313;10.794498581472002;0.29984718281866674;-0.31494140625;
16:06:05;526.0;1574611566;83.17;11.308140290641576;0.3141150080733771;-0.32470703125;
16:06:06;527.0;1574611568;82.884;11.05131943605679;0.3069810954460219;-0.31982421875;
16:06:07;528.0;1574611569;82.866;11.436550717933972;0.31768196438705476;-0.3271484375;
16:06:08;529.0;1574611570;82.813;11.05131943605679;0.3069810954460219;-0.31982421875;
16:06:09;530.0;1574611571;82.795;11.950192427103545;0.33194978964176514;-0.3369140625;
16:06:10;531.0;1574611572;82.795;11.564961145226363;0.3212489207007323;-0.32958984375;
16:06:11;532.0;1574611573;82.955;11.05131943605679;0.3069810954460219;-0.31982421875;
16:06:12;533.0;1574611574;83.134;10.922909008764398;0.3034141391323444;-0.3173828125;
16:06:13;534.0;1574611575;83.277;11.436550717933972;0.31768196438705476;-0.3271484375;
16:06:14;535.0;1574611576;83.187;10.794498581472002;0.29984718281866674;-0.31494140625;
16:06:15;536.0;1574611577;83.134;10.922909008764398;0.3034141391323444;-0.3173828125;
16:06:16;537.0;1574611578;83.259;11.564961145226363;0.3212489207007323;-0.32958984375;
16:06:17;538.0;1574611579;83.116;11.308140290641576;0.3141150080733771;-0.32470703125;
16:06:18;539.0;1574611580;83.313;10.922909008764398;0.3034141391323444;-0.3173828125;
16:06:19;540.0;1574611581;83.08;11.82178199981115;0.32838283332808754;-0.33447265625;
16:06:20;541.0;1574611582;82.938;11.308140290641576;0.3141150080733771;-0.32470703125;
16:06:21;542.0;1574611583;82.831;12.849065418150298;0.3569184838375083;-0.35400390625;
16:06:22;543.0;1574611584;82.564;10.794498581472002;0.29984718281866674;-0.31494140625;
16:06:23;544.0;1574611585;82.688;13.23429670002748;0.36761935277854113;-0.361328125;
16:06:24;545.0;1574611586;82.742;11.05131943605679;0.3069810954460219;-0.31982421875;
16:06:25;546.0;1574611587;82.547;11.05131943605679;0.3069810954460219;-0.31982421875;
16:06:27;548.0;1574611588;82.529;11.564961145226363;0.3212489207007323;-0.32958984375;
16:06:28;549.0;1574611589;82.511;11.05131943605679;0.3069810954460219;-0.31982421875;
16:06:29;550.0;1574611590;82.476;10.794498581472002;0.29984718281866674;-0.31494140625;
16:06:30;551.0;1574611591;82.742;10.922909008764398;0.3034141391323444;-0.3173828125;
16:06:31;552.0;1574611592;83.098;10.922909008764398;0.3034141391323444;-0.3173828125;
16:06:32;553.0;1574611593;83.098;11.05131943605679;0.3069810954460219;-0.31982421875;
16:06:33;554.0;1574611594;82.848;11.308140290641576;0.3141150080733771;-0.32470703125;
16:06:34;555.0;1574611595;82.777;10.666088154179612;0.2962802265049892;-0.3125;
16:06:35;556.0;1574611596;82.529;11.05131943605679;0.3069810954460219;-0.31982421875;
16:06:36;557.0;1574611597;82.228;11.308140290641576;0.3141150080733771;-0.32470703125;
16:06:37;558.0;1574611598;82.511;11.05131943605679;0.3069810954460219;-0.31982421875;
16:06:38;559.0;1574611599;82.635;11.05131943605679;0.3069810954460219;-0.31982421875;
16:06:39;560.0;1574611600;82.688;10.922909008764398;0.3034141391323444;-0.3173828125;
16:06:40;561.0;1574611601;82.92;11.179729863349184;0.3105480517596996;-0.322265625;
16:06:41;562.0;1574611602;82.76;11.179729863349184;0.3105480517596996;-0.322265625;
16:06:42;563.0;1574611603;82.476;11.179729863349184;0.3105480517596996;-0.322265625;
16:06:43;564.0;1574611604;82.21;11.05131943605679;0.3069810954460219;-0.31982421875;
16:06:44;565.0;1574611605;82.334;12.720654990857906;0.3533515275238307;-0.3515625;
16:06:45;566.0;1574611606;82.369;10.922909008764398;0.3034141391323444;-0.3173828125;
16:06:46;567.0;1574611607;82.476;11.179729863349184;0.3105480517596996;-0.322265625;
16:06:47;568.0;1574611608;82.635;11.179729863349184;0.3105480517596996;-0.322265625;
16:06:48;569.0;1574611609;82.635;10.666088154179612;0.2962802265049892;-0.3125;
16:06:49;570.0;1574611610;82.564;11.05131943605679;0.3069810954460219;-0.31982421875;
16:06:50;571.0;1574611611;82.422;10.922909008764398;0.3034141391323444;-0.3173828125;
16:06:51;572.0;1574611612;82.369;11.308140290641576;0.3141150080733771;-0.32470703125;
16:06:52;573.0;1574611613;82.087;10.922909008764398;0.3034141391323444;-0.3173828125;
16:06:53;574.0;1574611614;81.946;11.436550717933972;0.31768196438705476;-0.3271484375;
16:06:54;575.0;1574611615;82.122;10.794498581472002;0.29984718281866674;-0.31494140625;
16:06:55;576.0;1574611616;81.981;10.794498581472002;0.29984718281866674;-0.31494140625;
16:06:56;577.0;1574611617;82.069;11.308140290641576;0.3141150080733771;-0.32470703125;
16:06:57;578.0;1574611618;82.228;11.564961145226363;0.3212489207007323;-0.32958984375;
16:06:58;579.0;1574611619;82.369;10.666088154179612;0.2962802265049892;-0.3125;
16:06:59;580.0;1574611620;82.529;10.53767772688722;0.29271327019131166;-0.31005859375;
16:07:00;581.0;1574611621;82.564;11.308140290641576;0.3141150080733771;-0.32470703125;
16:07:01;582.0;1574611622;82.564;10.794498581472002;0.29984718281866674;-0.31494140625;
16:07:02;583.0;1574611623;82.529;11.179729863349184;0.3105480517596996;-0.322265625;
16:07:03;584.0;1574611624;82.564;11.179729863349184;0.3105480517596996;-0.322265625;
16:07:04;585.0;1574611625;82.529;11.05131943605679;0.3069810954460219;-0.31982421875;
16:07:05;586.0;1574611626;82.422;10.794498581472002;0.29984718281866674;-0.31494140625;
16:07:06;587.0;1574611627;82.316;10.922909008764398;0.3034141391323444;-0.3173828125;
16:07:07;588.0;1574611628;82.547;12.335423708980723;0.34265065858279786;-0.34423828125;
16:07:08;589.0;1574611629;82.547;11.179729863349184;0.3105480517596996;-0.322265625;
16:07:09;590.0;1574611630;82.529;11.308140290641576;0.3141150080733771;-0.32470703125;
16:07:10;591.0;1574611631;82.44;11.308140290641576;0.3141150080733771;-0.32470703125;
16:07:11;592.0;1574611632;82.016;11.05131943605679;0.3069810954460219;-0.31982421875;
16:07:12;593.0;1574611633;81.876;11.436550717933972;0.31768196438705476;-0.3271484375;
16:07:13;594.0;1574611634;82.193;10.666088154179612;0.2962802265049892;-0.3125;
16:07:14;595.0;1574611635;82.281;12.335423708980723;0.34265065858279786;-0.34423828125;
16:07:15;596.0;1574611636;82.122;10.794498581472002;0.29984718281866674;-0.31494140625;
16:07:16;597.0;1574611637;82.246;11.436550717933972;0.31768196438705476;-0.3271484375;
16:07:17;598.0;1574611638;82.087;6.942185762700204;0.192838493408339;-0.24169921875;
16:07:18;599.0;1574611639;82.052;10.794498581472002;0.29984718281866674;-0.31494140625;
16:07:19;600.0;1574611640;82.547;11.179729863349184;0.3105480517596996;-0.322265625;
16:07:20;601.0;1574611641;82.493;11.308140290641576;0.3141150080733771;-0.32470703125;
16:07:21;602.0;1574611643;82.458;11.436550717933972;0.31768196438705476;-0.3271484375;
16:07:22;603.0;1574611644;82.334;11.05131943605679;0.3069810954460219;-0.31982421875;
16:07:23;604.0;1574611645;82.157;11.308140290641576;0.3141150080733771;-0.32470703125;
16:07:24;605.0;1574611646;82.087;12.335423708980723;0.34265065858279786;-0.34423828125;
16:07:25;606.0;1574611647;81.928;10.794498581472002;0.29984718281866674;-0.31494140625;
16:07:26;607.0;1574611648;82.034;11.179729863349184;0.3105480517596996;-0.322265625;
16:07:27;608.0;1574611649;81.753;14.389990545659018;0.39972195960163937;-0.38330078125;
16:07:28;609.0;1574611650;81.753;11.05131943605679;0.3069810954460219;-0.31982421875;
16:07:29;610.0;1574611651;81.77;10.922909008764398;0.3034141391323444;-0.3173828125;
16:07:31;612.0;1574611652;81.665;10.794498581472002;0.29984718281866674;-0.31494140625;
16:07:32;613.0;1574611653;81.823;11.308140290641576;0.3141150080733771;-0.32470703125;
16:07:33;614.0;1574611654;81.841;10.922909008764398;0.3034141391323444;-0.3173828125;
16:07:34;615.0;1574611655;82.14;11.436550717933972;0.31768196438705476;-0.3271484375;
16:07:35;616.0;1574611656;82.157;10.922909008764398;0.3034141391323444;-0.3173828125;
16:07:36;617.0;1574611657;82.157;11.308140290641576;0.3141150080733771;-0.32470703125;
16:07:37;618.0;1574611658;82.316;11.05131943605679;0.3069810954460219;-0.31982421875;
16:07:38;619.0;1574611659;82.034;10.794498581472002;0.29984718281866674;-0.31494140625;
16:07:39;620.0;1574611660;82.157;11.05131943605679;0.3069810954460219;-0.31982421875;
16:07:40;621.0;1574611661;82.299;11.05131943605679;0.3069810954460219;-0.31982421875;
16:07:41;622.0;1574611662;82.44;11.436550717933972;0.31768196438705476;-0.3271484375;
16:07:42;623.0;1574611663;82.582;11.05131943605679;0.3069810954460219;-0.31982421875;
16:07:43;624.0;1574611664;82.493;11.308140290641576;0.3141150080733771;-0.32470703125;
16:07:44;625.0;1574611665;82.157;11.308140290641576;0.3141150080733771;-0.32470703125;
16:07:45;626.0;1574611666;81.735;11.308140290641576;0.3141150080733771;-0.32470703125;
16:07:46;627.0;1574611667;81.437;11.179729863349184;0.3105480517596996;-0.322265625;
16:07:47;628.0;1574611668;81.42;11.693371572518759;0.32481587701440995;-0.33203125;
16:07:48;629.0;1574611669;81.683;11.436550717933972;0.31768196438705476;-0.3271484375;
16:07:49;630.0;1574611670;82.14;11.436550717933972;0.31768196438705476;-0.3271484375;
16:07:50;631.0;1574611671;82.582;11.308140290641576;0.3141150080733771;-0.32470703125;
16:07:51;632.0;1574611672;82.6;11.308140290641576;0.3141150080733771;-0.32470703125;
16:07:52;633.0;1574611673;82.387;10.666088154179612;0.2962802265049892;-0.3125;
16:07:53;634.0;1574611674;82.034;11.308140290641576;0.3141150080733771;-0.32470703125;
16:07:54;635.0;1574611675;81.893;10.794498581472002;0.29984718281866674;-0.31494140625;
16:07:55;636.0;1574611676;82.034;11.179729863349184;0.3105480517596996;-0.322265625;
16:07:56;637.0;1574611677;82.175;11.308140290641576;0.3141150080733771;-0.32470703125;
16:07:57;638.0;1574611678;81.928;11.05131943605679;0.3069810954460219;-0.31982421875;
16:07:58;639.0;1574611679;81.841;10.794498581472002;0.29984718281866674;-0.31494140625;
16:07:59;640.0;1574611680;81.49;10.794498581472002;0.29984718281866674;-0.31494140625;
16:08:00;641.0;1574611681;81.665;9.510394308548072;0.2641776196818909;-0.29052734375;
16:08:01;642.0;1574611682;81.665;10.794498581472002;0.29984718281866674;-0.31494140625;
16:08:02;643.0;1574611683;81.315;11.179729863349184;0.3105480517596996;-0.322265625;
16:08:03;644.0;1574611684;81.403;11.05131943605679;0.3069810954460219;-0.31982421875;
16:08:04;645.0;1574611685;81.193;10.794498581472002;0.29984718281866674;-0.31494140625;
16:08:05;646.0;1574611686;81.437;11.179729863349184;0.3105480517596996;-0.322265625;
16:08:06;647.0;1574611688;81.841;11.308140290641576;0.3141150080733771;-0.32470703125;
16:08:07;648.0;1574611689;81.858;11.436550717933972;0.31768196438705476;-0.3271484375;
16:08:08;649.0;1574611690;81.841;11.05131943605679;0.3069810954460219;-0.31982421875;
16:08:09;650.0;1574611691;81.77;10.794498581472002;0.29984718281866674;-0.31494140625;
16:08:10;651.0;1574611692;81.595;11.436550717933972;0.31768196438705476;-0.3271484375;
16:08:11;652.0;1574611693;81.49;11.436550717933972;0.31768196438705476;-0.3271484375;
16:08:12;653.0;1574611694;81.525;11.308140290641576;0.3141150080733771;-0.32470703125;
16:08:13;654.0;1574611695;81.665;12.078602854395937;0.3355167459554427;-0.33935546875;
16:08:14;655.0;1574611696;81.368;10.794498581472002;0.29984718281866674;-0.31494140625;
16:08:15;656.0;1574611697;81.403;10.922909008764398;0.3034141391323444;-0.3173828125;
16:08:16;657.0;1574611698;81.263;11.308140290641576;0.3141150080733771;-0.32470703125;
16:08:17;658.0;1574611699;81.089;10.922909008764398;0.3034141391323444;-0.3173828125;
16:08:18;659.0;1574611700;81.124;11.564961145226363;0.3212489207007323;-0.32958984375;
16:08:19;660.0;1574611700;81.42;11.308140290641576;0.3141150080733771;-0.32470703125;
16:08:20;661.0;1574611702;81.42;11.05131943605679;0.3069810954460219;-0.31982421875;
16:08:21;662.0;1574611703;81.42;11.308140290641576;0.3141150080733771;-0.32470703125;
16:08:22;663.0;1574611704;81.612;11.179729863349184;0.3105480517596996;-0.322265625;
16:08:23;664.0;1574611705;81.298;11.179729863349184;0.3105480517596996;-0.322265625;
16:08:24;665.0;1574611706;81.245;11.693371572518759;0.32481587701440995;-0.33203125;
16:08:25;666.0;1574611707;81.158;11.564961145226363;0.3212489207007323;-0.32958984375;
16:08:26;667.0;1574611708;81.019;11.564961145226363;0.3212489207007323;-0.32958984375;
16:08:27;668.0;1574611709;81.037;10.794498581472002;0.29984718281866674;-0.31494140625;
16:08:28;669.0;1574611710;81.228;11.05131943605679;0.3069810954460219;-0.31982421875;
16:08:29;670.0;1574611711;81.42;11.05131943605679;0.3069810954460219;-0.31982421875;
16:08:30;671.0;1574611712;81.437;11.308140290641576;0.3141150080733771;-0.32470703125;
16:08:31;672.0;1574611713;81.612;10.922909008764398;0.3034141391323444;-0.3173828125;
16:08:32;673.0;1574611714;81.472;10.794498581472002;0.29984718281866674;-0.31494140625;
16:08:33;674.0;1574611715;81.455;10.922909008764398;0.3034141391323444;-0.3173828125;
16:08:35;676.0;1574611716;81.49;10.794498581472002;0.29984718281866674;-0.31494140625;
16:08:36;677.0;1574611717;81.735;11.436550717933972;0.31768196438705476;-0.3271484375;
16:08:37;678.0;1574611718;81.7;11.05131943605679;0.3069810954460219;-0.31982421875;
16:08:38;679.0;1574611719;81.63;11.179729863349184;0.3105480517596996;-0.322265625;
16:08:39;680.0;1574611720;81.648;11.179729863349184;0.3105480517596996;-0.322265625;
16:08:40;681.0;1574611721;81.071;11.05131943605679;0.3069810954460219;-0.31982421875;
16:08:41;682.0;1574611722;81.106;11.308140290641576;0.3141150080733771;-0.32470703125;
16:08:42;683.0;1574611723;81.333;11.564961145226363;0.3212489207007323;-0.32958984375;
16:08:43;684.0;1574611724;81.403;10.922909008764398;0.3034141391323444;-0.3173828125;
16:08:44;685.0;1574611725;81.525;11.179729863349184;0.3105480517596996;-0.322265625;
16:08:45;686.0;1574611726;81.683;11.308140290641576;0.3141150080733771;-0.32470703125;
16:08:46;687.0;1574611727;81.455;11.05131943605679;0.3069810954460219;-0.31982421875;
16:08:47;688.0;1574611728;81.823;11.308140290641576;0.3141150080733771;-0.32470703125;
16:08:48;689.0;1574611729;81.999;11.05131943605679;0.3069810954460219;-0.31982421875;
16:08:49;690.0;1574611730;81.981;11.564961145226363;0.3212489207007323;-0.32958984375;
16:08:50;691.0;1574611731;81.981;11.179729863349184;0.3105480517596996;-0.322265625;
16:08:51;692.0;1574611732;81.63;11.308140290641576;0.3141150080733771;-0.32470703125;
16:08:52;693.0;1574611733;81.403;11.564961145226363;0.3212489207007323;-0.32958984375;
16:08:53;694.0;1574611734;81.245;11.05131943605679;0.3069810954460219;-0.31982421875;
16:08:54;695.0;1574611735;81.071;11.179729863349184;0.3105480517596996;-0.322265625;
16:08:55;696.0;1574611736;81.124;11.436550717933972;0.31768196438705476;-0.3271484375;
16:08:56;697.0;1574611737;81.211;12.977475845442692;0.3604854401511859;-0.3564453125;
16:08:57;698.0;1574611738;81.089;11.308140290641576;0.3141150080733771;-0.32470703125;
16:08:58;699.0;1574611739;81.368;11.05131943605679;0.3069810954460219;-0.31982421875;
16:08:59;700.0;1574611740;81.315;10.794498581472002;0.29984718281866674;-0.31494140625;
16:09:00;701.0;1574611741;81.35;11.436550717933972;0.31768196438705476;-0.3271484375;
16:09:01;702.0;1574611742;81.49;10.794498581472002;0.29984718281866674;-0.31494140625;
16:09:02;703.0;1574611743;81.333;11.179729863349184;0.3105480517596996;-0.322265625;
16:09:03;704.0;1574611744;81.315;11.179729863349184;0.3105480517596996;-0.322265625;
16:09:04;705.0;1574611745;81.141;10.922909008764398;0.3034141391323444;-0.3173828125;
16:09:05;706.0;1574611746;81.42;10.409267299594825;0.289146313877634;-0.3076171875;
16:09:06;707.0;1574611747;81.56;11.179729863349184;0.3105480517596996;-0.322265625;
16:09:07;708.0;1574611748;81.542;11.308140290641576;0.3141150080733771;-0.32470703125;
16:09:08;709.0;1574611749;81.981;9.12516302667089;0.25347675074085807;-0.283203125;
16:09:09;710.0;1574611750;81.683;10.794498581472002;0.29984718281866674;-0.31494140625;
16:09:10;711.0;1574611751;81.648;11.05131943605679;0.3069810954460219;-0.31982421875;
16:09:11;712.0;1574611752;81.683;11.05131943605679;0.3069810954460219;-0.31982421875;
16:09:12;713.0;1574611753;81.368;10.794498581472002;0.29984718281866674;-0.31494140625;
16:09:13;714.0;1574611754;81.385;11.05131943605679;0.3069810954460219;-0.31982421875;
16:09:14;715.0;1574611755;81.315;10.922909008764398;0.3034141391323444;-0.3173828125;
16:09:15;716.0;1574611756;81.176;10.409267299594825;0.289146313877634;-0.3076171875;
16:09:16;717.0;1574611757;81.211;11.308140290641576;0.3141150080733771;-0.32470703125;
16:09:17;718.0;1574611758;81.089;11.308140290641576;0.3141150080733771;-0.32470703125;
16:09:18;719.0;1574611759;81.089;11.308140290641576;0.3141150080733771;-0.32470703125;
16:09:19;720.0;1574611760;81.211;10.794498581472002;0.29984718281866674;-0.31494140625;
16:09:20;721.0;1574611761;81.176;11.308140290641576;0.3141150080733771;-0.32470703125;
16:09:21;722.0;1574611762;81.333;11.950192427103545;0.33194978964176514;-0.3369140625;
16:09:22;723.0;1574611763;81.089;11.179729863349184;0.3105480517596996;-0.322265625;
16:09:23;724.0;1574611764;81.106;11.308140290641576;0.3141150080733771;-0.32470703125;
16:09:24;725.0;1574611765;80.967;11.693371572518759;0.32481587701440995;-0.33203125;
16:09:25;726.0;1574611766;80.828;11.308140290641576;0.3141150080733771;-0.32470703125;
16:09:26;727.0;1574611767;80.95;11.308140290641576;0.3141150080733771;-0.32470703125;
16:09:27;728.0;1574611768;81.054;10.280856872302433;0.28557935756395647;-0.30517578125;
16:09:28;729.0;1574611769;81.176;11.950192427103545;0.33194978964176514;-0.3369140625;
16:09:29;730.0;1574611770;81.211;11.308140290641576;0.3141150080733771;-0.32470703125;
16:09:30;731.0;1574611772;81.472;11.179729863349184;0.3105480517596996;-0.322265625;
16:09:31;732.0;1574611773;81.211;10.922909008764398;0.3034141391323444;-0.3173828125;
16:09:32;733.0;1574611774;81.298;11.308140290641576;0.3141150080733771;-0.32470703125;
16:09:33;734.0;1574611775;81.228;10.794498581472002;0.29984718281866674;-0.31494140625;
16:09:34;735.0;1574611776;80.915;10.922909008764398;0.3034141391323444;-0.3173828125;
16:09:35;736.0;1574611777;81.054;11.308140290641576;0.3141150080733771;-0.32470703125;
16:09:36;737.0;1574611778;80.984;11.564961145226363;0.3212489207007323;-0.32958984375;
16:09:37;738.0;1574611779;81.106;11.179729863349184;0.3105480517596996;-0.322265625;
16:09:39;740.0;1574611780;81.002;11.436550717933972;0.31768196438705476;-0.3271484375;
16:09:40;741.0;1574611781;81.071;11.564961145226363;0.3212489207007323;-0.32958984375;
16:09:41;742.0;1574611782;80.811;10.280856872302433;0.28557935756395647;-0.30517578125;
16:09:42;743.0;1574611783;80.482;11.693371572518759;0.32481587701440995;-0.33203125;
16:09:43;744.0;1574611784;80.62;11.308140290641576;0.3141150080733771;-0.32470703125;
16:09:44;745.0;1574611785;80.707;10.922909008764398;0.3034141391323444;-0.3173828125;
16:09:45;746.0;1574611786;80.828;11.436550717933972;0.31768196438705476;-0.3271484375;
16:09:46;747.0;1574611787;81.176;11.05131943605679;0.3069810954460219;-0.31982421875;
16:09:47;748.0;1574611788;81.263;10.794498581472002;0.29984718281866674;-0.31494140625;
16:09:48;749.0;1574611789;81.124;11.693371572518759;0.32481587701440995;-0.33203125;
16:09:49;750.0;1574611790;81.298;9.638804735840464;0.26774457599556845;-0.29296875;
16:09:50;751.0;1574611791;81.193;11.179729863349184;0.3105480517596996;-0.322265625;
16:09:51;752.0;1574611792;81.298;11.05131943605679;0.3069810954460219;-0.31982421875;
16:09:52;753.0;1574611793;81.315;11.179729863349184;0.3105480517596996;-0.322265625;
16:09:53;754.0;1574611794;81.437;9.76721516313286;0.2713115323092461;-0.29541015625;
16:09:54;755.0;1574611795;81.228;10.53767772688722;0.29271327019131166;-0.31005859375;
16:09:55;756.0;1574611796;81.037;10.794498581472002;0.29984718281866674;-0.31494140625;
16:09:56;757.0;1574611797;80.863;11.308140290641576;0.3141150080733771;-0.32470703125;
16:09:57;758.0;1574611798;80.638;11.436550717933972;0.31768196438705476;-0.3271484375;
16:09:58;759.0;1574611799;80.551;11.308140290641576;0.3141150080733771;-0.32470703125;
16:09:59;760.0;1574611800;80.603;11.436550717933972;0.31768196438705476;-0.3271484375;
16:10:00;761.0;1574611801;80.638;10.794498581472002;0.29984718281866674;-0.31494140625;
16:10:01;762.0;1574611802;80.43;11.308140290641576;0.3141150080733771;-0.32470703125;
16:10:02;763.0;1574611803;80.776;10.666088154179612;0.2962802265049892;-0.3125;
16:10:03;764.0;1574611804;80.551;11.05131943605679;0.3069810954460219;-0.31982421875;
16:10:04;765.0;1574611805;80.534;11.05131943605679;0.3069810954460219;-0.31982421875;
16:10:05;766.0;1574611806;80.724;11.179729863349184;0.3105480517596996;-0.322265625;
16:10:06;767.0;1574611807;80.638;10.922909008764398;0.3034141391323444;-0.3173828125;
16:10:07;768.0;1574611808;81.089;10.794498581472002;0.29984718281866674;-0.31494140625;
16:10:08;769.0;1574611809;81.071;10.666088154179612;0.2962802265049892;-0.3125;
16:10:09;770.0;1574611810;80.863;11.05131943605679;0.3069810954460219;-0.31982421875;
16:10:10;771.0;1574611811;80.828;11.308140290641576;0.3141150080733771;-0.32470703125;
16:10:11;772.0;1574611812;80.517;10.794498581472002;0.29984718281866674;-0.31494140625;
16:10:12;773.0;1574611813;80.499;10.922909008764398;0.3034141391323444;-0.3173828125;
16:10:13;774.0;1574611814;80.672;11.308140290641576;0.3141150080733771;-0.32470703125;
16:10:14;775.0;1574611815;80.707;9.89562559042525;0.27487848862292363;-0.2978515625;
16:10:15;776.0;1574611816;80.776;11.05131943605679;0.3069810954460219;-0.31982421875;
16:10:16;777.0;1574611817;80.811;10.794498581472002;0.29984718281866674;-0.31494140625;
16:10:18;779.0;1574611818;80.95;10.666088154179612;0.2962802265049892;-0.3125;
16:10:19;780.0;1574611820;80.638;11.308140290641576;0.3141150080733771;-0.32470703125;
16:10:20;781.0;1574611821;80.898;11.05131943605679;0.3069810954460219;-0.31982421875;
16:10:21;782.0;1574611822;80.43;10.922909008764398;0.3034141391323444;-0.3173828125;
16:10:22;783.0;1574611823;80.413;11.436550717933972;0.31768196438705476;-0.3271484375;
16:10:23;784.0;1574611824;80.724;10.794498581472002;0.29984718281866674;-0.31494140625;
16:10:24;785.0;1574611825;80.361;11.308140290641576;0.3141150080733771;-0.32470703125;
16:10:25;786.0;1574611826;80.793;11.05131943605679;0.3069810954460219;-0.31982421875;
16:10:26;787.0;1574611827;80.845;11.05131943605679;0.3069810954460219;-0.31982421875;
16:10:27;788.0;1574611828;80.932;11.179729863349184;0.3105480517596996;-0.322265625;
16:10:28;789.0;1574611830;81.071;10.794498581472002;0.29984718281866674;-0.31494140625;
16:10:29;790.0;1574611831;80.776;11.179729863349184;0.3105480517596996;-0.322265625;
16:10:30;791.0;1574611832;80.655;11.308140290641576;0.3141150080733771;-0.32470703125;
16:10:31;792.0;1574611833;80.534;11.308140290641576;0.3141150080733771;-0.32470703125;
16:10:32;793.0;1574611834;80.741;11.564961145226363;0.3212489207007323;-0.32958984375;
16:10:33;794.0;1574611835;81.071;11.308140290641576;0.3141150080733771;-0.32470703125;
16:10:34;795.0;1574611836;81.211;11.308140290641576;0.3141150080733771;-0.32470703125;
16:10:35;796.0;1574611837;81.211;11.179729863349184;0.3105480517596996;-0.322265625;
16:10:36;797.0;1574611838;80.793;10.794498581472002;0.29984718281866674;-0.31494140625;
16:10:37;798.0;1574611839;80.603;11.436550717933972;0.31768196438705476;-0.3271484375;
16:10:38;799.0;1574611840;80.448;10.024036017717647;0.2784454449366013;-0.30029296875;
16:10:39;800.0;1574611841;80.465;10.409267299594825;0.289146313877634;-0.3076171875;
16:10:40;801.0;1574611842;80.603;11.308140290641576;0.3141150080733771;-0.32470703125;
16:10:41;802.0;1574611843;80.638;10.794498581472002;0.29984718281866674;-0.31494140625;
16:10:43;804.0;1574611844;80.724;11.82178199981115;0.32838283332808754;-0.33447265625;
16:10:44;805.0;1574611845;80.551;11.564961145226363;0.3212489207007323;-0.32958984375;
16:10:45;806.0;1574611846;80.482;11.436550717933972;0.31768196438705476;-0.3271484375;
16:10:46;807.0;1574611847;80.379;11.179729863349184;0.3105480517596996;-0.322265625;
16:10:47;808.0;1574611848;80.586;11.308140290641576;0.3141150080733771;-0.32470703125;
16:10:48;809.0;1574611849;80.776;10.794498581472002;0.29984718281866674;-0.31494140625;
16:10:49;810.0;1574611850;80.776;11.179729863349184;0.3105480517596996;-0.322265625;
16:10:50;811.0;1574611851;80.707;11.308140290641576;0.3141150080733771;-0.32470703125;
16:10:51;812.0;1574611852;80.413;10.53767772688722;0.29271327019131166;-0.31005859375;
16:10:52;813.0;1574611853;80.465;10.794498581472002;0.29984718281866674;-0.31494140625;
16:10:53;814.0;1574611854;80.413;11.693371572518759;0.32481587701440995;-0.33203125;
16:10:54;815.0;1574611855;80.465;11.308140290641576;0.3141150080733771;-0.32470703125;
16:10:55;816.0;1574611856;80.793;11.308140290641576;0.3141150080733771;-0.32470703125;
16:10:56;817.0;1574611857;80.327;11.05131943605679;0.3069810954460219;-0.31982421875;
16:10:57;818.0;1574611858;80.327;11.179729863349184;0.3105480517596996;-0.322265625;
16:10:58;819.0;1574611859;80.035;9.253573453963286;0.2570437070545357;-0.28564453125;
16:10:59;820.0;1574611860;79.863;11.05131943605679;0.3069810954460219;-0.31982421875;
16:11:00;821.0;1574611861;80.086;11.05131943605679;0.3069810954460219;-0.31982421875;
16:11:01;822.0;1574611862;80.138;11.308140290641576;0.3141150080733771;-0.32470703125;
16:11:02;823.0;1574611863;80.396;11.693371572518759;0.32481587701440995;-0.33203125;
16:11:03;824.0;1574611864;80.069;10.922909008764398;0.3034141391323444;-0.3173828125;
16:11:04;825.0;1574611865;80.086;10.666088154179612;0.2962802265049892;-0.3125;
16:11:05;826.0;1574611866;79.915;10.922909008764398;0.3034141391323444;-0.3173828125;
16:11:06;827.0;1574611867;79.76;11.82178199981115;0.32838283332808754;-0.33447265625;
16:11:07;828.0;1574611868;79.932;11.179729863349184;0.3105480517596996;-0.322265625;
16:11:08;829.0;1574611869;80.086;10.922909008764398;0.3034141391323444;-0.3173828125;
16:11:09;830.0;1574611870;80.241;11.564961145226363;0.3212489207007323;-0.32958984375;
16:11:10;831.0;1574611871;80.103;11.179729863349184;0.3105480517596996;-0.322265625;
16:11:11;832.0;1574611872;79.983;10.794498581472002;0.29984718281866674;-0.31494140625;
16:11:12;833.0;1574611873;79.726;10.922909008764398;0.3034141391323444;-0.3173828125;
16:11:13;834.0;1574611874;79.795;11.179729863349184;0.3105480517596996;-0.322265625;
16:11:14;835.0;1574611875;79.966;11.950192427103545;0.33194978964176514;-0.3369140625;
16:11:15;836.0;1574611876;79.846;11.82178199981115;0.32838283332808754;-0.33447265625;
16:11:17;838.0;1574611878;79.607;11.308140290641576;0.3141150080733771;-0.32470703125;
16:11:18;839.0;1574611880;79.88;11.05131943605679;0.3069810954460219;-0.31982421875;
16:11:19;840.0;1574611881;79.863;11.179729863349184;0.3105480517596996;-0.322265625;
16:11:20;841.0;1574611882;79.846;11.05131943605679;0.3069810954460219;-0.31982421875;
16:11:21;842.0;1574611883;80.258;11.82178199981115;0.32838283332808754;-0.33447265625;
16:11:22;843.0;1574611884;79.983;11.308140290641576;0.3141150080733771;-0.32470703125;
16:11:23;844.0;1574611885;80.086;10.666088154179612;0.2962802265049892;-0.3125;
16:11:24;845.0;1574611886;80.224;11.05131943605679;0.3069810954460219;-0.31982421875;
16:11:25;846.0;1574611887;79.778;11.308140290641576;0.3141150080733771;-0.32470703125;
16:11:26;847.0;1574611888;79.59;9.253573453963286;0.2570437070545357;-0.28564453125;
16:11:27;848.0;1574611889;79.538;10.794498581472002;0.29984718281866674;-0.31494140625;
16:11:28;849.0;1574611890;79.692;11.564961145226363;0.3212489207007323;-0.32958984375;
16:11:29;850.0;1574611891;79.76;11.179729863349184;0.3105480517596996;-0.322265625;
16:11:30;851.0;1574611892;80.224;11.05131943605679;0.3069810954460219;-0.31982421875;
16:11:31;852.0;1574611893;80.448;12.335423708980723;0.34265065858279786;-0.34423828125;
16:11:32;853.0;1574611894;80.189;10.922909008764398;0.3034141391323444;-0.3173828125;
16:11:33;854.0;1574611895;80.172;11.436550717933972;0.31768196438705476;-0.3271484375;
16:11:34;855.0;1574611896;79.795;10.794498581472002;0.29984718281866674;-0.31494140625;
16:11:35;856.0;1574611897;79.504;11.05131943605679;0.3069810954460219;-0.31982421875;
16:11:36;857.0;1574611898;79.556;10.794498581472002;0.29984718281866674;-0.31494140625;
16:11:37;858.0;1574611899;79.709;11.05131943605679;0.3069810954460219;-0.31982421875;
16:11:38;859.0;1574611900;79.795;10.794498581472002;0.29984718281866674;-0.31494140625;
16:11:39;860.0;1574611901;79.915;10.794498581472002;0.29984718281866674;-0.31494140625;
16:11:40;861.0;1574611902;79.88;11.05131943605679;0.3069810954460219;-0.31982421875;
16:11:41;862.0;1574611903;79.88;11.05131943605679;0.3069810954460219;-0.31982421875;
16:11:42;863.0;1574611904;79.76;11.05131943605679;0.3069810954460219;-0.31982421875;
16:11:43;864.0;1574611905;79.812;10.922909008764398;0.3034141391323444;-0.3173828125;
16:11:44;865.0;1574611906;79.76;11.308140290641576;0.3141150080733771;-0.32470703125;
16:11:45;866.0;1574611907;79.487;10.794498581472002;0.29984718281866674;-0.31494140625;
16:11:47;868.0;1574611908;79.504;11.05131943605679;0.3069810954460219;-0.31982421875;
16:11:48;869.0;1574611909;79.368;11.05131943605679;0.3069810954460219;-0.31982421875;
