Time;Seconds from start for linreg;Unix Time;ch1 po2;Uc;Ubl;Vc;
02:37:16;-2.0;1574649438;82.387;11.564961145226363;0.3212489207007323;-0.32958984375;
02:37:17;-1.0;1574649438;82.564;11.308140290641576;0.3141150080733771;-0.32470703125;
02:37:18;0.0;1574649439;82.795;12.078602854395937;0.3355167459554427;-0.33935546875;
02:37:19;1.0;1574649440;83.045;11.693371572518759;0.32481587701440995;-0.33203125;
02:37:20;2.0;1574649441;83.277;10.666088154179612;0.2962802265049892;-0.3125;
02:37:21;3.0;1574649442;83.098;11.05131943605679;0.3069810954460219;-0.31982421875;
02:37:22;4.0;1574649443;83.116;11.05131943605679;0.3069810954460219;-0.31982421875;
02:37:23;5.0;1574649444;83.116;10.794498581472002;0.29984718281866674;-0.31494140625;
02:37:24;6.0;1574649445;83.223;10.794498581472002;0.29984718281866674;-0.31494140625;
02:37:25;7.0;1574649446;83.528;10.409267299594825;0.289146313877634;-0.3076171875;
02:37:26;8.0;1574649447;83.259;11.05131943605679;0.3069810954460219;-0.31982421875;
02:37:27;9.0;1574649448;83.277;10.922909008764398;0.3034141391323444;-0.3173828125;
02:37:28;10.0;1574649449;83.384;11.179729863349184;0.3105480517596996;-0.322265625;
02:37:29;11.0;1574649450;83.259;11.308140290641576;0.3141150080733771;-0.32470703125;
02:37:30;12.0;1574649451;83.6;11.564961145226363;0.3212489207007323;-0.32958984375;
02:37:31;13.0;1574649452;83.528;11.05131943605679;0.3069810954460219;-0.31982421875;
02:37:32;14.0;1574649453;83.277;11.693371572518759;0.32481587701440995;-0.33203125;
02:37:33;15.0;1574649454;83.116;11.308140290641576;0.3141150080733771;-0.32470703125;
02:37:34;16.0;1574649455;82.866;11.05131943605679;0.3069810954460219;-0.31982421875;
02:37:35;17.0;1574649456;82.813;11.693371572518759;0.32481587701440995;-0.33203125;
02:37:36;18.0;1574649457;82.92;11.05131943605679;0.3069810954460219;-0.31982421875;
02:37:37;19.0;1574649458;82.813;10.794498581472002;0.29984718281866674;-0.31494140625;
02:37:38;20.0;1574649459;82.991;10.794498581472002;0.29984718281866674;-0.31494140625;
02:37:39;21.0;1574649460;83.134;11.308140290641576;0.3141150080733771;-0.32470703125;
02:37:40;22.0;1574649461;83.277;12.335423708980723;0.34265065858279786;-0.34423828125;
02:37:41;23.0;1574649462;83.42;11.05131943605679;0.3069810954460219;-0.31982421875;
02:37:42;24.0;1574649463;83.438;11.308140290641576;0.3141150080733771;-0.32470703125;
02:37:43;25.0;1574649464;83.438;10.794498581472002;0.29984718281866674;-0.31494140625;
02:37:44;26.0;1574649465;83.331;10.922909008764398;0.3034141391323444;-0.3173828125;
02:37:45;27.0;1574649466;83.259;13.876348836489445;0.38545413434692904;-0.37353515625;
02:37:46;28.0;1574649467;83.528;11.179729863349184;0.3105480517596996;-0.322265625;
02:37:47;29.0;1574649468;83.366;11.05131943605679;0.3069810954460219;-0.31982421875;
02:37:48;30.0;1574649469;83.134;11.308140290641576;0.3141150080733771;-0.32470703125;
02:37:49;31.0;1574649470;83.474;11.436550717933972;0.31768196438705476;-0.3271484375;
02:37:50;32.0;1574649471;82.884;11.05131943605679;0.3069810954460219;-0.31982421875;
02:37:51;33.0;1574649472;83.08;10.53767772688722;0.29271327019131166;-0.31005859375;
02:37:52;34.0;1574649473;83.045;11.308140290641576;0.3141150080733771;-0.32470703125;
02:37:53;35.0;1574649474;82.902;10.794498581472002;0.29984718281866674;-0.31494140625;
02:37:54;36.0;1574649476;83.098;11.308140290641576;0.3141150080733771;-0.32470703125;
02:37:55;37.0;1574649477;82.938;11.564961145226363;0.3212489207007323;-0.32958984375;
02:37:56;38.0;1574649478;83.187;11.179729863349184;0.3105480517596996;-0.322265625;
02:37:57;39.0;1574649479;83.331;11.308140290641576;0.3141150080733771;-0.32470703125;
02:37:58;40.0;1574649480;83.277;10.409267299594825;0.289146313877634;-0.3076171875;
02:37:59;41.0;1574649481;83.17;11.308140290641576;0.3141150080733771;-0.32470703125;
02:38:00;42.0;1574649481;83.348;11.308140290641576;0.3141150080733771;-0.32470703125;
02:38:02;44.0;1574649483;83.223;11.179729863349184;0.3105480517596996;-0.322265625;
02:38:03;45.0;1574649484;83.672;11.308140290641576;0.3141150080733771;-0.32470703125;
02:38:04;46.0;1574649485;83.996;11.693371572518759;0.32481587701440995;-0.33203125;
02:38:05;47.0;1574649486;83.78;10.53767772688722;0.29271327019131166;-0.31005859375;
02:38:06;48.0;1574649487;83.474;11.564961145226363;0.3212489207007323;-0.32958984375;
02:38:07;49.0;1574649488;83.241;11.179729863349184;0.3105480517596996;-0.322265625;
02:38:08;50.0;1574649489;83.295;11.436550717933972;0.31768196438705476;-0.3271484375;
02:38:09;51.0;1574649490;83.295;11.308140290641576;0.3141150080733771;-0.32470703125;
02:38:10;52.0;1574649491;83.6;10.922909008764398;0.3034141391323444;-0.3173828125;
02:38:11;53.0;1574649492;83.438;10.922909008764398;0.3034141391323444;-0.3173828125;
02:38:12;54.0;1574649493;83.331;11.05131943605679;0.3069810954460219;-0.31982421875;
02:38:13;55.0;1574649494;83.42;10.922909008764398;0.3034141391323444;-0.3173828125;
02:38:14;56.0;1574649495;83.402;10.794498581472002;0.29984718281866674;-0.31494140625;
02:38:15;57.0;1574649496;83.492;10.922909008764398;0.3034141391323444;-0.3173828125;
02:38:16;58.0;1574649497;83.456;11.179729863349184;0.3105480517596996;-0.322265625;
02:38:17;59.0;1574649498;83.456;11.308140290641576;0.3141150080733771;-0.32470703125;
02:38:18;60.0;1574649499;83.456;11.179729863349184;0.3105480517596996;-0.322265625;
02:38:19;61.0;1574649500;83.761;11.05131943605679;0.3069810954460219;-0.31982421875;
02:38:20;62.0;1574649501;83.798;10.794498581472002;0.29984718281866674;-0.31494140625;
02:38:21;63.0;1574649502;83.852;11.179729863349184;0.3105480517596996;-0.322265625;
02:38:22;64.0;1574649503;83.978;11.179729863349184;0.3105480517596996;-0.322265625;
02:38:23;65.0;1574649504;83.743;11.436550717933972;0.31768196438705476;-0.3271484375;
02:38:24;66.0;1574649505;83.689;11.05131943605679;0.3069810954460219;-0.31982421875;
02:38:25;67.0;1574649506;83.725;11.436550717933972;0.31768196438705476;-0.3271484375;
02:38:26;68.0;1574649507;83.761;11.436550717933972;0.31768196438705476;-0.3271484375;
02:38:27;69.0;1574649508;83.743;10.794498581472002;0.29984718281866674;-0.31494140625;
02:38:28;70.0;1574649509;83.761;10.922909008764398;0.3034141391323444;-0.3173828125;
02:38:29;71.0;1574649510;83.51;11.308140290641576;0.3141150080733771;-0.32470703125;
02:38:30;72.0;1574649511;83.331;11.05131943605679;0.3069810954460219;-0.31982421875;
02:38:31;73.0;1574649512;83.313;10.794498581472002;0.29984718281866674;-0.31494140625;
02:38:32;74.0;1574649513;83.528;11.308140290641576;0.3141150080733771;-0.32470703125;
02:38:33;75.0;1574649514;83.78;10.794498581472002;0.29984718281866674;-0.31494140625;
02:38:34;76.0;1574649515;83.654;10.922909008764398;0.3034141391323444;-0.3173828125;
02:38:35;77.0;1574649516;83.546;10.666088154179612;0.2962802265049892;-0.3125;
02:38:36;78.0;1574649517;83.636;11.179729863349184;0.3105480517596996;-0.322265625;
02:38:37;79.0;1574649518;83.528;10.794498581472002;0.29984718281866674;-0.31494140625;
02:38:38;80.0;1574649519;83.636;10.794498581472002;0.29984718281866674;-0.31494140625;
02:38:39;81.0;1574649520;83.42;11.564961145226363;0.3212489207007323;-0.32958984375;
02:38:40;82.0;1574649521;83.17;11.436550717933972;0.31768196438705476;-0.3271484375;
02:38:41;83.0;1574649522;83.116;11.308140290641576;0.3141150080733771;-0.32470703125;
02:38:42;84.0;1574649523;82.938;11.05131943605679;0.3069810954460219;-0.31982421875;
02:38:43;85.0;1574649524;83.348;11.05131943605679;0.3069810954460219;-0.31982421875;
02:38:44;86.0;1574649525;83.277;11.308140290641576;0.3141150080733771;-0.32470703125;
02:38:45;87.0;1574649526;83.313;10.794498581472002;0.29984718281866674;-0.31494140625;
02:38:46;88.0;1574649527;83.492;11.179729863349184;0.3105480517596996;-0.322265625;
02:38:47;89.0;1574649528;83.528;11.308140290641576;0.3141150080733771;-0.32470703125;
02:38:48;90.0;1574649529;83.6;11.308140290641576;0.3141150080733771;-0.32470703125;
02:38:49;91.0;1574649531;83.725;10.794498581472002;0.29984718281866674;-0.31494140625;
02:38:50;92.0;1574649532;83.906;10.922909008764398;0.3034141391323444;-0.3173828125;
02:38:51;93.0;1574649533;83.582;11.05131943605679;0.3069810954460219;-0.31982421875;
02:38:52;94.0;1574649534;83.51;11.179729863349184;0.3105480517596996;-0.322265625;
02:38:53;95.0;1574649535;83.241;11.308140290641576;0.3141150080733771;-0.32470703125;
02:38:54;96.0;1574649536;83.223;11.05131943605679;0.3069810954460219;-0.31982421875;
02:38:55;97.0;1574649537;83.689;11.05131943605679;0.3069810954460219;-0.31982421875;
02:38:56;98.0;1574649538;83.6;11.693371572518759;0.32481587701440995;-0.33203125;
02:38:57;99.0;1574649539;83.761;11.05131943605679;0.3069810954460219;-0.31982421875;
02:38:59;101.0;1574649540;83.277;10.922909008764398;0.3034141391323444;-0.3173828125;
02:39:00;102.0;1574649542;83.134;11.436550717933972;0.31768196438705476;-0.3271484375;
02:39:01;103.0;1574649543;83.098;11.05131943605679;0.3069810954460219;-0.31982421875;
02:39:02;104.0;1574649544;83.384;11.308140290641576;0.3141150080733771;-0.32470703125;
02:39:03;105.0;1574649545;83.295;11.05131943605679;0.3069810954460219;-0.31982421875;
02:39:04;106.0;1574649546;83.402;11.179729863349184;0.3105480517596996;-0.322265625;
02:39:06;108.0;1574649547;83.402;8.868342172086104;0.24634283811350288;-0.2783203125;
02:39:07;109.0;1574649548;83.134;10.794498581472002;0.29984718281866674;-0.31494140625;
02:39:08;110.0;1574649549;82.884;10.666088154179612;0.2962802265049892;-0.3125;
02:39:09;111.0;1574649550;82.848;10.922909008764398;0.3034141391323444;-0.3173828125;
02:39:10;112.0;1574649551;82.831;10.794498581472002;0.29984718281866674;-0.31494140625;
02:39:11;113.0;1574649552;82.866;10.666088154179612;0.2962802265049892;-0.3125;
02:39:12;114.0;1574649553;83.098;11.179729863349184;0.3105480517596996;-0.322265625;
02:39:13;115.0;1574649554;83.295;10.152446445010037;0.2820124012502788;-0.302734375;
02:39:14;116.0;1574649555;83.331;14.51840097295141;0.40328891591531696;-0.3857421875;
02:39:15;117.0;1574649556;83.295;11.179729863349184;0.3105480517596996;-0.322265625;
02:39:16;118.0;1574649557;83.438;11.05131943605679;0.3069810954460219;-0.31982421875;
02:39:17;119.0;1574649558;83.438;11.308140290641576;0.3141150080733771;-0.32470703125;
02:39:18;120.0;1574649559;83.402;12.46383413627312;0.3462176148964755;-0.3466796875;
02:39:19;121.0;1574649560;83.42;11.82178199981115;0.32838283332808754;-0.33447265625;
02:39:20;122.0;1574649561;83.313;10.024036017717647;0.2784454449366013;-0.30029296875;
02:39:21;123.0;1574649562;83.313;10.409267299594825;0.289146313877634;-0.3076171875;
02:39:22;124.0;1574649563;83.187;11.179729863349184;0.3105480517596996;-0.322265625;
02:39:23;125.0;1574649564;83.492;11.179729863349184;0.3105480517596996;-0.322265625;
02:39:24;126.0;1574649565;83.205;11.05131943605679;0.3069810954460219;-0.31982421875;
02:39:25;127.0;1574649566;83.062;11.179729863349184;0.3105480517596996;-0.322265625;
02:39:26;128.0;1574649567;83.098;10.53767772688722;0.29271327019131166;-0.31005859375;
02:39:27;129.0;1574649568;82.813;10.922909008764398;0.3034141391323444;-0.3173828125;
02:39:28;130.0;1574649569;83.045;11.05131943605679;0.3069810954460219;-0.31982421875;
02:39:29;131.0;1574649570;83.062;9.510394308548072;0.2641776196818909;-0.29052734375;
02:39:30;132.0;1574649571;83.223;11.05131943605679;0.3069810954460219;-0.31982421875;
02:39:31;133.0;1574649572;83.528;8.354700462916531;0.23207501285879253;-0.2685546875;
02:39:32;134.0;1574649573;83.6;11.05131943605679;0.3069810954460219;-0.31982421875;
02:39:33;135.0;1574649574;83.87;11.308140290641576;0.3141150080733771;-0.32470703125;
02:39:34;136.0;1574649575;84.05;11.05131943605679;0.3069810954460219;-0.31982421875;
02:39:35;137.0;1574649576;83.834;11.436550717933972;0.31768196438705476;-0.3271484375;
02:39:36;138.0;1574649578;83.6;11.436550717933972;0.31768196438705476;-0.3271484375;
02:39:37;139.0;1574649579;83.277;11.436550717933972;0.31768196438705476;-0.3271484375;
02:39:38;140.0;1574649580;83.205;10.794498581472002;0.29984718281866674;-0.31494140625;
02:39:39;141.0;1574649581;83.259;11.308140290641576;0.3141150080733771;-0.32470703125;
02:39:40;142.0;1574649582;83.438;11.436550717933972;0.31768196438705476;-0.3271484375;
02:39:41;143.0;1574649583;83.492;11.179729863349184;0.3105480517596996;-0.322265625;
02:39:42;144.0;1574649584;83.348;11.05131943605679;0.3069810954460219;-0.31982421875;
02:39:43;145.0;1574649585;83.223;12.59224456356551;0.34978457121015305;-0.34912109375;
02:39:44;146.0;1574649586;83.223;11.436550717933972;0.31768196438705476;-0.3271484375;
02:39:45;147.0;1574649587;83.098;11.308140290641576;0.3141150080733771;-0.32470703125;
02:39:46;148.0;1574649588;82.76;10.922909008764398;0.3034141391323444;-0.3173828125;
02:39:47;149.0;1574649589;82.831;10.794498581472002;0.29984718281866674;-0.31494140625;
02:39:48;150.0;1574649590;82.706;10.409267299594825;0.289146313877634;-0.3076171875;
02:39:49;151.0;1574649591;82.795;11.308140290641576;0.3141150080733771;-0.32470703125;
02:39:50;152.0;1574649592;83.098;10.53767772688722;0.29271327019131166;-0.31005859375;
02:39:51;153.0;1574649593;82.938;8.354700462916531;0.23207501285879253;-0.2685546875;
02:39:52;154.0;1574649594;83.116;11.05131943605679;0.3069810954460219;-0.31982421875;
02:39:53;155.0;1574649595;83.277;10.794498581472002;0.29984718281866674;-0.31494140625;
02:39:54;156.0;1574649596;83.402;10.922909008764398;0.3034141391323444;-0.3173828125;
02:39:55;157.0;1574649597;83.384;11.308140290641576;0.3141150080733771;-0.32470703125;
02:39:56;158.0;1574649598;83.474;10.922909008764398;0.3034141391323444;-0.3173828125;
02:39:57;159.0;1574649599;83.331;11.308140290641576;0.3141150080733771;-0.32470703125;
02:39:58;160.0;1574649599;83.009;11.436550717933972;0.31768196438705476;-0.3271484375;
02:39:59;161.0;1574649601;83.027;11.179729863349184;0.3105480517596996;-0.322265625;
02:40:00;162.0;1574649602;83.045;11.05131943605679;0.3069810954460219;-0.31982421875;
02:40:01;163.0;1574649603;83.187;11.05131943605679;0.3069810954460219;-0.31982421875;
02:40:02;164.0;1574649604;83.366;10.922909008764398;0.3034141391323444;-0.3173828125;
02:40:03;165.0;1574649605;83.384;10.922909008764398;0.3034141391323444;-0.3173828125;
02:40:04;166.0;1574649606;83.259;11.564961145226363;0.3212489207007323;-0.32958984375;
02:40:05;167.0;1574649607;83.295;11.308140290641576;0.3141150080733771;-0.32470703125;
02:40:06;168.0;1574649608;83.42;10.922909008764398;0.3034141391323444;-0.3173828125;
02:40:07;169.0;1574649609;83.582;11.05131943605679;0.3069810954460219;-0.31982421875;
02:40:08;170.0;1574649610;83.564;11.436550717933972;0.31768196438705476;-0.3271484375;
02:40:10;172.0;1574649611;83.223;10.794498581472002;0.29984718281866674;-0.31494140625;
02:40:11;173.0;1574649612;83.116;10.922909008764398;0.3034141391323444;-0.3173828125;
02:40:12;174.0;1574649613;83.116;10.922909008764398;0.3034141391323444;-0.3173828125;
02:40:13;175.0;1574649614;83.098;11.308140290641576;0.3141150080733771;-0.32470703125;
02:40:14;176.0;1574649615;83.277;11.179729863349184;0.3105480517596996;-0.322265625;
02:40:15;177.0;1574649616;83.045;11.308140290641576;0.3141150080733771;-0.32470703125;
02:40:16;178.0;1574649617;83.062;11.05131943605679;0.3069810954460219;-0.31982421875;
02:40:17;179.0;1574649618;82.76;11.179729863349184;0.3105480517596996;-0.322265625;
02:40:18;180.0;1574649619;82.724;11.436550717933972;0.31768196438705476;-0.3271484375;
02:40:19;181.0;1574649620;82.688;11.179729863349184;0.3105480517596996;-0.322265625;
02:40:20;182.0;1574649621;82.352;11.950192427103545;0.33194978964176514;-0.3369140625;
02:40:21;183.0;1574649622;82.706;10.794498581472002;0.29984718281866674;-0.31494140625;
02:40:22;184.0;1574649623;82.6;11.308140290641576;0.3141150080733771;-0.32470703125;
02:40:23;185.0;1574649624;82.848;11.564961145226363;0.3212489207007323;-0.32958984375;
02:40:24;186.0;1574649625;83.098;10.794498581472002;0.29984718281866674;-0.31494140625;
02:40:25;187.0;1574649626;83.223;11.693371572518759;0.32481587701440995;-0.33203125;
02:40:26;188.0;1574649627;83.313;11.179729863349184;0.3105480517596996;-0.322265625;
02:40:27;189.0;1574649628;83.348;10.794498581472002;0.29984718281866674;-0.31494140625;
02:40:28;190.0;1574649629;83.116;11.05131943605679;0.3069810954460219;-0.31982421875;
02:40:29;191.0;1574649630;82.884;10.794498581472002;0.29984718281866674;-0.31494140625;
02:40:30;192.0;1574649631;82.902;11.308140290641576;0.3141150080733771;-0.32470703125;
02:40:31;193.0;1574649632;82.742;11.308140290641576;0.3141150080733771;-0.32470703125;
02:40:32;194.0;1574649633;82.955;11.05131943605679;0.3069810954460219;-0.31982421875;
02:40:33;195.0;1574649634;82.991;10.794498581472002;0.29984718281866674;-0.31494140625;
02:40:34;196.0;1574649635;83.187;11.05131943605679;0.3069810954460219;-0.31982421875;
02:40:35;197.0;1574649636;83.402;11.308140290641576;0.3141150080733771;-0.32470703125;
02:40:36;198.0;1574649637;83.348;11.308140290641576;0.3141150080733771;-0.32470703125;
02:40:37;199.0;1574649638;83.402;11.179729863349184;0.3105480517596996;-0.322265625;
02:40:38;200.0;1574649639;83.384;11.05131943605679;0.3069810954460219;-0.31982421875;
02:40:39;201.0;1574649640;83.205;11.179729863349184;0.3105480517596996;-0.322265625;
02:40:40;202.0;1574649641;83.062;11.564961145226363;0.3212489207007323;-0.32958984375;
02:40:41;203.0;1574649642;83.098;11.308140290641576;0.3141150080733771;-0.32470703125;
02:40:42;204.0;1574649643;83.062;10.794498581472002;0.29984718281866674;-0.31494140625;
02:40:43;205.0;1574649644;83.17;10.922909008764398;0.3034141391323444;-0.3173828125;
02:40:44;206.0;1574649645;83.456;11.179729863349184;0.3105480517596996;-0.322265625;
02:40:45;207.0;1574649646;83.402;11.308140290641576;0.3141150080733771;-0.32470703125;
02:40:46;208.0;1574649647;83.456;11.308140290641576;0.3141150080733771;-0.32470703125;
02:40:47;209.0;1574649648;83.366;11.308140290641576;0.3141150080733771;-0.32470703125;
02:40:48;210.0;1574649649;83.116;11.308140290641576;0.3141150080733771;-0.32470703125;
02:40:49;211.0;1574649650;83.116;13.36270712731987;0.3711863090922186;-0.36376953125;
02:40:50;212.0;1574649651;83.062;11.308140290641576;0.3141150080733771;-0.32470703125;
02:40:51;213.0;1574649652;82.991;11.564961145226363;0.3212489207007323;-0.32958984375;
02:40:52;214.0;1574649653;83.42;12.335423708980723;0.34265065858279786;-0.34423828125;
02:40:53;215.0;1574649654;83.241;11.308140290641576;0.3141150080733771;-0.32470703125;
02:40:54;216.0;1574649655;82.973;10.794498581472002;0.29984718281866674;-0.31494140625;
02:40:55;217.0;1574649656;82.848;11.05131943605679;0.3069810954460219;-0.31982421875;
02:40:56;218.0;1574649657;82.529;11.179729863349184;0.3105480517596996;-0.322265625;
02:40:57;219.0;1574649658;82.582;10.794498581472002;0.29984718281866674;-0.31494140625;
02:40:58;220.0;1574649659;82.724;11.308140290641576;0.3141150080733771;-0.32470703125;
02:40:59;221.0;1574649660;83.152;11.179729863349184;0.3105480517596996;-0.322265625;
02:41:00;222.0;1574649661;82.991;10.409267299594825;0.289146313877634;-0.3076171875;
02:41:01;223.0;1574649662;82.973;11.308140290641576;0.3141150080733771;-0.32470703125;
02:41:02;224.0;1574649663;83.241;11.05131943605679;0.3069810954460219;-0.31982421875;
02:41:03;225.0;1574649664;83.098;11.179729863349184;0.3105480517596996;-0.322265625;
02:41:04;226.0;1574649665;83.42;9.12516302667089;0.25347675074085807;-0.283203125;
02:41:05;227.0;1574649666;83.456;11.308140290641576;0.3141150080733771;-0.32470703125;
02:41:06;228.0;1574649667;83.045;11.05131943605679;0.3069810954460219;-0.31982421875;
02:41:07;229.0;1574649668;82.884;11.05131943605679;0.3069810954460219;-0.31982421875;
02:41:08;230.0;1574649669;82.617;11.436550717933972;0.31768196438705476;-0.3271484375;
02:41:09;231.0;1574649670;82.777;11.179729863349184;0.3105480517596996;-0.322265625;
02:41:10;232.0;1574649672;82.884;10.922909008764398;0.3034141391323444;-0.3173828125;
02:41:11;233.0;1574649673;82.866;11.308140290641576;0.3141150080733771;-0.32470703125;
02:41:12;234.0;1574649674;82.795;10.794498581472002;0.29984718281866674;-0.31494140625;
02:41:14;236.0;1574649675;82.6;11.564961145226363;0.3212489207007323;-0.32958984375;
02:41:15;237.0;1574649676;82.352;12.335423708980723;0.34265065858279786;-0.34423828125;
02:41:16;238.0;1574649677;82.387;11.179729863349184;0.3105480517596996;-0.322265625;
02:41:17;239.0;1574649678;82.582;10.794498581472002;0.29984718281866674;-0.31494140625;
02:41:18;240.0;1574649679;82.582;10.794498581472002;0.29984718281866674;-0.31494140625;
02:41:19;241.0;1574649680;82.866;11.308140290641576;0.3141150080733771;-0.32470703125;
02:41:20;242.0;1574649681;82.938;11.564961145226363;0.3212489207007323;-0.32958984375;
02:41:21;243.0;1574649682;82.938;9.89562559042525;0.27487848862292363;-0.2978515625;
02:41:22;244.0;1574649683;82.955;11.179729863349184;0.3105480517596996;-0.322265625;
02:41:23;245.0;1574649684;82.955;11.05131943605679;0.3069810954460219;-0.31982421875;
02:41:24;246.0;1574649685;83.045;11.436550717933972;0.31768196438705476;-0.3271484375;
02:41:25;247.0;1574649686;83.062;11.05131943605679;0.3069810954460219;-0.31982421875;
02:41:26;248.0;1574649687;83.348;11.05131943605679;0.3069810954460219;-0.31982421875;
02:41:27;249.0;1574649688;83.384;11.308140290641576;0.3141150080733771;-0.32470703125;
02:41:28;250.0;1574649689;83.259;11.308140290641576;0.3141150080733771;-0.32470703125;
02:41:29;251.0;1574649690;83.223;10.794498581472002;0.29984718281866674;-0.31494140625;
02:41:30;252.0;1574649691;82.635;11.308140290641576;0.3141150080733771;-0.32470703125;
02:41:31;253.0;1574649692;82.617;11.308140290641576;0.3141150080733771;-0.32470703125;
02:41:32;254.0;1574649693;82.706;11.179729863349184;0.3105480517596996;-0.322265625;
02:41:33;255.0;1574649694;82.582;12.46383413627312;0.3462176148964755;-0.3466796875;
02:41:34;256.0;1574649695;82.76;11.693371572518759;0.32481587701440995;-0.33203125;
02:41:35;257.0;1574649696;82.724;11.436550717933972;0.31768196438705476;-0.3271484375;
02:41:36;258.0;1574649697;82.281;11.564961145226363;0.3212489207007323;-0.32958984375;
02:41:37;259.0;1574649698;82.44;11.05131943605679;0.3069810954460219;-0.31982421875;
02:41:38;260.0;1574649699;82.405;11.308140290641576;0.3141150080733771;-0.32470703125;
02:41:39;261.0;1574649700;82.6;10.794498581472002;0.29984718281866674;-0.31494140625;
02:41:40;262.0;1574649701;82.938;11.05131943605679;0.3069810954460219;-0.31982421875;
02:41:41;263.0;1574649702;82.973;11.308140290641576;0.3141150080733771;-0.32470703125;
02:41:42;264.0;1574649703;83.08;10.794498581472002;0.29984718281866674;-0.31494140625;
02:41:43;265.0;1574649704;82.795;11.05131943605679;0.3069810954460219;-0.31982421875;
02:41:44;266.0;1574649705;82.938;11.308140290641576;0.3141150080733771;-0.32470703125;
02:41:45;267.0;1574649706;82.813;10.922909008764398;0.3034141391323444;-0.3173828125;
02:41:46;268.0;1574649707;82.884;11.308140290641576;0.3141150080733771;-0.32470703125;
02:41:47;269.0;1574649708;83.009;10.794498581472002;0.29984718281866674;-0.31494140625;
02:41:48;270.0;1574649709;82.831;11.05131943605679;0.3069810954460219;-0.31982421875;
02:41:49;271.0;1574649710;82.777;10.922909008764398;0.3034141391323444;-0.3173828125;
02:41:50;272.0;1574649711;82.688;11.05131943605679;0.3069810954460219;-0.31982421875;
02:41:51;273.0;1574649712;82.848;10.794498581472002;0.29984718281866674;-0.31494140625;
02:41:52;274.0;1574649713;82.866;11.05131943605679;0.3069810954460219;-0.31982421875;
02:41:53;275.0;1574649714;82.902;10.794498581472002;0.29984718281866674;-0.31494140625;
02:41:54;276.0;1574649715;82.795;10.794498581472002;0.29984718281866674;-0.31494140625;
02:41:55;277.0;1574649716;82.352;11.179729863349184;0.3105480517596996;-0.322265625;
02:41:56;278.0;1574649717;82.263;12.335423708980723;0.34265065858279786;-0.34423828125;
02:41:57;279.0;1574649719;82.228;11.436550717933972;0.31768196438705476;-0.3271484375;
02:41:58;280.0;1574649720;82.387;11.179729863349184;0.3105480517596996;-0.322265625;
02:41:59;281.0;1574649721;82.635;11.308140290641576;0.3141150080733771;-0.32470703125;
02:42:00;282.0;1574649722;82.706;10.794498581472002;0.29984718281866674;-0.31494140625;
02:42:01;283.0;1574649723;82.831;11.308140290641576;0.3141150080733771;-0.32470703125;
02:42:02;284.0;1574649724;83.045;11.05131943605679;0.3069810954460219;-0.31982421875;
02:42:03;285.0;1574649725;83.009;11.05131943605679;0.3069810954460219;-0.31982421875;
02:42:04;286.0;1574649726;82.724;10.794498581472002;0.29984718281866674;-0.31494140625;
02:42:05;287.0;1574649727;82.582;11.05131943605679;0.3069810954460219;-0.31982421875;
02:42:06;288.0;1574649728;82.387;11.308140290641576;0.3141150080733771;-0.32470703125;
02:42:07;289.0;1574649729;82.316;11.308140290641576;0.3141150080733771;-0.32470703125;
02:42:08;290.0;1574649730;82.458;6.42854405353063;0.17857066815362863;-0.23193359375;
02:42:09;291.0;1574649731;82.334;10.794498581472002;0.29984718281866674;-0.31494140625;
02:42:10;292.0;1574649732;82.316;11.179729863349184;0.3105480517596996;-0.322265625;
02:42:11;293.0;1574649733;82.458;11.05131943605679;0.3069810954460219;-0.31982421875;
02:42:12;294.0;1574649734;82.547;11.564961145226363;0.3212489207007323;-0.32958984375;
02:42:13;295.0;1574649735;82.617;11.308140290641576;0.3141150080733771;-0.32470703125;
02:42:14;296.0;1574649736;82.6;11.308140290641576;0.3141150080733771;-0.32470703125;
02:42:15;297.0;1574649737;82.582;11.308140290641576;0.3141150080733771;-0.32470703125;
02:42:16;298.0;1574649738;82.511;10.794498581472002;0.29984718281866674;-0.31494140625;
02:42:18;300.0;1574649739;82.511;11.308140290641576;0.3141150080733771;-0.32470703125;
02:42:19;301.0;1574649740;82.369;10.922909008764398;0.3034141391323444;-0.3173828125;
02:42:20;302.0;1574649741;82.352;11.179729863349184;0.3105480517596996;-0.322265625;
02:42:21;303.0;1574649742;82.175;11.308140290641576;0.3141150080733771;-0.32470703125;
02:42:22;304.0;1574649743;82.316;12.078602854395937;0.3355167459554427;-0.33935546875;
02:42:23;305.0;1574649744;82.21;10.794498581472002;0.29984718281866674;-0.31494140625;
02:42:24;306.0;1574649745;82.087;11.05131943605679;0.3069810954460219;-0.31982421875;
02:42:25;307.0;1574649746;82.14;10.794498581472002;0.29984718281866674;-0.31494140625;
02:42:26;308.0;1574649747;81.911;11.05131943605679;0.3069810954460219;-0.31982421875;
02:42:27;309.0;1574649748;82.069;11.179729863349184;0.3105480517596996;-0.322265625;
02:42:28;310.0;1574649749;81.911;10.794498581472002;0.29984718281866674;-0.31494140625;
02:42:29;311.0;1574649750;82.034;10.794498581472002;0.29984718281866674;-0.31494140625;
02:42:30;312.0;1574649751;82.193;11.179729863349184;0.3105480517596996;-0.322265625;
02:42:31;313.0;1574649752;82.175;10.794498581472002;0.29984718281866674;-0.31494140625;
02:42:32;314.0;1574649753;82.334;11.179729863349184;0.3105480517596996;-0.322265625;
02:42:33;315.0;1574649754;82.493;11.436550717933972;0.31768196438705476;-0.3271484375;
02:42:34;316.0;1574649755;82.316;11.308140290641576;0.3141150080733771;-0.32470703125;
02:42:35;317.0;1574649756;82.157;11.05131943605679;0.3069810954460219;-0.31982421875;
02:42:36;318.0;1574649757;82.14;11.308140290641576;0.3141150080733771;-0.32470703125;
02:42:37;319.0;1574649758;81.981;11.05131943605679;0.3069810954460219;-0.31982421875;
02:42:38;320.0;1574649759;81.928;11.179729863349184;0.3105480517596996;-0.322265625;
02:42:39;321.0;1574649760;82.052;11.308140290641576;0.3141150080733771;-0.32470703125;
02:42:40;322.0;1574649761;82.21;10.922909008764398;0.3034141391323444;-0.3173828125;
02:42:41;323.0;1574649762;82.228;11.436550717933972;0.31768196438705476;-0.3271484375;
02:42:42;324.0;1574649763;82.352;10.922909008764398;0.3034141391323444;-0.3173828125;
02:42:43;325.0;1574649764;82.671;10.922909008764398;0.3034141391323444;-0.3173828125;
02:42:44;326.0;1574649765;82.547;11.308140290641576;0.3141150080733771;-0.32470703125;
02:42:45;327.0;1574649766;82.547;11.436550717933972;0.31768196438705476;-0.3271484375;
02:42:46;328.0;1574649767;82.635;11.436550717933972;0.31768196438705476;-0.3271484375;
02:42:47;329.0;1574649768;82.334;11.308140290641576;0.3141150080733771;-0.32470703125;
02:42:48;330.0;1574649769;82.369;10.794498581472002;0.29984718281866674;-0.31494140625;
02:42:49;331.0;1574649770;82.352;11.05131943605679;0.3069810954460219;-0.31982421875;
02:42:50;332.0;1574649771;82.299;10.922909008764398;0.3034141391323444;-0.3173828125;
02:42:51;333.0;1574649772;82.44;10.666088154179612;0.2962802265049892;-0.3125;
02:42:52;334.0;1574649773;82.246;10.922909008764398;0.3034141391323444;-0.3173828125;
02:42:53;335.0;1574649774;82.405;10.794498581472002;0.29984718281866674;-0.31494140625;
02:42:54;336.0;1574649775;82.547;11.179729863349184;0.3105480517596996;-0.322265625;
02:42:55;337.0;1574649776;82.316;10.794498581472002;0.29984718281866674;-0.31494140625;
02:42:56;338.0;1574649777;82.44;10.794498581472002;0.29984718281866674;-0.31494140625;
02:42:57;339.0;1574649778;82.263;11.693371572518759;0.32481587701440995;-0.33203125;
02:42:58;340.0;1574649779;82.157;11.693371572518759;0.32481587701440995;-0.33203125;
02:42:59;341.0;1574649780;82.122;10.666088154179612;0.2962802265049892;-0.3125;
02:43:00;342.0;1574649781;81.999;11.564961145226363;0.3212489207007323;-0.32958984375;
02:43:01;343.0;1574649783;81.964;11.05131943605679;0.3069810954460219;-0.31982421875;
02:43:02;344.0;1574649784;82.105;11.308140290641576;0.3141150080733771;-0.32470703125;
02:43:03;345.0;1574649785;82.052;10.794498581472002;0.29984718281866674;-0.31494140625;
02:43:04;346.0;1574649786;81.893;11.308140290641576;0.3141150080733771;-0.32470703125;
02:43:05;347.0;1574649787;81.876;11.564961145226363;0.3212489207007323;-0.32958984375;
02:43:06;348.0;1574649788;81.788;11.82178199981115;0.32838283332808754;-0.33447265625;
02:43:07;349.0;1574649789;82.016;12.977475845442692;0.3604854401511859;-0.3564453125;
02:43:08;350.0;1574649790;82.334;10.409267299594825;0.289146313877634;-0.3076171875;
02:43:09;351.0;1574649791;82.582;10.794498581472002;0.29984718281866674;-0.31494140625;
02:43:10;352.0;1574649792;82.422;11.05131943605679;0.3069810954460219;-0.31982421875;
02:43:11;353.0;1574649793;82.405;12.977475845442692;0.3604854401511859;-0.3564453125;
02:43:12;354.0;1574649794;82.635;11.05131943605679;0.3069810954460219;-0.31982421875;
02:43:13;355.0;1574649795;82.316;11.05131943605679;0.3069810954460219;-0.31982421875;
02:43:14;356.0;1574649796;82.458;11.436550717933972;0.31768196438705476;-0.3271484375;
02:43:15;357.0;1574649797;82.405;11.05131943605679;0.3069810954460219;-0.31982421875;
02:43:16;358.0;1574649798;82.157;11.564961145226363;0.3212489207007323;-0.32958984375;
02:43:17;359.0;1574649799;82.21;11.564961145226363;0.3212489207007323;-0.32958984375;
02:43:18;360.0;1574649800;81.981;10.280856872302433;0.28557935756395647;-0.30517578125;
02:43:19;361.0;1574649801;81.876;11.179729863349184;0.3105480517596996;-0.322265625;
02:43:20;362.0;1574649802;81.893;11.308140290641576;0.3141150080733771;-0.32470703125;
02:43:22;364.0;1574649803;81.964;11.308140290641576;0.3141150080733771;-0.32470703125;
02:43:23;365.0;1574649804;82.016;10.024036017717647;0.2784454449366013;-0.30029296875;
02:43:24;366.0;1574649805;81.946;11.693371572518759;0.32481587701440995;-0.33203125;
02:43:25;367.0;1574649806;81.964;11.308140290641576;0.3141150080733771;-0.32470703125;
02:43:26;368.0;1574649807;82.034;11.308140290641576;0.3141150080733771;-0.32470703125;
02:43:27;369.0;1574649808;82.175;10.794498581472002;0.29984718281866674;-0.31494140625;
02:43:28;370.0;1574649809;82.352;11.308140290641576;0.3141150080733771;-0.32470703125;
02:43:29;371.0;1574649810;82.175;11.05131943605679;0.3069810954460219;-0.31982421875;
02:43:30;372.0;1574649811;82.14;11.436550717933972;0.31768196438705476;-0.3271484375;
02:43:31;373.0;1574649812;82.157;10.922909008764398;0.3034141391323444;-0.3173828125;
02:43:32;374.0;1574649813;82.21;12.59224456356551;0.34978457121015305;-0.34912109375;
02:43:33;375.0;1574649814;82.228;11.05131943605679;0.3069810954460219;-0.31982421875;
02:43:34;376.0;1574649815;82.228;11.308140290641576;0.3141150080733771;-0.32470703125;
02:43:35;377.0;1574649816;82.21;11.05131943605679;0.3069810954460219;-0.31982421875;
02:43:36;378.0;1574649817;82.052;10.922909008764398;0.3034141391323444;-0.3173828125;
02:43:37;379.0;1574649818;82.069;10.794498581472002;0.29984718281866674;-0.31494140625;
02:43:38;380.0;1574649819;81.788;11.308140290641576;0.3141150080733771;-0.32470703125;
02:43:39;381.0;1574649820;81.718;11.179729863349184;0.3105480517596996;-0.322265625;
02:43:40;382.0;1574649821;81.858;11.308140290641576;0.3141150080733771;-0.32470703125;
02:43:41;383.0;1574649822;81.805;11.436550717933972;0.31768196438705476;-0.3271484375;
02:43:42;384.0;1574649823;82.228;10.794498581472002;0.29984718281866674;-0.31494140625;
02:43:43;385.0;1574649824;82.352;10.794498581472002;0.29984718281866674;-0.31494140625;
02:43:44;386.0;1574649825;82.193;11.179729863349184;0.3105480517596996;-0.322265625;
02:43:45;387.0;1574649826;82.21;11.308140290641576;0.3141150080733771;-0.32470703125;
02:43:46;388.0;1574649827;81.928;9.12516302667089;0.25347675074085807;-0.283203125;
02:43:47;389.0;1574649828;81.753;12.46383413627312;0.3462176148964755;-0.3466796875;
02:43:48;390.0;1574649829;81.911;11.308140290641576;0.3141150080733771;-0.32470703125;
02:43:49;391.0;1574649830;82.087;11.179729863349184;0.3105480517596996;-0.322265625;
02:43:50;392.0;1574649831;82.105;11.05131943605679;0.3069810954460219;-0.31982421875;
02:43:51;393.0;1574649832;81.981;11.179729863349184;0.3105480517596996;-0.322265625;
02:43:52;394.0;1574649833;81.841;9999.0;9999.0;9999.0;
02:43:53;395.0;1574649834;81.718;11.179729863349184;0.3105480517596996;-0.322265625;
02:43:54;396.0;1574649835;81.7;11.05131943605679;0.3069810954460219;-0.31982421875;
02:43:55;397.0;1574649836;81.911;10.922909008764398;0.3034141391323444;-0.3173828125;
02:43:56;398.0;1574649837;82.069;11.308140290641576;0.3141150080733771;-0.32470703125;
02:43:57;399.0;1574649838;82.175;11.05131943605679;0.3069810954460219;-0.31982421875;
02:43:58;400.0;1574649839;82.369;11.308140290641576;0.3141150080733771;-0.32470703125;
02:43:59;401.0;1574649840;82.087;11.05131943605679;0.3069810954460219;-0.31982421875;
02:44:00;402.0;1574649841;81.735;11.05131943605679;0.3069810954460219;-0.31982421875;
02:44:01;403.0;1574649842;81.876;11.05131943605679;0.3069810954460219;-0.31982421875;
02:44:02;404.0;1574649843;81.735;11.05131943605679;0.3069810954460219;-0.31982421875;
02:44:03;405.0;1574649844;81.946;11.05131943605679;0.3069810954460219;-0.31982421875;
02:44:04;406.0;1574649845;82.316;11.05131943605679;0.3069810954460219;-0.31982421875;
02:44:05;407.0;1574649846;82.016;10.922909008764398;0.3034141391323444;-0.3173828125;
02:44:06;408.0;1574649847;82.157;11.05131943605679;0.3069810954460219;-0.31982421875;
02:44:07;409.0;1574649848;81.981;11.05131943605679;0.3069810954460219;-0.31982421875;
02:44:08;410.0;1574649849;81.823;11.82178199981115;0.32838283332808754;-0.33447265625;
02:44:09;411.0;1574649850;81.858;11.308140290641576;0.3141150080733771;-0.32470703125;
02:44:10;412.0;1574649851;81.472;11.179729863349184;0.3105480517596996;-0.322265625;
02:44:11;413.0;1574649852;81.56;11.05131943605679;0.3069810954460219;-0.31982421875;
02:44:12;414.0;1574649853;81.542;11.82178199981115;0.32838283332808754;-0.33447265625;
02:44:13;415.0;1574649854;81.525;11.564961145226363;0.3212489207007323;-0.32958984375;
02:44:14;416.0;1574649855;81.7;11.179729863349184;0.3105480517596996;-0.322265625;
02:44:15;417.0;1574649856;81.49;10.794498581472002;0.29984718281866674;-0.31494140625;
02:44:16;418.0;1574649858;81.49;11.05131943605679;0.3069810954460219;-0.31982421875;
02:44:17;419.0;1574649859;81.124;10.922909008764398;0.3034141391323444;-0.3173828125;
02:44:18;420.0;1574649860;81.298;11.436550717933972;0.31768196438705476;-0.3271484375;
02:44:19;421.0;1574649861;81.7;10.794498581472002;0.29984718281866674;-0.31494140625;
02:44:20;422.0;1574649862;81.525;11.179729863349184;0.3105480517596996;-0.322265625;
02:44:21;423.0;1574649863;81.753;10.794498581472002;0.29984718281866674;-0.31494140625;
02:44:22;424.0;1574649864;81.595;11.05131943605679;0.3069810954460219;-0.31982421875;
02:44:23;425.0;1574649865;81.56;11.05131943605679;0.3069810954460219;-0.31982421875;
02:44:24;426.0;1574649866;81.612;11.05131943605679;0.3069810954460219;-0.31982421875;
02:44:26;428.0;1574649867;81.735;11.05131943605679;0.3069810954460219;-0.31982421875;
02:44:27;429.0;1574649868;81.735;11.179729863349184;0.3105480517596996;-0.322265625;
02:44:28;430.0;1574649869;81.665;11.436550717933972;0.31768196438705476;-0.3271484375;
02:44:29;431.0;1574649870;81.735;11.05131943605679;0.3069810954460219;-0.31982421875;
02:44:30;432.0;1574649871;81.612;11.05131943605679;0.3069810954460219;-0.31982421875;
02:44:31;433.0;1574649872;81.193;11.179729863349184;0.3105480517596996;-0.322265625;
02:44:32;434.0;1574649873;81.037;11.179729863349184;0.3105480517596996;-0.322265625;
02:44:33;435.0;1574649874;81.228;11.179729863349184;0.3105480517596996;-0.322265625;
02:44:34;436.0;1574649875;81.507;11.693371572518759;0.32481587701440995;-0.33203125;
02:44:35;437.0;1574649876;81.805;11.308140290641576;0.3141150080733771;-0.32470703125;
02:44:36;438.0;1574649877;81.7;10.666088154179612;0.2962802265049892;-0.3125;
02:44:37;439.0;1574649878;81.28;10.922909008764398;0.3034141391323444;-0.3173828125;
02:44:38;440.0;1574649879;81.141;10.922909008764398;0.3034141391323444;-0.3173828125;
02:44:39;441.0;1574649880;81.158;11.564961145226363;0.3212489207007323;-0.32958984375;
02:44:40;442.0;1574649881;81.158;11.05131943605679;0.3069810954460219;-0.31982421875;
02:44:41;443.0;1574649882;81.263;11.308140290641576;0.3141150080733771;-0.32470703125;
02:44:42;444.0;1574649883;81.019;10.666088154179612;0.2962802265049892;-0.3125;
02:44:43;445.0;1574649884;81.176;11.308140290641576;0.3141150080733771;-0.32470703125;
02:44:44;446.0;1574649885;81.385;10.922909008764398;0.3034141391323444;-0.3173828125;
02:44:45;447.0;1574649886;81.385;11.950192427103545;0.33194978964176514;-0.3369140625;
02:44:46;448.0;1574649887;81.577;11.308140290641576;0.3141150080733771;-0.32470703125;
02:44:47;449.0;1574649888;81.368;10.922909008764398;0.3034141391323444;-0.3173828125;
02:44:48;450.0;1574649889;81.42;11.05131943605679;0.3069810954460219;-0.31982421875;
02:44:49;451.0;1574649890;81.333;11.693371572518759;0.32481587701440995;-0.33203125;
02:44:50;452.0;1574649891;81.054;11.05131943605679;0.3069810954460219;-0.31982421875;
02:44:51;453.0;1574649892;81.211;10.794498581472002;0.29984718281866674;-0.31494140625;
02:44:52;454.0;1574649893;81.141;11.308140290641576;0.3141150080733771;-0.32470703125;
02:44:54;456.0;1574649894;81.455;11.179729863349184;0.3105480517596996;-0.322265625;
02:44:55;457.0;1574649896;81.437;9.510394308548072;0.2641776196818909;-0.29052734375;
02:44:56;458.0;1574649897;81.437;12.078602854395937;0.3355167459554427;-0.33935546875;
02:44:57;459.0;1574649898;81.577;10.152446445010037;0.2820124012502788;-0.302734375;
02:44:58;460.0;1574649899;81.753;10.409267299594825;0.289146313877634;-0.3076171875;
02:44:59;461.0;1574649900;81.63;10.794498581472002;0.29984718281866674;-0.31494140625;
02:45:00;462.0;1574649901;81.525;11.308140290641576;0.3141150080733771;-0.32470703125;
02:45:01;463.0;1574649902;81.263;11.436550717933972;0.31768196438705476;-0.3271484375;
02:45:02;464.0;1574649903;81.141;11.436550717933972;0.31768196438705476;-0.3271484375;
02:45:03;465.0;1574649904;81.158;11.308140290641576;0.3141150080733771;-0.32470703125;
02:45:04;466.0;1574649906;81.089;10.794498581472002;0.29984718281866674;-0.31494140625;
02:45:05;467.0;1574649907;81.211;10.794498581472002;0.29984718281866674;-0.31494140625;
02:45:06;468.0;1574649908;81.211;11.05131943605679;0.3069810954460219;-0.31982421875;
02:45:07;469.0;1574649909;81.333;11.05131943605679;0.3069810954460219;-0.31982421875;
02:45:08;470.0;1574649910;81.385;11.308140290641576;0.3141150080733771;-0.32470703125;
02:45:09;471.0;1574649911;81.42;11.179729863349184;0.3105480517596996;-0.322265625;
02:45:10;472.0;1574649912;81.28;10.794498581472002;0.29984718281866674;-0.31494140625;
02:45:11;473.0;1574649913;81.019;10.794498581472002;0.29984718281866674;-0.31494140625;
02:45:12;474.0;1574649914;81.211;11.179729863349184;0.3105480517596996;-0.322265625;
02:45:13;475.0;1574649915;81.28;11.179729863349184;0.3105480517596996;-0.322265625;
02:45:14;476.0;1574649916;81.455;11.308140290641576;0.3141150080733771;-0.32470703125;
02:45:15;477.0;1574649917;81.63;11.308140290641576;0.3141150080733771;-0.32470703125;
02:45:16;478.0;1574649918;81.42;11.564961145226363;0.3212489207007323;-0.32958984375;
02:45:17;479.0;1574649919;81.037;9.510394308548072;0.2641776196818909;-0.29052734375;
02:45:18;480.0;1574649920;81.089;11.436550717933972;0.31768196438705476;-0.3271484375;
02:45:19;481.0;1574649921;80.898;10.794498581472002;0.29984718281866674;-0.31494140625;
02:45:20;482.0;1574649922;80.88;10.280856872302433;0.28557935756395647;-0.30517578125;
02:45:21;483.0;1574649923;80.828;11.05131943605679;0.3069810954460219;-0.31982421875;
02:45:22;484.0;1574649924;80.534;11.308140290641576;0.3141150080733771;-0.32470703125;
02:45:23;485.0;1574649925;80.69;11.308140290641576;0.3141150080733771;-0.32470703125;
02:45:24;486.0;1574649926;80.603;11.564961145226363;0.3212489207007323;-0.32958984375;
02:45:25;487.0;1574649927;80.88;11.308140290641576;0.3141150080733771;-0.32470703125;
02:45:26;488.0;1574649928;81.037;11.950192427103545;0.33194978964176514;-0.3369140625;
02:45:27;489.0;1574649929;81.037;11.05131943605679;0.3069810954460219;-0.31982421875;
02:45:28;490.0;1574649930;81.037;10.922909008764398;0.3034141391323444;-0.3173828125;
02:45:29;491.0;1574649931;80.915;11.564961145226363;0.3212489207007323;-0.32958984375;
02:45:31;493.0;1574649932;80.672;12.335423708980723;0.34265065858279786;-0.34423828125;
02:45:32;494.0;1574649933;80.62;11.179729863349184;0.3105480517596996;-0.322265625;
02:45:33;495.0;1574649934;80.776;11.179729863349184;0.3105480517596996;-0.322265625;
02:45:34;496.0;1574649935;80.932;10.922909008764398;0.3034141391323444;-0.3173828125;
02:45:35;497.0;1574649936;81.385;11.05131943605679;0.3069810954460219;-0.31982421875;
02:45:36;498.0;1574649937;81.403;11.05131943605679;0.3069810954460219;-0.31982421875;
02:45:37;499.0;1574649938;81.228;11.05131943605679;0.3069810954460219;-0.31982421875;
02:45:38;500.0;1574649939;81.263;11.436550717933972;0.31768196438705476;-0.3271484375;
02:45:39;501.0;1574649940;80.967;11.05131943605679;0.3069810954460219;-0.31982421875;
02:45:40;502.0;1574649941;80.984;11.564961145226363;0.3212489207007323;-0.32958984375;
02:45:41;503.0;1574649942;81.193;11.179729863349184;0.3105480517596996;-0.322265625;
02:45:42;504.0;1574649943;81.141;11.05131943605679;0.3069810954460219;-0.31982421875;
02:45:43;505.0;1574649944;81.42;11.05131943605679;0.3069810954460219;-0.31982421875;
02:45:44;506.0;1574649945;81.124;10.794498581472002;0.29984718281866674;-0.31494140625;
02:45:45;507.0;1574649946;81.228;11.179729863349184;0.3105480517596996;-0.322265625;
02:45:46;508.0;1574649947;81.228;10.666088154179612;0.2962802265049892;-0.3125;
02:45:47;509.0;1574649948;80.967;11.308140290641576;0.3141150080733771;-0.32470703125;
02:45:48;510.0;1574649949;81.158;17.215019946091672;0.47819499850254643;-0.43701171875;
02:45:49;511.0;1574649950;80.845;11.950192427103545;0.33194978964176514;-0.3369140625;
02:45:50;512.0;1574649951;80.707;11.308140290641576;0.3141150080733771;-0.32470703125;
02:45:51;513.0;1574649952;80.811;11.308140290641576;0.3141150080733771;-0.32470703125;
02:45:53;515.0;1574649953;80.845;11.308140290641576;0.3141150080733771;-0.32470703125;
02:45:54;516.0;1574649955;80.967;11.308140290641576;0.3141150080733771;-0.32470703125;
02:45:55;517.0;1574649956;80.984;10.922909008764398;0.3034141391323444;-0.3173828125;
02:45:56;518.0;1574649957;80.898;12.207013281688333;0.3390837022691204;-0.341796875;
02:45:57;519.0;1574649958;80.759;11.05131943605679;0.3069810954460219;-0.31982421875;
02:45:58;520.0;1574649959;80.482;11.05131943605679;0.3069810954460219;-0.31982421875;
02:45:59;521.0;1574649960;80.189;10.666088154179612;0.2962802265049892;-0.3125;
02:46:00;522.0;1574649961;80.12;11.436550717933972;0.31768196438705476;-0.3271484375;
02:46:01;523.0;1574649962;80.206;11.179729863349184;0.3105480517596996;-0.322265625;
02:46:02;524.0;1574649963;80.465;9.76721516313286;0.2713115323092461;-0.29541015625;
02:46:03;525.0;1574649964;80.655;10.280856872302433;0.28557935756395647;-0.30517578125;
02:46:04;526.0;1574649965;80.638;11.05131943605679;0.3069810954460219;-0.31982421875;
02:46:05;527.0;1574649966;80.62;11.308140290641576;0.3141150080733771;-0.32470703125;
02:46:06;528.0;1574649967;80.396;11.308140290641576;0.3141150080733771;-0.32470703125;
02:46:07;529.0;1574649968;80.224;11.308140290641576;0.3141150080733771;-0.32470703125;
02:46:08;530.0;1574649969;80.43;11.05131943605679;0.3069810954460219;-0.31982421875;
02:46:09;531.0;1574649970;80.465;11.179729863349184;0.3105480517596996;-0.322265625;
02:46:10;532.0;1574649971;80.551;11.179729863349184;0.3105480517596996;-0.322265625;
02:46:11;533.0;1574649972;80.43;10.794498581472002;0.29984718281866674;-0.31494140625;
02:46:12;534.0;1574649973;80.396;10.922909008764398;0.3034141391323444;-0.3173828125;
02:46:13;535.0;1574649974;80.534;11.308140290641576;0.3141150080733771;-0.32470703125;
02:46:14;536.0;1574649975;80.413;11.436550717933972;0.31768196438705476;-0.3271484375;
02:46:15;537.0;1574649976;80.638;11.05131943605679;0.3069810954460219;-0.31982421875;
02:46:16;538.0;1574649977;80.482;10.794498581472002;0.29984718281866674;-0.31494140625;
02:46:17;539.0;1574649978;80.172;10.794498581472002;0.29984718281866674;-0.31494140625;
02:46:18;540.0;1574649979;80.086;11.179729863349184;0.3105480517596996;-0.322265625;
02:46:19;541.0;1574649980;80.12;10.922909008764398;0.3034141391323444;-0.3173828125;
02:46:20;542.0;1574649982;80.275;11.05131943605679;0.3069810954460219;-0.31982421875;
02:46:21;543.0;1574649983;80.448;11.179729863349184;0.3105480517596996;-0.322265625;
02:46:22;544.0;1574649984;80.551;11.05131943605679;0.3069810954460219;-0.31982421875;
02:46:23;545.0;1574649985;80.534;11.308140290641576;0.3141150080733771;-0.32470703125;
02:46:24;546.0;1574649986;80.534;12.720654990857906;0.3533515275238307;-0.3515625;
02:46:25;547.0;1574649987;80.534;10.794498581472002;0.29984718281866674;-0.31494140625;
02:46:26;548.0;1574649988;80.69;11.308140290641576;0.3141150080733771;-0.32470703125;
02:46:27;549.0;1574649989;80.672;11.05131943605679;0.3069810954460219;-0.31982421875;
02:46:28;550.0;1574649990;81.037;11.179729863349184;0.3105480517596996;-0.322265625;
02:46:29;551.0;1574649991;81.054;11.05131943605679;0.3069810954460219;-0.31982421875;
02:46:30;552.0;1574649992;80.898;10.922909008764398;0.3034141391323444;-0.3173828125;
02:46:31;553.0;1574649993;80.95;11.308140290641576;0.3141150080733771;-0.32470703125;
02:46:32;554.0;1574649994;80.534;10.794498581472002;0.29984718281866674;-0.31494140625;
02:46:33;555.0;1574649995;80.275;11.308140290641576;0.3141150080733771;-0.32470703125;
02:46:35;557.0;1574649996;80.206;11.308140290641576;0.3141150080733771;-0.32470703125;
02:46:36;558.0;1574649997;80.0;11.05131943605679;0.3069810954460219;-0.31982421875;
02:46:37;559.0;1574649998;80.086;11.436550717933972;0.31768196438705476;-0.3271484375;
02:46:38;560.0;1574649999;80.448;10.922909008764398;0.3034141391323444;-0.3173828125;
02:46:39;561.0;1574650000;80.517;11.950192427103545;0.33194978964176514;-0.3369140625;
02:46:40;562.0;1574650001;80.707;11.308140290641576;0.3141150080733771;-0.32470703125;
02:46:41;563.0;1574650002;80.69;10.922909008764398;0.3034141391323444;-0.3173828125;
02:46:42;564.0;1574650003;80.448;11.05131943605679;0.3069810954460219;-0.31982421875;
02:46:43;565.0;1574650004;80.413;11.308140290641576;0.3141150080733771;-0.32470703125;
02:46:44;566.0;1574650005;80.275;11.308140290641576;0.3141150080733771;-0.32470703125;
02:46:45;567.0;1574650006;80.172;10.922909008764398;0.3034141391323444;-0.3173828125;
02:46:46;568.0;1574650007;80.361;10.794498581472002;0.29984718281866674;-0.31494140625;
02:46:47;569.0;1574650008;80.43;11.308140290641576;0.3141150080733771;-0.32470703125;
02:46:48;570.0;1574650009;80.413;11.179729863349184;0.3105480517596996;-0.322265625;
02:46:49;571.0;1574650010;80.379;10.922909008764398;0.3034141391323444;-0.3173828125;
02:46:50;572.0;1574650011;80.241;10.794498581472002;0.29984718281866674;-0.31494140625;
02:46:52;574.0;1574650012;80.759;10.666088154179612;0.2962802265049892;-0.3125;
02:46:53;575.0;1574650014;80.586;11.308140290641576;0.3141150080733771;-0.32470703125;
02:46:54;576.0;1574650015;80.482;11.05131943605679;0.3069810954460219;-0.31982421875;
02:46:55;577.0;1574650016;80.069;11.693371572518759;0.32481587701440995;-0.33203125;
02:46:56;578.0;1574650017;79.624;10.922909008764398;0.3034141391323444;-0.3173828125;
02:46:57;579.0;1574650018;79.829;11.693371572518759;0.32481587701440995;-0.33203125;
02:46:58;580.0;1574650019;79.658;11.05131943605679;0.3069810954460219;-0.31982421875;
02:46:59;581.0;1574650020;79.743;11.564961145226363;0.3212489207007323;-0.32958984375;
02:47:00;582.0;1574650021;79.966;10.922909008764398;0.3034141391323444;-0.3173828125;
02:47:01;583.0;1574650022;79.915;11.308140290641576;0.3141150080733771;-0.32470703125;
02:47:02;584.0;1574650023;80.155;12.335423708980723;0.34265065858279786;-0.34423828125;
02:47:03;585.0;1574650024;80.017;10.922909008764398;0.3034141391323444;-0.3173828125;
02:47:04;586.0;1574650025;79.983;11.179729863349184;0.3105480517596996;-0.322265625;
02:47:05;587.0;1574650026;80.138;10.922909008764398;0.3034141391323444;-0.3173828125;
02:47:06;588.0;1574650027;80.086;11.308140290641576;0.3141150080733771;-0.32470703125;
02:47:07;589.0;1574650028;80.31;11.308140290641576;0.3141150080733771;-0.32470703125;
02:47:08;590.0;1574650029;80.275;11.564961145226363;0.3212489207007323;-0.32958984375;
02:47:09;591.0;1574650030;80.035;11.179729863349184;0.3105480517596996;-0.322265625;
02:47:10;592.0;1574650031;79.897;11.308140290641576;0.3141150080733771;-0.32470703125;
02:47:11;593.0;1574650032;79.863;10.794498581472002;0.29984718281866674;-0.31494140625;
02:47:12;594.0;1574650033;80.017;11.82178199981115;0.32838283332808754;-0.33447265625;
02:47:13;595.0;1574650034;79.983;11.05131943605679;0.3069810954460219;-0.31982421875;
02:47:14;596.0;1574650035;80.138;11.179729863349184;0.3105480517596996;-0.322265625;
02:47:15;597.0;1574650036;80.017;10.922909008764398;0.3034141391323444;-0.3173828125;
02:47:16;598.0;1574650037;79.915;11.179729863349184;0.3105480517596996;-0.322265625;
02:47:17;599.0;1574650038;79.949;10.922909008764398;0.3034141391323444;-0.3173828125;
02:47:18;600.0;1574650039;79.829;11.05131943605679;0.3069810954460219;-0.31982421875;
02:47:19;601.0;1574650040;79.966;11.179729863349184;0.3105480517596996;-0.322265625;
02:47:20;602.0;1574650041;79.932;11.308140290641576;0.3141150080733771;-0.32470703125;
02:47:21;603.0;1574650042;80.172;10.922909008764398;0.3034141391323444;-0.3173828125;
02:47:22;604.0;1574650043;80.241;11.308140290641576;0.3141150080733771;-0.32470703125;
02:47:23;605.0;1574650044;80.017;10.794498581472002;0.29984718281866674;-0.31494140625;
02:47:24;606.0;1574650045;80.0;10.794498581472002;0.29984718281866674;-0.31494140625;
02:47:25;607.0;1574650047;79.795;11.308140290641576;0.3141150080733771;-0.32470703125;
02:47:26;608.0;1574650048;79.88;11.950192427103545;0.33194978964176514;-0.3369140625;
02:47:27;609.0;1574650049;80.138;11.179729863349184;0.3105480517596996;-0.322265625;
02:47:28;610.0;1574650050;80.172;11.308140290641576;0.3141150080733771;-0.32470703125;
02:47:29;611.0;1574650051;80.43;11.179729863349184;0.3105480517596996;-0.322265625;
02:47:30;612.0;1574650052;79.966;11.05131943605679;0.3069810954460219;-0.31982421875;
02:47:31;613.0;1574650053;79.675;11.179729863349184;0.3105480517596996;-0.322265625;
02:47:32;614.0;1574650054;79.521;11.179729863349184;0.3105480517596996;-0.322265625;
02:47:33;615.0;1574650055;79.181;8.868342172086104;0.24634283811350288;-0.2783203125;
02:47:34;616.0;1574650056;79.47;11.05131943605679;0.3069810954460219;-0.31982421875;
02:47:35;617.0;1574650057;79.419;11.436550717933972;0.31768196438705476;-0.3271484375;
02:47:36;618.0;1574650058;79.556;11.05131943605679;0.3069810954460219;-0.31982421875;
02:47:37;619.0;1574650059;79.47;10.922909008764398;0.3034141391323444;-0.3173828125;
02:47:39;621.0;1574650060;79.504;11.308140290641576;0.3141150080733771;-0.32470703125;
02:47:40;622.0;1574650061;79.966;10.794498581472002;0.29984718281866674;-0.31494140625;
02:47:41;623.0;1574650062;79.915;11.308140290641576;0.3141150080733771;-0.32470703125;
02:47:42;624.0;1574650063;80.017;11.05131943605679;0.3069810954460219;-0.31982421875;
02:47:43;625.0;1574650064;80.103;11.693371572518759;0.32481587701440995;-0.33203125;
02:47:44;626.0;1574650065;79.932;11.05131943605679;0.3069810954460219;-0.31982421875;
02:47:45;627.0;1574650066;79.692;11.564961145226363;0.3212489207007323;-0.32958984375;
02:47:46;628.0;1574650067;79.726;11.179729863349184;0.3105480517596996;-0.322265625;
02:47:47;629.0;1574650068;79.658;11.05131943605679;0.3069810954460219;-0.31982421875;
02:47:48;630.0;1574650069;79.556;13.23429670002748;0.36761935277854113;-0.361328125;
02:47:49;631.0;1574650070;79.846;11.05131943605679;0.3069810954460219;-0.31982421875;
02:47:50;632.0;1574650071;79.76;11.179729863349184;0.3105480517596996;-0.322265625;
02:47:51;633.0;1574650071;79.863;11.05131943605679;0.3069810954460219;-0.31982421875;
02:47:52;634.0;1574650073;79.743;10.794498581472002;0.29984718281866674;-0.31494140625;
02:47:53;635.0;1574650074;79.487;11.308140290641576;0.3141150080733771;-0.32470703125;
02:47:54;636.0;1574650075;79.812;10.53767772688722;0.29271327019131166;-0.31005859375;
02:47:55;637.0;1574650076;79.556;11.05131943605679;0.3069810954460219;-0.31982421875;
02:47:56;638.0;1574650077;79.76;10.409267299594825;0.289146313877634;-0.3076171875;
02:47:57;639.0;1574650078;79.743;10.794498581472002;0.29984718281866674;-0.31494140625;
02:47:58;640.0;1574650079;79.47;10.794498581472002;0.29984718281866674;-0.31494140625;
02:47:59;641.0;1574650080;79.59;9.76721516313286;0.2713115323092461;-0.29541015625;
02:48:00;642.0;1574650081;79.3;10.794498581472002;0.29984718281866674;-0.31494140625;
02:48:01;643.0;1574650082;79.198;11.179729863349184;0.3105480517596996;-0.322265625;
02:48:02;644.0;1574650083;79.113;11.564961145226363;0.3212489207007323;-0.32958984375;
02:48:03;645.0;1574650084;79.062;11.436550717933972;0.31768196438705476;-0.3271484375;
02:48:04;646.0;1574650085;79.3;11.179729863349184;0.3105480517596996;-0.322265625;
02:48:05;647.0;1574650086;79.641;11.05131943605679;0.3069810954460219;-0.31982421875;
02:48:06;648.0;1574650087;79.76;13.491117554612266;0.37475326540589626;-0.3662109375;
02:48:07;649.0;1574650088;79.675;12.078602854395937;0.3355167459554427;-0.33935546875;
02:48:08;650.0;1574650089;79.624;10.794498581472002;0.29984718281866674;-0.31494140625;
02:48:09;651.0;1574650090;79.504;11.05131943605679;0.3069810954460219;-0.31982421875;
02:48:10;652.0;1574650091;79.607;11.950192427103545;0.33194978964176514;-0.3369140625;
02:48:11;653.0;1574650093;79.675;11.05131943605679;0.3069810954460219;-0.31982421875;
02:48:12;654.0;1574650094;79.59;11.05131943605679;0.3069810954460219;-0.31982421875;
02:48:13;655.0;1574650095;79.573;10.794498581472002;0.29984718281866674;-0.31494140625;
02:48:14;656.0;1574650096;79.47;10.794498581472002;0.29984718281866674;-0.31494140625;
02:48:15;657.0;1574650097;79.385;11.308140290641576;0.3141150080733771;-0.32470703125;
02:48:16;658.0;1574650098;79.215;10.794498581472002;0.29984718281866674;-0.31494140625;
02:48:17;659.0;1574650099;79.215;7.969469181039351;0.22137414391775975;-0.26123046875;
02:48:18;660.0;1574650100;79.249;11.05131943605679;0.3069810954460219;-0.31982421875;
02:48:19;661.0;1574650101;79.504;11.564961145226363;0.3212489207007323;-0.32958984375;
02:48:20;662.0;1574650102;79.692;10.794498581472002;0.29984718281866674;-0.31494140625;
02:48:21;663.0;1574650103;79.743;11.179729863349184;0.3105480517596996;-0.322265625;
02:48:22;664.0;1574650104;79.59;11.05131943605679;0.3069810954460219;-0.31982421875;
02:48:23;665.0;1574650105;79.487;11.05131943605679;0.3069810954460219;-0.31982421875;
02:48:24;666.0;1574650106;79.402;11.308140290641576;0.3141150080733771;-0.32470703125;
02:48:25;667.0;1574650107;79.249;11.179729863349184;0.3105480517596996;-0.322265625;
02:48:26;668.0;1574650108;79.351;11.436550717933972;0.31768196438705476;-0.3271484375;
02:48:27;669.0;1574650109;79.402;10.794498581472002;0.29984718281866674;-0.31494140625;
02:48:28;670.0;1574650110;79.436;10.922909008764398;0.3034141391323444;-0.3173828125;
02:48:29;671.0;1574650111;79.59;13.876348836489445;0.38545413434692904;-0.37353515625;
02:48:30;672.0;1574650112;79.829;11.308140290641576;0.3141150080733771;-0.32470703125;
02:48:31;673.0;1574650113;79.915;10.794498581472002;0.29984718281866674;-0.31494140625;
02:48:32;674.0;1574650114;80.017;11.179729863349184;0.3105480517596996;-0.322265625;
02:48:33;675.0;1574650115;80.017;10.53767772688722;0.29271327019131166;-0.31005859375;
02:48:34;676.0;1574650116;79.812;11.308140290641576;0.3141150080733771;-0.32470703125;
02:48:35;677.0;1574650117;79.402;11.308140290641576;0.3141150080733771;-0.32470703125;
02:48:36;678.0;1574650118;79.504;11.05131943605679;0.3069810954460219;-0.31982421875;
02:48:37;679.0;1574650119;79.487;11.05131943605679;0.3069810954460219;-0.31982421875;
02:48:38;680.0;1574650120;79.368;9.638804735840464;0.26774457599556845;-0.29296875;
02:48:39;681.0;1574650121;79.556;10.922909008764398;0.3034141391323444;-0.3173828125;
02:48:40;682.0;1574650122;79.453;11.308140290641576;0.3141150080733771;-0.32470703125;
02:48:41;683.0;1574650123;79.232;11.05131943605679;0.3069810954460219;-0.31982421875;
02:48:43;685.0;1574650124;78.944;10.922909008764398;0.3034141391323444;-0.3173828125;
02:48:44;686.0;1574650125;78.91;11.05131943605679;0.3069810954460219;-0.31982421875;
02:48:45;687.0;1574650126;78.724;10.666088154179612;0.2962802265049892;-0.3125;
02:48:46;688.0;1574650127;78.927;11.308140290641576;0.3141150080733771;-0.32470703125;
02:48:47;689.0;1574650128;79.181;11.179729863349184;0.3105480517596996;-0.322265625;
02:48:48;690.0;1574650129;79.198;11.564961145226363;0.3212489207007323;-0.32958984375;
02:48:49;691.0;1574650130;79.436;11.05131943605679;0.3069810954460219;-0.31982421875;
02:48:50;692.0;1574650130;79.283;11.436550717933972;0.31768196438705476;-0.3271484375;
02:48:51;693.0;1574650132;79.402;11.308140290641576;0.3141150080733771;-0.32470703125;
02:48:52;694.0;1574650133;79.249;11.179729863349184;0.3105480517596996;-0.322265625;
02:48:53;695.0;1574650134;79.198;10.53767772688722;0.29271327019131166;-0.31005859375;
02:48:54;696.0;1574650135;79.317;11.564961145226363;0.3212489207007323;-0.32958984375;
02:48:55;697.0;1574650136;79.029;11.308140290641576;0.3141150080733771;-0.32470703125;
02:48:56;698.0;1574650137;79.164;11.05131943605679;0.3069810954460219;-0.31982421875;
02:48:57;699.0;1574650138;79.079;10.794498581472002;0.29984718281866674;-0.31494140625;
02:48:58;700.0;1574650139;78.826;10.794498581472002;0.29984718281866674;-0.31494140625;
02:48:59;701.0;1574650140;78.859;10.794498581472002;0.29984718281866674;-0.31494140625;
02:49:00;702.0;1574650141;78.826;11.82178199981115;0.32838283332808754;-0.33447265625;
02:49:01;703.0;1574650142;78.859;11.05131943605679;0.3069810954460219;-0.31982421875;
02:49:02;704.0;1574650143;79.046;10.922909008764398;0.3034141391323444;-0.3173828125;
02:49:03;705.0;1574650144;79.3;11.05131943605679;0.3069810954460219;-0.31982421875;
02:49:04;706.0;1574650145;79.283;11.179729863349184;0.3105480517596996;-0.322265625;
02:49:05;707.0;1574650146;79.079;10.922909008764398;0.3034141391323444;-0.3173828125;
02:49:06;708.0;1574650147;78.944;9.253573453963286;0.2570437070545357;-0.28564453125;
02:49:07;709.0;1574650148;78.741;10.922909008764398;0.3034141391323444;-0.3173828125;
02:49:08;710.0;1574650149;78.539;11.308140290641576;0.3141150080733771;-0.32470703125;
02:49:09;711.0;1574650150;78.657;11.05131943605679;0.3069810954460219;-0.31982421875;
02:49:10;712.0;1574650151;78.792;11.179729863349184;0.3105480517596996;-0.322265625;
02:49:11;713.0;1574650152;78.893;11.308140290641576;0.3141150080733771;-0.32470703125;
02:49:12;714.0;1574650153;79.012;10.922909008764398;0.3034141391323444;-0.3173828125;
02:49:13;715.0;1574650154;78.809;11.82178199981115;0.32838283332808754;-0.33447265625;
02:49:14;716.0;1574650155;78.674;12.335423708980723;0.34265065858279786;-0.34423828125;
02:49:15;717.0;1574650156;78.674;11.05131943605679;0.3069810954460219;-0.31982421875;
02:49:16;718.0;1574650157;78.944;11.564961145226363;0.3212489207007323;-0.32958984375;
02:49:17;719.0;1574650158;79.062;14.004759263781835;0.38902109066060653;-0.3759765625;
02:49:18;720.0;1574650159;79.029;11.308140290641576;0.3141150080733771;-0.32470703125;
02:49:19;721.0;1574650160;79.079;11.179729863349184;0.3105480517596996;-0.322265625;
02:49:20;722.0;1574650161;78.91;11.05131943605679;0.3069810954460219;-0.31982421875;
02:49:21;723.0;1574650162;78.741;10.53767772688722;0.29271327019131166;-0.31005859375;
02:49:22;724.0;1574650163;78.91;11.308140290641576;0.3141150080733771;-0.32470703125;
02:49:23;725.0;1574650164;78.724;11.308140290641576;0.3141150080733771;-0.32470703125;
02:49:24;726.0;1574650165;78.489;11.308140290641576;0.3141150080733771;-0.32470703125;
02:49:25;727.0;1574650166;79.079;11.564961145226363;0.3212489207007323;-0.32958984375;
02:49:26;728.0;1574650167;78.944;8.739931744793711;0.24277588179982532;-0.27587890625;
02:49:27;729.0;1574650168;78.91;11.179729863349184;0.3105480517596996;-0.322265625;
02:49:28;730.0;1574650169;78.961;11.05131943605679;0.3069810954460219;-0.31982421875;
02:49:29;731.0;1574650170;78.944;9.638804735840464;0.26774457599556845;-0.29296875;
02:49:30;732.0;1574650171;78.893;11.564961145226363;0.3212489207007323;-0.32958984375;
02:49:31;733.0;1574650172;79.181;11.564961145226363;0.3212489207007323;-0.32958984375;
02:49:32;734.0;1574650173;79.266;11.436550717933972;0.31768196438705476;-0.3271484375;
02:49:33;735.0;1574650174;78.826;11.308140290641576;0.3141150080733771;-0.32470703125;
02:49:34;736.0;1574650175;78.741;11.436550717933972;0.31768196438705476;-0.3271484375;
02:49:35;737.0;1574650176;78.203;11.05131943605679;0.3069810954460219;-0.31982421875;
02:49:36;738.0;1574650177;78.203;11.436550717933972;0.31768196438705476;-0.3271484375;
02:49:37;739.0;1574650178;78.253;11.179729863349184;0.3105480517596996;-0.322265625;
02:49:38;740.0;1574650179;78.539;11.05131943605679;0.3069810954460219;-0.31982421875;
02:49:39;741.0;1574650180;78.91;11.308140290641576;0.3141150080733771;-0.32470703125;
02:49:40;742.0;1574650181;78.876;11.05131943605679;0.3069810954460219;-0.31982421875;
02:49:41;743.0;1574650182;78.893;11.05131943605679;0.3069810954460219;-0.31982421875;
02:49:42;744.0;1574650183;78.876;11.05131943605679;0.3069810954460219;-0.31982421875;
02:49:43;745.0;1574650184;78.809;11.308140290641576;0.3141150080733771;-0.32470703125;
02:49:44;746.0;1574650185;78.995;11.308140290641576;0.3141150080733771;-0.32470703125;
02:49:45;747.0;1574650187;78.961;11.82178199981115;0.32838283332808754;-0.33447265625;
02:49:47;749.0;1574650188;78.978;10.922909008764398;0.3034141391323444;-0.3173828125;
02:49:48;750.0;1574650189;78.91;10.409267299594825;0.289146313877634;-0.3076171875;
02:49:49;751.0;1574650190;78.64;11.05131943605679;0.3069810954460219;-0.31982421875;
02:49:50;752.0;1574650191;78.606;11.179729863349184;0.3105480517596996;-0.322265625;
02:49:51;753.0;1574650192;78.556;11.05131943605679;0.3069810954460219;-0.31982421875;
02:49:52;754.0;1574650193;78.556;9.638804735840464;0.26774457599556845;-0.29296875;
02:49:53;755.0;1574650194;78.843;11.05131943605679;0.3069810954460219;-0.31982421875;
02:49:54;756.0;1574650195;78.995;10.794498581472002;0.29984718281866674;-0.31494140625;
02:49:55;757.0;1574650196;78.741;11.179729863349184;0.3105480517596996;-0.322265625;
02:49:56;758.0;1574650197;78.674;11.308140290641576;0.3141150080733771;-0.32470703125;
02:49:57;759.0;1574650198;78.539;11.05131943605679;0.3069810954460219;-0.31982421875;
02:49:58;760.0;1574650199;78.337;11.05131943605679;0.3069810954460219;-0.31982421875;
02:49:59;761.0;1574650200;78.455;11.308140290641576;0.3141150080733771;-0.32470703125;
02:50:00;762.0;1574650201;78.522;10.666088154179612;0.2962802265049892;-0.3125;
02:50:01;763.0;1574650202;78.371;11.05131943605679;0.3069810954460219;-0.31982421875;
02:50:02;764.0;1574650203;78.623;11.179729863349184;0.3105480517596996;-0.322265625;
02:50:03;765.0;1574650204;78.657;10.794498581472002;0.29984718281866674;-0.31494140625;
02:50:04;766.0;1574650205;78.724;11.05131943605679;0.3069810954460219;-0.31982421875;
02:50:05;767.0;1574650206;78.978;11.179729863349184;0.3105480517596996;-0.322265625;
02:50:06;768.0;1574650207;78.657;10.794498581472002;0.29984718281866674;-0.31494140625;
02:50:07;769.0;1574650208;78.556;11.179729863349184;0.3105480517596996;-0.322265625;
02:50:08;770.0;1574650209;78.404;10.794498581472002;0.29984718281866674;-0.31494140625;
02:50:09;771.0;1574650210;78.036;11.564961145226363;0.3212489207007323;-0.32958984375;
02:50:10;772.0;1574650211;78.153;11.179729863349184;0.3105480517596996;-0.322265625;
02:50:11;773.0;1574650212;78.203;10.922909008764398;0.3034141391323444;-0.3173828125;
02:50:12;774.0;1574650213;78.489;11.308140290641576;0.3141150080733771;-0.32470703125;
02:50:13;775.0;1574650214;78.741;11.05131943605679;0.3069810954460219;-0.31982421875;
02:50:14;776.0;1574650215;78.724;11.308140290641576;0.3141150080733771;-0.32470703125;
02:50:15;777.0;1574650216;78.64;11.05131943605679;0.3069810954460219;-0.31982421875;
02:50:16;778.0;1574650217;78.27;11.308140290641576;0.3141150080733771;-0.32470703125;
02:50:17;779.0;1574650218;78.253;10.922909008764398;0.3034141391323444;-0.3173828125;
02:50:18;780.0;1574650219;78.438;11.436550717933972;0.31768196438705476;-0.3271484375;
02:50:19;781.0;1574650220;78.589;11.179729863349184;0.3105480517596996;-0.322265625;
02:50:20;782.0;1574650221;78.758;11.179729863349184;0.3105480517596996;-0.322265625;
02:50:21;783.0;1574650222;78.758;11.05131943605679;0.3069810954460219;-0.31982421875;
02:50:22;784.0;1574650223;78.354;11.436550717933972;0.31768196438705476;-0.3271484375;
02:50:23;785.0;1574650224;78.337;11.05131943605679;0.3069810954460219;-0.31982421875;
02:50:24;786.0;1574650225;78.119;11.179729863349184;0.3105480517596996;-0.322265625;
02:50:25;787.0;1574650226;78.019;11.564961145226363;0.3212489207007323;-0.32958984375;
02:50:26;788.0;1574650227;78.053;11.308140290641576;0.3141150080733771;-0.32470703125;
02:50:27;789.0;1574650228;77.869;13.36270712731987;0.3711863090922186;-0.36376953125;
02:50:28;790.0;1574650229;78.103;10.794498581472002;0.29984718281866674;-0.31494140625;
02:50:29;791.0;1574650230;77.819;11.05131943605679;0.3069810954460219;-0.31982421875;
02:50:30;792.0;1574650231;77.936;11.564961145226363;0.3212489207007323;-0.32958984375;
02:50:31;793.0;1574650232;77.802;10.794498581472002;0.29984718281866674;-0.31494140625;
02:50:32;794.0;1574650233;77.835;11.308140290641576;0.3141150080733771;-0.32470703125;
02:50:33;795.0;1574650235;78.404;11.05131943605679;0.3069810954460219;-0.31982421875;
02:50:34;796.0;1574650236;78.27;10.794498581472002;0.29984718281866674;-0.31494140625;
02:50:35;797.0;1574650237;78.337;11.179729863349184;0.3105480517596996;-0.322265625;
02:50:36;798.0;1574650238;78.119;10.794498581472002;0.29984718281866674;-0.31494140625;
02:50:37;799.0;1574650239;77.802;11.179729863349184;0.3105480517596996;-0.322265625;
02:50:38;800.0;1574650240;77.785;11.05131943605679;0.3069810954460219;-0.31982421875;
02:50:39;801.0;1574650241;77.702;11.950192427103545;0.33194978964176514;-0.3369140625;
02:50:40;802.0;1574650242;77.785;11.05131943605679;0.3069810954460219;-0.31982421875;
02:50:41;803.0;1574650243;77.919;10.024036017717647;0.2784454449366013;-0.30029296875;
02:50:42;804.0;1574650244;77.969;11.308140290641576;0.3141150080733771;-0.32470703125;
02:50:43;805.0;1574650245;78.17;11.05131943605679;0.3069810954460219;-0.31982421875;
02:50:44;806.0;1574650246;78.186;10.922909008764398;0.3034141391323444;-0.3173828125;
02:50:45;807.0;1574650247;78.203;10.53767772688722;0.29271327019131166;-0.31005859375;
02:50:46;808.0;1574650248;78.337;11.308140290641576;0.3141150080733771;-0.32470703125;
02:50:47;809.0;1574650248;78.053;11.308140290641576;0.3141150080733771;-0.32470703125;
02:50:48;810.0;1574650250;77.902;11.308140290641576;0.3141150080733771;-0.32470703125;
02:50:49;811.0;1574650251;77.453;11.308140290641576;0.3141150080733771;-0.32470703125;
02:50:51;813.0;1574650252;77.436;10.794498581472002;0.29984718281866674;-0.31494140625;
02:50:52;814.0;1574650253;77.719;13.491117554612266;0.37475326540589626;-0.3662109375;
02:50:53;815.0;1574650254;77.819;10.794498581472002;0.29984718281866674;-0.31494140625;
02:50:54;816.0;1574650255;77.919;11.82178199981115;0.32838283332808754;-0.33447265625;
02:50:55;817.0;1574650256;77.869;11.436550717933972;0.31768196438705476;-0.3271484375;
02:50:56;818.0;1574650257;77.902;11.179729863349184;0.3105480517596996;-0.322265625;
02:50:57;819.0;1574650258;77.885;11.05131943605679;0.3069810954460219;-0.31982421875;
02:50:58;820.0;1574650259;77.969;11.308140290641576;0.3141150080733771;-0.32470703125;
02:50:59;821.0;1574650260;78.036;11.05131943605679;0.3069810954460219;-0.31982421875;
02:51:00;822.0;1574650261;77.869;9.76721516313286;0.2713115323092461;-0.29541015625;
02:51:01;823.0;1574650262;77.686;11.179729863349184;0.3105480517596996;-0.322265625;
02:51:02;824.0;1574650263;77.702;11.82178199981115;0.32838283332808754;-0.33447265625;
02:51:03;825.0;1574650264;77.619;10.794498581472002;0.29984718281866674;-0.31494140625;
02:51:04;826.0;1574650265;77.785;11.564961145226363;0.3212489207007323;-0.32958984375;
02:51:05;827.0;1574650266;77.869;11.05131943605679;0.3069810954460219;-0.31982421875;
02:51:06;828.0;1574650267;77.919;10.409267299594825;0.289146313877634;-0.3076171875;
02:51:07;829.0;1574650268;77.885;11.308140290641576;0.3141150080733771;-0.32470703125;
02:51:08;830.0;1574650269;77.869;11.05131943605679;0.3069810954460219;-0.31982421875;
02:51:09;831.0;1574650270;77.569;11.308140290641576;0.3141150080733771;-0.32470703125;
02:51:10;832.0;1574650271;77.503;10.922909008764398;0.3034141391323444;-0.3173828125;
02:51:11;833.0;1574650272;77.337;11.179729863349184;0.3105480517596996;-0.322265625;
02:51:12;834.0;1574650273;77.337;11.05131943605679;0.3069810954460219;-0.31982421875;
02:51:13;835.0;1574650274;77.752;11.308140290641576;0.3141150080733771;-0.32470703125;
02:51:14;836.0;1574650275;78.019;11.05131943605679;0.3069810954460219;-0.31982421875;
02:51:15;837.0;1574650276;78.237;11.564961145226363;0.3212489207007323;-0.32958984375;
02:51:16;838.0;1574650277;78.119;14.389990545659018;0.39972195960163937;-0.38330078125;
02:51:17;839.0;1574650278;77.735;13.876348836489445;0.38545413434692904;-0.37353515625;
02:51:18;840.0;1574650279;77.503;11.564961145226363;0.3212489207007323;-0.32958984375;
02:51:19;841.0;1574650280;77.536;11.308140290641576;0.3141150080733771;-0.32470703125;
02:51:20;842.0;1574650281;77.669;11.308140290641576;0.3141150080733771;-0.32470703125;
02:51:21;843.0;1574650282;77.802;11.436550717933972;0.31768196438705476;-0.3271484375;
02:51:22;844.0;1574650283;77.919;11.308140290641576;0.3141150080733771;-0.32470703125;
02:51:23;845.0;1574650284;77.769;11.436550717933972;0.31768196438705476;-0.3271484375;
02:51:24;846.0;1574650285;77.47;11.05131943605679;0.3069810954460219;-0.31982421875;
02:51:25;847.0;1574650286;77.719;11.179729863349184;0.3105480517596996;-0.322265625;
02:51:26;848.0;1574650288;77.503;11.308140290641576;0.3141150080733771;-0.32470703125;
02:51:27;849.0;1574650289;77.536;11.179729863349184;0.3105480517596996;-0.322265625;
02:51:28;850.0;1574650290;77.686;10.280856872302433;0.28557935756395647;-0.30517578125;
02:51:29;851.0;1574650291;77.47;11.05131943605679;0.3069810954460219;-0.31982421875;
02:51:30;852.0;1574650292;77.536;11.05131943605679;0.3069810954460219;-0.31982421875;
02:51:31;853.0;1574650293;77.652;11.308140290641576;0.3141150080733771;-0.32470703125;
02:51:32;854.0;1574650294;77.503;11.179729863349184;0.3105480517596996;-0.322265625;
02:51:33;855.0;1574650295;77.519;10.922909008764398;0.3034141391323444;-0.3173828125;
02:51:34;856.0;1574650296;77.536;11.308140290641576;0.3141150080733771;-0.32470703125;
02:51:35;857.0;1574650297;77.42;11.308140290641576;0.3141150080733771;-0.32470703125;
02:51:36;858.0;1574650298;77.287;11.308140290641576;0.3141150080733771;-0.32470703125;
02:51:37;859.0;1574650299;77.403;11.05131943605679;0.3069810954460219;-0.31982421875;
02:51:38;860.0;1574650300;76.957;11.05131943605679;0.3069810954460219;-0.31982421875;
02:51:39;861.0;1574650301;76.661;11.564961145226363;0.3212489207007323;-0.32958984375;
02:51:40;862.0;1574650302;77.056;10.794498581472002;0.29984718281866674;-0.31494140625;
02:51:41;863.0;1574650303;76.907;11.82178199981115;0.32838283332808754;-0.33447265625;
02:51:42;864.0;1574650304;76.957;11.05131943605679;0.3069810954460219;-0.31982421875;
02:51:43;865.0;1574650305;77.089;11.179729863349184;0.3105480517596996;-0.322265625;
02:51:44;866.0;1574650306;76.694;13.105886272735084;0.3640523964648634;-0.35888671875;
02:51:45;867.0;1574650307;76.677;11.05131943605679;0.3069810954460219;-0.31982421875;
02:51:46;868.0;1574650308;76.825;11.308140290641576;0.3141150080733771;-0.32470703125;
