Time;Seconds from start for linreg;Unix Time;ch1 po2;Uc;Ubl;Vc;
19:37:18;-1.0;1574624239;84.394;11.05131943605679;0.3069810954460219;-0.31982421875;
19:37:19;0.0;1574624240;84.195;11.05131943605679;0.3069810954460219;-0.31982421875;
19:37:20;1.0;1574624241;84.177;11.05131943605679;0.3069810954460219;-0.31982421875;
19:37:21;2.0;1574624242;84.304;10.794498581472002;0.29984718281866674;-0.31494140625;
19:37:22;3.0;1574624243;84.285;11.179729863349184;0.3105480517596996;-0.322265625;
19:37:23;4.0;1574624244;84.285;11.05131943605679;0.3069810954460219;-0.31982421875;
19:37:24;5.0;1574624245;84.813;10.794498581472002;0.29984718281866674;-0.31494140625;
19:37:25;6.0;1574624246;84.776;11.05131943605679;0.3069810954460219;-0.31982421875;
19:37:26;7.0;1574624247;84.813;11.179729863349184;0.3105480517596996;-0.322265625;
19:37:27;8.0;1574624248;85.069;11.179729863349184;0.3105480517596996;-0.322265625;
19:37:28;9.0;1574624249;84.631;11.308140290641576;0.3141150080733771;-0.32470703125;
19:37:29;10.0;1574624250;84.74;11.179729863349184;0.3105480517596996;-0.322265625;
19:37:30;11.0;1574624251;84.503;11.179729863349184;0.3105480517596996;-0.322265625;
19:37:31;12.0;1574624252;84.267;11.308140290641576;0.3141150080733771;-0.32470703125;
19:37:32;13.0;1574624253;84.195;10.922909008764398;0.3034141391323444;-0.3173828125;
19:37:33;14.0;1574624254;83.978;11.05131943605679;0.3069810954460219;-0.31982421875;
19:37:34;15.0;1574624255;83.978;10.922909008764398;0.3034141391323444;-0.3173828125;
19:37:35;16.0;1574624256;84.104;11.436550717933972;0.31768196438705476;-0.3271484375;
19:37:36;17.0;1574624257;84.34;11.05131943605679;0.3069810954460219;-0.31982421875;
19:37:37;18.0;1574624258;84.449;10.794498581472002;0.29984718281866674;-0.31494140625;
19:37:38;19.0;1574624259;84.485;11.308140290641576;0.3141150080733771;-0.32470703125;
19:37:39;20.0;1574624260;84.576;11.308140290641576;0.3141150080733771;-0.32470703125;
19:37:40;21.0;1574624261;84.394;10.666088154179612;0.2962802265049892;-0.3125;
19:37:41;22.0;1574624262;84.594;10.152446445010037;0.2820124012502788;-0.302734375;
19:37:42;23.0;1574624263;84.74;11.05131943605679;0.3069810954460219;-0.31982421875;
19:37:43;24.0;1574624264;84.685;11.436550717933972;0.31768196438705476;-0.3271484375;
19:37:44;25.0;1574624265;84.649;11.05131943605679;0.3069810954460219;-0.31982421875;
19:37:45;26.0;1574624266;84.631;10.794498581472002;0.29984718281866674;-0.31494140625;
19:37:46;27.0;1574624268;84.503;10.794498581472002;0.29984718281866674;-0.31494140625;
19:37:47;28.0;1574624269;84.467;11.308140290641576;0.3141150080733771;-0.32470703125;
19:37:48;29.0;1574624270;84.631;11.179729863349184;0.3105480517596996;-0.322265625;
19:37:49;30.0;1574624271;84.485;10.794498581472002;0.29984718281866674;-0.31494140625;
19:37:50;31.0;1574624272;84.576;10.53767772688722;0.29271327019131166;-0.31005859375;
19:37:51;32.0;1574624273;84.631;10.794498581472002;0.29984718281866674;-0.31494140625;
19:37:52;33.0;1574624274;84.685;11.308140290641576;0.3141150080733771;-0.32470703125;
19:37:53;34.0;1574624275;84.667;11.436550717933972;0.31768196438705476;-0.3271484375;
19:37:54;35.0;1574624275;84.576;11.179729863349184;0.3105480517596996;-0.322265625;
19:37:55;36.0;1574624277;84.521;10.794498581472002;0.29984718281866674;-0.31494140625;
19:37:56;37.0;1574624278;84.485;11.05131943605679;0.3069810954460219;-0.31982421875;
19:37:57;38.0;1574624279;84.231;11.05131943605679;0.3069810954460219;-0.31982421875;
19:37:58;39.0;1574624280;84.467;11.05131943605679;0.3069810954460219;-0.31982421875;
19:38:00;41.0;1574624281;84.467;11.308140290641576;0.3141150080733771;-0.32470703125;
19:38:01;42.0;1574624282;84.467;11.05131943605679;0.3069810954460219;-0.31982421875;
19:38:02;43.0;1574624283;84.74;11.308140290641576;0.3141150080733771;-0.32470703125;
19:38:04;45.0;1574624285;84.54;11.693371572518759;0.32481587701440995;-0.33203125;
19:38:05;46.0;1574624286;84.576;11.05131943605679;0.3069810954460219;-0.31982421875;
19:38:06;47.0;1574624287;84.376;11.179729863349184;0.3105480517596996;-0.322265625;
19:38:07;48.0;1574624288;84.558;10.53767772688722;0.29271327019131166;-0.31005859375;
19:38:08;49.0;1574624289;84.431;10.024036017717647;0.2784454449366013;-0.30029296875;
19:38:09;50.0;1574624290;84.376;11.564961145226363;0.3212489207007323;-0.32958984375;
19:38:10;51.0;1574624291;84.576;11.308140290641576;0.3141150080733771;-0.32470703125;
19:38:11;52.0;1574624292;84.376;11.05131943605679;0.3069810954460219;-0.31982421875;
19:38:12;53.0;1574624293;84.576;10.794498581472002;0.29984718281866674;-0.31494140625;
19:38:13;54.0;1574624294;84.576;10.666088154179612;0.2962802265049892;-0.3125;
19:38:14;55.0;1574624295;84.576;11.308140290641576;0.3141150080733771;-0.32470703125;
19:38:15;56.0;1574624296;84.886;10.794498581472002;0.29984718281866674;-0.31494140625;
19:38:16;57.0;1574624297;84.34;11.564961145226363;0.3212489207007323;-0.32958984375;
19:38:17;58.0;1574624298;84.358;11.308140290641576;0.3141150080733771;-0.32470703125;
19:38:18;59.0;1574624299;84.612;11.308140290641576;0.3141150080733771;-0.32470703125;
19:38:19;60.0;1574624300;84.503;10.794498581472002;0.29984718281866674;-0.31494140625;
19:38:20;61.0;1574624301;84.868;11.436550717933972;0.31768196438705476;-0.3271484375;
19:38:21;62.0;1574624302;85.087;11.05131943605679;0.3069810954460219;-0.31982421875;
19:38:22;63.0;1574624303;84.849;11.179729863349184;0.3105480517596996;-0.322265625;
19:38:23;64.0;1574624304;84.977;10.794498581472002;0.29984718281866674;-0.31494140625;
19:38:24;65.0;1574624305;85.014;10.922909008764398;0.3034141391323444;-0.3173828125;
19:38:25;66.0;1574624306;84.831;11.179729863349184;0.3105480517596996;-0.322265625;
19:38:26;67.0;1574624307;85.087;11.179729863349184;0.3105480517596996;-0.322265625;
19:38:27;68.0;1574624308;85.087;11.05131943605679;0.3069810954460219;-0.31982421875;
19:38:28;69.0;1574624309;85.142;10.794498581472002;0.29984718281866674;-0.31494140625;
19:38:29;70.0;1574624310;85.142;11.308140290641576;0.3141150080733771;-0.32470703125;
19:38:30;71.0;1574624311;85.032;11.436550717933972;0.31768196438705476;-0.3271484375;
19:38:31;72.0;1574624313;85.032;10.922909008764398;0.3034141391323444;-0.3173828125;
19:38:32;73.0;1574624314;85.032;10.794498581472002;0.29984718281866674;-0.31494140625;
19:38:33;74.0;1574624315;84.977;12.078602854395937;0.3355167459554427;-0.33935546875;
19:38:34;75.0;1574624316;84.776;11.693371572518759;0.32481587701440995;-0.33203125;
19:38:35;76.0;1574624317;84.631;10.666088154179612;0.2962802265049892;-0.3125;
19:38:36;77.0;1574624318;84.558;11.950192427103545;0.33194978964176514;-0.3369140625;
19:38:37;78.0;1574624319;84.685;11.179729863349184;0.3105480517596996;-0.322265625;
19:38:38;79.0;1574624320;84.868;11.05131943605679;0.3069810954460219;-0.31982421875;
19:38:39;80.0;1574624321;84.685;11.564961145226363;0.3212489207007323;-0.32958984375;
19:38:40;81.0;1574624322;84.703;11.179729863349184;0.3105480517596996;-0.322265625;
19:38:41;82.0;1574624323;84.449;11.308140290641576;0.3141150080733771;-0.32470703125;
19:38:42;83.0;1574624324;84.285;11.179729863349184;0.3105480517596996;-0.322265625;
19:38:43;84.0;1574624325;84.322;11.436550717933972;0.31768196438705476;-0.3271484375;
19:38:44;85.0;1574624326;84.376;11.564961145226363;0.3212489207007323;-0.32958984375;
19:38:45;86.0;1574624327;84.649;11.693371572518759;0.32481587701440995;-0.33203125;
19:38:46;87.0;1574624328;84.776;11.693371572518759;0.32481587701440995;-0.33203125;
19:38:47;88.0;1574624329;84.959;10.794498581472002;0.29984718281866674;-0.31494140625;
19:38:48;89.0;1574624330;84.904;11.693371572518759;0.32481587701440995;-0.33203125;
19:38:49;90.0;1574624331;84.649;11.05131943605679;0.3069810954460219;-0.31982421875;
19:38:50;91.0;1574624332;84.521;11.179729863349184;0.3105480517596996;-0.322265625;
19:38:51;92.0;1574624333;84.631;10.794498581472002;0.29984718281866674;-0.31494140625;
19:38:52;93.0;1574624334;84.631;10.794498581472002;0.29984718281866674;-0.31494140625;
19:38:53;94.0;1574624334;84.776;9.76721516313286;0.2713115323092461;-0.29541015625;
19:38:54;95.0;1574624336;84.795;11.05131943605679;0.3069810954460219;-0.31982421875;
19:38:55;96.0;1574624337;84.449;10.666088154179612;0.2962802265049892;-0.3125;
19:38:56;97.0;1574624338;84.431;11.564961145226363;0.3212489207007323;-0.32958984375;
19:38:57;98.0;1574624339;84.54;11.05131943605679;0.3069810954460219;-0.31982421875;
19:38:58;99.0;1574624340;84.521;11.179729863349184;0.3105480517596996;-0.322265625;
19:38:59;100.0;1574624341;84.904;11.950192427103545;0.33194978964176514;-0.3369140625;
19:39:00;101.0;1574624342;84.813;11.05131943605679;0.3069810954460219;-0.31982421875;
19:39:01;102.0;1574624343;84.722;11.05131943605679;0.3069810954460219;-0.31982421875;
19:39:02;103.0;1574624344;84.776;11.564961145226363;0.3212489207007323;-0.32958984375;
19:39:04;105.0;1574624345;84.74;10.666088154179612;0.2962802265049892;-0.3125;
19:39:05;106.0;1574624346;84.868;11.308140290641576;0.3141150080733771;-0.32470703125;
19:39:06;107.0;1574624347;84.74;11.179729863349184;0.3105480517596996;-0.322265625;
19:39:07;108.0;1574624348;84.831;11.436550717933972;0.31768196438705476;-0.3271484375;
19:39:08;109.0;1574624349;84.886;11.436550717933972;0.31768196438705476;-0.3271484375;
19:39:09;110.0;1574624350;84.685;11.179729863349184;0.3105480517596996;-0.322265625;
19:39:10;111.0;1574624351;84.922;11.308140290641576;0.3141150080733771;-0.32470703125;
19:39:11;112.0;1574624352;84.74;11.05131943605679;0.3069810954460219;-0.31982421875;
19:39:12;113.0;1574624353;84.722;12.078602854395937;0.3355167459554427;-0.33935546875;
19:39:13;114.0;1574624354;84.922;11.436550717933972;0.31768196438705476;-0.3271484375;
19:39:14;115.0;1574624355;84.849;11.05131943605679;0.3069810954460219;-0.31982421875;
19:39:15;116.0;1574624356;85.069;11.05131943605679;0.3069810954460219;-0.31982421875;
19:39:16;117.0;1574624357;84.904;11.308140290641576;0.3141150080733771;-0.32470703125;
19:39:17;118.0;1574624358;84.886;11.05131943605679;0.3069810954460219;-0.31982421875;
19:39:18;119.0;1574624359;84.868;11.564961145226363;0.3212489207007323;-0.32958984375;
19:39:19;120.0;1574624360;84.813;11.05131943605679;0.3069810954460219;-0.31982421875;
19:39:20;121.0;1574624361;84.667;11.05131943605679;0.3069810954460219;-0.31982421875;
19:39:21;122.0;1574624362;84.612;11.05131943605679;0.3069810954460219;-0.31982421875;
19:39:22;123.0;1574624363;84.558;11.05131943605679;0.3069810954460219;-0.31982421875;
19:39:23;124.0;1574624364;84.467;11.436550717933972;0.31768196438705476;-0.3271484375;
19:39:24;125.0;1574624365;84.594;11.308140290641576;0.3141150080733771;-0.32470703125;
19:39:25;126.0;1574624366;84.886;11.308140290641576;0.3141150080733771;-0.32470703125;
19:39:26;127.0;1574624367;84.795;11.179729863349184;0.3105480517596996;-0.322265625;
19:39:27;128.0;1574624368;84.722;10.922909008764398;0.3034141391323444;-0.3173828125;
19:39:28;129.0;1574624369;84.685;11.05131943605679;0.3069810954460219;-0.31982421875;
19:39:29;130.0;1574624370;84.521;11.308140290641576;0.3141150080733771;-0.32470703125;
19:39:30;131.0;1574624371;84.74;11.179729863349184;0.3105480517596996;-0.322265625;
19:39:31;132.0;1574624372;84.941;10.794498581472002;0.29984718281866674;-0.31494140625;
19:39:32;133.0;1574624373;85.105;10.152446445010037;0.2820124012502788;-0.302734375;
19:39:33;134.0;1574624374;85.124;10.666088154179612;0.2962802265049892;-0.3125;
19:39:34;135.0;1574624375;85.087;11.05131943605679;0.3069810954460219;-0.31982421875;
19:39:35;136.0;1574624376;85.069;10.922909008764398;0.3034141391323444;-0.3173828125;
19:39:36;137.0;1574624377;85.16;6.942185762700204;0.192838493408339;-0.24169921875;
19:39:37;138.0;1574624378;85.014;11.179729863349184;0.3105480517596996;-0.322265625;
19:39:38;139.0;1574624379;84.795;11.308140290641576;0.3141150080733771;-0.32470703125;
19:39:39;140.0;1574624380;84.667;11.179729863349184;0.3105480517596996;-0.322265625;
19:39:40;141.0;1574624381;84.485;11.179729863349184;0.3105480517596996;-0.322265625;
19:39:41;142.0;1574624382;84.685;10.794498581472002;0.29984718281866674;-0.31494140625;
19:39:42;143.0;1574624383;84.868;11.308140290641576;0.3141150080733771;-0.32470703125;
19:39:43;144.0;1574624384;85.179;10.922909008764398;0.3034141391323444;-0.3173828125;
19:39:44;145.0;1574624385;85.27;10.922909008764398;0.3034141391323444;-0.3173828125;
19:39:45;146.0;1574624386;85.105;11.05131943605679;0.3069810954460219;-0.31982421875;
19:39:46;147.0;1574624387;85.069;11.05131943605679;0.3069810954460219;-0.31982421875;
19:39:47;148.0;1574624388;84.904;10.794498581472002;0.29984718281866674;-0.31494140625;
19:39:48;149.0;1574624389;84.74;10.794498581472002;0.29984718281866674;-0.31494140625;
19:39:49;150.0;1574624390;84.631;11.05131943605679;0.3069810954460219;-0.31982421875;
19:39:50;151.0;1574624391;84.467;11.436550717933972;0.31768196438705476;-0.3271484375;
19:39:51;152.0;1574624392;84.304;10.922909008764398;0.3034141391323444;-0.3173828125;
19:39:52;153.0;1574624393;84.467;12.335423708980723;0.34265065858279786;-0.34423828125;
19:39:53;154.0;1574624394;84.703;11.179729863349184;0.3105480517596996;-0.322265625;
19:39:54;155.0;1574624395;85.032;10.794498581472002;0.29984718281866674;-0.31494140625;
19:39:55;156.0;1574624396;85.032;11.308140290641576;0.3141150080733771;-0.32470703125;
19:39:56;157.0;1574624397;84.849;10.794498581472002;0.29984718281866674;-0.31494140625;
19:39:57;158.0;1574624398;84.886;10.53767772688722;0.29271327019131166;-0.31005859375;
19:39:58;159.0;1574624399;84.722;10.794498581472002;0.29984718281866674;-0.31494140625;
19:39:59;160.0;1574624400;84.758;11.308140290641576;0.3141150080733771;-0.32470703125;
19:40:00;161.0;1574624401;84.795;10.794498581472002;0.29984718281866674;-0.31494140625;
19:40:01;162.0;1574624402;84.322;11.564961145226363;0.3212489207007323;-0.32958984375;
19:40:02;163.0;1574624403;84.304;10.922909008764398;0.3034141391323444;-0.3173828125;
19:40:03;164.0;1574624405;84.34;11.82178199981115;0.32838283332808754;-0.33447265625;
19:40:04;165.0;1574624406;84.322;11.308140290641576;0.3141150080733771;-0.32470703125;
19:40:05;166.0;1574624407;84.685;10.794498581472002;0.29984718281866674;-0.31494140625;
19:40:06;167.0;1574624408;84.703;11.179729863349184;0.3105480517596996;-0.322265625;
19:40:07;168.0;1574624409;84.34;10.794498581472002;0.29984718281866674;-0.31494140625;
19:40:09;170.0;1574624410;84.122;10.794498581472002;0.29984718281866674;-0.31494140625;
19:40:11;172.0;1574624412;84.285;11.05131943605679;0.3069810954460219;-0.31982421875;
19:40:12;173.0;1574624413;84.612;11.308140290641576;0.3141150080733771;-0.32470703125;
19:40:13;174.0;1574624414;84.831;9.89562559042525;0.27487848862292363;-0.2978515625;
19:40:14;175.0;1574624415;84.612;11.179729863349184;0.3105480517596996;-0.322265625;
19:40:15;176.0;1574624416;84.34;11.05131943605679;0.3069810954460219;-0.31982421875;
19:40:16;177.0;1574624417;84.195;11.05131943605679;0.3069810954460219;-0.31982421875;
19:40:17;178.0;1574624418;84.322;10.794498581472002;0.29984718281866674;-0.31494140625;
19:40:18;179.0;1574624419;84.503;11.179729863349184;0.3105480517596996;-0.322265625;
19:40:19;180.0;1574624420;84.649;11.179729863349184;0.3105480517596996;-0.322265625;
19:40:20;181.0;1574624421;84.776;11.564961145226363;0.3212489207007323;-0.32958984375;
19:40:21;182.0;1574624422;84.558;11.308140290641576;0.3141150080733771;-0.32470703125;
19:40:22;183.0;1574624423;84.649;11.436550717933972;0.31768196438705476;-0.3271484375;
19:40:23;184.0;1574624424;84.667;11.179729863349184;0.3105480517596996;-0.322265625;
19:40:24;185.0;1574624425;84.813;10.794498581472002;0.29984718281866674;-0.31494140625;
19:40:25;186.0;1574624426;84.795;10.794498581472002;0.29984718281866674;-0.31494140625;
19:40:26;187.0;1574624427;84.849;11.179729863349184;0.3105480517596996;-0.322265625;
19:40:27;188.0;1574624428;84.722;11.179729863349184;0.3105480517596996;-0.322265625;
19:40:28;189.0;1574624429;84.722;10.794498581472002;0.29984718281866674;-0.31494140625;
19:40:29;190.0;1574624430;85.087;12.335423708980723;0.34265065858279786;-0.34423828125;
19:40:30;191.0;1574624431;84.795;13.105886272735084;0.3640523964648634;-0.35888671875;
19:40:31;192.0;1574624432;85.215;11.436550717933972;0.31768196438705476;-0.3271484375;
19:40:32;193.0;1574624433;84.74;11.179729863349184;0.3105480517596996;-0.322265625;
19:40:33;194.0;1574624434;84.34;10.922909008764398;0.3034141391323444;-0.3173828125;
19:40:34;195.0;1574624435;84.521;11.179729863349184;0.3105480517596996;-0.322265625;
19:40:35;196.0;1574624436;83.906;10.922909008764398;0.3034141391323444;-0.3173828125;
19:40:36;197.0;1574624437;84.213;11.308140290641576;0.3141150080733771;-0.32470703125;
19:40:37;198.0;1574624438;84.267;10.794498581472002;0.29984718281866674;-0.31494140625;
19:40:38;199.0;1574624439;84.195;11.179729863349184;0.3105480517596996;-0.322265625;
19:40:39;200.0;1574624440;84.285;10.794498581472002;0.29984718281866674;-0.31494140625;
19:40:40;201.0;1574624441;84.449;11.05131943605679;0.3069810954460219;-0.31982421875;
19:40:41;202.0;1574624442;84.431;10.922909008764398;0.3034141391323444;-0.3173828125;
19:40:42;203.0;1574624443;84.285;11.308140290641576;0.3141150080733771;-0.32470703125;
19:40:43;204.0;1574624444;84.449;11.05131943605679;0.3069810954460219;-0.31982421875;
19:40:44;205.0;1574624445;84.159;11.308140290641576;0.3141150080733771;-0.32470703125;
19:40:45;206.0;1574624446;84.322;11.308140290641576;0.3141150080733771;-0.32470703125;
19:40:46;207.0;1574624447;84.649;11.05131943605679;0.3069810954460219;-0.31982421875;
19:40:47;208.0;1574624448;84.703;11.179729863349184;0.3105480517596996;-0.322265625;
19:40:48;209.0;1574624449;84.977;11.05131943605679;0.3069810954460219;-0.31982421875;
19:40:49;210.0;1574624450;85.16;11.179729863349184;0.3105480517596996;-0.322265625;
19:40:50;211.0;1574624452;84.977;11.693371572518759;0.32481587701440995;-0.33203125;
19:40:51;212.0;1574624452;84.922;11.308140290641576;0.3141150080733771;-0.32470703125;
19:40:52;213.0;1574624453;84.649;10.666088154179612;0.2962802265049892;-0.3125;
19:40:53;214.0;1574624454;84.431;10.794498581472002;0.29984718281866674;-0.31494140625;
19:40:54;215.0;1574624455;84.449;11.693371572518759;0.32481587701440995;-0.33203125;
19:40:55;216.0;1574624457;84.503;11.05131943605679;0.3069810954460219;-0.31982421875;
19:40:56;217.0;1574624458;84.722;10.794498581472002;0.29984718281866674;-0.31494140625;
19:40:57;218.0;1574624459;84.667;11.179729863349184;0.3105480517596996;-0.322265625;
19:40:58;219.0;1574624460;84.685;11.308140290641576;0.3141150080733771;-0.32470703125;
19:40:59;220.0;1574624461;84.521;11.436550717933972;0.31768196438705476;-0.3271484375;
19:41:00;221.0;1574624462;84.141;11.179729863349184;0.3105480517596996;-0.322265625;
19:41:01;222.0;1574624463;83.924;10.280856872302433;0.28557935756395647;-0.30517578125;
19:41:02;223.0;1574624464;83.888;10.794498581472002;0.29984718281866674;-0.31494140625;
19:41:03;224.0;1574624465;84.014;11.05131943605679;0.3069810954460219;-0.31982421875;
19:41:04;225.0;1574624466;84.141;14.133169691074231;0.3925880469742842;-0.37841796875;
19:41:05;226.0;1574624467;84.304;10.666088154179612;0.2962802265049892;-0.3125;
19:41:06;227.0;1574624468;84.267;11.05131943605679;0.3069810954460219;-0.31982421875;
19:41:07;228.0;1574624469;84.267;10.794498581472002;0.29984718281866674;-0.31494140625;
19:41:08;229.0;1574624470;84.431;11.564961145226363;0.3212489207007323;-0.32958984375;
19:41:09;230.0;1574624471;84.431;11.05131943605679;0.3069810954460219;-0.31982421875;
19:41:10;231.0;1574624472;84.376;11.05131943605679;0.3069810954460219;-0.31982421875;
19:41:11;232.0;1574624473;84.358;11.308140290641576;0.3141150080733771;-0.32470703125;
19:41:12;233.0;1574624474;84.267;11.82178199981115;0.32838283332808754;-0.33447265625;
19:41:13;234.0;1574624475;84.122;10.794498581472002;0.29984718281866674;-0.31494140625;
19:41:14;235.0;1574624476;84.068;11.308140290641576;0.3141150080733771;-0.32470703125;
19:41:16;237.0;1574624477;83.96;10.794498581472002;0.29984718281866674;-0.31494140625;
19:41:17;238.0;1574624478;84.213;11.308140290641576;0.3141150080733771;-0.32470703125;
19:41:18;239.0;1574624479;84.376;11.179729863349184;0.3105480517596996;-0.322265625;
19:41:19;240.0;1574624480;84.376;11.308140290641576;0.3141150080733771;-0.32470703125;
19:41:20;241.0;1574624481;84.358;10.794498581472002;0.29984718281866674;-0.31494140625;
19:41:21;242.0;1574624482;83.924;10.794498581472002;0.29984718281866674;-0.31494140625;
19:41:22;243.0;1574624483;83.924;10.794498581472002;0.29984718281866674;-0.31494140625;
19:41:23;244.0;1574624484;84.34;10.794498581472002;0.29984718281866674;-0.31494140625;
19:41:24;245.0;1574624485;84.521;9.510394308548072;0.2641776196818909;-0.29052734375;
19:41:25;246.0;1574624486;84.831;10.794498581472002;0.29984718281866674;-0.31494140625;
19:41:26;247.0;1574624487;84.813;10.794498581472002;0.29984718281866674;-0.31494140625;
19:41:27;248.0;1574624488;84.267;11.05131943605679;0.3069810954460219;-0.31982421875;
19:41:28;249.0;1574624489;84.104;10.794498581472002;0.29984718281866674;-0.31494140625;
19:41:29;250.0;1574624490;83.96;10.922909008764398;0.3034141391323444;-0.3173828125;
19:41:30;251.0;1574624491;84.122;10.922909008764398;0.3034141391323444;-0.3173828125;
19:41:31;252.0;1574624492;84.304;11.436550717933972;0.31768196438705476;-0.3271484375;
19:41:32;253.0;1574624493;84.485;10.152446445010037;0.2820124012502788;-0.302734375;
19:41:33;254.0;1574624494;84.594;10.794498581472002;0.29984718281866674;-0.31494140625;
19:41:34;255.0;1574624495;84.467;11.05131943605679;0.3069810954460219;-0.31982421875;
19:41:35;256.0;1574624496;84.394;11.05131943605679;0.3069810954460219;-0.31982421875;
19:41:36;257.0;1574624497;84.213;11.308140290641576;0.3141150080733771;-0.32470703125;
19:41:37;258.0;1574624498;84.322;10.922909008764398;0.3034141391323444;-0.3173828125;
19:41:38;259.0;1574624499;84.412;11.05131943605679;0.3069810954460219;-0.31982421875;
19:41:39;260.0;1574624500;84.394;11.308140290641576;0.3141150080733771;-0.32470703125;
19:41:40;261.0;1574624501;84.449;11.179729863349184;0.3105480517596996;-0.322265625;
19:41:41;262.0;1574624502;84.249;11.179729863349184;0.3105480517596996;-0.322265625;
19:41:42;263.0;1574624503;83.87;11.308140290641576;0.3141150080733771;-0.32470703125;
19:41:43;264.0;1574624504;83.816;10.409267299594825;0.289146313877634;-0.3076171875;
19:41:44;265.0;1574624505;83.725;11.436550717933972;0.31768196438705476;-0.3271484375;
19:41:45;266.0;1574624506;83.816;11.950192427103545;0.33194978964176514;-0.3369140625;
19:41:46;267.0;1574624507;84.032;11.179729863349184;0.3105480517596996;-0.322265625;
19:41:47;268.0;1574624508;84.267;14.903632254828592;0.4139897848563498;-0.39306640625;
19:41:48;269.0;1574624509;84.285;11.05131943605679;0.3069810954460219;-0.31982421875;
19:41:49;270.0;1574624510;83.888;11.308140290641576;0.3141150080733771;-0.32470703125;
19:41:51;272.0;1574624511;83.654;11.179729863349184;0.3105480517596996;-0.322265625;
19:41:52;273.0;1574624513;83.834;11.308140290641576;0.3141150080733771;-0.32470703125;
19:41:53;274.0;1574624514;83.942;12.078602854395937;0.3355167459554427;-0.33935546875;
19:41:54;275.0;1574624515;84.032;11.05131943605679;0.3069810954460219;-0.31982421875;
19:41:55;276.0;1574624516;84.195;11.179729863349184;0.3105480517596996;-0.322265625;
19:41:56;277.0;1574624517;83.96;11.308140290641576;0.3141150080733771;-0.32470703125;
19:41:57;278.0;1574624519;84.086;11.308140290641576;0.3141150080733771;-0.32470703125;
19:41:58;279.0;1574624520;84.086;11.05131943605679;0.3069810954460219;-0.31982421875;
19:41:59;280.0;1574624521;83.996;11.05131943605679;0.3069810954460219;-0.31982421875;
19:42:00;281.0;1574624522;83.996;10.794498581472002;0.29984718281866674;-0.31494140625;
19:42:01;282.0;1574624523;84.159;11.05131943605679;0.3069810954460219;-0.31982421875;
19:42:02;283.0;1574624524;84.213;11.05131943605679;0.3069810954460219;-0.31982421875;
19:42:03;284.0;1574624525;84.177;11.436550717933972;0.31768196438705476;-0.3271484375;
19:42:04;285.0;1574624526;83.924;10.409267299594825;0.289146313877634;-0.3076171875;
19:42:05;286.0;1574624527;83.834;11.436550717933972;0.31768196438705476;-0.3271484375;
19:42:06;287.0;1574624528;83.78;11.308140290641576;0.3141150080733771;-0.32470703125;
19:42:07;288.0;1574624529;83.636;11.308140290641576;0.3141150080733771;-0.32470703125;
19:42:08;289.0;1574624530;83.942;11.308140290641576;0.3141150080733771;-0.32470703125;
19:42:09;290.0;1574624531;83.924;11.308140290641576;0.3141150080733771;-0.32470703125;
19:42:10;291.0;1574624532;84.05;10.024036017717647;0.2784454449366013;-0.30029296875;
19:42:11;292.0;1574624533;83.924;11.564961145226363;0.3212489207007323;-0.32958984375;
19:42:12;293.0;1574624534;84.032;10.922909008764398;0.3034141391323444;-0.3173828125;
19:42:13;294.0;1574624535;83.707;11.308140290641576;0.3141150080733771;-0.32470703125;
19:42:14;295.0;1574624536;83.6;11.308140290641576;0.3141150080733771;-0.32470703125;
19:42:15;296.0;1574624537;83.888;11.05131943605679;0.3069810954460219;-0.31982421875;
19:42:16;297.0;1574624538;83.906;10.794498581472002;0.29984718281866674;-0.31494140625;
19:42:17;298.0;1574624539;84.358;11.05131943605679;0.3069810954460219;-0.31982421875;
19:42:18;299.0;1574624540;84.032;10.280856872302433;0.28557935756395647;-0.30517578125;
19:42:20;301.0;1574624541;84.014;10.922909008764398;0.3034141391323444;-0.3173828125;
19:42:21;302.0;1574624542;84.05;10.794498581472002;0.29984718281866674;-0.31494140625;
19:42:22;303.0;1574624543;83.906;11.179729863349184;0.3105480517596996;-0.322265625;
19:42:23;304.0;1574624544;83.942;11.436550717933972;0.31768196438705476;-0.3271484375;
19:42:24;305.0;1574624545;83.834;11.564961145226363;0.3212489207007323;-0.32958984375;
19:42:25;306.0;1574624546;83.689;12.207013281688333;0.3390837022691204;-0.341796875;
19:42:26;307.0;1574624547;83.798;10.922909008764398;0.3034141391323444;-0.3173828125;
19:42:27;308.0;1574624548;83.888;11.05131943605679;0.3069810954460219;-0.31982421875;
19:42:28;309.0;1574624549;83.978;11.308140290641576;0.3141150080733771;-0.32470703125;
19:42:29;310.0;1574624550;84.104;11.05131943605679;0.3069810954460219;-0.31982421875;
19:42:30;311.0;1574624551;84.068;10.922909008764398;0.3034141391323444;-0.3173828125;
19:42:31;312.0;1574624552;84.231;11.179729863349184;0.3105480517596996;-0.322265625;
19:42:32;313.0;1574624553;84.068;11.82178199981115;0.32838283332808754;-0.33447265625;
19:42:33;314.0;1574624554;83.798;11.308140290641576;0.3141150080733771;-0.32470703125;
19:42:34;315.0;1574624555;83.546;10.922909008764398;0.3034141391323444;-0.3173828125;
19:42:35;316.0;1574624556;83.384;11.308140290641576;0.3141150080733771;-0.32470703125;
19:42:36;317.0;1574624557;83.438;10.794498581472002;0.29984718281866674;-0.31494140625;
19:42:37;318.0;1574624558;83.456;11.05131943605679;0.3069810954460219;-0.31982421875;
19:42:38;319.0;1574624559;83.456;11.05131943605679;0.3069810954460219;-0.31982421875;
19:42:39;320.0;1574624560;83.277;11.308140290641576;0.3141150080733771;-0.32470703125;
19:42:40;321.0;1574624561;83.277;10.922909008764398;0.3034141391323444;-0.3173828125;
19:42:41;322.0;1574624562;83.402;11.179729863349184;0.3105480517596996;-0.322265625;
19:42:42;323.0;1574624563;83.582;11.05131943605679;0.3069810954460219;-0.31982421875;
19:42:43;324.0;1574624564;83.924;11.05131943605679;0.3069810954460219;-0.31982421875;
19:42:44;325.0;1574624565;83.888;10.794498581472002;0.29984718281866674;-0.31494140625;
19:42:45;326.0;1574624566;83.743;11.05131943605679;0.3069810954460219;-0.31982421875;
19:42:46;327.0;1574624567;83.725;10.666088154179612;0.2962802265049892;-0.3125;
19:42:47;328.0;1574624568;83.564;11.693371572518759;0.32481587701440995;-0.33203125;
19:42:48;329.0;1574624569;83.942;10.794498581472002;0.29984718281866674;-0.31494140625;
19:42:50;331.0;1574624570;83.978;11.436550717933972;0.31768196438705476;-0.3271484375;
19:42:51;332.0;1574624572;83.834;11.179729863349184;0.3105480517596996;-0.322265625;
19:42:52;333.0;1574624573;83.636;10.922909008764398;0.3034141391323444;-0.3173828125;
19:42:53;334.0;1574624574;83.582;11.308140290641576;0.3141150080733771;-0.32470703125;
19:42:54;335.0;1574624575;83.761;11.436550717933972;0.31768196438705476;-0.3271484375;
19:42:55;336.0;1574624576;83.87;11.693371572518759;0.32481587701440995;-0.33203125;
19:42:56;337.0;1574624577;83.852;10.794498581472002;0.29984718281866674;-0.31494140625;
19:42:57;338.0;1574624578;83.798;11.05131943605679;0.3069810954460219;-0.31982421875;
19:42:58;339.0;1574624579;83.636;11.179729863349184;0.3105480517596996;-0.322265625;
19:42:59;340.0;1574624580;83.87;12.59224456356551;0.34978457121015305;-0.34912109375;
19:43:00;341.0;1574624581;83.725;12.46383413627312;0.3462176148964755;-0.3466796875;
19:43:01;342.0;1574624582;83.78;10.794498581472002;0.29984718281866674;-0.31494140625;
19:43:02;343.0;1574624583;83.6;11.179729863349184;0.3105480517596996;-0.322265625;
19:43:03;344.0;1574624584;83.295;10.794498581472002;0.29984718281866674;-0.31494140625;
19:43:04;345.0;1574624585;83.313;11.179729863349184;0.3105480517596996;-0.322265625;
19:43:05;346.0;1574624586;83.152;10.922909008764398;0.3034141391323444;-0.3173828125;
19:43:06;347.0;1574624587;83.313;11.179729863349184;0.3105480517596996;-0.322265625;
19:43:07;348.0;1574624588;83.438;11.950192427103545;0.33194978964176514;-0.3369140625;
19:43:08;349.0;1574624589;83.582;10.922909008764398;0.3034141391323444;-0.3173828125;
19:43:09;350.0;1574624590;83.6;11.950192427103545;0.33194978964176514;-0.3369140625;
19:43:10;351.0;1574624591;83.492;10.666088154179612;0.2962802265049892;-0.3125;
19:43:11;352.0;1574624592;83.582;11.05131943605679;0.3069810954460219;-0.31982421875;
19:43:12;353.0;1574624593;83.402;10.666088154179612;0.2962802265049892;-0.3125;
19:43:13;354.0;1574624594;83.42;11.308140290641576;0.3141150080733771;-0.32470703125;
19:43:14;355.0;1574624595;83.582;11.308140290641576;0.3141150080733771;-0.32470703125;
19:43:15;356.0;1574624597;83.582;11.436550717933972;0.31768196438705476;-0.3271484375;
19:43:16;357.0;1574624598;83.743;10.922909008764398;0.3034141391323444;-0.3173828125;
19:43:17;358.0;1574624599;83.582;11.308140290641576;0.3141150080733771;-0.32470703125;
19:43:18;359.0;1574624600;83.528;10.922909008764398;0.3034141391323444;-0.3173828125;
19:43:19;360.0;1574624601;83.42;11.436550717933972;0.31768196438705476;-0.3271484375;
19:43:20;361.0;1574624602;83.116;11.436550717933972;0.31768196438705476;-0.3271484375;
19:43:21;362.0;1574624603;83.564;11.05131943605679;0.3069810954460219;-0.31982421875;
19:43:22;363.0;1574624604;83.689;10.794498581472002;0.29984718281866674;-0.31494140625;
19:43:24;365.0;1574624605;83.725;11.05131943605679;0.3069810954460219;-0.31982421875;
19:43:25;366.0;1574624606;84.014;8.868342172086104;0.24634283811350288;-0.2783203125;
19:43:26;367.0;1574624607;83.743;11.436550717933972;0.31768196438705476;-0.3271484375;
19:43:27;368.0;1574624608;83.654;11.436550717933972;0.31768196438705476;-0.3271484375;
19:43:28;369.0;1574624609;83.492;11.436550717933972;0.31768196438705476;-0.3271484375;
19:43:29;370.0;1574624610;83.116;11.436550717933972;0.31768196438705476;-0.3271484375;
19:43:30;371.0;1574624611;83.062;11.308140290641576;0.3141150080733771;-0.32470703125;
19:43:31;372.0;1574624612;83.027;11.308140290641576;0.3141150080733771;-0.32470703125;
19:43:32;373.0;1574624613;83.295;11.179729863349184;0.3105480517596996;-0.322265625;
19:43:33;374.0;1574624614;83.78;10.794498581472002;0.29984718281866674;-0.31494140625;
19:43:34;375.0;1574624615;84.068;11.05131943605679;0.3069810954460219;-0.31982421875;
19:43:35;376.0;1574624616;84.122;11.179729863349184;0.3105480517596996;-0.322265625;
19:43:36;377.0;1574624617;83.906;11.308140290641576;0.3141150080733771;-0.32470703125;
19:43:37;378.0;1574624618;83.798;11.308140290641576;0.3141150080733771;-0.32470703125;
19:43:38;379.0;1574624619;83.636;11.308140290641576;0.3141150080733771;-0.32470703125;
19:43:39;380.0;1574624620;83.761;11.308140290641576;0.3141150080733771;-0.32470703125;
19:43:40;381.0;1574624621;83.672;11.308140290641576;0.3141150080733771;-0.32470703125;
19:43:41;382.0;1574624622;83.546;12.59224456356551;0.34978457121015305;-0.34912109375;
19:43:42;383.0;1574624623;83.6;10.53767772688722;0.29271327019131166;-0.31005859375;
19:43:43;384.0;1574624624;83.456;13.36270712731987;0.3711863090922186;-0.36376953125;
19:43:44;385.0;1574624625;83.564;13.36270712731987;0.3711863090922186;-0.36376953125;
19:43:45;386.0;1574624626;83.313;11.82178199981115;0.32838283332808754;-0.33447265625;
19:43:46;387.0;1574624627;83.223;11.564961145226363;0.3212489207007323;-0.32958984375;
19:43:47;388.0;1574624628;83.116;11.179729863349184;0.3105480517596996;-0.322265625;
19:43:48;389.0;1574624629;83.331;11.308140290641576;0.3141150080733771;-0.32470703125;
19:43:49;390.0;1574624630;83.582;11.05131943605679;0.3069810954460219;-0.31982421875;
19:43:50;391.0;1574624631;83.384;11.05131943605679;0.3069810954460219;-0.31982421875;
19:43:51;392.0;1574624632;83.205;10.794498581472002;0.29984718281866674;-0.31494140625;
19:43:52;393.0;1574624633;83.241;11.179729863349184;0.3105480517596996;-0.322265625;
19:43:53;394.0;1574624634;83.42;11.308140290641576;0.3141150080733771;-0.32470703125;
19:43:54;395.0;1574624635;83.384;11.05131943605679;0.3069810954460219;-0.31982421875;
19:43:55;396.0;1574624636;83.366;10.794498581472002;0.29984718281866674;-0.31494140625;
19:43:56;397.0;1574624637;83.17;9.638804735840464;0.26774457599556845;-0.29296875;
19:43:57;398.0;1574624638;82.831;11.05131943605679;0.3069810954460219;-0.31982421875;
19:43:58;399.0;1574624639;82.92;11.05131943605679;0.3069810954460219;-0.31982421875;
19:43:59;400.0;1574624640;83.223;6.6853649081154165;0.18570458078098379;-0.23681640625;
19:44:00;401.0;1574624641;83.241;10.794498581472002;0.29984718281866674;-0.31494140625;
19:44:01;402.0;1574624642;83.277;11.436550717933972;0.31768196438705476;-0.3271484375;
19:44:02;403.0;1574624644;83.205;11.05131943605679;0.3069810954460219;-0.31982421875;
19:44:03;404.0;1574624645;83.223;11.308140290641576;0.3141150080733771;-0.32470703125;
19:44:04;405.0;1574624646;83.098;11.308140290641576;0.3141150080733771;-0.32470703125;
19:44:05;406.0;1574624647;83.062;10.794498581472002;0.29984718281866674;-0.31494140625;
19:44:06;407.0;1574624648;82.938;11.179729863349184;0.3105480517596996;-0.322265625;
19:44:07;408.0;1574624649;82.76;11.564961145226363;0.3212489207007323;-0.32958984375;
19:44:08;409.0;1574624650;82.742;11.693371572518759;0.32481587701440995;-0.33203125;
19:44:09;410.0;1574624651;82.831;11.05131943605679;0.3069810954460219;-0.31982421875;
19:44:10;411.0;1574624652;83.009;10.53767772688722;0.29271327019131166;-0.31005859375;
19:44:11;412.0;1574624653;82.884;10.794498581472002;0.29984718281866674;-0.31494140625;
19:44:12;413.0;1574624654;82.848;10.922909008764398;0.3034141391323444;-0.3173828125;
19:44:13;414.0;1574624655;82.884;11.308140290641576;0.3141150080733771;-0.32470703125;
19:44:14;415.0;1574624656;82.848;11.179729863349184;0.3105480517596996;-0.322265625;
19:44:15;416.0;1574624657;82.547;11.05131943605679;0.3069810954460219;-0.31982421875;
19:44:16;417.0;1574624658;82.866;11.308140290641576;0.3141150080733771;-0.32470703125;
19:44:17;418.0;1574624659;82.742;11.308140290641576;0.3141150080733771;-0.32470703125;
19:44:18;419.0;1574624660;82.76;12.46383413627312;0.3462176148964755;-0.3466796875;
19:44:19;420.0;1574624661;83.295;10.922909008764398;0.3034141391323444;-0.3173828125;
19:44:20;421.0;1574624662;83.027;11.308140290641576;0.3141150080733771;-0.32470703125;
19:44:21;422.0;1574624663;83.241;10.794498581472002;0.29984718281866674;-0.31494140625;
19:44:22;423.0;1574624664;82.955;14.389990545659018;0.39972195960163937;-0.38330078125;
19:44:23;424.0;1574624665;82.973;11.308140290641576;0.3141150080733771;-0.32470703125;
19:44:24;425.0;1574624666;82.831;14.004759263781835;0.38902109066060653;-0.3759765625;
19:44:25;426.0;1574624667;82.724;12.078602854395937;0.3355167459554427;-0.33935546875;
19:44:26;427.0;1574624668;82.884;10.794498581472002;0.29984718281866674;-0.31494140625;
19:44:28;429.0;1574624669;82.777;11.436550717933972;0.31768196438705476;-0.3271484375;
19:44:29;430.0;1574624670;82.938;11.05131943605679;0.3069810954460219;-0.31982421875;
19:44:30;431.0;1574624671;83.134;10.794498581472002;0.29984718281866674;-0.31494140625;
19:44:31;432.0;1574624672;83.277;11.308140290641576;0.3141150080733771;-0.32470703125;
19:44:32;433.0;1574624673;83.295;11.179729863349184;0.3105480517596996;-0.322265625;
19:44:33;434.0;1574624674;83.134;11.436550717933972;0.31768196438705476;-0.3271484375;
19:44:34;435.0;1574624675;82.795;11.693371572518759;0.32481587701440995;-0.33203125;
19:44:35;436.0;1574624676;82.617;11.693371572518759;0.32481587701440995;-0.33203125;
19:44:36;437.0;1574624677;82.529;10.794498581472002;0.29984718281866674;-0.31494140625;
19:44:37;438.0;1574624678;82.582;11.05131943605679;0.3069810954460219;-0.31982421875;
19:44:38;439.0;1574624679;82.369;11.05131943605679;0.3069810954460219;-0.31982421875;
19:44:39;440.0;1574624680;82.387;9.12516302667089;0.25347675074085807;-0.283203125;
19:44:40;441.0;1574624681;82.44;11.693371572518759;0.32481587701440995;-0.33203125;
19:44:41;442.0;1574624682;82.653;10.53767772688722;0.29271327019131166;-0.31005859375;
19:44:42;443.0;1574624683;82.938;10.794498581472002;0.29984718281866674;-0.31494140625;
19:44:43;444.0;1574624684;82.884;10.794498581472002;0.29984718281866674;-0.31494140625;
19:44:44;445.0;1574624685;82.866;8.226290035624137;0.2285080565451149;-0.26611328125;
19:44:45;446.0;1574624686;82.76;10.794498581472002;0.29984718281866674;-0.31494140625;
19:44:46;447.0;1574624687;82.724;11.308140290641576;0.3141150080733771;-0.32470703125;
19:44:47;448.0;1574624688;82.938;11.05131943605679;0.3069810954460219;-0.31982421875;
19:44:48;449.0;1574624688;82.955;11.308140290641576;0.3141150080733771;-0.32470703125;
19:44:49;450.0;1574624690;82.831;11.308140290641576;0.3141150080733771;-0.32470703125;
19:44:50;451.0;1574624691;83.027;11.308140290641576;0.3141150080733771;-0.32470703125;
19:44:51;452.0;1574624692;82.866;11.308140290641576;0.3141150080733771;-0.32470703125;
19:44:52;453.0;1574624693;82.688;11.693371572518759;0.32481587701440995;-0.33203125;
19:44:53;454.0;1574624694;82.955;11.05131943605679;0.3069810954460219;-0.31982421875;
19:44:54;455.0;1574624695;82.92;11.308140290641576;0.3141150080733771;-0.32470703125;
19:44:55;456.0;1574624696;83.187;10.922909008764398;0.3034141391323444;-0.3173828125;
19:44:56;457.0;1574624697;83.241;11.308140290641576;0.3141150080733771;-0.32470703125;
19:44:57;458.0;1574624698;82.92;11.308140290641576;0.3141150080733771;-0.32470703125;
19:44:58;459.0;1574624699;82.777;12.849065418150298;0.3569184838375083;-0.35400390625;
19:44:59;460.0;1574624700;82.617;12.335423708980723;0.34265065858279786;-0.34423828125;
19:45:00;461.0;1574624701;82.92;12.335423708980723;0.34265065858279786;-0.34423828125;
19:45:01;462.0;1574624702;83.259;10.794498581472002;0.29984718281866674;-0.31494140625;
19:45:02;463.0;1574624703;83.098;11.05131943605679;0.3069810954460219;-0.31982421875;
19:45:03;464.0;1574624704;82.795;12.078602854395937;0.3355167459554427;-0.33935546875;
19:45:04;465.0;1574624705;82.582;10.922909008764398;0.3034141391323444;-0.3173828125;
19:45:05;466.0;1574624706;82.387;11.82178199981115;0.32838283332808754;-0.33447265625;
19:45:06;467.0;1574624707;82.547;11.179729863349184;0.3105480517596996;-0.322265625;
19:45:07;468.0;1574624708;82.547;11.179729863349184;0.3105480517596996;-0.322265625;
19:45:08;469.0;1574624709;82.635;10.922909008764398;0.3034141391323444;-0.3173828125;
19:45:09;470.0;1574624710;82.742;11.179729863349184;0.3105480517596996;-0.322265625;
19:45:10;471.0;1574624711;82.742;11.693371572518759;0.32481587701440995;-0.33203125;
19:45:11;472.0;1574624712;82.92;11.308140290641576;0.3141150080733771;-0.32470703125;
19:45:12;473.0;1574624713;82.884;9.76721516313286;0.2713115323092461;-0.29541015625;
19:45:13;474.0;1574624714;82.777;10.024036017717647;0.2784454449366013;-0.30029296875;
19:45:14;475.0;1574624715;82.617;10.794498581472002;0.29984718281866674;-0.31494140625;
19:45:15;476.0;1574624716;82.795;10.280856872302433;0.28557935756395647;-0.30517578125;
19:45:16;477.0;1574624717;82.795;10.53767772688722;0.29271327019131166;-0.31005859375;
19:45:17;478.0;1574624718;82.795;10.794498581472002;0.29984718281866674;-0.31494140625;
19:45:18;479.0;1574624719;82.884;11.05131943605679;0.3069810954460219;-0.31982421875;
19:45:19;480.0;1574624720;82.724;10.794498581472002;0.29984718281866674;-0.31494140625;
19:45:20;481.0;1574624721;82.246;10.794498581472002;0.29984718281866674;-0.31494140625;
19:45:21;482.0;1574624722;82.122;11.179729863349184;0.3105480517596996;-0.322265625;
19:45:22;483.0;1574624723;82.069;10.922909008764398;0.3034141391323444;-0.3173828125;
19:45:23;484.0;1574624725;82.087;11.179729863349184;0.3105480517596996;-0.322265625;
19:45:24;485.0;1574624726;82.422;11.308140290641576;0.3141150080733771;-0.32470703125;
19:45:25;486.0;1574624727;82.387;11.05131943605679;0.3069810954460219;-0.31982421875;
19:45:26;487.0;1574624728;82.564;11.05131943605679;0.3069810954460219;-0.31982421875;
19:45:27;488.0;1574624729;82.405;11.308140290641576;0.3141150080733771;-0.32470703125;
19:45:28;489.0;1574624730;82.369;11.308140290641576;0.3141150080733771;-0.32470703125;
19:45:29;490.0;1574624731;82.352;11.564961145226363;0.3212489207007323;-0.32958984375;
19:45:30;491.0;1574624732;82.14;11.564961145226363;0.3212489207007323;-0.32958984375;
19:45:31;492.0;1574624733;82.44;11.308140290641576;0.3141150080733771;-0.32470703125;
19:45:33;494.0;1574624734;82.493;10.922909008764398;0.3034141391323444;-0.3173828125;
19:45:34;495.0;1574624735;82.422;10.794498581472002;0.29984718281866674;-0.31494140625;
19:45:35;496.0;1574624736;82.422;11.308140290641576;0.3141150080733771;-0.32470703125;
19:45:36;497.0;1574624737;82.281;10.922909008764398;0.3034141391323444;-0.3173828125;
19:45:37;498.0;1574624738;82.228;10.794498581472002;0.29984718281866674;-0.31494140625;
19:45:38;499.0;1574624739;82.511;10.922909008764398;0.3034141391323444;-0.3173828125;
19:45:39;500.0;1574624740;82.281;11.05131943605679;0.3069810954460219;-0.31982421875;
19:45:40;501.0;1574624741;82.105;11.05131943605679;0.3069810954460219;-0.31982421875;
19:45:41;502.0;1574624742;82.122;11.05131943605679;0.3069810954460219;-0.31982421875;
19:45:42;503.0;1574624743;81.999;11.179729863349184;0.3105480517596996;-0.322265625;
19:45:43;504.0;1574624744;82.246;11.05131943605679;0.3069810954460219;-0.31982421875;
19:45:44;505.0;1574624745;82.299;9.76721516313286;0.2713115323092461;-0.29541015625;
19:45:45;506.0;1574624746;82.281;11.308140290641576;0.3141150080733771;-0.32470703125;
19:45:46;507.0;1574624747;82.228;11.436550717933972;0.31768196438705476;-0.3271484375;
19:45:47;508.0;1574624748;82.228;11.436550717933972;0.31768196438705476;-0.3271484375;
19:45:48;509.0;1574624749;82.422;11.179729863349184;0.3105480517596996;-0.322265625;
19:45:49;510.0;1574624750;82.44;11.564961145226363;0.3212489207007323;-0.32958984375;
19:45:50;511.0;1574624751;82.653;11.05131943605679;0.3069810954460219;-0.31982421875;
19:45:51;512.0;1574624752;82.831;11.308140290641576;0.3141150080733771;-0.32470703125;
19:45:52;513.0;1574624753;82.688;11.179729863349184;0.3105480517596996;-0.322265625;
19:45:53;514.0;1574624754;82.706;11.05131943605679;0.3069810954460219;-0.31982421875;
19:45:54;515.0;1574624755;82.547;8.483110890208925;0.23564196917247016;-0.27099609375;
19:45:55;516.0;1574624756;82.529;11.308140290641576;0.3141150080733771;-0.32470703125;
19:45:56;517.0;1574624757;82.458;11.308140290641576;0.3141150080733771;-0.32470703125;
19:45:57;518.0;1574624758;82.476;11.05131943605679;0.3069810954460219;-0.31982421875;
19:45:58;519.0;1574624759;82.458;10.794498581472002;0.29984718281866674;-0.31494140625;
19:45:59;520.0;1574624760;82.387;11.05131943605679;0.3069810954460219;-0.31982421875;
19:46:00;521.0;1574624761;82.688;10.666088154179612;0.2962802265049892;-0.3125;
19:46:01;522.0;1574624762;82.671;11.05131943605679;0.3069810954460219;-0.31982421875;
19:46:02;523.0;1574624763;82.352;11.308140290641576;0.3141150080733771;-0.32470703125;
19:46:03;524.0;1574624764;82.316;10.666088154179612;0.2962802265049892;-0.3125;
19:46:04;525.0;1574624765;81.911;10.922909008764398;0.3034141391323444;-0.3173828125;
19:46:05;526.0;1574624766;82.034;11.308140290641576;0.3141150080733771;-0.32470703125;
19:46:06;527.0;1574624767;82.228;11.436550717933972;0.31768196438705476;-0.3271484375;
19:46:07;528.0;1574624768;82.193;11.308140290641576;0.3141150080733771;-0.32470703125;
19:46:08;529.0;1574624769;82.299;12.078602854395937;0.3355167459554427;-0.33935546875;
19:46:09;530.0;1574624770;82.069;11.179729863349184;0.3105480517596996;-0.322265625;
19:46:10;531.0;1574624771;82.052;11.179729863349184;0.3105480517596996;-0.322265625;
19:46:11;532.0;1574624772;82.052;11.05131943605679;0.3069810954460219;-0.31982421875;
19:46:12;533.0;1574624773;82.157;11.82178199981115;0.32838283332808754;-0.33447265625;
19:46:13;534.0;1574624774;82.122;11.436550717933972;0.31768196438705476;-0.3271484375;
19:46:14;535.0;1574624775;82.299;11.179729863349184;0.3105480517596996;-0.322265625;
19:46:15;536.0;1574624776;81.858;11.308140290641576;0.3141150080733771;-0.32470703125;
19:46:16;537.0;1574624777;81.964;11.05131943605679;0.3069810954460219;-0.31982421875;
19:46:17;538.0;1574624778;82.105;11.308140290641576;0.3141150080733771;-0.32470703125;
19:46:18;539.0;1574624779;81.77;11.308140290641576;0.3141150080733771;-0.32470703125;
19:46:19;540.0;1574624780;82.087;11.05131943605679;0.3069810954460219;-0.31982421875;
19:46:20;541.0;1574624782;81.981;10.794498581472002;0.29984718281866674;-0.31494140625;
19:46:21;542.0;1574624783;81.718;11.179729863349184;0.3105480517596996;-0.322265625;
19:46:22;543.0;1574624784;81.841;11.308140290641576;0.3141150080733771;-0.32470703125;
19:46:23;544.0;1574624785;81.841;10.794498581472002;0.29984718281866674;-0.31494140625;
19:46:24;545.0;1574624786;81.735;10.922909008764398;0.3034141391323444;-0.3173828125;
19:46:25;546.0;1574624787;81.876;11.05131943605679;0.3069810954460219;-0.31982421875;
19:46:26;547.0;1574624788;81.63;11.82178199981115;0.32838283332808754;-0.33447265625;
19:46:27;548.0;1574624789;81.893;11.564961145226363;0.3212489207007323;-0.32958984375;
19:46:28;549.0;1574624790;81.753;11.564961145226363;0.3212489207007323;-0.32958984375;
19:46:29;550.0;1574624791;81.735;11.179729863349184;0.3105480517596996;-0.322265625;
19:46:30;551.0;1574624792;81.999;10.922909008764398;0.3034141391323444;-0.3173828125;
19:46:31;552.0;1574624793;81.612;11.05131943605679;0.3069810954460219;-0.31982421875;
19:46:32;553.0;1574624794;81.718;11.05131943605679;0.3069810954460219;-0.31982421875;
19:46:33;554.0;1574624795;81.788;11.05131943605679;0.3069810954460219;-0.31982421875;
19:46:34;555.0;1574624796;81.77;11.05131943605679;0.3069810954460219;-0.31982421875;
19:46:35;556.0;1574624797;82.016;13.491117554612266;0.37475326540589626;-0.3662109375;
19:46:37;558.0;1574624798;82.193;11.05131943605679;0.3069810954460219;-0.31982421875;
19:46:38;559.0;1574624799;82.246;11.05131943605679;0.3069810954460219;-0.31982421875;
19:46:39;560.0;1574624800;82.175;12.335423708980723;0.34265065858279786;-0.34423828125;
19:46:40;561.0;1574624801;82.087;12.335423708980723;0.34265065858279786;-0.34423828125;
19:46:41;562.0;1574624802;81.805;11.179729863349184;0.3105480517596996;-0.322265625;
19:46:42;563.0;1574624803;81.577;11.436550717933972;0.31768196438705476;-0.3271484375;
19:46:43;564.0;1574624804;81.718;11.05131943605679;0.3069810954460219;-0.31982421875;
19:46:44;565.0;1574624805;81.823;11.05131943605679;0.3069810954460219;-0.31982421875;
19:46:45;566.0;1574624806;82.069;11.05131943605679;0.3069810954460219;-0.31982421875;
19:46:46;567.0;1574624806;82.263;11.308140290641576;0.3141150080733771;-0.32470703125;
19:46:47;568.0;1574624808;81.911;11.05131943605679;0.3069810954460219;-0.31982421875;
19:46:48;569.0;1574624809;81.911;11.308140290641576;0.3141150080733771;-0.32470703125;
19:46:49;570.0;1574624810;81.542;11.308140290641576;0.3141150080733771;-0.32470703125;
19:46:50;571.0;1574624811;81.437;11.05131943605679;0.3069810954460219;-0.31982421875;
19:46:51;572.0;1574624812;81.876;11.05131943605679;0.3069810954460219;-0.31982421875;
19:46:52;573.0;1574624813;81.735;10.794498581472002;0.29984718281866674;-0.31494140625;
19:46:53;574.0;1574624814;81.981;10.666088154179612;0.2962802265049892;-0.3125;
19:46:54;575.0;1574624815;81.946;11.05131943605679;0.3069810954460219;-0.31982421875;
19:46:55;576.0;1574624816;81.665;11.179729863349184;0.3105480517596996;-0.322265625;
19:46:56;577.0;1574624817;81.63;11.179729863349184;0.3105480517596996;-0.322265625;
19:46:57;578.0;1574624818;81.35;11.179729863349184;0.3105480517596996;-0.322265625;
19:46:58;579.0;1574624819;81.403;10.794498581472002;0.29984718281866674;-0.31494140625;
19:46:59;580.0;1574624820;81.577;10.794498581472002;0.29984718281866674;-0.31494140625;
19:47:00;581.0;1574624821;81.753;11.05131943605679;0.3069810954460219;-0.31982421875;
19:47:01;582.0;1574624822;82.052;11.308140290641576;0.3141150080733771;-0.32470703125;
19:47:02;583.0;1574624823;81.928;11.308140290641576;0.3141150080733771;-0.32470703125;
19:47:03;584.0;1574624824;82.175;11.05131943605679;0.3069810954460219;-0.31982421875;
19:47:04;585.0;1574624825;81.928;11.308140290641576;0.3141150080733771;-0.32470703125;
19:47:05;586.0;1574624826;82.069;11.179729863349184;0.3105480517596996;-0.322265625;
19:47:06;587.0;1574624827;82.034;11.436550717933972;0.31768196438705476;-0.3271484375;
19:47:07;588.0;1574624829;81.648;11.308140290641576;0.3141150080733771;-0.32470703125;
19:47:08;589.0;1574624830;81.63;10.922909008764398;0.3034141391323444;-0.3173828125;
19:47:09;590.0;1574624831;81.403;11.82178199981115;0.32838283332808754;-0.33447265625;
19:47:10;591.0;1574624832;81.665;11.82178199981115;0.32838283332808754;-0.33447265625;
19:47:11;592.0;1574624833;81.612;10.152446445010037;0.2820124012502788;-0.302734375;
19:47:12;593.0;1574624834;81.735;10.922909008764398;0.3034141391323444;-0.3173828125;
19:47:13;594.0;1574624835;81.648;10.794498581472002;0.29984718281866674;-0.31494140625;
19:47:14;595.0;1574624836;81.525;10.024036017717647;0.2784454449366013;-0.30029296875;
19:47:15;596.0;1574624837;81.683;11.05131943605679;0.3069810954460219;-0.31982421875;
19:47:16;597.0;1574624838;81.542;10.922909008764398;0.3034141391323444;-0.3173828125;
19:47:17;598.0;1574624839;81.56;11.308140290641576;0.3141150080733771;-0.32470703125;
19:47:18;599.0;1574624840;81.455;11.308140290641576;0.3141150080733771;-0.32470703125;
19:47:19;600.0;1574624841;81.333;11.308140290641576;0.3141150080733771;-0.32470703125;
19:47:20;601.0;1574624842;81.368;11.179729863349184;0.3105480517596996;-0.322265625;
19:47:21;602.0;1574624843;81.49;11.308140290641576;0.3141150080733771;-0.32470703125;
19:47:22;603.0;1574624844;81.472;11.05131943605679;0.3069810954460219;-0.31982421875;
19:47:23;604.0;1574624845;81.525;11.05131943605679;0.3069810954460219;-0.31982421875;
19:47:24;605.0;1574624846;81.788;10.409267299594825;0.289146313877634;-0.3076171875;
19:47:25;606.0;1574624847;81.665;10.794498581472002;0.29984718281866674;-0.31494140625;
19:47:26;607.0;1574624848;81.683;11.436550717933972;0.31768196438705476;-0.3271484375;
19:47:27;608.0;1574624849;81.805;10.794498581472002;0.29984718281866674;-0.31494140625;
19:47:28;609.0;1574624850;81.665;11.308140290641576;0.3141150080733771;-0.32470703125;
19:47:29;610.0;1574624851;81.665;11.05131943605679;0.3069810954460219;-0.31982421875;
19:47:30;611.0;1574624852;81.665;11.308140290641576;0.3141150080733771;-0.32470703125;
19:47:31;612.0;1574624853;81.542;11.05131943605679;0.3069810954460219;-0.31982421875;
19:47:32;613.0;1574624854;81.437;11.05131943605679;0.3069810954460219;-0.31982421875;
19:47:33;614.0;1574624855;81.42;11.308140290641576;0.3141150080733771;-0.32470703125;
19:47:34;615.0;1574624856;81.403;11.05131943605679;0.3069810954460219;-0.31982421875;
19:47:35;616.0;1574624857;81.106;11.308140290641576;0.3141150080733771;-0.32470703125;
19:47:36;617.0;1574624858;81.037;11.308140290641576;0.3141150080733771;-0.32470703125;
19:47:37;618.0;1574624859;81.333;10.53767772688722;0.29271327019131166;-0.31005859375;
19:47:38;619.0;1574624860;81.542;10.922909008764398;0.3034141391323444;-0.3173828125;
19:47:39;620.0;1574624861;81.77;10.922909008764398;0.3034141391323444;-0.3173828125;
19:47:41;622.0;1574624862;81.63;11.308140290641576;0.3141150080733771;-0.32470703125;
19:47:42;623.0;1574624863;80.95;11.179729863349184;0.3105480517596996;-0.322265625;
19:47:43;624.0;1574624864;80.551;12.335423708980723;0.34265065858279786;-0.34423828125;
19:47:44;625.0;1574624865;80.517;11.179729863349184;0.3105480517596996;-0.322265625;
19:47:45;626.0;1574624866;80.551;10.922909008764398;0.3034141391323444;-0.3173828125;
19:47:46;627.0;1574624867;81.071;11.05131943605679;0.3069810954460219;-0.31982421875;
19:47:47;628.0;1574624868;81.437;13.23429670002748;0.36761935277854113;-0.361328125;
19:47:48;629.0;1574624869;81.49;11.05131943605679;0.3069810954460219;-0.31982421875;
19:47:49;630.0;1574624870;81.577;11.308140290641576;0.3141150080733771;-0.32470703125;
19:47:50;631.0;1574624871;81.298;10.794498581472002;0.29984718281866674;-0.31494140625;
19:47:51;632.0;1574624872;80.967;11.308140290641576;0.3141150080733771;-0.32470703125;
19:47:52;633.0;1574624873;80.828;10.53767772688722;0.29271327019131166;-0.31005859375;
19:47:53;634.0;1574624874;80.707;11.05131943605679;0.3069810954460219;-0.31982421875;
19:47:54;635.0;1574624875;80.898;10.794498581472002;0.29984718281866674;-0.31494140625;
19:47:55;636.0;1574624876;81.054;11.05131943605679;0.3069810954460219;-0.31982421875;
19:47:56;637.0;1574624877;81.071;11.05131943605679;0.3069810954460219;-0.31982421875;
19:47:57;638.0;1574624878;81.071;11.308140290641576;0.3141150080733771;-0.32470703125;
19:47:58;639.0;1574624879;80.863;11.179729863349184;0.3105480517596996;-0.322265625;
19:47:59;640.0;1574624880;80.707;10.794498581472002;0.29984718281866674;-0.31494140625;
19:48:00;641.0;1574624881;80.534;11.179729863349184;0.3105480517596996;-0.322265625;
19:48:01;642.0;1574624882;80.707;11.05131943605679;0.3069810954460219;-0.31982421875;
19:48:02;643.0;1574624883;80.465;10.53767772688722;0.29271327019131166;-0.31005859375;
19:48:03;644.0;1574624884;80.43;11.179729863349184;0.3105480517596996;-0.322265625;
19:48:04;645.0;1574624885;80.741;10.922909008764398;0.3034141391323444;-0.3173828125;
19:48:05;646.0;1574624886;80.707;11.179729863349184;0.3105480517596996;-0.322265625;
19:48:06;647.0;1574624887;80.967;11.308140290641576;0.3141150080733771;-0.32470703125;
19:48:07;648.0;1574624888;80.898;11.05131943605679;0.3069810954460219;-0.31982421875;
19:48:08;649.0;1574624889;80.724;10.152446445010037;0.2820124012502788;-0.302734375;
19:48:09;650.0;1574624890;80.655;11.436550717933972;0.31768196438705476;-0.3271484375;
19:48:10;651.0;1574624891;80.932;11.05131943605679;0.3069810954460219;-0.31982421875;
19:48:11;652.0;1574624892;81.054;11.564961145226363;0.3212489207007323;-0.32958984375;
19:48:12;653.0;1574624893;81.28;11.05131943605679;0.3069810954460219;-0.31982421875;
19:48:13;654.0;1574624894;81.211;11.05131943605679;0.3069810954460219;-0.31982421875;
19:48:14;655.0;1574624895;80.793;10.922909008764398;0.3034141391323444;-0.3173828125;
19:48:15;656.0;1574624896;80.915;11.308140290641576;0.3141150080733771;-0.32470703125;
19:48:16;657.0;1574624897;81.002;11.308140290641576;0.3141150080733771;-0.32470703125;
19:48:17;658.0;1574624898;81.124;10.794498581472002;0.29984718281866674;-0.31494140625;
19:48:18;659.0;1574624899;81.158;12.335423708980723;0.34265065858279786;-0.34423828125;
19:48:19;660.0;1574624900;81.054;11.308140290641576;0.3141150080733771;-0.32470703125;
19:48:20;661.0;1574624901;80.88;11.05131943605679;0.3069810954460219;-0.31982421875;
19:48:21;662.0;1574624902;80.776;11.05131943605679;0.3069810954460219;-0.31982421875;
19:48:22;663.0;1574624903;80.898;10.794498581472002;0.29984718281866674;-0.31494140625;
19:48:23;664.0;1574624904;81.141;11.179729863349184;0.3105480517596996;-0.322265625;
19:48:24;665.0;1574624905;81.054;11.308140290641576;0.3141150080733771;-0.32470703125;
19:48:25;666.0;1574624906;81.158;11.308140290641576;0.3141150080733771;-0.32470703125;
19:48:26;667.0;1574624907;81.298;11.179729863349184;0.3105480517596996;-0.322265625;
19:48:27;668.0;1574624908;81.054;10.794498581472002;0.29984718281866674;-0.31494140625;
19:48:28;669.0;1574624909;81.019;11.179729863349184;0.3105480517596996;-0.322265625;
19:48:29;670.0;1574624910;80.915;11.179729863349184;0.3105480517596996;-0.322265625;
19:48:30;671.0;1574624911;80.638;10.922909008764398;0.3034141391323444;-0.3173828125;
19:48:31;672.0;1574624912;80.482;11.308140290641576;0.3141150080733771;-0.32470703125;
19:48:32;673.0;1574624913;80.517;11.308140290641576;0.3141150080733771;-0.32470703125;
19:48:33;674.0;1574624914;80.499;10.922909008764398;0.3034141391323444;-0.3173828125;
19:48:34;675.0;1574624915;80.759;10.794498581472002;0.29984718281866674;-0.31494140625;
19:48:35;676.0;1574624916;81.002;9.76721516313286;0.2713115323092461;-0.29541015625;
19:48:36;677.0;1574624917;81.106;10.794498581472002;0.29984718281866674;-0.31494140625;
19:48:37;678.0;1574624918;81.089;11.436550717933972;0.31768196438705476;-0.3271484375;
19:48:38;679.0;1574624919;80.932;11.179729863349184;0.3105480517596996;-0.322265625;
19:48:39;680.0;1574624920;80.88;9999.0;9999.0;9999.0;
19:48:40;681.0;1574624922;80.638;11.436550717933972;0.31768196438705476;-0.3271484375;
19:48:41;682.0;1574624923;80.534;11.308140290641576;0.3141150080733771;-0.32470703125;
19:48:42;683.0;1574624924;80.69;11.436550717933972;0.31768196438705476;-0.3271484375;
19:48:43;684.0;1574624924;80.534;11.05131943605679;0.3069810954460219;-0.31982421875;
19:48:45;686.0;1574624926;80.413;11.436550717933972;0.31768196438705476;-0.3271484375;
19:48:46;687.0;1574624927;80.551;11.308140290641576;0.3141150080733771;-0.32470703125;
19:48:47;688.0;1574624928;80.448;11.05131943605679;0.3069810954460219;-0.31982421875;
19:48:48;689.0;1574624929;80.586;10.794498581472002;0.29984718281866674;-0.31494140625;
19:48:49;690.0;1574624930;80.776;11.179729863349184;0.3105480517596996;-0.322265625;
19:48:50;691.0;1574624931;80.88;12.335423708980723;0.34265065858279786;-0.34423828125;
19:48:51;692.0;1574624932;80.967;12.46383413627312;0.3462176148964755;-0.3466796875;
19:48:52;693.0;1574624933;81.054;11.308140290641576;0.3141150080733771;-0.32470703125;
19:48:53;694.0;1574624934;80.932;11.693371572518759;0.32481587701440995;-0.33203125;
19:48:54;695.0;1574624935;81.089;12.720654990857906;0.3533515275238307;-0.3515625;
19:48:55;696.0;1574624936;81.019;10.922909008764398;0.3034141391323444;-0.3173828125;
19:48:56;697.0;1574624937;80.88;12.849065418150298;0.3569184838375083;-0.35400390625;
19:48:57;698.0;1574624938;81.106;11.05131943605679;0.3069810954460219;-0.31982421875;
19:48:58;699.0;1574624939;80.672;11.05131943605679;0.3069810954460219;-0.31982421875;
19:48:59;700.0;1574624940;80.568;11.05131943605679;0.3069810954460219;-0.31982421875;
19:49:00;701.0;1574624941;80.568;11.308140290641576;0.3141150080733771;-0.32470703125;
19:49:01;702.0;1574624942;80.69;11.308140290641576;0.3141150080733771;-0.32470703125;
19:49:02;703.0;1574624943;80.845;10.794498581472002;0.29984718281866674;-0.31494140625;
19:49:03;704.0;1574624944;80.984;11.179729863349184;0.3105480517596996;-0.322265625;
19:49:04;705.0;1574624945;80.898;11.308140290641576;0.3141150080733771;-0.32470703125;
19:49:05;706.0;1574624946;80.551;10.922909008764398;0.3034141391323444;-0.3173828125;
19:49:06;707.0;1574624947;80.603;11.05131943605679;0.3069810954460219;-0.31982421875;
19:49:07;708.0;1574624948;80.258;10.794498581472002;0.29984718281866674;-0.31494140625;
19:49:08;709.0;1574624949;80.379;11.308140290641576;0.3141150080733771;-0.32470703125;
19:49:09;710.0;1574624950;80.534;10.409267299594825;0.289146313877634;-0.3076171875;
19:49:10;711.0;1574624951;80.396;11.693371572518759;0.32481587701440995;-0.33203125;
19:49:11;712.0;1574624952;80.499;11.436550717933972;0.31768196438705476;-0.3271484375;
19:49:12;713.0;1574624953;80.43;10.409267299594825;0.289146313877634;-0.3076171875;
19:49:13;714.0;1574624954;80.275;11.693371572518759;0.32481587701440995;-0.33203125;
19:49:14;715.0;1574624955;80.172;11.308140290641576;0.3141150080733771;-0.32470703125;
19:49:15;716.0;1574624956;80.172;11.308140290641576;0.3141150080733771;-0.32470703125;
19:49:16;717.0;1574624957;80.241;10.794498581472002;0.29984718281866674;-0.31494140625;
19:49:17;718.0;1574624958;80.241;10.922909008764398;0.3034141391323444;-0.3173828125;
19:49:18;719.0;1574624959;80.413;11.308140290641576;0.3141150080733771;-0.32470703125;
19:49:19;720.0;1574624960;80.465;11.308140290641576;0.3141150080733771;-0.32470703125;
19:49:20;721.0;1574624961;80.448;11.308140290641576;0.3141150080733771;-0.32470703125;
19:49:21;722.0;1574624962;80.465;11.179729863349184;0.3105480517596996;-0.322265625;
19:49:22;723.0;1574624963;80.224;11.05131943605679;0.3069810954460219;-0.31982421875;
19:49:23;724.0;1574624964;79.932;10.794498581472002;0.29984718281866674;-0.31494140625;
19:49:24;725.0;1574624965;79.846;10.922909008764398;0.3034141391323444;-0.3173828125;
19:49:25;726.0;1574624966;79.726;10.794498581472002;0.29984718281866674;-0.31494140625;
19:49:26;727.0;1574624968;79.846;11.564961145226363;0.3212489207007323;-0.32958984375;
19:49:27;728.0;1574624969;80.103;11.308140290641576;0.3141150080733771;-0.32470703125;
19:49:28;729.0;1574624970;80.189;10.666088154179612;0.2962802265049892;-0.3125;
19:49:29;730.0;1574624971;80.189;12.078602854395937;0.3355167459554427;-0.33935546875;
19:49:30;731.0;1574624972;80.206;11.564961145226363;0.3212489207007323;-0.32958984375;
19:49:31;732.0;1574624973;80.12;11.950192427103545;0.33194978964176514;-0.3369140625;
19:49:32;733.0;1574624974;80.138;11.564961145226363;0.3212489207007323;-0.32958984375;
19:49:33;734.0;1574624975;80.396;11.308140290641576;0.3141150080733771;-0.32470703125;
19:49:34;735.0;1574624976;80.413;11.05131943605679;0.3069810954460219;-0.31982421875;
19:49:35;736.0;1574624977;80.551;11.950192427103545;0.33194978964176514;-0.3369140625;
19:49:36;737.0;1574624978;80.551;11.308140290641576;0.3141150080733771;-0.32470703125;
19:49:37;738.0;1574624979;80.586;11.308140290641576;0.3141150080733771;-0.32470703125;
19:49:38;739.0;1574624980;80.482;11.05131943605679;0.3069810954460219;-0.31982421875;
19:49:39;740.0;1574624981;80.361;10.794498581472002;0.29984718281866674;-0.31494140625;
19:49:40;741.0;1574624982;80.103;11.05131943605679;0.3069810954460219;-0.31982421875;
19:49:41;742.0;1574624983;80.035;11.308140290641576;0.3141150080733771;-0.32470703125;
19:49:42;743.0;1574624984;80.12;8.611521317501317;0.2392089254861477;-0.2734375;
19:49:43;744.0;1574624985;80.052;11.05131943605679;0.3069810954460219;-0.31982421875;
19:49:44;745.0;1574624986;80.258;12.207013281688333;0.3390837022691204;-0.341796875;
19:49:45;746.0;1574624987;80.172;11.179729863349184;0.3105480517596996;-0.322265625;
19:49:46;747.0;1574624988;79.88;11.308140290641576;0.3141150080733771;-0.32470703125;
19:49:47;748.0;1574624989;80.052;11.308140290641576;0.3141150080733771;-0.32470703125;
19:49:49;750.0;1574624990;79.915;11.179729863349184;0.3105480517596996;-0.322265625;
19:49:50;751.0;1574624991;80.017;10.794498581472002;0.29984718281866674;-0.31494140625;
19:49:51;752.0;1574624992;80.344;11.05131943605679;0.3069810954460219;-0.31982421875;
19:49:52;753.0;1574624993;80.069;11.179729863349184;0.3105480517596996;-0.322265625;
19:49:53;754.0;1574624994;79.983;10.280856872302433;0.28557935756395647;-0.30517578125;
19:49:54;755.0;1574624995;79.897;10.409267299594825;0.289146313877634;-0.3076171875;
19:49:55;756.0;1574624996;79.743;11.179729863349184;0.3105480517596996;-0.322265625;
19:49:56;757.0;1574624997;80.017;11.308140290641576;0.3141150080733771;-0.32470703125;
19:49:57;758.0;1574624998;80.035;11.693371572518759;0.32481587701440995;-0.33203125;
19:49:58;759.0;1574624999;79.692;10.794498581472002;0.29984718281866674;-0.31494140625;
19:49:59;760.0;1574625000;79.76;11.308140290641576;0.3141150080733771;-0.32470703125;
19:50:00;761.0;1574625001;79.795;11.179729863349184;0.3105480517596996;-0.322265625;
19:50:01;762.0;1574625002;80.035;11.308140290641576;0.3141150080733771;-0.32470703125;
19:50:02;763.0;1574625003;80.396;12.207013281688333;0.3390837022691204;-0.341796875;
19:50:03;764.0;1574625004;80.465;11.179729863349184;0.3105480517596996;-0.322265625;
19:50:04;765.0;1574625005;80.241;11.05131943605679;0.3069810954460219;-0.31982421875;
19:50:05;766.0;1574625006;80.275;11.436550717933972;0.31768196438705476;-0.3271484375;
19:50:06;767.0;1574625007;80.069;10.794498581472002;0.29984718281866674;-0.31494140625;
19:50:07;768.0;1574625008;79.915;13.36270712731987;0.3711863090922186;-0.36376953125;
19:50:08;769.0;1574625009;80.224;11.179729863349184;0.3105480517596996;-0.322265625;
19:50:09;770.0;1574625010;80.035;12.335423708980723;0.34265065858279786;-0.34423828125;
19:50:10;771.0;1574625011;80.224;12.207013281688333;0.3390837022691204;-0.341796875;
19:50:11;772.0;1574625012;80.258;10.794498581472002;0.29984718281866674;-0.31494140625;
19:50:12;773.0;1574625013;80.103;11.05131943605679;0.3069810954460219;-0.31982421875;
19:50:13;774.0;1574625014;79.966;11.179729863349184;0.3105480517596996;-0.322265625;
19:50:14;775.0;1574625015;80.052;10.794498581472002;0.29984718281866674;-0.31494140625;
19:50:15;776.0;1574625016;80.189;11.05131943605679;0.3069810954460219;-0.31982421875;
19:50:16;777.0;1574625017;80.086;10.794498581472002;0.29984718281866674;-0.31494140625;
19:50:17;778.0;1574625018;80.241;11.05131943605679;0.3069810954460219;-0.31982421875;
19:50:18;779.0;1574625019;79.966;10.666088154179612;0.2962802265049892;-0.3125;
19:50:19;780.0;1574625020;79.966;10.922909008764398;0.3034141391323444;-0.3173828125;
19:50:20;781.0;1574625021;79.966;11.179729863349184;0.3105480517596996;-0.322265625;
19:50:21;782.0;1574625022;79.795;11.05131943605679;0.3069810954460219;-0.31982421875;
19:50:22;783.0;1574625023;79.658;10.53767772688722;0.29271327019131166;-0.31005859375;
19:50:23;784.0;1574625024;79.487;10.794498581472002;0.29984718281866674;-0.31494140625;
19:50:24;785.0;1574625025;79.334;11.693371572518759;0.32481587701440995;-0.33203125;
19:50:25;786.0;1574625026;79.147;11.308140290641576;0.3141150080733771;-0.32470703125;
19:50:26;787.0;1574625027;79.436;10.024036017717647;0.2784454449366013;-0.30029296875;
19:50:27;788.0;1574625028;79.453;11.308140290641576;0.3141150080733771;-0.32470703125;
19:50:28;789.0;1574625029;79.726;11.308140290641576;0.3141150080733771;-0.32470703125;
19:50:29;790.0;1574625030;80.086;11.179729863349184;0.3105480517596996;-0.322265625;
19:50:30;791.0;1574625031;80.035;10.794498581472002;0.29984718281866674;-0.31494140625;
19:50:31;792.0;1574625032;79.88;11.179729863349184;0.3105480517596996;-0.322265625;
19:50:32;793.0;1574625033;79.726;11.436550717933972;0.31768196438705476;-0.3271484375;
19:50:33;794.0;1574625035;79.624;11.05131943605679;0.3069810954460219;-0.31982421875;
19:50:34;795.0;1574625036;79.453;11.308140290641576;0.3141150080733771;-0.32470703125;
19:50:35;796.0;1574625037;79.47;10.794498581472002;0.29984718281866674;-0.31494140625;
19:50:36;797.0;1574625038;79.521;12.335423708980723;0.34265065858279786;-0.34423828125;
19:50:37;798.0;1574625039;79.504;11.564961145226363;0.3212489207007323;-0.32958984375;
19:50:38;799.0;1574625040;79.726;11.179729863349184;0.3105480517596996;-0.322265625;
19:50:39;800.0;1574625041;79.726;12.720654990857906;0.3533515275238307;-0.3515625;
19:50:40;801.0;1574625042;79.607;11.693371572518759;0.32481587701440995;-0.33203125;
19:50:42;803.0;1574625043;79.504;11.05131943605679;0.3069810954460219;-0.31982421875;
19:50:43;804.0;1574625045;79.521;11.308140290641576;0.3141150080733771;-0.32470703125;
19:50:44;805.0;1574625046;79.453;10.794498581472002;0.29984718281866674;-0.31494140625;
19:50:45;806.0;1574625047;79.47;11.308140290641576;0.3141150080733771;-0.32470703125;
19:50:46;807.0;1574625048;79.521;11.179729863349184;0.3105480517596996;-0.322265625;
19:50:47;808.0;1574625049;79.47;11.05131943605679;0.3069810954460219;-0.31982421875;
19:50:48;809.0;1574625050;79.538;11.05131943605679;0.3069810954460219;-0.31982421875;
19:50:49;810.0;1574625051;79.3;11.179729863349184;0.3105480517596996;-0.322265625;
19:50:50;811.0;1574625052;79.215;11.308140290641576;0.3141150080733771;-0.32470703125;
19:50:51;812.0;1574625053;78.978;11.179729863349184;0.3105480517596996;-0.322265625;
19:50:53;814.0;1574625054;79.012;10.922909008764398;0.3034141391323444;-0.3173828125;
19:50:54;815.0;1574625055;79.249;11.436550717933972;0.31768196438705476;-0.3271484375;
19:50:55;816.0;1574625056;79.113;11.308140290641576;0.3141150080733771;-0.32470703125;
19:50:56;817.0;1574625057;79.402;11.179729863349184;0.3105480517596996;-0.322265625;
19:50:57;818.0;1574625058;79.453;11.308140290641576;0.3141150080733771;-0.32470703125;
19:50:58;819.0;1574625059;79.487;11.82178199981115;0.32838283332808754;-0.33447265625;
19:50:59;820.0;1574625060;79.607;10.922909008764398;0.3034141391323444;-0.3173828125;
19:51:00;821.0;1574625061;79.538;10.922909008764398;0.3034141391323444;-0.3173828125;
19:51:01;822.0;1574625062;79.59;11.436550717933972;0.31768196438705476;-0.3271484375;
19:51:02;823.0;1574625063;79.573;11.05131943605679;0.3069810954460219;-0.31982421875;
19:51:03;824.0;1574625064;79.419;11.436550717933972;0.31768196438705476;-0.3271484375;
19:51:04;825.0;1574625065;79.641;11.308140290641576;0.3141150080733771;-0.32470703125;
19:51:05;826.0;1574625066;79.436;11.05131943605679;0.3069810954460219;-0.31982421875;
19:51:06;827.0;1574625067;79.47;11.436550717933972;0.31768196438705476;-0.3271484375;
19:51:07;828.0;1574625068;79.453;10.666088154179612;0.2962802265049892;-0.3125;
19:51:08;829.0;1574625069;79.385;11.436550717933972;0.31768196438705476;-0.3271484375;
19:51:09;830.0;1574625070;79.317;11.564961145226363;0.3212489207007323;-0.32958984375;
19:51:10;831.0;1574625071;78.995;10.922909008764398;0.3034141391323444;-0.3173828125;
19:51:11;832.0;1574625072;78.724;10.922909008764398;0.3034141391323444;-0.3173828125;
19:51:12;833.0;1574625073;78.623;11.308140290641576;0.3141150080733771;-0.32470703125;
19:51:13;834.0;1574625074;78.589;11.179729863349184;0.3105480517596996;-0.322265625;
19:51:14;835.0;1574625075;78.843;10.922909008764398;0.3034141391323444;-0.3173828125;
19:51:15;836.0;1574625076;79.062;10.024036017717647;0.2784454449366013;-0.30029296875;
19:51:16;837.0;1574625077;79.283;13.36270712731987;0.3711863090922186;-0.36376953125;
19:51:17;838.0;1574625078;79.59;11.693371572518759;0.32481587701440995;-0.33203125;
19:51:18;839.0;1574625079;79.641;11.693371572518759;0.32481587701440995;-0.33203125;
19:51:19;840.0;1574625080;79.915;10.922909008764398;0.3034141391323444;-0.3173828125;
19:51:20;841.0;1574625081;79.709;10.922909008764398;0.3034141391323444;-0.3173828125;
19:51:21;842.0;1574625082;79.59;11.05131943605679;0.3069810954460219;-0.31982421875;
19:51:22;843.0;1574625083;79.283;10.922909008764398;0.3034141391323444;-0.3173828125;
19:51:23;844.0;1574625084;78.961;11.308140290641576;0.3141150080733771;-0.32470703125;
19:51:24;845.0;1574625085;78.826;11.179729863349184;0.3105480517596996;-0.322265625;
19:51:25;846.0;1574625086;78.876;10.152446445010037;0.2820124012502788;-0.302734375;
19:51:26;847.0;1574625087;79.147;10.666088154179612;0.2962802265049892;-0.3125;
19:51:27;848.0;1574625088;78.978;11.179729863349184;0.3105480517596996;-0.322265625;
19:51:28;849.0;1574625089;78.961;11.179729863349184;0.3105480517596996;-0.322265625;
19:51:29;850.0;1574625090;78.758;11.179729863349184;0.3105480517596996;-0.322265625;
19:51:30;851.0;1574625091;78.657;9.76721516313286;0.2713115323092461;-0.29541015625;
19:51:31;852.0;1574625092;79.13;9.89562559042525;0.27487848862292363;-0.2978515625;
19:51:32;853.0;1574625093;79.164;11.436550717933972;0.31768196438705476;-0.3271484375;
19:51:33;854.0;1574625094;79.436;11.179729863349184;0.3105480517596996;-0.322265625;
19:51:34;855.0;1574625095;79.368;10.794498581472002;0.29984718281866674;-0.31494140625;
19:51:35;856.0;1574625096;78.927;11.308140290641576;0.3141150080733771;-0.32470703125;
19:51:36;857.0;1574625097;79.029;11.308140290641576;0.3141150080733771;-0.32470703125;
19:51:37;858.0;1574625098;78.843;11.564961145226363;0.3212489207007323;-0.32958984375;
19:51:38;859.0;1574625099;78.893;11.308140290641576;0.3141150080733771;-0.32470703125;
19:51:39;860.0;1574625100;79.283;11.308140290641576;0.3141150080733771;-0.32470703125;
19:51:40;861.0;1574625101;79.3;10.794498581472002;0.29984718281866674;-0.31494140625;
19:51:41;862.0;1574625102;79.181;11.693371572518759;0.32481587701440995;-0.33203125;
19:51:42;863.0;1574625103;79.062;10.409267299594825;0.289146313877634;-0.3076171875;
19:51:43;864.0;1574625104;78.978;11.308140290641576;0.3141150080733771;-0.32470703125;
19:51:44;865.0;1574625105;79.062;10.794498581472002;0.29984718281866674;-0.31494140625;
19:51:45;866.0;1574625106;79.164;10.666088154179612;0.2962802265049892;-0.3125;
19:51:46;867.0;1574625107;79.283;11.308140290641576;0.3141150080733771;-0.32470703125;
19:51:47;868.0;1574625109;79.147;11.05131943605679;0.3069810954460219;-0.31982421875;
