Time;Seconds from start for linreg;Unix Time;ch1 po2;Uc;Ubl;Vc;
00:06:39;-1.0;1577578000;96.473;26.849803697442432;0.7627785141318872;-0.61767578125;
00:06:40;0.0;1577578001;96.306;26.849803697442432;0.7627785141318872;-0.61767578125;
00:06:41;1.0;1577578002;96.39;26.849803697442432;0.7627785141318872;-0.61767578125;
00:06:42;2.0;1577578003;96.18;26.849803697442432;0.7627785141318872;-0.61767578125;
00:06:43;3.0;1577578004;96.327;26.849803697442432;0.7627785141318872;-0.61767578125;
00:06:44;4.0;1577578005;96.494;26.849803697442432;0.7627785141318872;-0.61767578125;
00:06:45;5.0;1577578006;96.243;26.849803697442432;0.7627785141318872;-0.61767578125;
00:06:46;6.0;1577578007;96.285;26.849803697442432;0.7627785141318872;-0.61767578125;
00:06:47;7.0;1577578008;96.39;26.849803697442432;0.7627785141318872;-0.61767578125;
00:06:48;8.0;1577578009;96.097;26.849803697442432;0.7627785141318872;-0.61767578125;
00:06:50;10.0;1577578010;95.972;26.849803697442432;0.7627785141318872;-0.61767578125;
00:06:51;11.0;1577578012;96.201;26.849803697442432;0.7627785141318872;-0.61767578125;
00:06:52;12.0;1577578013;96.746;26.849803697442432;0.7627785141318872;-0.61767578125;
00:06:53;13.0;1577578014;96.767;26.849803697442432;0.7627785141318872;-0.61767578125;
00:06:54;14.0;1577578015;96.62;26.849803697442432;0.7627785141318872;-0.61767578125;
00:06:55;15.0;1577578016;96.348;26.849803697442432;0.7627785141318872;-0.61767578125;
00:06:56;16.0;1577578017;95.806;26.849803697442432;0.7627785141318872;-0.61767578125;
00:06:57;17.0;1577578018;95.847;26.849803697442432;0.7627785141318872;-0.61767578125;
00:06:58;18.0;1577578019;95.847;26.849803697442432;0.7627785141318872;-0.61767578125;
00:06:59;19.0;1577578020;95.432;26.849803697442432;0.7627785141318872;-0.61767578125;
00:07:00;20.0;1577578021;95.453;26.849803697442432;0.7627785141318872;-0.61767578125;
00:07:01;21.0;1577578022;95.411;26.849803697442432;0.7627785141318872;-0.61767578125;
00:07:02;22.0;1577578023;95.164;26.849803697442432;0.7627785141318872;-0.61767578125;
00:07:03;23.0;1577578024;95.37;26.849803697442432;0.7627785141318872;-0.61767578125;
00:07:04;24.0;1577578025;95.432;26.849803697442432;0.7627785141318872;-0.61767578125;
00:07:05;25.0;1577578027;95.847;26.849803697442432;0.7627785141318872;-0.61767578125;
00:07:06;26.0;1577578028;96.327;26.849803697442432;0.7627785141318872;-0.61767578125;
00:07:07;27.0;1577578029;96.18;26.849803697442432;0.7627785141318872;-0.61767578125;
00:07:08;28.0;1577578030;96.118;26.849803697442432;0.7627785141318872;-0.61767578125;
00:07:09;29.0;1577578031;95.702;26.849803697442432;0.7627785141318872;-0.61767578125;
00:07:10;30.0;1577578032;95.681;26.849803697442432;0.7627785141318872;-0.61767578125;
00:07:11;31.0;1577578033;95.868;26.849803697442432;0.7627785141318872;-0.61767578125;
00:07:13;33.0;1577578034;96.306;26.849803697442432;0.7627785141318872;-0.61767578125;
00:07:14;34.0;1577578035;96.767;26.849803697442432;0.7627785141318872;-0.61767578125;
00:07:15;35.0;1577578036;96.306;26.849803697442432;0.7627785141318872;-0.61767578125;
00:07:16;36.0;1577578037;96.515;26.849803697442432;0.7627785141318872;-0.61767578125;
00:07:17;37.0;1577578038;96.16;26.849803697442432;0.7627785141318872;-0.61767578125;
00:07:18;38.0;1577578039;95.66;26.849803697442432;0.7627785141318872;-0.61767578125;
00:07:19;39.0;1577578040;95.889;26.849803697442432;0.7627785141318872;-0.61767578125;
00:07:20;40.0;1577578041;95.453;26.849803697442432;0.7627785141318872;-0.61767578125;
00:07:21;41.0;1577578042;95.639;26.849803697442432;0.7627785141318872;-0.61767578125;
00:07:22;42.0;1577578043;95.868;26.849803697442432;0.7627785141318872;-0.61767578125;
00:07:23;43.0;1577578044;95.868;26.849803697442432;0.7627785141318872;-0.61767578125;
00:07:24;44.0;1577578045;96.264;26.849803697442432;0.7627785141318872;-0.61767578125;
00:07:25;45.0;1577578046;96.243;26.849803697442432;0.7627785141318872;-0.61767578125;
00:07:26;46.0;1577578047;96.055;26.849803697442432;0.7627785141318872;-0.61767578125;
00:07:27;47.0;1577578048;96.097;26.849803697442432;0.7627785141318872;-0.61767578125;
00:07:28;48.0;1577578049;96.118;26.849803697442432;0.7627785141318872;-0.61767578125;
00:07:29;49.0;1577578050;96.201;26.849803697442432;0.7627785141318872;-0.61767578125;
00:07:30;50.0;1577578051;96.431;26.849803697442432;0.7627785141318872;-0.61767578125;
00:07:31;51.0;1577578052;96.41;26.849803697442432;0.7627785141318872;-0.61767578125;
00:07:32;52.0;1577578053;95.93;26.849803697442432;0.7627785141318872;-0.61767578125;
00:07:33;53.0;1577578054;95.66;26.849803697442432;0.7627785141318872;-0.61767578125;
00:07:34;54.0;1577578055;95.391;26.849803697442432;0.7627785141318872;-0.61767578125;
00:07:35;55.0;1577578056;95.391;26.849803697442432;0.7627785141318872;-0.61767578125;
00:07:36;56.0;1577578057;95.619;26.849803697442432;0.7627785141318872;-0.61767578125;
00:07:37;57.0;1577578058;96.034;26.849803697442432;0.7627785141318872;-0.61767578125;
00:07:38;58.0;1577578059;96.118;26.849803697442432;0.7627785141318872;-0.61767578125;
00:07:39;59.0;1577578060;95.868;26.849803697442432;0.7627785141318872;-0.61767578125;
00:07:40;60.0;1577578061;95.681;26.849803697442432;0.7627785141318872;-0.61767578125;
00:07:41;61.0;1577578062;95.474;26.849803697442432;0.7627785141318872;-0.61767578125;
00:07:42;62.0;1577578063;95.432;26.849803697442432;0.7627785141318872;-0.61767578125;
00:07:43;63.0;1577578064;95.702;26.849803697442432;0.7627785141318872;-0.61767578125;
00:07:44;64.0;1577578065;95.722;26.849803697442432;0.7627785141318872;-0.61767578125;
00:07:45;65.0;1577578066;95.702;26.849803697442432;0.7627785141318872;-0.61767578125;
00:07:46;66.0;1577578067;95.515;26.849803697442432;0.7627785141318872;-0.61767578125;
00:07:47;67.0;1577578068;95.432;26.849803697442432;0.7627785141318872;-0.61767578125;
00:07:48;68.0;1577578069;95.847;26.849803697442432;0.7627785141318872;-0.61767578125;
00:07:49;69.0;1577578070;95.909;26.849803697442432;0.7627785141318872;-0.61767578125;
00:07:50;70.0;1577578071;96.076;26.849803697442432;0.7627785141318872;-0.61767578125;
00:07:51;71.0;1577578073;96.306;26.849803697442432;0.7627785141318872;-0.61767578125;
00:07:52;72.0;1577578074;96.118;26.849803697442432;0.7627785141318872;-0.61767578125;
00:07:53;73.0;1577578075;96.014;26.849803697442432;0.7627785141318872;-0.61767578125;
00:07:54;74.0;1577578076;95.993;26.849803697442432;0.7627785141318872;-0.61767578125;
00:07:55;75.0;1577578077;95.764;26.849803697442432;0.7627785141318872;-0.61767578125;
00:07:56;76.0;1577578078;95.785;26.849803697442432;0.7627785141318872;-0.61767578125;
00:07:57;77.0;1577578079;95.619;26.849803697442432;0.7627785141318872;-0.61767578125;
00:07:58;78.0;1577578080;96.118;26.849803697442432;0.7627785141318872;-0.61767578125;
00:07:59;79.0;1577578081;96.222;26.849803697442432;0.7627785141318872;-0.61767578125;
00:08:00;80.0;1577578082;96.16;26.849803697442432;0.7627785141318872;-0.61767578125;
00:08:01;81.0;1577578083;95.951;26.849803697442432;0.7627785141318872;-0.61767578125;
00:08:02;82.0;1577578084;95.951;26.849803697442432;0.7627785141318872;-0.61767578125;
00:08:03;83.0;1577578085;95.909;26.849803697442432;0.7627785141318872;-0.61767578125;
00:08:04;84.0;1577578086;95.909;26.849803697442432;0.7627785141318872;-0.61767578125;
00:08:05;85.0;1577578087;96.264;26.849803697442432;0.7627785141318872;-0.61767578125;
00:08:06;86.0;1577578088;95.785;26.849803697442432;0.7627785141318872;-0.61767578125;
00:08:07;87.0;1577578089;95.743;26.849803697442432;0.7627785141318872;-0.61767578125;
00:08:08;88.0;1577578090;95.722;26.849803697442432;0.7627785141318872;-0.61767578125;
00:08:09;89.0;1577578091;95.556;26.849803697442432;0.7627785141318872;-0.61767578125;
00:08:10;90.0;1577578092;95.308;26.849803697442432;0.7627785141318872;-0.61767578125;
00:08:11;91.0;1577578093;95.577;26.849803697442432;0.7627785141318872;-0.61767578125;
00:08:12;92.0;1577578094;95.577;26.849803697442432;0.7627785141318872;-0.61767578125;
00:08:13;93.0;1577578095;95.391;26.849803697442432;0.7627785141318872;-0.61767578125;
00:08:14;94.0;1577578096;95.681;26.849803697442432;0.7627785141318872;-0.61767578125;
00:08:15;95.0;1577578097;95.639;26.849803697442432;0.7627785141318872;-0.61767578125;
00:08:17;97.0;1577578098;95.515;26.849803697442432;0.7627785141318872;-0.61767578125;
00:08:18;98.0;1577578099;95.556;26.849803697442432;0.7627785141318872;-0.61767578125;
00:08:19;99.0;1577578100;95.785;26.849803697442432;0.7627785141318872;-0.61767578125;
00:08:20;100.0;1577578101;95.889;26.849803697442432;0.7627785141318872;-0.61767578125;
00:08:21;101.0;1577578102;96.285;26.849803697442432;0.7627785141318872;-0.61767578125;
00:08:22;102.0;1577578103;96.494;26.849803697442432;0.7627785141318872;-0.61767578125;
00:08:23;103.0;1577578104;96.473;26.849803697442432;0.7627785141318872;-0.61767578125;
00:08:24;104.0;1577578105;96.452;26.849803697442432;0.7627785141318872;-0.61767578125;
00:08:25;105.0;1577578106;96.16;26.849803697442432;0.7627785141318872;-0.61767578125;
00:08:26;106.0;1577578107;96.16;26.849803697442432;0.7627785141318872;-0.61767578125;
00:08:27;107.0;1577578108;96.18;26.849803697442432;0.7627785141318872;-0.61767578125;
00:08:28;108.0;1577578109;96.327;26.849803697442432;0.7627785141318872;-0.61767578125;
00:08:29;109.0;1577578110;96.39;26.849803697442432;0.7627785141318872;-0.61767578125;
00:08:30;110.0;1577578111;96.369;26.849803697442432;0.7627785141318872;-0.61767578125;
00:08:31;111.0;1577578112;95.951;26.849803697442432;0.7627785141318872;-0.61767578125;
00:08:32;112.0;1577578113;95.246;26.849803697442432;0.7627785141318872;-0.61767578125;
00:08:33;113.0;1577578114;95.04;26.849803697442432;0.7627785141318872;-0.61767578125;
00:08:34;114.0;1577578115;94.793;26.849803697442432;0.7627785141318872;-0.61767578125;
00:08:35;115.0;1577578116;95.164;26.849803697442432;0.7627785141318872;-0.61767578125;
00:08:36;116.0;1577578117;95.474;26.849803697442432;0.7627785141318872;-0.61767578125;
00:08:37;117.0;1577578118;95.66;26.849803697442432;0.7627785141318872;-0.61767578125;
00:08:38;118.0;1577578119;95.847;26.849803697442432;0.7627785141318872;-0.61767578125;
00:08:39;119.0;1577578120;95.494;26.849803697442432;0.7627785141318872;-0.61767578125;
00:08:40;120.0;1577578121;95.184;26.849803697442432;0.7627785141318872;-0.61767578125;
00:08:41;121.0;1577578122;95.267;26.849803697442432;0.7627785141318872;-0.61767578125;
00:08:42;122.0;1577578123;95.308;26.849803697442432;0.7627785141318872;-0.61767578125;
00:08:43;123.0;1577578124;95.639;26.849803697442432;0.7627785141318872;-0.61767578125;
00:08:44;124.0;1577578125;96.118;26.849803697442432;0.7627785141318872;-0.61767578125;
00:08:45;125.0;1577578126;95.826;26.849803697442432;0.7627785141318872;-0.61767578125;
00:08:46;126.0;1577578127;95.556;26.849803697442432;0.7627785141318872;-0.61767578125;
00:08:48;128.0;1577578128;94.896;26.849803697442432;0.7627785141318872;-0.61767578125;
00:08:49;129.0;1577578130;95.102;26.849803697442432;0.7627785141318872;-0.61767578125;
00:08:50;130.0;1577578131;95.349;26.849803697442432;0.7627785141318872;-0.61767578125;
00:08:51;131.0;1577578132;95.143;26.849803697442432;0.7627785141318872;-0.61767578125;
00:08:52;132.0;1577578133;95.143;26.849803697442432;0.7627785141318872;-0.61767578125;
00:08:53;133.0;1577578134;95.143;26.849803697442432;0.7627785141318872;-0.61767578125;
00:08:54;134.0;1577578135;95.122;26.849803697442432;0.7627785141318872;-0.61767578125;
00:08:55;135.0;1577578136;95.556;26.849803697442432;0.7627785141318872;-0.61767578125;
00:08:56;136.0;1577578137;95.556;26.849803697442432;0.7627785141318872;-0.61767578125;
00:08:57;137.0;1577578138;95.577;26.849803697442432;0.7627785141318872;-0.61767578125;
00:08:58;138.0;1577578139;95.619;26.849803697442432;0.7627785141318872;-0.61767578125;
00:08:59;139.0;1577578140;95.889;26.849803697442432;0.7627785141318872;-0.61767578125;
00:09:00;140.0;1577578141;95.993;26.849803697442432;0.7627785141318872;-0.61767578125;
00:09:01;141.0;1577578142;95.764;26.849803697442432;0.7627785141318872;-0.61767578125;
00:09:02;142.0;1577578143;95.536;26.849803697442432;0.7627785141318872;-0.61767578125;
00:09:03;143.0;1577578144;94.855;26.849803697442432;0.7627785141318872;-0.61767578125;
00:09:04;144.0;1577578145;94.999;26.849803697442432;0.7627785141318872;-0.61767578125;
00:09:05;145.0;1577578146;95.246;26.849803697442432;0.7627785141318872;-0.61767578125;
00:09:06;146.0;1577578147;95.951;26.849803697442432;0.7627785141318872;-0.61767578125;
00:09:07;147.0;1577578148;96.62;26.849803697442432;0.7627785141318872;-0.61767578125;
00:09:08;148.0;1577578149;96.557;26.849803697442432;0.7627785141318872;-0.61767578125;
00:09:09;149.0;1577578150;96.557;26.849803697442432;0.7627785141318872;-0.61767578125;
00:09:10;150.0;1577578151;95.847;26.849803697442432;0.7627785141318872;-0.61767578125;
00:09:11;151.0;1577578152;95.474;26.849803697442432;0.7627785141318872;-0.61767578125;
00:09:12;152.0;1577578153;95.556;26.849803697442432;0.7627785141318872;-0.61767578125;
00:09:13;153.0;1577578154;95.764;26.849803697442432;0.7627785141318872;-0.61767578125;
00:09:14;154.0;1577578155;95.764;26.849803697442432;0.7627785141318872;-0.61767578125;
00:09:15;155.0;1577578156;96.097;26.849803697442432;0.7627785141318872;-0.61767578125;
00:09:16;156.0;1577578158;95.993;26.849803697442432;0.7627785141318872;-0.61767578125;
00:09:17;157.0;1577578159;96.014;26.849803697442432;0.7627785141318872;-0.61767578125;
00:09:18;158.0;1577578160;96.41;26.849803697442432;0.7627785141318872;-0.61767578125;
00:09:19;159.0;1577578161;96.18;26.849803697442432;0.7627785141318872;-0.61767578125;
00:09:21;161.0;1577578162;96.264;26.849803697442432;0.7627785141318872;-0.61767578125;
00:09:22;162.0;1577578163;95.785;26.849803697442432;0.7627785141318872;-0.61767578125;
00:09:23;163.0;1577578164;95.411;26.849803697442432;0.7627785141318872;-0.61767578125;
00:09:24;164.0;1577578165;95.019;26.849803697442432;0.7627785141318872;-0.61767578125;
00:09:25;165.0;1577578166;95.225;26.849803697442432;0.7627785141318872;-0.61767578125;
00:09:26;166.0;1577578167;95.267;26.849803697442432;0.7627785141318872;-0.61767578125;
00:09:27;167.0;1577578168;95.453;26.849803697442432;0.7627785141318872;-0.61767578125;
00:09:28;168.0;1577578169;95.66;26.849803697442432;0.7627785141318872;-0.61767578125;
00:09:29;169.0;1577578170;95.205;26.849803697442432;0.7627785141318872;-0.61767578125;
00:09:30;170.0;1577578171;95.267;26.849803697442432;0.7627785141318872;-0.61767578125;
00:09:31;171.0;1577578172;95.474;26.849803697442432;0.7627785141318872;-0.61767578125;
00:09:32;172.0;1577578173;95.474;26.849803697442432;0.7627785141318872;-0.61767578125;
00:09:33;173.0;1577578174;95.702;26.849803697442432;0.7627785141318872;-0.61767578125;
00:09:34;174.0;1577578175;95.66;26.849803697442432;0.7627785141318872;-0.61767578125;
00:09:35;175.0;1577578176;95.515;26.849803697442432;0.7627785141318872;-0.61767578125;
00:09:36;176.0;1577578177;95.329;26.849803697442432;0.7627785141318872;-0.61767578125;
00:09:37;177.0;1577578178;95.494;26.849803697442432;0.7627785141318872;-0.61767578125;
00:09:38;178.0;1577578179;95.432;26.849803697442432;0.7627785141318872;-0.61767578125;
00:09:39;179.0;1577578180;95.37;26.849803697442432;0.7627785141318872;-0.61767578125;
00:09:40;180.0;1577578181;95.308;26.849803697442432;0.7627785141318872;-0.61767578125;
00:09:41;181.0;1577578182;95.164;26.849803697442432;0.7627785141318872;-0.61767578125;
00:09:42;182.0;1577578183;95.681;26.849803697442432;0.7627785141318872;-0.61767578125;
00:09:43;183.0;1577578184;95.453;26.849803697442432;0.7627785141318872;-0.61767578125;
00:09:44;184.0;1577578185;95.93;26.849803697442432;0.7627785141318872;-0.61767578125;
00:09:45;185.0;1577578186;95.681;26.849803697442432;0.7627785141318872;-0.61767578125;
00:09:46;186.0;1577578187;95.122;26.849803697442432;0.7627785141318872;-0.61767578125;
00:09:47;187.0;1577578188;95.37;26.849803697442432;0.7627785141318872;-0.61767578125;
00:09:48;188.0;1577578189;95.143;26.849803697442432;0.7627785141318872;-0.61767578125;
00:09:49;189.0;1577578190;95.432;26.849803697442432;0.7627785141318872;-0.61767578125;
00:09:50;190.0;1577578191;95.764;26.849803697442432;0.7627785141318872;-0.61767578125;
00:09:51;191.0;1577578192;95.806;26.849803697442432;0.7627785141318872;-0.61767578125;
00:09:52;192.0;1577578193;95.556;26.849803697442432;0.7627785141318872;-0.61767578125;
00:09:53;193.0;1577578194;95.494;26.849803697442432;0.7627785141318872;-0.61767578125;
00:09:54;194.0;1577578195;95.432;26.849803697442432;0.7627785141318872;-0.61767578125;
00:09:55;195.0;1577578196;95.164;26.849803697442432;0.7627785141318872;-0.61767578125;
00:09:56;196.0;1577578197;95.453;26.849803697442432;0.7627785141318872;-0.61767578125;
00:09:57;197.0;1577578198;95.287;26.849803697442432;0.7627785141318872;-0.61767578125;
00:09:58;198.0;1577578199;95.04;26.849803697442432;0.7627785141318872;-0.61767578125;
00:09:59;199.0;1577578200;95.081;26.849803697442432;0.7627785141318872;-0.61767578125;
00:10:00;200.0;1577578201;95.04;26.849803697442432;0.7627785141318872;-0.61767578125;
00:10:01;201.0;1577578202;95.019;26.849803697442432;0.7627785141318872;-0.61767578125;
00:10:02;202.0;1577578203;95.04;26.849803697442432;0.7627785141318872;-0.61767578125;
00:10:03;203.0;1577578204;95.04;26.849803697442432;0.7627785141318872;-0.61767578125;
00:10:04;204.0;1577578205;94.875;26.849803697442432;0.7627785141318872;-0.61767578125;
00:10:05;205.0;1577578207;94.772;26.849803697442432;0.7627785141318872;-0.61767578125;
00:10:06;206.0;1577578208;94.916;26.849803697442432;0.7627785141318872;-0.61767578125;
00:10:07;207.0;1577578209;94.855;26.849803697442432;0.7627785141318872;-0.61767578125;
00:10:08;208.0;1577578210;94.855;26.849803697442432;0.7627785141318872;-0.61767578125;
00:10:09;209.0;1577578211;94.978;26.849803697442432;0.7627785141318872;-0.61767578125;
00:10:10;210.0;1577578212;95.287;26.849803697442432;0.7627785141318872;-0.61767578125;
00:10:11;211.0;1577578213;95.515;26.849803697442432;0.7627785141318872;-0.61767578125;
00:10:12;212.0;1577578214;95.556;26.849803697442432;0.7627785141318872;-0.61767578125;
00:10:13;213.0;1577578215;95.702;26.849803697442432;0.7627785141318872;-0.61767578125;
00:10:14;214.0;1577578216;95.246;26.849803697442432;0.7627785141318872;-0.61767578125;
00:10:15;215.0;1577578217;95.06;26.849803697442432;0.7627785141318872;-0.61767578125;
00:10:16;216.0;1577578218;95.225;26.849803697442432;0.7627785141318872;-0.61767578125;
00:10:17;217.0;1577578219;95.04;26.849803697442432;0.7627785141318872;-0.61767578125;
00:10:18;218.0;1577578220;95.06;26.849803697442432;0.7627785141318872;-0.61767578125;
00:10:19;219.0;1577578221;95.019;26.849803697442432;0.7627785141318872;-0.61767578125;
00:10:20;220.0;1577578222;95.019;26.849803697442432;0.7627785141318872;-0.61767578125;
00:10:21;221.0;1577578223;95.681;26.849803697442432;0.7627785141318872;-0.61767578125;
00:10:22;222.0;1577578224;95.619;26.849803697442432;0.7627785141318872;-0.61767578125;
00:10:23;223.0;1577578225;95.847;26.849803697442432;0.7627785141318872;-0.61767578125;
00:10:24;224.0;1577578226;95.577;26.849803697442432;0.7627785141318872;-0.61767578125;
00:10:26;226.0;1577578227;95.329;26.849803697442432;0.7627785141318872;-0.61767578125;
00:10:27;227.0;1577578228;95.329;26.849803697442432;0.7627785141318872;-0.61767578125;
00:10:28;228.0;1577578229;95.102;26.849803697442432;0.7627785141318872;-0.61767578125;
00:10:29;229.0;1577578230;95.287;26.849803697442432;0.7627785141318872;-0.61767578125;
00:10:30;230.0;1577578231;94.855;26.849803697442432;0.7627785141318872;-0.61767578125;
00:10:31;231.0;1577578232;95.164;26.849803697442432;0.7627785141318872;-0.61767578125;
00:10:32;232.0;1577578233;95.681;26.849803697442432;0.7627785141318872;-0.61767578125;
00:10:33;233.0;1577578234;95.764;26.849803697442432;0.7627785141318872;-0.61767578125;
00:10:34;234.0;1577578235;95.785;26.849803697442432;0.7627785141318872;-0.61767578125;
00:10:35;235.0;1577578236;95.743;26.849803697442432;0.7627785141318872;-0.61767578125;
00:10:36;236.0;1577578237;95.225;26.849803697442432;0.7627785141318872;-0.61767578125;
00:10:37;237.0;1577578238;94.937;26.849803697442432;0.7627785141318872;-0.61767578125;
00:10:38;238.0;1577578239;94.937;26.849803697442432;0.7627785141318872;-0.61767578125;
00:10:39;239.0;1577578240;94.629;26.849803697442432;0.7627785141318872;-0.61767578125;
00:10:40;240.0;1577578241;94.588;26.849803697442432;0.7627785141318872;-0.61767578125;
00:10:41;241.0;1577578242;94.834;26.849803697442432;0.7627785141318872;-0.61767578125;
00:10:42;242.0;1577578243;94.834;26.849803697442432;0.7627785141318872;-0.61767578125;
00:10:43;243.0;1577578244;94.916;26.849803697442432;0.7627785141318872;-0.61767578125;
00:10:44;244.0;1577578245;95.019;26.849803697442432;0.7627785141318872;-0.61767578125;
00:10:45;245.0;1577578246;95.019;26.849803697442432;0.7627785141318872;-0.61767578125;
00:10:46;246.0;1577578246;95.019;26.849803697442432;0.7627785141318872;-0.61767578125;
00:10:47;247.0;1577578248;95.205;26.849803697442432;0.7627785141318872;-0.61767578125;
00:10:48;248.0;1577578249;95.411;26.849803697442432;0.7627785141318872;-0.61767578125;
00:10:49;249.0;1577578250;95.184;26.849803697442432;0.7627785141318872;-0.61767578125;
00:10:50;250.0;1577578251;95.205;26.849803697442432;0.7627785141318872;-0.61767578125;
00:10:51;251.0;1577578252;95.225;26.849803697442432;0.7627785141318872;-0.61767578125;
00:10:52;252.0;1577578253;95.411;26.849803697442432;0.7627785141318872;-0.61767578125;
00:10:53;253.0;1577578254;95.93;26.849803697442432;0.7627785141318872;-0.61767578125;
00:10:54;254.0;1577578255;96.097;26.849803697442432;0.7627785141318872;-0.61767578125;
00:10:55;255.0;1577578256;96.097;26.849803697442432;0.7627785141318872;-0.61767578125;
00:10:56;256.0;1577578257;95.868;26.849803697442432;0.7627785141318872;-0.61767578125;
00:10:57;257.0;1577578258;95.556;26.849803697442432;0.7627785141318872;-0.61767578125;
00:10:58;258.0;1577578259;95.37;26.849803697442432;0.7627785141318872;-0.61767578125;
00:10:59;259.0;1577578260;95.225;26.849803697442432;0.7627785141318872;-0.61767578125;
00:11:00;260.0;1577578261;95.205;26.849803697442432;0.7627785141318872;-0.61767578125;
00:11:01;261.0;1577578262;95.04;26.849803697442432;0.7627785141318872;-0.61767578125;
00:11:02;262.0;1577578263;95.246;26.849803697442432;0.7627785141318872;-0.61767578125;
00:11:03;263.0;1577578264;95.432;26.849803697442432;0.7627785141318872;-0.61767578125;
00:11:04;264.0;1577578265;95.267;26.849803697442432;0.7627785141318872;-0.61767578125;
00:11:05;265.0;1577578266;95.391;26.849803697442432;0.7627785141318872;-0.61767578125;
00:11:06;266.0;1577578267;95.411;26.849803697442432;0.7627785141318872;-0.61767578125;
00:11:07;267.0;1577578268;95.267;26.849803697442432;0.7627785141318872;-0.61767578125;
00:11:08;268.0;1577578269;95.515;26.849803697442432;0.7627785141318872;-0.61767578125;
00:11:09;269.0;1577578271;95.329;26.849803697442432;0.7627785141318872;-0.61767578125;
00:11:10;270.0;1577578272;95.122;26.849803697442432;0.7627785141318872;-0.61767578125;
00:11:11;271.0;1577578273;94.957;26.849803697442432;0.7627785141318872;-0.61767578125;
00:11:12;272.0;1577578274;94.793;26.849803697442432;0.7627785141318872;-0.61767578125;
00:11:13;273.0;1577578275;95.122;26.849803697442432;0.7627785141318872;-0.61767578125;
00:11:14;274.0;1577578276;95.164;26.849803697442432;0.7627785141318872;-0.61767578125;
00:11:15;275.0;1577578277;95.453;26.849803697442432;0.7627785141318872;-0.61767578125;
00:11:16;276.0;1577578278;95.37;26.849803697442432;0.7627785141318872;-0.61767578125;
00:11:17;277.0;1577578279;95.04;26.849803697442432;0.7627785141318872;-0.61767578125;
00:11:18;278.0;1577578280;94.937;26.849803697442432;0.7627785141318872;-0.61767578125;
00:11:19;279.0;1577578281;94.896;26.849803697442432;0.7627785141318872;-0.61767578125;
00:11:20;280.0;1577578282;95.04;26.849803697442432;0.7627785141318872;-0.61767578125;
00:11:21;281.0;1577578283;95.04;26.849803697442432;0.7627785141318872;-0.61767578125;
00:11:22;282.0;1577578284;94.855;26.849803697442432;0.7627785141318872;-0.61767578125;
00:11:23;283.0;1577578285;94.916;26.849803697442432;0.7627785141318872;-0.61767578125;
00:11:24;284.0;1577578286;94.793;26.849803697442432;0.7627785141318872;-0.61767578125;
00:11:25;285.0;1577578287;94.793;26.849803697442432;0.7627785141318872;-0.61767578125;
00:11:26;286.0;1577578288;95.04;26.849803697442432;0.7627785141318872;-0.61767578125;
00:11:27;287.0;1577578289;94.793;26.849803697442432;0.7627785141318872;-0.61767578125;
00:11:28;288.0;1577578290;94.711;26.849803697442432;0.7627785141318872;-0.61767578125;
00:11:30;290.0;1577578291;94.69;26.849803697442432;0.7627785141318872;-0.61767578125;
00:11:31;291.0;1577578292;94.875;26.849803697442432;0.7627785141318872;-0.61767578125;
00:11:32;292.0;1577578293;94.649;26.849803697442432;0.7627785141318872;-0.61767578125;
00:11:33;293.0;1577578294;94.752;26.849803697442432;0.7627785141318872;-0.61767578125;
00:11:34;294.0;1577578295;94.772;26.849803697442432;0.7627785141318872;-0.61767578125;
00:11:35;295.0;1577578296;94.711;26.849803697442432;0.7627785141318872;-0.61767578125;
00:11:36;296.0;1577578297;94.937;26.849803697442432;0.7627785141318872;-0.61767578125;
00:11:37;297.0;1577578298;95.143;26.849803697442432;0.7627785141318872;-0.61767578125;
00:11:38;298.0;1577578299;95.143;26.849803697442432;0.7627785141318872;-0.61767578125;
00:11:39;299.0;1577578300;94.772;26.849803697442432;0.7627785141318872;-0.61767578125;
00:11:40;300.0;1577578301;95.164;26.849803697442432;0.7627785141318872;-0.61767578125;
00:11:41;301.0;1577578302;94.875;26.849803697442432;0.7627785141318872;-0.61767578125;
00:11:42;302.0;1577578303;94.896;26.849803697442432;0.7627785141318872;-0.61767578125;
00:11:43;303.0;1577578304;95.184;26.849803697442432;0.7627785141318872;-0.61767578125;
00:11:44;304.0;1577578305;94.978;26.849803697442432;0.7627785141318872;-0.61767578125;
00:11:45;305.0;1577578306;95.184;26.849803697442432;0.7627785141318872;-0.61767578125;
00:11:46;306.0;1577578307;95.205;26.849803697442432;0.7627785141318872;-0.61767578125;
00:11:47;307.0;1577578308;95.122;26.849803697442432;0.7627785141318872;-0.61767578125;
00:11:48;308.0;1577578309;94.896;26.849803697442432;0.7627785141318872;-0.61767578125;
00:11:49;309.0;1577578310;94.547;26.849803697442432;0.7627785141318872;-0.61767578125;
00:11:50;310.0;1577578311;94.567;26.849803697442432;0.7627785141318872;-0.61767578125;
00:11:51;311.0;1577578312;94.608;26.849803697442432;0.7627785141318872;-0.61767578125;
00:11:52;312.0;1577578313;94.69;26.849803697442432;0.7627785141318872;-0.61767578125;
00:11:53;313.0;1577578314;94.404;26.849803697442432;0.7627785141318872;-0.61767578125;
00:11:54;314.0;1577578315;94.342;26.849803697442432;0.7627785141318872;-0.61767578125;
00:11:55;315.0;1577578316;94.281;26.849803697442432;0.7627785141318872;-0.61767578125;
00:11:56;316.0;1577578317;94.26;26.849803697442432;0.7627785141318872;-0.61767578125;
00:11:57;317.0;1577578318;94.731;26.849803697442432;0.7627785141318872;-0.61767578125;
00:11:58;318.0;1577578319;94.752;26.849803697442432;0.7627785141318872;-0.61767578125;
00:11:59;319.0;1577578320;94.834;26.849803697442432;0.7627785141318872;-0.61767578125;
00:12:00;320.0;1577578321;94.834;26.849803697442432;0.7627785141318872;-0.61767578125;
00:12:01;321.0;1577578322;94.793;26.849803697442432;0.7627785141318872;-0.61767578125;
00:12:02;322.0;1577578323;95.06;26.849803697442432;0.7627785141318872;-0.61767578125;
00:12:03;323.0;1577578324;94.957;26.849803697442432;0.7627785141318872;-0.61767578125;
00:12:04;324.0;1577578325;94.937;26.849803697442432;0.7627785141318872;-0.61767578125;
00:12:05;325.0;1577578326;94.896;26.849803697442432;0.7627785141318872;-0.61767578125;
00:12:06;326.0;1577578327;94.855;26.849803697442432;0.7627785141318872;-0.61767578125;
00:12:07;327.0;1577578328;94.916;26.849803697442432;0.7627785141318872;-0.61767578125;
00:12:08;328.0;1577578329;95.019;26.849803697442432;0.7627785141318872;-0.61767578125;
00:12:09;329.0;1577578330;94.813;26.849803697442432;0.7627785141318872;-0.61767578125;
00:12:10;330.0;1577578331;94.608;26.849803697442432;0.7627785141318872;-0.61767578125;
00:12:11;331.0;1577578332;94.649;26.849803697442432;0.7627785141318872;-0.61767578125;
00:12:12;332.0;1577578333;94.752;26.849803697442432;0.7627785141318872;-0.61767578125;
00:12:13;333.0;1577578334;95.246;26.849803697442432;0.7627785141318872;-0.61767578125;
00:12:14;334.0;1577578335;95.267;26.849803697442432;0.7627785141318872;-0.61767578125;
00:12:15;335.0;1577578336;95.019;26.849803697442432;0.7627785141318872;-0.61767578125;
00:12:16;336.0;1577578337;94.813;26.849803697442432;0.7627785141318872;-0.61767578125;
00:12:17;337.0;1577578338;94.567;26.849803697442432;0.7627785141318872;-0.61767578125;
00:12:18;338.0;1577578339;94.752;26.849803697442432;0.7627785141318872;-0.61767578125;
00:12:19;339.0;1577578340;94.957;26.849803697442432;0.7627785141318872;-0.61767578125;
00:12:20;340.0;1577578341;95.205;26.849803697442432;0.7627785141318872;-0.61767578125;
00:12:21;341.0;1577578343;94.978;26.849803697442432;0.7627785141318872;-0.61767578125;
00:12:22;342.0;1577578344;94.711;26.849803697442432;0.7627785141318872;-0.61767578125;
00:12:23;343.0;1577578345;94.547;26.849803697442432;0.7627785141318872;-0.61767578125;
00:12:24;344.0;1577578346;94.342;26.849803697442432;0.7627785141318872;-0.61767578125;
00:12:25;345.0;1577578347;94.588;26.849803697442432;0.7627785141318872;-0.61767578125;
00:12:26;346.0;1577578348;94.67;26.849803697442432;0.7627785141318872;-0.61767578125;
00:12:27;347.0;1577578349;94.793;26.849803697442432;0.7627785141318872;-0.61767578125;
00:12:28;348.0;1577578350;94.731;26.849803697442432;0.7627785141318872;-0.61767578125;
00:12:29;349.0;1577578351;94.711;26.849803697442432;0.7627785141318872;-0.61767578125;
00:12:30;350.0;1577578352;94.69;26.849803697442432;0.7627785141318872;-0.61767578125;
00:12:31;351.0;1577578353;94.711;26.849803697442432;0.7627785141318872;-0.61767578125;
00:12:32;352.0;1577578354;94.711;26.849803697442432;0.7627785141318872;-0.61767578125;
00:12:34;354.0;1577578355;94.711;26.849803697442432;0.7627785141318872;-0.61767578125;
00:12:35;355.0;1577578356;94.649;26.849803697442432;0.7627785141318872;-0.61767578125;
00:12:36;356.0;1577578357;94.69;26.849803697442432;0.7627785141318872;-0.61767578125;
00:12:37;357.0;1577578358;94.978;26.849803697442432;0.7627785141318872;-0.61767578125;
00:12:38;358.0;1577578359;94.999;26.849803697442432;0.7627785141318872;-0.61767578125;
00:12:39;359.0;1577578360;95.225;26.849803697442432;0.7627785141318872;-0.61767578125;
00:12:40;360.0;1577578361;95.205;26.849803697442432;0.7627785141318872;-0.61767578125;
00:12:41;361.0;1577578362;94.916;26.849803697442432;0.7627785141318872;-0.61767578125;
00:12:42;362.0;1577578363;94.916;26.849803697442432;0.7627785141318872;-0.61767578125;
00:12:43;363.0;1577578364;94.731;26.849803697442432;0.7627785141318872;-0.61767578125;
00:12:44;364.0;1577578364;94.322;26.849803697442432;0.7627785141318872;-0.61767578125;
00:12:45;365.0;1577578366;94.281;26.849803697442432;0.7627785141318872;-0.61767578125;
00:12:46;366.0;1577578367;94.24;26.849803697442432;0.7627785141318872;-0.61767578125;
00:12:47;367.0;1577578368;94.24;26.849803697442432;0.7627785141318872;-0.61767578125;
00:12:48;368.0;1577578369;94.649;26.849803697442432;0.7627785141318872;-0.61767578125;
00:12:49;369.0;1577578370;94.465;26.849803697442432;0.7627785141318872;-0.61767578125;
00:12:50;370.0;1577578371;94.547;26.849803697442432;0.7627785141318872;-0.61767578125;
00:12:51;371.0;1577578372;94.752;26.849803697442432;0.7627785141318872;-0.61767578125;
00:12:52;372.0;1577578373;94.772;26.849803697442432;0.7627785141318872;-0.61767578125;
00:12:53;373.0;1577578374;95.06;26.849803697442432;0.7627785141318872;-0.61767578125;
00:12:54;374.0;1577578375;94.813;26.849803697442432;0.7627785141318872;-0.61767578125;
00:12:55;375.0;1577578376;94.424;26.849803697442432;0.7627785141318872;-0.61767578125;
00:12:56;376.0;1577578377;94.424;26.849803697442432;0.7627785141318872;-0.61767578125;
00:12:57;377.0;1577578378;94.199;26.849803697442432;0.7627785141318872;-0.61767578125;
00:12:58;378.0;1577578379;94.404;26.849803697442432;0.7627785141318872;-0.61767578125;
00:12:59;379.0;1577578380;94.875;26.849803697442432;0.7627785141318872;-0.61767578125;
00:13:00;380.0;1577578381;95.081;26.849803697442432;0.7627785141318872;-0.61767578125;
00:13:01;381.0;1577578382;95.019;26.849803697442432;0.7627785141318872;-0.61767578125;
00:13:02;382.0;1577578383;94.999;26.849803697442432;0.7627785141318872;-0.61767578125;
00:13:03;383.0;1577578384;94.67;26.849803697442432;0.7627785141318872;-0.61767578125;
00:13:04;384.0;1577578385;94.485;26.849803697442432;0.7627785141318872;-0.61767578125;
00:13:05;385.0;1577578386;94.567;26.849803697442432;0.7627785141318872;-0.61767578125;
00:13:06;386.0;1577578387;94.567;26.849803697442432;0.7627785141318872;-0.61767578125;
00:13:07;387.0;1577578389;94.567;26.849803697442432;0.7627785141318872;-0.61767578125;
00:13:08;388.0;1577578390;94.526;26.849803697442432;0.7627785141318872;-0.61767578125;
00:13:09;389.0;1577578391;94.649;26.849803697442432;0.7627785141318872;-0.61767578125;
00:13:10;390.0;1577578392;94.649;26.849803697442432;0.7627785141318872;-0.61767578125;
00:13:11;391.0;1577578393;94.752;26.849803697442432;0.7627785141318872;-0.61767578125;
00:13:12;392.0;1577578394;94.711;26.849803697442432;0.7627785141318872;-0.61767578125;
00:13:13;393.0;1577578395;94.731;26.849803697442432;0.7627785141318872;-0.61767578125;
00:13:14;394.0;1577578396;94.752;26.849803697442432;0.7627785141318872;-0.61767578125;
00:13:15;395.0;1577578397;94.444;26.849803697442432;0.7627785141318872;-0.61767578125;
00:13:16;396.0;1577578398;94.506;26.849803697442432;0.7627785141318872;-0.61767578125;
00:13:17;397.0;1577578399;94.301;26.849803697442432;0.7627785141318872;-0.61767578125;
00:13:18;398.0;1577578400;94.097;26.849803697442432;0.7627785141318872;-0.61767578125;
00:13:19;399.0;1577578401;94.138;26.849803697442432;0.7627785141318872;-0.61767578125;
00:13:20;400.0;1577578402;94.097;26.849803697442432;0.7627785141318872;-0.61767578125;
00:13:21;401.0;1577578403;94.322;26.849803697442432;0.7627785141318872;-0.61767578125;
00:13:22;402.0;1577578404;94.485;26.849803697442432;0.7627785141318872;-0.61767578125;
00:13:23;403.0;1577578405;94.506;26.849803697442432;0.7627785141318872;-0.61767578125;
00:13:24;404.0;1577578406;94.322;26.849803697442432;0.7627785141318872;-0.61767578125;
00:13:25;405.0;1577578407;94.301;26.849803697442432;0.7627785141318872;-0.61767578125;
00:13:26;406.0;1577578408;94.281;26.849803697442432;0.7627785141318872;-0.61767578125;
00:13:27;407.0;1577578409;94.506;26.849803697442432;0.7627785141318872;-0.61767578125;
00:13:28;408.0;1577578410;94.69;26.849803697442432;0.7627785141318872;-0.61767578125;
00:13:29;409.0;1577578411;94.301;26.849803697442432;0.7627785141318872;-0.61767578125;
00:13:30;410.0;1577578412;93.955;26.849803697442432;0.7627785141318872;-0.61767578125;
00:13:31;411.0;1577578413;93.671;26.849803697442432;0.7627785141318872;-0.61767578125;
00:13:32;412.0;1577578414;93.691;26.849803697442432;0.7627785141318872;-0.61767578125;
00:13:33;413.0;1577578415;94.077;26.849803697442432;0.7627785141318872;-0.61767578125;
00:13:34;414.0;1577578416;94.465;26.849803697442432;0.7627785141318872;-0.61767578125;
00:13:35;415.0;1577578417;94.711;26.849803697442432;0.7627785141318872;-0.61767578125;
00:13:36;416.0;1577578418;94.711;26.849803697442432;0.7627785141318872;-0.61767578125;
00:13:38;418.0;1577578419;94.506;26.849803697442432;0.7627785141318872;-0.61767578125;
00:13:39;419.0;1577578420;94.016;26.849803697442432;0.7627785141318872;-0.61767578125;
00:13:40;420.0;1577578421;93.894;26.849803697442432;0.7627785141318872;-0.61767578125;
00:13:41;421.0;1577578422;93.894;26.849803697442432;0.7627785141318872;-0.61767578125;
00:13:42;422.0;1577578423;93.975;26.849803697442432;0.7627785141318872;-0.61767578125;
00:13:43;423.0;1577578424;94.199;26.849803697442432;0.7627785141318872;-0.61767578125;
00:13:44;424.0;1577578425;94.118;26.849803697442432;0.7627785141318872;-0.61767578125;
00:13:45;425.0;1577578426;94.077;26.849803697442432;0.7627785141318872;-0.61767578125;
00:13:46;426.0;1577578427;93.752;26.849803697442432;0.7627785141318872;-0.61767578125;
00:13:47;427.0;1577578428;94.016;26.849803697442432;0.7627785141318872;-0.61767578125;
00:13:48;428.0;1577578429;94.179;26.849803697442432;0.7627785141318872;-0.61767578125;
00:13:49;429.0;1577578430;94.199;26.849803697442432;0.7627785141318872;-0.61767578125;
00:13:50;430.0;1577578431;94.608;26.849803697442432;0.7627785141318872;-0.61767578125;
00:13:51;431.0;1577578432;94.444;26.849803697442432;0.7627785141318872;-0.61767578125;
00:13:52;432.0;1577578433;94.24;26.849803697442432;0.7627785141318872;-0.61767578125;
00:13:53;433.0;1577578434;93.833;26.849803697442432;0.7627785141318872;-0.61767578125;
00:13:54;434.0;1577578435;93.934;26.849803697442432;0.7627785141318872;-0.61767578125;
00:13:55;435.0;1577578436;94.077;26.849803697442432;0.7627785141318872;-0.61767578125;
00:13:56;436.0;1577578437;94.118;26.849803697442432;0.7627785141318872;-0.61767578125;
00:13:57;437.0;1577578438;94.526;26.849803697442432;0.7627785141318872;-0.61767578125;
00:13:58;438.0;1577578439;94.485;26.849803697442432;0.7627785141318872;-0.61767578125;
00:13:59;439.0;1577578440;94.301;26.849803697442432;0.7627785141318872;-0.61767578125;
00:14:00;440.0;1577578441;94.301;26.849803697442432;0.7627785141318872;-0.61767578125;
00:14:01;441.0;1577578442;94.322;26.849803697442432;0.7627785141318872;-0.61767578125;
00:14:02;442.0;1577578443;94.301;26.849803697442432;0.7627785141318872;-0.61767578125;
00:14:03;443.0;1577578444;94.608;26.849803697442432;0.7627785141318872;-0.61767578125;
00:14:04;444.0;1577578445;94.608;26.849803697442432;0.7627785141318872;-0.61767578125;
00:14:05;445.0;1577578446;94.608;26.849803697442432;0.7627785141318872;-0.61767578125;
00:14:06;446.0;1577578447;94.383;26.849803697442432;0.7627785141318872;-0.61767578125;
00:14:07;447.0;1577578448;94.322;26.849803697442432;0.7627785141318872;-0.61767578125;
00:14:08;448.0;1577578449;94.118;26.849803697442432;0.7627785141318872;-0.61767578125;
00:14:09;449.0;1577578450;93.955;26.849803697442432;0.7627785141318872;-0.61767578125;
00:14:10;450.0;1577578451;94.26;26.849803697442432;0.7627785141318872;-0.61767578125;
00:14:11;451.0;1577578452;94.24;26.849803697442432;0.7627785141318872;-0.61767578125;
00:14:12;452.0;1577578453;94.444;26.849803697442432;0.7627785141318872;-0.61767578125;
00:14:13;453.0;1577578454;94.588;26.849803697442432;0.7627785141318872;-0.61767578125;
00:14:14;454.0;1577578455;94.567;26.849803697442432;0.7627785141318872;-0.61767578125;
00:14:15;455.0;1577578456;94.404;26.849803697442432;0.7627785141318872;-0.61767578125;
00:14:16;456.0;1577578457;94.404;26.849803697442432;0.7627785141318872;-0.61767578125;
00:14:17;457.0;1577578458;94.24;26.849803697442432;0.7627785141318872;-0.61767578125;
00:14:18;458.0;1577578459;93.996;26.849803697442432;0.7627785141318872;-0.61767578125;
00:14:19;459.0;1577578460;94.158;26.849803697442432;0.7627785141318872;-0.61767578125;
00:14:20;460.0;1577578461;94.158;26.849803697442432;0.7627785141318872;-0.61767578125;
00:14:21;461.0;1577578462;94.363;26.849803697442432;0.7627785141318872;-0.61767578125;
00:14:22;462.0;1577578463;94.363;26.849803697442432;0.7627785141318872;-0.61767578125;
00:14:23;463.0;1577578464;94.179;26.849803697442432;0.7627785141318872;-0.61767578125;
00:14:24;464.0;1577578465;94.363;26.849803697442432;0.7627785141318872;-0.61767578125;
00:14:25;465.0;1577578466;94.383;26.849803697442432;0.7627785141318872;-0.61767578125;
00:14:26;466.0;1577578467;94.567;26.849803697442432;0.7627785141318872;-0.61767578125;
00:14:27;467.0;1577578468;94.711;26.849803697442432;0.7627785141318872;-0.61767578125;
00:14:28;468.0;1577578469;94.813;26.849803697442432;0.7627785141318872;-0.61767578125;
00:14:29;469.0;1577578470;94.793;26.849803697442432;0.7627785141318872;-0.61767578125;
00:14:30;470.0;1577578471;94.752;26.849803697442432;0.7627785141318872;-0.61767578125;
00:14:31;471.0;1577578472;94.547;26.849803697442432;0.7627785141318872;-0.61767578125;
00:14:32;472.0;1577578473;94.465;26.849803697442432;0.7627785141318872;-0.61767578125;
00:14:33;473.0;1577578474;94.465;26.849803697442432;0.7627785141318872;-0.61767578125;
00:14:34;474.0;1577578475;94.567;26.849803697442432;0.7627785141318872;-0.61767578125;
00:14:35;475.0;1577578476;94.855;26.849803697442432;0.7627785141318872;-0.61767578125;
00:14:36;476.0;1577578477;94.875;26.849803697442432;0.7627785141318872;-0.61767578125;
00:14:37;477.0;1577578479;94.855;26.849803697442432;0.7627785141318872;-0.61767578125;
00:14:38;478.0;1577578480;94.383;26.849803697442432;0.7627785141318872;-0.61767578125;
00:14:39;479.0;1577578481;94.383;26.849803697442432;0.7627785141318872;-0.61767578125;
00:14:40;480.0;1577578482;94.138;26.849803697442432;0.7627785141318872;-0.61767578125;
00:14:42;482.0;1577578482;93.873;26.849803697442432;0.7627785141318872;-0.61767578125;
00:14:43;483.0;1577578484;94.057;26.849803697442432;0.7627785141318872;-0.61767578125;
00:14:44;484.0;1577578485;94.077;26.849803697442432;0.7627785141318872;-0.61767578125;
00:14:45;485.0;1577578486;94.097;26.849803697442432;0.7627785141318872;-0.61767578125;
00:14:46;486.0;1577578487;94.383;26.849803697442432;0.7627785141318872;-0.61767578125;
00:14:47;487.0;1577578488;94.649;26.849803697442432;0.7627785141318872;-0.61767578125;
00:14:48;488.0;1577578489;94.158;26.849803697442432;0.7627785141318872;-0.61767578125;
00:14:49;489.0;1577578490;94.077;26.849803697442432;0.7627785141318872;-0.61767578125;
00:14:50;490.0;1577578491;93.792;26.849803697442432;0.7627785141318872;-0.61767578125;
00:14:51;491.0;1577578492;93.691;26.849803697442432;0.7627785141318872;-0.61767578125;
00:14:52;492.0;1577578493;93.914;26.849803697442432;0.7627785141318872;-0.61767578125;
00:14:53;493.0;1577578494;93.549;26.849803697442432;0.7627785141318872;-0.61767578125;
00:14:54;494.0;1577578495;93.853;26.849803697442432;0.7627785141318872;-0.61767578125;
00:14:55;495.0;1577578496;94.016;26.849803697442432;0.7627785141318872;-0.61767578125;
00:14:56;496.0;1577578497;94.077;26.849803697442432;0.7627785141318872;-0.61767578125;
00:14:57;497.0;1577578498;94.506;26.849803697442432;0.7627785141318872;-0.61767578125;
00:14:58;498.0;1577578499;94.24;26.849803697442432;0.7627785141318872;-0.61767578125;
00:14:59;499.0;1577578500;93.955;26.849803697442432;0.7627785141318872;-0.61767578125;
00:15:00;500.0;1577578501;94.097;26.849803697442432;0.7627785141318872;-0.61767578125;
00:15:01;501.0;1577578502;93.955;26.849803697442432;0.7627785141318872;-0.61767578125;
00:15:02;502.0;1577578503;93.996;26.849803697442432;0.7627785141318872;-0.61767578125;
00:15:03;503.0;1577578504;94.036;26.849803697442432;0.7627785141318872;-0.61767578125;
00:15:04;504.0;1577578505;94.016;26.849803697442432;0.7627785141318872;-0.61767578125;
00:15:05;505.0;1577578506;94.179;26.849803697442432;0.7627785141318872;-0.61767578125;
00:15:06;506.0;1577578507;94.097;26.849803697442432;0.7627785141318872;-0.61767578125;
00:15:07;507.0;1577578508;94.057;26.849803697442432;0.7627785141318872;-0.61767578125;
00:15:08;508.0;1577578509;93.65;26.849803697442432;0.7627785141318872;-0.61767578125;
00:15:09;509.0;1577578510;93.833;26.849803697442432;0.7627785141318872;-0.61767578125;
00:15:10;510.0;1577578511;93.813;26.849803697442432;0.7627785141318872;-0.61767578125;
00:15:11;511.0;1577578512;93.813;26.849803697442432;0.7627785141318872;-0.61767578125;
00:15:12;512.0;1577578513;93.792;26.849803697442432;0.7627785141318872;-0.61767578125;
00:15:13;513.0;1577578514;93.549;26.849803697442432;0.7627785141318872;-0.61767578125;
00:15:14;514.0;1577578515;93.63;26.849803697442432;0.7627785141318872;-0.61767578125;
00:15:15;515.0;1577578516;93.833;26.849803697442432;0.7627785141318872;-0.61767578125;
00:15:16;516.0;1577578517;93.833;26.849803697442432;0.7627785141318872;-0.61767578125;
00:15:17;517.0;1577578518;93.894;26.849803697442432;0.7627785141318872;-0.61767578125;
00:15:18;518.0;1577578519;94.118;26.849803697442432;0.7627785141318872;-0.61767578125;
00:15:19;519.0;1577578520;93.711;26.849803697442432;0.7627785141318872;-0.61767578125;
00:15:20;520.0;1577578521;93.894;26.849803697442432;0.7627785141318872;-0.61767578125;
00:15:21;521.0;1577578522;93.894;26.849803697442432;0.7627785141318872;-0.61767578125;
00:15:22;522.0;1577578524;93.853;26.849803697442432;0.7627785141318872;-0.61767578125;
00:15:23;523.0;1577578525;93.853;26.849803697442432;0.7627785141318872;-0.61767578125;
00:15:24;524.0;1577578526;94.138;26.849803697442432;0.7627785141318872;-0.61767578125;
00:15:25;525.0;1577578527;93.873;26.849803697442432;0.7627785141318872;-0.61767578125;
00:15:26;526.0;1577578528;93.853;26.849803697442432;0.7627785141318872;-0.61767578125;
00:15:27;527.0;1577578529;93.996;26.849803697442432;0.7627785141318872;-0.61767578125;
00:15:28;528.0;1577578530;93.569;26.849803697442432;0.7627785141318872;-0.61767578125;
00:15:29;529.0;1577578531;94.016;26.849803697442432;0.7627785141318872;-0.61767578125;
00:15:30;530.0;1577578532;93.833;26.849803697442432;0.7627785141318872;-0.61767578125;
00:15:31;531.0;1577578533;93.691;26.849803697442432;0.7627785141318872;-0.61767578125;
00:15:32;532.0;1577578534;93.488;26.849803697442432;0.7627785141318872;-0.61767578125;
00:15:33;533.0;1577578535;93.105;26.849803697442432;0.7627785141318872;-0.61767578125;
00:15:34;534.0;1577578536;93.327;26.849803697442432;0.7627785141318872;-0.61767578125;
00:15:35;535.0;1577578537;93.508;26.849803697442432;0.7627785141318872;-0.61767578125;
00:15:36;536.0;1577578538;93.873;26.849803697442432;0.7627785141318872;-0.61767578125;
00:15:37;537.0;1577578539;94.281;26.849803697442432;0.7627785141318872;-0.61767578125;
00:15:38;538.0;1577578540;94.322;26.849803697442432;0.7627785141318872;-0.61767578125;
00:15:39;539.0;1577578541;94.118;26.849803697442432;0.7627785141318872;-0.61767578125;
00:15:41;541.0;1577578542;94.199;26.849803697442432;0.7627785141318872;-0.61767578125;
00:15:42;542.0;1577578544;93.671;26.849803697442432;0.7627785141318872;-0.61767578125;
00:15:43;543.0;1577578545;94.118;26.849803697442432;0.7627785141318872;-0.61767578125;
00:15:44;544.0;1577578546;93.873;26.849803697442432;0.7627785141318872;-0.61767578125;
00:15:46;546.0;1577578547;93.65;26.849803697442432;0.7627785141318872;-0.61767578125;
00:15:47;547.0;1577578548;93.894;26.849803697442432;0.7627785141318872;-0.61767578125;
00:15:48;548.0;1577578549;93.407;26.849803697442432;0.7627785141318872;-0.61767578125;
00:15:49;549.0;1577578550;93.853;26.849803697442432;0.7627785141318872;-0.61767578125;
00:15:50;550.0;1577578551;93.894;26.849803697442432;0.7627785141318872;-0.61767578125;
00:15:51;551.0;1577578552;93.752;26.849803697442432;0.7627785141318872;-0.61767578125;
00:15:52;552.0;1577578553;93.792;26.849803697442432;0.7627785141318872;-0.61767578125;
00:15:53;553.0;1577578554;93.549;26.849803697442432;0.7627785141318872;-0.61767578125;
00:15:54;554.0;1577578555;93.549;26.849803697442432;0.7627785141318872;-0.61767578125;
00:15:55;555.0;1577578556;93.691;26.849803697442432;0.7627785141318872;-0.61767578125;
00:15:56;556.0;1577578557;93.914;26.849803697442432;0.7627785141318872;-0.61767578125;
00:15:57;557.0;1577578558;93.873;26.849803697442432;0.7627785141318872;-0.61767578125;
00:15:58;558.0;1577578559;93.833;26.849803697442432;0.7627785141318872;-0.61767578125;
00:15:59;559.0;1577578560;93.468;26.849803697442432;0.7627785141318872;-0.61767578125;
00:16:00;560.0;1577578561;93.488;26.849803697442432;0.7627785141318872;-0.61767578125;
00:16:01;561.0;1577578562;93.327;26.849803697442432;0.7627785141318872;-0.61767578125;
00:16:02;562.0;1577578563;93.004;26.849803697442432;0.7627785141318872;-0.61767578125;
00:16:03;563.0;1577578564;93.185;26.849803697442432;0.7627785141318872;-0.61767578125;
00:16:04;564.0;1577578565;93.226;26.849803697442432;0.7627785141318872;-0.61767578125;
00:16:05;565.0;1577578566;93.468;26.849803697442432;0.7627785141318872;-0.61767578125;
00:16:06;566.0;1577578567;93.792;26.849803697442432;0.7627785141318872;-0.61767578125;
00:16:07;567.0;1577578568;93.975;26.849803697442432;0.7627785141318872;-0.61767578125;
00:16:08;568.0;1577578569;93.914;26.849803697442432;0.7627785141318872;-0.61767578125;
00:16:09;569.0;1577578570;93.428;26.849803697442432;0.7627785141318872;-0.61767578125;
00:16:10;570.0;1577578571;93.671;26.849803697442432;0.7627785141318872;-0.61767578125;
00:16:11;571.0;1577578572;93.691;26.849803697442432;0.7627785141318872;-0.61767578125;
00:16:12;572.0;1577578573;93.671;26.849803697442432;0.7627785141318872;-0.61767578125;
00:16:13;573.0;1577578574;94.138;26.849803697442432;0.7627785141318872;-0.61767578125;
00:16:14;574.0;1577578575;93.691;26.849803697442432;0.7627785141318872;-0.61767578125;
00:16:15;575.0;1577578576;93.488;26.849803697442432;0.7627785141318872;-0.61767578125;
00:16:16;576.0;1577578577;93.468;26.849803697442432;0.7627785141318872;-0.61767578125;
00:16:17;577.0;1577578578;93.387;26.849803697442432;0.7627785141318872;-0.61767578125;
00:16:18;578.0;1577578579;93.589;26.849803697442432;0.7627785141318872;-0.61767578125;
00:16:19;579.0;1577578580;93.65;26.849803697442432;0.7627785141318872;-0.61767578125;
00:16:20;580.0;1577578581;93.731;26.849803697442432;0.7627785141318872;-0.61767578125;
00:16:21;581.0;1577578582;93.61;26.849803697442432;0.7627785141318872;-0.61767578125;
00:16:22;582.0;1577578583;93.246;26.849803697442432;0.7627785141318872;-0.61767578125;
00:16:23;583.0;1577578584;93.125;26.849803697442432;0.7627785141318872;-0.61767578125;
00:16:24;584.0;1577578585;92.924;26.849803697442432;0.7627785141318872;-0.61767578125;
00:16:25;585.0;1577578586;93.165;26.849803697442432;0.7627785141318872;-0.61767578125;
00:16:26;586.0;1577578587;93.306;26.849803697442432;0.7627785141318872;-0.61767578125;
00:16:27;587.0;1577578588;93.407;26.849803697442432;0.7627785141318872;-0.61767578125;
00:16:28;588.0;1577578589;93.529;26.849803697442432;0.7627785141318872;-0.61767578125;
00:16:29;589.0;1577578590;93.205;26.849803697442432;0.7627785141318872;-0.61767578125;
00:16:30;590.0;1577578591;93.226;26.849803697442432;0.7627785141318872;-0.61767578125;
00:16:31;591.0;1577578592;93.105;26.849803697442432;0.7627785141318872;-0.61767578125;
00:16:32;592.0;1577578593;93.407;26.849803697442432;0.7627785141318872;-0.61767578125;
00:16:33;593.0;1577578594;93.407;26.849803697442432;0.7627785141318872;-0.61767578125;
00:16:34;594.0;1577578595;93.671;26.849803697442432;0.7627785141318872;-0.61767578125;
00:16:35;595.0;1577578596;93.934;26.849803697442432;0.7627785141318872;-0.61767578125;
00:16:36;596.0;1577578597;93.448;26.849803697442432;0.7627785141318872;-0.61767578125;
00:16:37;597.0;1577578598;93.428;26.849803697442432;0.7627785141318872;-0.61767578125;
00:16:38;598.0;1577578599;93.347;26.849803697442432;0.7627785141318872;-0.61767578125;
00:16:40;600.0;1577578600;93.165;26.849803697442432;0.7627785141318872;-0.61767578125;
00:16:41;601.0;1577578603;93.306;26.849803697442432;0.7627785141318872;-0.61767578125;
00:16:42;602.0;1577578604;93.105;26.849803697442432;0.7627785141318872;-0.61767578125;
00:16:43;603.0;1577578605;93.145;26.849803697442432;0.7627785141318872;-0.61767578125;
00:16:44;604.0;1577578606;93.387;26.849803697442432;0.7627785141318872;-0.61767578125;
00:16:45;605.0;1577578607;93.306;26.849803697442432;0.7627785141318872;-0.61767578125;
00:16:46;606.0;1577578608;93.306;26.849803697442432;0.7627785141318872;-0.61767578125;
00:16:47;607.0;1577578609;93.246;26.849803697442432;0.7627785141318872;-0.61767578125;
00:16:48;608.0;1577578610;93.185;26.849803697442432;0.7627785141318872;-0.61767578125;
00:16:50;610.0;1577578611;93.145;26.849803697442432;0.7627785141318872;-0.61767578125;
00:16:51;611.0;1577578612;92.944;26.849803697442432;0.7627785141318872;-0.61767578125;
00:16:52;612.0;1577578613;92.964;26.849803697442432;0.7627785141318872;-0.61767578125;
00:16:53;613.0;1577578614;92.783;26.849803697442432;0.7627785141318872;-0.61767578125;
00:16:54;614.0;1577578615;92.783;26.849803697442432;0.7627785141318872;-0.61767578125;
00:16:55;615.0;1577578616;93.266;26.849803697442432;0.7627785141318872;-0.61767578125;
00:16:56;616.0;1577578617;93.266;26.849803697442432;0.7627785141318872;-0.61767578125;
00:16:57;617.0;1577578618;93.266;26.849803697442432;0.7627785141318872;-0.61767578125;
00:16:58;618.0;1577578619;93.327;26.849803697442432;0.7627785141318872;-0.61767578125;
00:16:59;619.0;1577578620;93.347;26.849803697442432;0.7627785141318872;-0.61767578125;
00:17:00;620.0;1577578621;93.671;26.849803697442432;0.7627785141318872;-0.61767578125;
00:17:01;621.0;1577578622;93.65;26.849803697442432;0.7627785141318872;-0.61767578125;
00:17:02;622.0;1577578623;93.873;26.849803697442432;0.7627785141318872;-0.61767578125;
00:17:03;623.0;1577578624;93.772;26.849803697442432;0.7627785141318872;-0.61767578125;
00:17:04;624.0;1577578625;93.246;26.849803697442432;0.7627785141318872;-0.61767578125;
00:17:05;625.0;1577578626;93.004;26.849803697442432;0.7627785141318872;-0.61767578125;
00:17:06;626.0;1577578627;92.843;26.849803697442432;0.7627785141318872;-0.61767578125;
00:17:07;627.0;1577578628;92.883;26.849803697442432;0.7627785141318872;-0.61767578125;
00:17:08;628.0;1577578629;93.286;26.849803697442432;0.7627785141318872;-0.61767578125;
00:17:09;629.0;1577578630;93.529;26.849803697442432;0.7627785141318872;-0.61767578125;
00:17:10;630.0;1577578631;93.468;26.849803697442432;0.7627785141318872;-0.61767578125;
00:17:11;631.0;1577578632;93.044;26.849803697442432;0.7627785141318872;-0.61767578125;
00:17:12;632.0;1577578633;92.904;26.849803697442432;0.7627785141318872;-0.61767578125;
00:17:13;633.0;1577578634;93.367;26.849803697442432;0.7627785141318872;-0.61767578125;
00:17:14;634.0;1577578635;93.125;26.849803697442432;0.7627785141318872;-0.61767578125;
00:17:15;635.0;1577578636;93.367;26.849803697442432;0.7627785141318872;-0.61767578125;
00:17:16;636.0;1577578637;93.286;26.849803697442432;0.7627785141318872;-0.61767578125;
00:17:17;637.0;1577578638;92.803;26.849803697442432;0.7627785141318872;-0.61767578125;
00:17:18;638.0;1577578639;92.843;26.849803697442432;0.7627785141318872;-0.61767578125;
00:17:19;639.0;1577578640;92.563;26.849803697442432;0.7627785141318872;-0.61767578125;
00:17:20;640.0;1577578641;92.823;26.849803697442432;0.7627785141318872;-0.61767578125;
00:17:21;641.0;1577578642;92.924;26.849803697442432;0.7627785141318872;-0.61767578125;
00:17:22;642.0;1577578643;92.883;26.849803697442432;0.7627785141318872;-0.61767578125;
00:17:23;643.0;1577578644;93.327;26.849803697442432;0.7627785141318872;-0.61767578125;
00:17:24;644.0;1577578645;93.266;26.849803697442432;0.7627785141318872;-0.61767578125;
00:17:25;645.0;1577578646;93.185;26.849803697442432;0.7627785141318872;-0.61767578125;
00:17:26;646.0;1577578647;93.145;26.849803697442432;0.7627785141318872;-0.61767578125;
00:17:27;647.0;1577578648;92.984;26.849803697442432;0.7627785141318872;-0.61767578125;
00:17:28;648.0;1577578649;92.763;26.849803697442432;0.7627785141318872;-0.61767578125;
00:17:29;649.0;1577578650;92.403;26.849803697442432;0.7627785141318872;-0.61767578125;
00:17:30;650.0;1577578651;92.623;26.849803697442432;0.7627785141318872;-0.61767578125;
00:17:31;651.0;1577578652;93.004;26.849803697442432;0.7627785141318872;-0.61767578125;
00:17:32;652.0;1577578653;93.044;26.849803697442432;0.7627785141318872;-0.61767578125;
00:17:33;653.0;1577578654;93.407;26.849803697442432;0.7627785141318872;-0.61767578125;
00:17:34;654.0;1577578655;93.508;26.849803697442432;0.7627785141318872;-0.61767578125;
00:17:35;655.0;1577578656;93.105;26.849803697442432;0.7627785141318872;-0.61767578125;
00:17:36;656.0;1577578657;93.105;26.849803697442432;0.7627785141318872;-0.61767578125;
00:17:37;657.0;1577578659;92.904;26.849803697442432;0.7627785141318872;-0.61767578125;
00:17:39;659.0;1577578660;92.843;26.849803697442432;0.7627785141318872;-0.61767578125;
00:17:40;660.0;1577578662;93.064;26.849803697442432;0.7627785141318872;-0.61767578125;
00:17:41;661.0;1577578663;93.246;26.849803697442432;0.7627785141318872;-0.61767578125;
00:17:42;662.0;1577578664;92.843;26.849803697442432;0.7627785141318872;-0.61767578125;
00:17:43;663.0;1577578665;92.843;26.849803697442432;0.7627785141318872;-0.61767578125;
00:17:44;664.0;1577578666;92.663;26.849803697442432;0.7627785141318872;-0.61767578125;
00:17:45;665.0;1577578667;92.924;26.849803697442432;0.7627785141318872;-0.61767578125;
00:17:46;666.0;1577578668;92.703;26.849803697442432;0.7627785141318872;-0.61767578125;
00:17:47;667.0;1577578669;92.723;26.849803697442432;0.7627785141318872;-0.61767578125;
00:17:48;668.0;1577578670;92.463;26.849803697442432;0.7627785141318872;-0.61767578125;
00:17:49;669.0;1577578671;92.203;26.849803697442432;0.7627785141318872;-0.61767578125;
00:17:50;670.0;1577578672;92.843;26.849803697442432;0.7627785141318872;-0.61767578125;
00:17:51;671.0;1577578673;93.044;26.849803697442432;0.7627785141318872;-0.61767578125;
00:17:52;672.0;1577578674;93.226;26.849803697442432;0.7627785141318872;-0.61767578125;
00:17:53;673.0;1577578675;93.064;26.849803697442432;0.7627785141318872;-0.61767578125;
00:17:55;675.0;1577578676;92.623;26.849803697442432;0.7627785141318872;-0.61767578125;
00:17:56;676.0;1577578677;92.603;26.849803697442432;0.7627785141318872;-0.61767578125;
00:17:57;677.0;1577578678;92.823;26.849803697442432;0.7627785141318872;-0.61767578125;
00:17:58;678.0;1577578679;92.583;26.849803697442432;0.7627785141318872;-0.61767578125;
00:17:59;679.0;1577578680;93.024;26.849803697442432;0.7627785141318872;-0.61767578125;
00:18:00;680.0;1577578681;92.803;26.849803697442432;0.7627785141318872;-0.61767578125;
00:18:01;681.0;1577578682;92.563;26.849803697442432;0.7627785141318872;-0.61767578125;
00:18:02;682.0;1577578683;92.783;26.849803697442432;0.7627785141318872;-0.61767578125;
00:18:03;683.0;1577578684;92.343;26.849803697442432;0.7627785141318872;-0.61767578125;
00:18:04;684.0;1577578685;92.343;26.849803697442432;0.7627785141318872;-0.61767578125;
00:18:05;685.0;1577578686;92.383;26.849803697442432;0.7627785141318872;-0.61767578125;
00:18:06;686.0;1577578687;92.603;26.849803697442432;0.7627785141318872;-0.61767578125;
00:18:07;687.0;1577578688;92.623;26.849803697442432;0.7627785141318872;-0.61767578125;
00:18:08;688.0;1577578689;92.443;26.849803697442432;0.7627785141318872;-0.61767578125;
00:18:09;689.0;1577578690;92.423;26.849803697442432;0.7627785141318872;-0.61767578125;
00:18:10;690.0;1577578691;92.443;26.849803697442432;0.7627785141318872;-0.61767578125;
00:18:11;691.0;1577578692;92.443;26.849803697442432;0.7627785141318872;-0.61767578125;
00:18:12;692.0;1577578693;92.383;26.849803697442432;0.7627785141318872;-0.61767578125;
00:18:13;693.0;1577578694;92.004;26.849803697442432;0.7627785141318872;-0.61767578125;
00:18:14;694.0;1577578695;92.004;26.849803697442432;0.7627785141318872;-0.61767578125;
00:18:15;695.0;1577578696;91.984;26.849803697442432;0.7627785141318872;-0.61767578125;
00:18:16;696.0;1577578697;92.423;26.849803697442432;0.7627785141318872;-0.61767578125;
00:18:17;697.0;1577578698;92.623;26.849803697442432;0.7627785141318872;-0.61767578125;
00:18:18;698.0;1577578699;92.883;26.849803697442432;0.7627785141318872;-0.61767578125;
00:18:19;699.0;1577578700;92.763;26.849803697442432;0.7627785141318872;-0.61767578125;
00:18:20;700.0;1577578701;92.723;26.849803697442432;0.7627785141318872;-0.61767578125;
00:18:21;701.0;1577578702;92.743;26.849803697442432;0.7627785141318872;-0.61767578125;
00:18:22;702.0;1577578703;92.263;26.849803697442432;0.7627785141318872;-0.61767578125;
00:18:23;703.0;1577578704;92.423;26.849803697442432;0.7627785141318872;-0.61767578125;
00:18:24;704.0;1577578705;92.463;26.849803697442432;0.7627785141318872;-0.61767578125;
00:18:25;705.0;1577578706;92.803;26.849803697442432;0.7627785141318872;-0.61767578125;
00:18:26;706.0;1577578707;93.165;26.849803697442432;0.7627785141318872;-0.61767578125;
00:18:27;707.0;1577578708;93.085;26.849803697442432;0.7627785141318872;-0.61767578125;
00:18:28;708.0;1577578709;92.623;26.849803697442432;0.7627785141318872;-0.61767578125;
00:18:29;709.0;1577578710;92.263;26.849803697442432;0.7627785141318872;-0.61767578125;
00:18:30;710.0;1577578712;91.945;26.849803697442432;0.7627785141318872;-0.61767578125;
00:18:31;711.0;1577578713;91.786;26.849803697442432;0.7627785141318872;-0.61767578125;
00:18:32;712.0;1577578714;92.263;26.849803697442432;0.7627785141318872;-0.61767578125;
00:18:33;713.0;1577578715;92.503;26.849803697442432;0.7627785141318872;-0.61767578125;
00:18:34;714.0;1577578716;92.683;26.849803697442432;0.7627785141318872;-0.61767578125;
00:18:35;715.0;1577578717;93.105;26.849803697442432;0.7627785141318872;-0.61767578125;
00:18:36;716.0;1577578718;93.125;26.849803697442432;0.7627785141318872;-0.61767578125;
00:18:37;717.0;1577578719;93.125;26.849803697442432;0.7627785141318872;-0.61767578125;
00:18:38;718.0;1577578719;92.703;26.849803697442432;0.7627785141318872;-0.61767578125;
00:18:39;719.0;1577578721;92.483;26.849803697442432;0.7627785141318872;-0.61767578125;
00:18:40;720.0;1577578722;92.004;26.849803697442432;0.7627785141318872;-0.61767578125;
00:18:41;721.0;1577578723;91.568;26.849803697442432;0.7627785141318872;-0.61767578125;
00:18:42;722.0;1577578724;91.766;26.849803697442432;0.7627785141318872;-0.61767578125;
00:18:43;723.0;1577578725;91.746;26.849803697442432;0.7627785141318872;-0.61767578125;
00:18:44;724.0;1577578726;91.786;26.849803697442432;0.7627785141318872;-0.61767578125;
00:18:45;725.0;1577578727;92.183;26.849803697442432;0.7627785141318872;-0.61767578125;
00:18:46;726.0;1577578728;91.945;26.849803697442432;0.7627785141318872;-0.61767578125;
00:18:47;727.0;1577578729;91.965;26.849803697442432;0.7627785141318872;-0.61767578125;
00:18:48;728.0;1577578730;92.403;26.849803697442432;0.7627785141318872;-0.61767578125;
00:18:49;729.0;1577578731;92.443;26.849803697442432;0.7627785141318872;-0.61767578125;
00:18:50;730.0;1577578732;92.663;26.849803697442432;0.7627785141318872;-0.61767578125;
00:18:51;731.0;1577578733;93.347;26.849803697442432;0.7627785141318872;-0.61767578125;
00:18:52;732.0;1577578734;93.085;26.849803697442432;0.7627785141318872;-0.61767578125;
00:18:53;733.0;1577578735;92.904;26.849803697442432;0.7627785141318872;-0.61767578125;
00:18:54;734.0;1577578736;93.387;26.849803697442432;0.7627785141318872;-0.61767578125;
00:18:55;735.0;1577578737;92.723;26.849803697442432;0.7627785141318872;-0.61767578125;
00:18:56;736.0;1577578738;93.105;26.849803697442432;0.7627785141318872;-0.61767578125;
00:18:57;737.0;1577578739;93.468;26.849803697442432;0.7627785141318872;-0.61767578125;
00:18:59;739.0;1577578740;93.165;26.849803697442432;0.7627785141318872;-0.61767578125;
00:19:00;740.0;1577578741;93.185;26.849803697442432;0.7627785141318872;-0.61767578125;
00:19:01;741.0;1577578742;92.803;26.849803697442432;0.7627785141318872;-0.61767578125;
00:19:02;742.0;1577578743;92.483;26.849803697442432;0.7627785141318872;-0.61767578125;
00:19:03;743.0;1577578744;92.543;26.849803697442432;0.7627785141318872;-0.61767578125;
00:19:04;744.0;1577578745;92.523;26.849803697442432;0.7627785141318872;-0.61767578125;
00:19:05;745.0;1577578746;92.283;26.849803697442432;0.7627785141318872;-0.61767578125;
00:19:06;746.0;1577578747;92.223;26.849803697442432;0.7627785141318872;-0.61767578125;
00:19:07;747.0;1577578748;92.403;26.849803697442432;0.7627785141318872;-0.61767578125;
00:19:08;748.0;1577578749;92.183;26.849803697442432;0.7627785141318872;-0.61767578125;
00:19:09;749.0;1577578750;92.403;26.849803697442432;0.7627785141318872;-0.61767578125;
00:19:10;750.0;1577578751;92.343;26.849803697442432;0.7627785141318872;-0.61767578125;
00:19:11;751.0;1577578752;91.529;26.849803697442432;0.7627785141318872;-0.61767578125;
00:19:12;752.0;1577578753;91.965;26.849803697442432;0.7627785141318872;-0.61767578125;
00:19:13;753.0;1577578754;91.726;26.849803697442432;0.7627785141318872;-0.61767578125;
00:19:14;754.0;1577578755;91.786;26.849803697442432;0.7627785141318872;-0.61767578125;
00:19:15;755.0;1577578756;92.203;26.849803697442432;0.7627785141318872;-0.61767578125;
00:19:16;756.0;1577578757;91.746;26.849803697442432;0.7627785141318872;-0.61767578125;
00:19:17;757.0;1577578758;91.965;26.849803697442432;0.7627785141318872;-0.61767578125;
00:19:18;758.0;1577578759;91.707;26.849803697442432;0.7627785141318872;-0.61767578125;
00:19:19;759.0;1577578760;91.687;26.849803697442432;0.7627785141318872;-0.61767578125;
00:19:20;760.0;1577578761;91.945;26.849803697442432;0.7627785141318872;-0.61767578125;
00:19:21;761.0;1577578762;91.826;26.849803697442432;0.7627785141318872;-0.61767578125;
00:19:22;762.0;1577578763;91.826;26.849803697442432;0.7627785141318872;-0.61767578125;
00:19:23;763.0;1577578764;91.806;26.849803697442432;0.7627785141318872;-0.61767578125;
00:19:24;764.0;1577578765;91.746;26.849803697442432;0.7627785141318872;-0.61767578125;
00:19:25;765.0;1577578766;91.726;26.849803697442432;0.7627785141318872;-0.61767578125;
00:19:26;766.0;1577578767;91.885;26.849803697442432;0.7627785141318872;-0.61767578125;
00:19:27;767.0;1577578768;91.726;26.849803697442432;0.7627785141318872;-0.61767578125;
00:19:28;768.0;1577578769;91.371;26.849803697442432;0.7627785141318872;-0.61767578125;
00:19:29;769.0;1577578770;91.548;26.849803697442432;0.7627785141318872;-0.61767578125;
00:19:30;770.0;1577578771;91.41;26.849803697442432;0.7627785141318872;-0.61767578125;
00:19:31;771.0;1577578772;91.351;26.849803697442432;0.7627785141318872;-0.61767578125;
00:19:32;772.0;1577578773;91.509;26.849803697442432;0.7627785141318872;-0.61767578125;
00:19:33;773.0;1577578774;91.548;26.849803697442432;0.7627785141318872;-0.61767578125;
00:19:34;774.0;1577578775;91.746;26.849803697442432;0.7627785141318872;-0.61767578125;
00:19:35;775.0;1577578776;91.786;26.849803697442432;0.7627785141318872;-0.61767578125;
00:19:36;776.0;1577578777;91.826;26.849803697442432;0.7627785141318872;-0.61767578125;
00:19:37;777.0;1577578778;91.826;26.849803697442432;0.7627785141318872;-0.61767578125;
00:19:38;778.0;1577578779;91.786;26.849803697442432;0.7627785141318872;-0.61767578125;
00:19:39;779.0;1577578780;92.004;26.849803697442432;0.7627785141318872;-0.61767578125;
00:19:40;780.0;1577578781;92.183;26.849803697442432;0.7627785141318872;-0.61767578125;
00:19:41;781.0;1577578782;92.183;26.849803697442432;0.7627785141318872;-0.61767578125;
00:19:42;782.0;1577578783;92.203;26.849803697442432;0.7627785141318872;-0.61767578125;
00:19:43;783.0;1577578784;91.984;26.849803697442432;0.7627785141318872;-0.61767578125;
00:19:44;784.0;1577578785;92.183;26.849803697442432;0.7627785141318872;-0.61767578125;
00:19:45;785.0;1577578786;92.163;26.849803697442432;0.7627785141318872;-0.61767578125;
00:19:46;786.0;1577578787;92.203;26.849803697442432;0.7627785141318872;-0.61767578125;
00:19:47;787.0;1577578788;92.203;26.849803697442432;0.7627785141318872;-0.61767578125;
00:19:48;788.0;1577578789;91.608;26.849803697442432;0.7627785141318872;-0.61767578125;
00:19:49;789.0;1577578790;91.193;26.849803697442432;0.7627785141318872;-0.61767578125;
00:19:50;790.0;1577578791;91.193;26.849803697442432;0.7627785141318872;-0.61767578125;
00:19:51;791.0;1577578792;91.45;26.849803697442432;0.7627785141318872;-0.61767578125;
00:19:52;792.0;1577578793;91.826;26.849803697442432;0.7627785141318872;-0.61767578125;
00:19:53;793.0;1577578794;92.084;26.849803697442432;0.7627785141318872;-0.61767578125;
00:19:54;794.0;1577578796;91.845;26.849803697442432;0.7627785141318872;-0.61767578125;
00:19:55;795.0;1577578797;91.627;26.849803697442432;0.7627785141318872;-0.61767578125;
00:19:56;796.0;1577578798;91.43;26.849803697442432;0.7627785141318872;-0.61767578125;
00:19:57;797.0;1577578799;91.568;26.849803697442432;0.7627785141318872;-0.61767578125;
00:19:58;798.0;1577578800;91.865;26.849803697442432;0.7627785141318872;-0.61767578125;
00:19:59;799.0;1577578801;91.746;26.849803697442432;0.7627785141318872;-0.61767578125;
00:20:00;800.0;1577578802;91.707;26.849803697442432;0.7627785141318872;-0.61767578125;
00:20:01;801.0;1577578803;91.469;26.849803697442432;0.7627785141318872;-0.61767578125;
00:20:03;803.0;1577578804;91.371;26.849803697442432;0.7627785141318872;-0.61767578125;
00:20:04;804.0;1577578805;91.489;26.849803697442432;0.7627785141318872;-0.61767578125;
00:20:05;805.0;1577578806;91.311;26.849803697442432;0.7627785141318872;-0.61767578125;
00:20:06;806.0;1577578807;91.529;26.849803697442432;0.7627785141318872;-0.61767578125;
00:20:07;807.0;1577578808;91.608;26.849803697442432;0.7627785141318872;-0.61767578125;
00:20:08;808.0;1577578809;91.292;26.849803697442432;0.7627785141318872;-0.61767578125;
00:20:09;809.0;1577578810;91.925;26.849803697442432;0.7627785141318872;-0.61767578125;
00:20:10;810.0;1577578811;91.806;26.849803697442432;0.7627785141318872;-0.61767578125;
00:20:11;811.0;1577578812;91.806;26.849803697442432;0.7627785141318872;-0.61767578125;
00:20:12;812.0;1577578813;92.323;26.849803697442432;0.7627785141318872;-0.61767578125;
00:20:13;813.0;1577578814;92.183;26.849803697442432;0.7627785141318872;-0.61767578125;
00:20:14;814.0;1577578815;92.124;26.849803697442432;0.7627785141318872;-0.61767578125;
00:20:15;815.0;1577578816;92.084;26.849803697442432;0.7627785141318872;-0.61767578125;
00:20:16;816.0;1577578817;91.786;26.849803697442432;0.7627785141318872;-0.61767578125;
00:20:17;817.0;1577578818;91.509;26.849803697442432;0.7627785141318872;-0.61767578125;
00:20:18;818.0;1577578819;91.509;26.849803697442432;0.7627785141318872;-0.61767578125;
00:20:19;819.0;1577578820;91.272;26.849803697442432;0.7627785141318872;-0.61767578125;
00:20:20;820.0;1577578821;91.331;26.849803697442432;0.7627785141318872;-0.61767578125;
00:20:21;821.0;1577578822;91.351;26.849803697442432;0.7627785141318872;-0.61767578125;
00:20:22;822.0;1577578823;91.115;26.849803697442432;0.7627785141318872;-0.61767578125;
00:20:23;823.0;1577578824;91.154;26.849803697442432;0.7627785141318872;-0.61767578125;
00:20:24;824.0;1577578825;91.746;26.849803697442432;0.7627785141318872;-0.61767578125;
00:20:25;825.0;1577578826;91.746;26.849803697442432;0.7627785141318872;-0.61767578125;
00:20:26;826.0;1577578827;91.965;26.849803697442432;0.7627785141318872;-0.61767578125;
00:20:27;827.0;1577578828;91.925;26.849803697442432;0.7627785141318872;-0.61767578125;
00:20:28;828.0;1577578829;91.548;26.849803697442432;0.7627785141318872;-0.61767578125;
00:20:29;829.0;1577578830;91.548;26.849803697442432;0.7627785141318872;-0.61767578125;
00:20:30;830.0;1577578831;91.351;26.849803697442432;0.7627785141318872;-0.61767578125;
00:20:31;831.0;1577578832;91.726;26.849803697442432;0.7627785141318872;-0.61767578125;
00:20:32;832.0;1577578833;91.687;26.849803697442432;0.7627785141318872;-0.61767578125;
00:20:33;833.0;1577578834;91.548;26.849803697442432;0.7627785141318872;-0.61767578125;
00:20:34;834.0;1577578835;91.489;26.849803697442432;0.7627785141318872;-0.61767578125;
00:20:35;835.0;1577578836;90.977;26.849803697442432;0.7627785141318872;-0.61767578125;
00:20:36;836.0;1577578837;90.644;26.849803697442432;0.7627785141318872;-0.61767578125;
00:20:37;837.0;1577578838;90.39;26.849803697442432;0.7627785141318872;-0.61767578125;
00:20:38;838.0;1577578839;90.507;26.849803697442432;0.7627785141318872;-0.61767578125;
00:20:39;839.0;1577578840;90.449;26.849803697442432;0.7627785141318872;-0.61767578125;
00:20:40;840.0;1577578842;90.39;26.849803697442432;0.7627785141318872;-0.61767578125;
00:20:41;841.0;1577578843;90.977;26.849803697442432;0.7627785141318872;-0.61767578125;
00:20:42;842.0;1577578844;91.371;26.849803697442432;0.7627785141318872;-0.61767578125;
00:20:43;843.0;1577578845;91.826;26.849803697442432;0.7627785141318872;-0.61767578125;
00:20:44;844.0;1577578846;91.826;26.849803697442432;0.7627785141318872;-0.61767578125;
00:20:45;845.0;1577578847;91.687;26.849803697442432;0.7627785141318872;-0.61767578125;
00:20:46;846.0;1577578848;91.469;26.849803697442432;0.7627785141318872;-0.61767578125;
00:20:47;847.0;1577578849;91.43;26.849803697442432;0.7627785141318872;-0.61767578125;
00:20:48;848.0;1577578850;91.885;26.849803697442432;0.7627785141318872;-0.61767578125;
00:20:49;849.0;1577578851;91.826;26.849803697442432;0.7627785141318872;-0.61767578125;
00:20:50;850.0;1577578852;91.845;26.849803697442432;0.7627785141318872;-0.61767578125;
00:20:51;851.0;1577578853;91.667;26.849803697442432;0.7627785141318872;-0.61767578125;
00:20:52;852.0;1577578854;90.997;26.849803697442432;0.7627785141318872;-0.61767578125;
00:20:53;853.0;1577578855;90.997;26.849803697442432;0.7627785141318872;-0.61767578125;
00:20:54;854.0;1577578856;90.977;26.849803697442432;0.7627785141318872;-0.61767578125;
00:20:55;855.0;1577578857;90.761;26.849803697442432;0.7627785141318872;-0.61767578125;
00:20:56;856.0;1577578858;91.056;26.849803697442432;0.7627785141318872;-0.61767578125;
00:20:57;857.0;1577578859;91.233;26.849803697442432;0.7627785141318872;-0.61767578125;
00:20:58;858.0;1577578860;91.213;26.849803697442432;0.7627785141318872;-0.61767578125;
00:20:59;859.0;1577578861;91.39;26.849803697442432;0.7627785141318872;-0.61767578125;
00:21:00;860.0;1577578862;91.469;26.849803697442432;0.7627785141318872;-0.61767578125;
00:21:01;861.0;1577578863;91.095;26.849803697442432;0.7627785141318872;-0.61767578125;
00:21:02;862.0;1577578864;91.154;26.849803697442432;0.7627785141318872;-0.61767578125;
00:21:03;863.0;1577578865;91.154;26.849803697442432;0.7627785141318872;-0.61767578125;
00:21:04;864.0;1577578866;91.016;26.849803697442432;0.7627785141318872;-0.61767578125;
00:21:05;865.0;1577578867;91.016;26.849803697442432;0.7627785141318872;-0.61767578125;
00:21:07;867.0;1577578868;90.957;26.849803697442432;0.7627785141318872;-0.61767578125;
00:21:08;868.0;1577578869;90.761;26.849803697442432;0.7627785141318872;-0.61767578125;
00:21:09;869.0;1577578870;90.957;26.849803697442432;0.7627785141318872;-0.61767578125;
