Time;Seconds from start for linreg;Unix Time;ch1 po2;Uc;Ubl;Vc;
13:29:23;1.0;1572960564;97.393;17.935862056375782;0.5275253545992877;-0.458984375;
13:29:24;2.0;1572960565;97.075;17.05826621789072;0.5017137122909034;-0.44189453125;
13:29:25;3.0;1572960566;97.075;16.55678288161354;0.4869642024003982;-0.43212890625;
13:29:26;4.0;1572960567;97.286;16.18067037940565;0.47590206998251916;-0.4248046875;
13:29:27;5.0;1572960568;97.286;17.30900788602931;0.5090884672361562;-0.44677734375;
13:29:28;6.0;1572960569;97.371;17.05826621789072;0.5017137122909034;-0.44189453125;
13:29:29;7.0;1572960571;97.032;17.05826621789072;0.5017137122909034;-0.44189453125;
13:29:30;8.0;1572960571;96.589;16.807524549752127;0.4943389573456508;-0.43701171875;
13:29:31;9.0;1572960572;96.611;16.68215371568283;0.49065157987302443;-0.4345703125;
13:29:32;10.0;1572960573;96.484;17.4343787200986;0.5127758447087823;-0.44921875;
13:29:33;11.0;1572960574;97.032;17.05826621789072;0.5017137122909034;-0.44189453125;
13:29:34;12.0;1572960576;97.223;18.18660372451437;0.5349001095445403;-0.4638671875;
13:29:35;13.0;1572960576;97.435;17.183637051960012;0.5054010897635298;-0.4443359375;
13:29:36;14.0;1572960577;97.69;17.4343787200986;0.5127758447087823;-0.44921875;
13:29:37;15.0;1572960578;97.223;17.183637051960012;0.5054010897635298;-0.4443359375;
13:29:38;16.0;1572960579;97.35;17.4343787200986;0.5127758447087823;-0.44921875;
13:29:39;17.0;1572960581;97.117;17.05826621789072;0.5017137122909034;-0.44189453125;
13:29:40;18.0;1572960582;96.906;17.559749554167897;0.5164632221814087;-0.45166015625;
13:29:41;19.0;1572960582;97.138;17.68512038823719;0.520150599654035;-0.4541015625;
13:29:42;20.0;1572960583;97.329;17.68512038823719;0.520150599654035;-0.4541015625;
13:29:43;21.0;1572960585;97.584;17.183637051960012;0.5054010897635298;-0.4443359375;
13:29:44;22.0;1572960586;97.605;17.68512038823719;0.520150599654035;-0.4541015625;
13:29:45;23.0;1572960587;97.52;17.05826621789072;0.5017137122909034;-0.44189453125;
13:29:46;24.0;1572960587;97.478;16.93289538382142;0.49802633481827707;-0.439453125;
13:29:48;26.0;1572960588;97.733;17.559749554167897;0.5164632221814087;-0.45166015625;
13:29:49;27.0;1572960591;97.754;17.183637051960012;0.5054010897635298;-0.4443359375;
13:29:50;28.0;1572960592;97.733;17.4343787200986;0.5127758447087823;-0.44921875;
13:29:51;29.0;1572960592;97.478;17.68512038823719;0.520150599654035;-0.4541015625;
13:29:52;30.0;1572960593;97.202;17.30900788602931;0.5090884672361562;-0.44677734375;
13:29:53;31.0;1572960595;97.244;17.81049122230649;0.5238379771266615;-0.45654296875;
13:29:54;32.0;1572960596;96.8;17.183637051960012;0.5054010897635298;-0.4443359375;
13:29:55;33.0;1572960597;96.611;17.183637051960012;0.5054010897635298;-0.4443359375;
13:29:56;34.0;1572960598;96.128;17.30900788602931;0.5090884672361562;-0.44677734375;
13:29:57;35.0;1572960598;96.065;9999.0;9999.0;9999.0;
13:29:58;36.0;1572960600;96.254;19.18957039706873;0.5643991293255509;-0.4833984375;
13:29:59;37.0;1572960601;96.463;17.4343787200986;0.5127758447087823;-0.44921875;
13:30:00;38.0;1572960602;96.695;17.30900788602931;0.5090884672361562;-0.44677734375;
13:30:01;39.0;1572960603;97.032;17.05826621789072;0.5017137122909034;-0.44189453125;
13:30:02;40.0;1572960603;97.011;16.55678288161354;0.4869642024003982;-0.43212890625;
13:30:03;41.0;1572960605;96.969;17.81049122230649;0.5238379771266615;-0.45654296875;
13:30:04;42.0;1572960606;97.478;17.4343787200986;0.5127758447087823;-0.44921875;
13:30:05;43.0;1572960607;97.478;17.05826621789072;0.5017137122909034;-0.44189453125;
13:30:06;44.0;1572960608;97.733;17.559749554167897;0.5164632221814087;-0.45166015625;
13:30:07;45.0;1572960609;97.584;17.4343787200986;0.5127758447087823;-0.44921875;
13:30:08;46.0;1572960610;97.308;17.68512038823719;0.520150599654035;-0.4541015625;
13:30:09;47.0;1572960611;97.35;17.559749554167897;0.5164632221814087;-0.45166015625;
13:30:10;48.0;1572960612;96.884;17.68512038823719;0.520150599654035;-0.4541015625;
13:30:11;49.0;1572960613;97.286;19.565682899276617;0.5754612617434299;-0.49072265625;
13:30:12;50.0;1572960614;97.054;19.565682899276617;0.5754612617434299;-0.49072265625;
13:30:13;51.0;1572960615;96.737;17.183637051960012;0.5054010897635298;-0.4443359375;
13:30:15;53.0;1572960616;96.99;17.05826621789072;0.5017137122909034;-0.44189453125;
13:30:16;54.0;1572960617;96.505;16.807524549752127;0.4943389573456508;-0.43701171875;
13:30:17;55.0;1572960618;96.589;17.183637051960012;0.5054010897635298;-0.4443359375;
13:30:18;56.0;1572960619;96.632;16.55678288161354;0.4869642024003982;-0.43212890625;
13:30:19;57.0;1572960620;96.526;17.30900788602931;0.5090884672361562;-0.44677734375;
13:30:20;58.0;1572960621;96.611;17.68512038823719;0.520150599654035;-0.4541015625;
13:30:21;59.0;1572960622;97.265;17.05826621789072;0.5017137122909034;-0.44189453125;
13:30:22;60.0;1572960623;97.244;17.05826621789072;0.5017137122909034;-0.44189453125;
13:30:23;61.0;1572960624;97.414;16.807524549752127;0.4943389573456508;-0.43701171875;
13:30:24;62.0;1572960625;97.84;17.30900788602931;0.5090884672361562;-0.44677734375;
13:30:25;63.0;1572960626;97.414;17.183637051960012;0.5054010897635298;-0.4443359375;
13:30:26;64.0;1572960627;97.393;17.68512038823719;0.520150599654035;-0.4541015625;
13:30:27;65.0;1572960628;97.499;17.30900788602931;0.5090884672361562;-0.44677734375;
13:30:28;66.0;1572960630;97.563;17.30900788602931;0.5090884672361562;-0.44677734375;
13:30:29;67.0;1572960630;97.52;17.05826621789072;0.5017137122909034;-0.44189453125;
13:30:30;68.0;1572960631;97.52;17.183637051960012;0.5054010897635298;-0.4443359375;
13:30:31;69.0;1572960632;97.371;17.4343787200986;0.5127758447087823;-0.44921875;
13:30:32;70.0;1572960633;97.096;17.05826621789072;0.5017137122909034;-0.44189453125;
13:30:33;71.0;1572960634;97.563;17.05826621789072;0.5017137122909034;-0.44189453125;
13:30:34;72.0;1572960636;97.393;16.807524549752127;0.4943389573456508;-0.43701171875;
13:30:35;73.0;1572960637;97.329;17.183637051960012;0.5054010897635298;-0.4443359375;
13:30:36;74.0;1572960637;97.499;17.30900788602931;0.5090884672361562;-0.44677734375;
13:30:37;75.0;1572960638;97.011;17.68512038823719;0.520150599654035;-0.4541015625;
13:30:38;76.0;1572960639;97.138;16.807524549752127;0.4943389573456508;-0.43701171875;
13:30:39;77.0;1572960641;97.371;16.55678288161354;0.4869642024003982;-0.43212890625;
13:30:40;78.0;1572960642;97.626;16.30604121347495;0.47958944745514553;-0.42724609375;
13:30:41;79.0;1572960642;97.626;16.055299545336357;0.47221469250989284;-0.42236328125;
13:30:42;80.0;1572960643;97.904;15.303074540920589;0.450090427674135;-0.40771484375;
13:30:43;81.0;1572960644;97.669;17.4343787200986;0.5127758447087823;-0.44921875;
13:30:44;82.0;1572960646;97.435;17.05826621789072;0.5017137122909034;-0.44189453125;
13:30:45;83.0;1572960647;97.648;16.807524549752127;0.4943389573456508;-0.43701171875;
13:30:47;85.0;1572960647;97.69;15.052332872781998;0.4427156727288823;-0.40283203125;
13:30:48;86.0;1572960649;97.499;16.30604121347495;0.47958944745514553;-0.42724609375;
13:30:49;87.0;1572960651;97.35;17.05826621789072;0.5017137122909034;-0.44189453125;
13:30:50;88.0;1572960652;97.414;17.4343787200986;0.5127758447087823;-0.44921875;
13:30:51;89.0;1572960653;97.393;16.93289538382142;0.49802633481827707;-0.439453125;
13:30:52;90.0;1572960653;97.626;15.804557877197768;0.4648399375646402;-0.41748046875;
13:30:53;91.0;1572960654;97.393;14.425478702435521;0.42427878536575064;-0.390625;
13:30:54;92.0;1572960656;97.138;16.68215371568283;0.49065157987302443;-0.4345703125;
13:30:55;93.0;1572960657;96.674;17.183637051960012;0.5054010897635298;-0.4443359375;
13:30:56;94.0;1572960658;96.17;15.052332872781998;0.4427156727288823;-0.40283203125;
13:30:57;95.0;1572960659;96.4;16.55678288161354;0.4869642024003982;-0.43212890625;
13:30:58;96.0;1572960659;96.884;17.05826621789072;0.5017137122909034;-0.44189453125;
13:30:59;97.0;1572960661;97.117;16.807524549752127;0.4943389573456508;-0.43701171875;
13:31:00;98.0;1572960662;97.075;17.4343787200986;0.5127758447087823;-0.44921875;
13:31:01;99.0;1572960663;97.265;17.4343787200986;0.5127758447087823;-0.44921875;
13:31:02;100.0;1572960664;96.758;16.807524549752127;0.4943389573456508;-0.43701171875;
13:31:03;101.0;1572960664;96.8;18.061232890445076;0.531212732071914;-0.46142578125;
13:31:04;102.0;1572960666;97.159;17.559749554167897;0.5164632221814087;-0.45166015625;
13:31:05;103.0;1572960667;96.4;17.05826621789072;0.5017137122909034;-0.44189453125;
13:31:06;104.0;1572960668;96.589;17.4343787200986;0.5127758447087823;-0.44921875;
13:31:07;105.0;1572960669;96.863;16.55678288161354;0.4869642024003982;-0.43212890625;
13:31:08;106.0;1572960669;97.096;16.807524549752127;0.4943389573456508;-0.43701171875;
13:31:09;107.0;1572960671;97.818;16.807524549752127;0.4943389573456508;-0.43701171875;
13:31:10;108.0;1572960672;97.904;17.559749554167897;0.5164632221814087;-0.45166015625;
13:31:11;109.0;1572960673;97.563;17.4343787200986;0.5127758447087823;-0.44921875;
13:31:12;110.0;1572960674;96.821;17.68512038823719;0.520150599654035;-0.4541015625;
13:31:13;111.0;1572960675;96.589;17.68512038823719;0.520150599654035;-0.4541015625;
13:31:14;112.0;1572960676;96.086;17.81049122230649;0.5238379771266615;-0.45654296875;
13:31:15;113.0;1572960677;96.107;17.4343787200986;0.5127758447087823;-0.44921875;
13:31:16;114.0;1572960678;96.737;17.30900788602931;0.5090884672361562;-0.44677734375;
13:31:17;115.0;1572960679;96.526;17.68512038823719;0.520150599654035;-0.4541015625;
13:31:19;117.0;1572960680;97.032;17.4343787200986;0.5127758447087823;-0.44921875;
13:31:20;118.0;1572960681;96.8;17.4343787200986;0.5127758447087823;-0.44921875;
13:31:21;119.0;1572960682;96.589;17.68512038823719;0.520150599654035;-0.4541015625;
13:31:22;120.0;1572960683;96.884;17.559749554167897;0.5164632221814087;-0.45166015625;
13:31:23;121.0;1572960684;97.075;16.93289538382142;0.49802633481827707;-0.439453125;
13:31:24;122.0;1572960685;97.308;19.31494123113803;0.5680865067981773;-0.48583984375;
13:31:25;123.0;1572960686;97.096;16.93289538382142;0.49802633481827707;-0.439453125;
13:31:26;124.0;1572960687;97.265;18.311974558583668;0.5385874870171667;-0.46630859375;
13:31:27;125.0;1572960688;96.863;17.559749554167897;0.5164632221814087;-0.45166015625;
13:31:28;126.0;1572960689;96.379;17.559749554167897;0.5164632221814087;-0.45166015625;
13:31:29;127.0;1572960690;96.421;18.813457894860846;0.5533369969076719;-0.47607421875;
13:31:30;128.0;1572960691;96.212;17.81049122230649;0.5238379771266615;-0.45654296875;
13:31:31;129.0;1572960692;96.463;16.807524549752127;0.4943389573456508;-0.43701171875;
13:31:32;130.0;1572960693;96.99;18.061232890445076;0.531212732071914;-0.46142578125;
13:31:33;131.0;1572960694;97.18;17.68512038823719;0.520150599654035;-0.4541015625;
13:31:34;132.0;1572960696;96.906;17.4343787200986;0.5127758447087823;-0.44921875;
13:31:35;133.0;1572960696;96.821;17.05826621789072;0.5017137122909034;-0.44189453125;
13:31:36;134.0;1572960697;96.737;9999.0;9999.0;9999.0;
13:31:37;135.0;1572960698;96.674;17.68512038823719;0.520150599654035;-0.4541015625;
13:31:38;136.0;1572960699;97.202;17.183637051960012;0.5054010897635298;-0.4443359375;
13:31:39;137.0;1572960700;97.202;17.05826621789072;0.5017137122909034;-0.44189453125;
13:31:40;138.0;1572960702;97.032;17.559749554167897;0.5164632221814087;-0.45166015625;
13:31:41;139.0;1572960702;97.096;17.559749554167897;0.5164632221814087;-0.45166015625;
13:31:42;140.0;1572960703;96.8;17.559749554167897;0.5164632221814087;-0.45166015625;
13:31:43;141.0;1572960704;96.653;17.4343787200986;0.5127758447087823;-0.44921875;
13:31:44;142.0;1572960705;96.863;17.559749554167897;0.5164632221814087;-0.45166015625;
13:31:46;144.0;1572960707;96.927;17.4343787200986;0.5127758447087823;-0.44921875;
13:31:47;145.0;1572960708;96.842;17.559749554167897;0.5164632221814087;-0.45166015625;
13:31:48;146.0;1572960709;97.117;17.81049122230649;0.5238379771266615;-0.45654296875;
13:31:49;147.0;1572960710;96.884;17.559749554167897;0.5164632221814087;-0.45166015625;
13:31:50;148.0;1572960711;97.563;16.807524549752127;0.4943389573456508;-0.43701171875;
13:31:51;149.0;1572960713;98.053;18.061232890445076;0.531212732071914;-0.46142578125;
13:31:52;150.0;1572960714;97.584;18.061232890445076;0.531212732071914;-0.46142578125;
13:31:53;151.0;1572960715;97.308;17.183637051960012;0.5054010897635298;-0.4443359375;
13:31:54;152.0;1572960716;96.884;17.4343787200986;0.5127758447087823;-0.44921875;
13:31:55;153.0;1572960717;96.653;17.935862056375782;0.5275253545992877;-0.458984375;
13:31:56;154.0;1572960717;97.075;17.05826621789072;0.5017137122909034;-0.44189453125;
13:31:57;155.0;1572960719;97.329;17.68512038823719;0.520150599654035;-0.4541015625;
13:31:58;156.0;1572960719;97.286;17.05826621789072;0.5017137122909034;-0.44189453125;
13:31:59;157.0;1572960720;97.478;17.183637051960012;0.5054010897635298;-0.4443359375;
13:32:00;158.0;1572960722;96.969;17.05826621789072;0.5017137122909034;-0.44189453125;
13:32:01;159.0;1572960723;96.969;17.05826621789072;0.5017137122909034;-0.44189453125;
13:32:02;160.0;1572960724;96.716;17.935862056375782;0.5275253545992877;-0.458984375;
13:32:03;161.0;1572960725;96.568;17.68512038823719;0.520150599654035;-0.4541015625;
13:32:04;162.0;1572960726;97.075;16.93289538382142;0.49802633481827707;-0.439453125;
13:32:05;163.0;1572960726;97.054;17.183637051960012;0.5054010897635298;-0.4443359375;
13:32:06;164.0;1572960728;97.456;17.4343787200986;0.5127758447087823;-0.44921875;
13:32:07;165.0;1572960729;97.712;17.05826621789072;0.5017137122909034;-0.44189453125;
13:32:08;166.0;1572960730;97.244;17.4343787200986;0.5127758447087823;-0.44921875;
13:32:09;167.0;1572960731;96.969;17.30900788602931;0.5090884672361562;-0.44677734375;
13:32:10;168.0;1572960732;96.547;17.4343787200986;0.5127758447087823;-0.44921875;
13:32:11;169.0;1572960733;96.002;17.183637051960012;0.5054010897635298;-0.4443359375;
13:32:12;170.0;1572960734;96.212;17.81049122230649;0.5238379771266615;-0.45654296875;
13:32:13;171.0;1572960735;96.526;17.05826621789072;0.5017137122909034;-0.44189453125;
13:32:14;172.0;1572960736;96.316;17.183637051960012;0.5054010897635298;-0.4443359375;
13:32:15;173.0;1572960737;96.611;18.18660372451437;0.5349001095445403;-0.4638671875;
13:32:17;175.0;1572960739;96.611;17.05826621789072;0.5017137122909034;-0.44189453125;
13:32:18;176.0;1572960740;96.821;16.55678288161354;0.4869642024003982;-0.43212890625;
13:32:19;177.0;1572960741;96.275;17.30900788602931;0.5090884672361562;-0.44677734375;
13:32:20;178.0;1572960742;96.779;16.93289538382142;0.49802633481827707;-0.439453125;
13:32:21;179.0;1572960743;96.547;17.05826621789072;0.5017137122909034;-0.44189453125;
13:32:23;181.0;1572960744;96.863;17.183637051960012;0.5054010897635298;-0.4443359375;
13:32:24;182.0;1572960745;97.117;17.4343787200986;0.5127758447087823;-0.44921875;
13:32:25;183.0;1572960746;97.075;17.4343787200986;0.5127758447087823;-0.44921875;
13:32:26;184.0;1572960747;97.032;17.81049122230649;0.5238379771266615;-0.45654296875;
13:32:27;185.0;1572960748;96.779;17.4343787200986;0.5127758447087823;-0.44921875;
13:32:28;186.0;1572960749;96.758;17.4343787200986;0.5127758447087823;-0.44921875;
13:32:29;187.0;1572960750;96.716;18.18660372451437;0.5349001095445403;-0.4638671875;
13:32:30;188.0;1572960751;96.737;19.31494123113803;0.5680865067981773;-0.48583984375;
13:32:31;189.0;1572960752;96.463;19.31494123113803;0.5680865067981773;-0.48583984375;
13:32:32;190.0;1572960753;96.674;17.05826621789072;0.5017137122909034;-0.44189453125;
13:32:33;191.0;1572960755;96.275;18.43734539265296;0.542274864489793;-0.46875;
13:32:34;192.0;1572960755;95.836;16.431412047544242;0.48327682492777185;-0.4296875;
13:32:35;193.0;1572960756;96.316;17.4343787200986;0.5127758447087823;-0.44921875;
13:32:36;194.0;1572960757;96.107;17.559749554167897;0.5164632221814087;-0.45166015625;
13:32:37;195.0;1572960758;96.568;17.183637051960012;0.5054010897635298;-0.4443359375;
13:32:38;196.0;1572960760;97.011;16.30604121347495;0.47958944745514553;-0.42724609375;
13:32:39;197.0;1572960760;97.286;17.4343787200986;0.5127758447087823;-0.44921875;
13:32:40;198.0;1572960761;97.626;17.30900788602931;0.5090884672361562;-0.44677734375;
13:32:41;199.0;1572960762;97.393;18.688087060791553;0.5496496194350456;-0.4736328125;
13:32:42;200.0;1572960763;97.096;17.4343787200986;0.5127758447087823;-0.44921875;
13:32:43;201.0;1572960764;96.611;17.30900788602931;0.5090884672361562;-0.44677734375;
13:32:45;203.0;1572960766;96.758;18.061232890445076;0.531212732071914;-0.46142578125;
13:32:46;204.0;1572960767;96.821;18.18660372451437;0.5349001095445403;-0.4638671875;
13:32:47;205.0;1572960768;97.011;17.4343787200986;0.5127758447087823;-0.44921875;
13:32:48;206.0;1572960770;96.526;17.68512038823719;0.520150599654035;-0.4541015625;
13:32:49;207.0;1572960771;96.863;17.935862056375782;0.5275253545992877;-0.458984375;
13:32:50;208.0;1572960772;97.138;17.30900788602931;0.5090884672361562;-0.44677734375;
13:32:51;209.0;1572960772;97.18;17.559749554167897;0.5164632221814087;-0.45166015625;
13:32:52;210.0;1572960773;96.758;17.30900788602931;0.5090884672361562;-0.44677734375;
13:32:53;211.0;1572960774;96.653;16.807524549752127;0.4943389573456508;-0.43701171875;
13:32:54;212.0;1572960776;96.589;17.4343787200986;0.5127758447087823;-0.44921875;
13:32:55;213.0;1572960777;96.737;17.559749554167897;0.5164632221814087;-0.45166015625;
13:32:56;214.0;1572960777;97.159;17.183637051960012;0.5054010897635298;-0.4443359375;
13:32:57;215.0;1572960778;97.244;17.4343787200986;0.5127758447087823;-0.44921875;
13:32:58;216.0;1572960780;97.223;17.81049122230649;0.5238379771266615;-0.45654296875;
13:32:59;217.0;1572960781;96.948;17.559749554167897;0.5164632221814087;-0.45166015625;
13:33:00;218.0;1572960782;96.969;17.183637051960012;0.5054010897635298;-0.4443359375;
13:33:01;219.0;1572960783;96.695;17.183637051960012;0.5054010897635298;-0.4443359375;
13:33:02;220.0;1572960783;96.463;17.559749554167897;0.5164632221814087;-0.45166015625;
13:33:03;221.0;1572960785;96.295;16.807524549752127;0.4943389573456508;-0.43701171875;
13:33:04;222.0;1572960786;96.002;17.4343787200986;0.5127758447087823;-0.44921875;
13:33:05;223.0;1572960787;95.94;17.05826621789072;0.5017137122909034;-0.44189453125;
13:33:06;224.0;1572960788;95.982;16.93289538382142;0.49802633481827707;-0.439453125;
13:33:07;225.0;1572960788;96.484;17.68512038823719;0.520150599654035;-0.4541015625;
13:33:08;226.0;1572960790;96.295;15.929928711267062;0.4685273150372665;-0.419921875;
13:33:09;227.0;1572960791;96.4;12.795657859534689;0.3763428782216085;-0.35888671875;
13:33:10;228.0;1572960792;96.653;16.807524549752127;0.4943389573456508;-0.43701171875;
13:33:11;229.0;1572960793;95.898;17.4343787200986;0.5127758447087823;-0.44921875;
13:33:12;230.0;1572960793;96.086;17.183637051960012;0.5054010897635298;-0.4443359375;
13:33:13;231.0;1572960795;96.065;17.935862056375782;0.5275253545992877;-0.458984375;
13:33:14;232.0;1572960796;96.044;17.30900788602931;0.5090884672361562;-0.44677734375;
13:33:15;233.0;1572960797;96.8;17.559749554167897;0.5164632221814087;-0.45166015625;
13:33:16;234.0;1572960798;96.863;16.807524549752127;0.4943389573456508;-0.43701171875;
13:33:17;235.0;1572960799;96.863;17.68512038823719;0.520150599654035;-0.4541015625;
13:33:18;236.0;1572960800;96.589;17.68512038823719;0.520150599654035;-0.4541015625;
13:33:19;237.0;1572960801;95.856;17.559749554167897;0.5164632221814087;-0.45166015625;
13:33:20;238.0;1572960802;95.856;17.68512038823719;0.520150599654035;-0.4541015625;
13:33:21;239.0;1572960803;96.107;16.807524549752127;0.4943389573456508;-0.43701171875;
13:33:22;240.0;1572960804;96.128;17.183637051960012;0.5054010897635298;-0.4443359375;
13:33:23;241.0;1572960805;96.716;16.807524549752127;0.4943389573456508;-0.43701171875;
13:33:24;242.0;1572960806;96.505;17.81049122230649;0.5238379771266615;-0.45654296875;
13:33:25;243.0;1572960807;96.233;17.4343787200986;0.5127758447087823;-0.44921875;
13:33:27;245.0;1572960808;96.484;17.05826621789072;0.5017137122909034;-0.44189453125;
13:33:28;246.0;1572960809;96.421;16.807524549752127;0.4943389573456508;-0.43701171875;
13:33:29;247.0;1572960810;96.779;17.05826621789072;0.5017137122909034;-0.44189453125;
13:33:30;248.0;1572960811;97.032;17.559749554167897;0.5164632221814087;-0.45166015625;
13:33:31;249.0;1572960812;96.737;17.4343787200986;0.5127758447087823;-0.44921875;
13:33:32;250.0;1572960813;96.484;17.183637051960012;0.5054010897635298;-0.4443359375;
13:33:33;251.0;1572960814;96.547;17.559749554167897;0.5164632221814087;-0.45166015625;
13:33:34;252.0;1572960815;96.065;17.559749554167897;0.5164632221814087;-0.45166015625;
13:33:35;253.0;1572960816;96.149;17.4343787200986;0.5127758447087823;-0.44921875;
13:33:36;254.0;1572960817;96.086;17.4343787200986;0.5127758447087823;-0.44921875;
13:33:37;255.0;1572960818;95.627;17.183637051960012;0.5054010897635298;-0.4443359375;
13:33:38;256.0;1572960819;96.044;17.05826621789072;0.5017137122909034;-0.44189453125;
13:33:39;257.0;1572960821;96.002;17.30900788602931;0.5090884672361562;-0.44677734375;
13:33:40;258.0;1572960821;96.295;17.68512038823719;0.520150599654035;-0.4541015625;
13:33:41;259.0;1572960822;96.547;16.93289538382142;0.49802633481827707;-0.439453125;
13:33:42;260.0;1572960823;96.358;20.317907903692383;0.5975855265791877;-0.50537109375;
13:33:43;261.0;1572960824;96.758;17.68512038823719;0.520150599654035;-0.4541015625;
13:33:44;262.0;1572960825;96.526;17.4343787200986;0.5127758447087823;-0.44921875;
13:33:45;263.0;1572960826;96.653;18.56271622672226;0.5459622419624194;-0.47119140625;
13:33:46;264.0;1572960827;96.421;19.816424567415208;0.5828360166886826;-0.49560546875;
13:33:47;265.0;1572960828;96.002;18.93882872893014;0.5570243743802983;-0.478515625;
13:33:48;266.0;1572960829;96.442;17.05826621789072;0.5017137122909034;-0.44189453125;
13:33:49;267.0;1572960830;96.526;16.93289538382142;0.49802633481827707;-0.439453125;
13:33:50;268.0;1572960832;97.011;19.064199562999438;0.5607117518529247;-0.48095703125;
13:33:51;269.0;1572960833;97.541;17.183637051960012;0.5054010897635298;-0.4443359375;
13:33:52;270.0;1572960833;97.096;17.4343787200986;0.5127758447087823;-0.44921875;
13:33:53;271.0;1572960834;96.842;20.317907903692383;0.5975855265791877;-0.50537109375;
13:33:54;272.0;1572960835;96.611;16.807524549752127;0.4943389573456508;-0.43701171875;
13:33:55;273.0;1572960837;96.358;17.4343787200986;0.5127758447087823;-0.44921875;
13:33:56;274.0;1572960838;96.526;16.807524549752127;0.4943389573456508;-0.43701171875;
13:33:57;275.0;1572960838;96.379;17.81049122230649;0.5238379771266615;-0.45654296875;
13:33:58;276.0;1572960839;96.379;17.68512038823719;0.520150599654035;-0.4541015625;
13:33:59;277.0;1572960840;96.358;17.4343787200986;0.5127758447087823;-0.44921875;
13:34:00;278.0;1572960842;96.4;17.935862056375782;0.5275253545992877;-0.458984375;
13:34:01;279.0;1572960843;96.316;17.30900788602931;0.5090884672361562;-0.44677734375;
13:34:02;280.0;1572960843;96.547;17.559749554167897;0.5164632221814087;-0.45166015625;
13:34:03;281.0;1572960844;96.568;17.4343787200986;0.5127758447087823;-0.44921875;
13:34:04;282.0;1572960845;96.337;17.4343787200986;0.5127758447087823;-0.44921875;
13:34:05;283.0;1572960847;97.117;16.30604121347495;0.47958944745514553;-0.42724609375;
13:34:06;284.0;1572960848;97.308;17.559749554167897;0.5164632221814087;-0.45166015625;
13:34:07;285.0;1572960849;97.117;15.929928711267062;0.4685273150372665;-0.419921875;
13:34:08;286.0;1572960849;96.906;17.05826621789072;0.5017137122909034;-0.44189453125;
13:34:09;287.0;1572960850;96.17;17.30900788602931;0.5090884672361562;-0.44677734375;
13:34:10;288.0;1572960852;95.919;17.4343787200986;0.5127758447087823;-0.44921875;
13:34:11;289.0;1572960853;95.815;17.935862056375782;0.5275253545992877;-0.458984375;
13:34:12;290.0;1572960854;96.065;16.93289538382142;0.49802633481827707;-0.439453125;
13:34:13;291.0;1572960854;96.275;17.183637051960012;0.5054010897635298;-0.4443359375;
13:34:14;292.0;1572960855;96.107;17.30900788602931;0.5090884672361562;-0.44677734375;
13:34:15;293.0;1572960857;96.086;17.559749554167897;0.5164632221814087;-0.45166015625;
13:34:16;294.0;1572960858;96.505;17.30900788602931;0.5090884672361562;-0.44677734375;
13:34:17;295.0;1572960859;96.505;17.183637051960012;0.5054010897635298;-0.4443359375;
13:34:18;296.0;1572960859;96.505;17.30900788602931;0.5090884672361562;-0.44677734375;
13:34:19;297.0;1572960861;96.568;16.68215371568283;0.49065157987302443;-0.4345703125;
13:34:20;298.0;1572960862;96.128;17.183637051960012;0.5054010897635298;-0.4443359375;
13:34:21;299.0;1572960863;96.337;17.559749554167897;0.5164632221814087;-0.45166015625;
13:34:22;300.0;1572960864;96.526;17.183637051960012;0.5054010897635298;-0.4443359375;
13:34:23;301.0;1572960865;96.463;17.559749554167897;0.5164632221814087;-0.45166015625;
13:34:24;302.0;1572960866;96.149;16.93289538382142;0.49802633481827707;-0.439453125;
13:34:25;303.0;1572960867;96.086;17.183637051960012;0.5054010897635298;-0.4443359375;
13:34:26;304.0;1572960868;95.419;17.05826621789072;0.5017137122909034;-0.44189453125;
13:34:27;305.0;1572960869;95.461;17.4343787200986;0.5127758447087823;-0.44921875;
13:34:28;306.0;1572960870;95.752;17.05826621789072;0.5017137122909034;-0.44189453125;
13:34:29;307.0;1572960871;95.606;17.30900788602931;0.5090884672361562;-0.44677734375;
13:34:31;309.0;1572960872;96.065;16.807524549752127;0.4943389573456508;-0.43701171875;
13:34:32;310.0;1572960873;96.128;16.93289538382142;0.49802633481827707;-0.439453125;
13:34:33;311.0;1572960874;96.107;17.559749554167897;0.5164632221814087;-0.45166015625;
13:34:34;312.0;1572960875;96.505;16.93289538382142;0.49802633481827707;-0.439453125;
13:34:35;313.0;1572960876;96.484;19.18957039706873;0.5643991293255509;-0.4833984375;
13:34:36;314.0;1572960877;96.421;17.4343787200986;0.5127758447087823;-0.44921875;
13:34:37;315.0;1572960878;96.191;16.93289538382142;0.49802633481827707;-0.439453125;
13:34:38;316.0;1572960879;95.856;17.30900788602931;0.5090884672361562;-0.44677734375;
13:34:39;317.0;1572960880;96.086;17.05826621789072;0.5017137122909034;-0.44189453125;
13:34:40;318.0;1572960881;96.337;17.05826621789072;0.5017137122909034;-0.44189453125;
13:34:41;319.0;1572960882;96.337;17.81049122230649;0.5238379771266615;-0.45654296875;
13:34:42;320.0;1572960883;95.794;17.05826621789072;0.5017137122909034;-0.44189453125;
13:34:43;321.0;1572960884;95.544;17.4343787200986;0.5127758447087823;-0.44921875;
13:34:44;322.0;1572960885;95.565;17.4343787200986;0.5127758447087823;-0.44921875;
13:34:45;323.0;1572960887;95.815;17.4343787200986;0.5127758447087823;-0.44921875;
13:34:46;324.0;1572960887;96.547;17.05826621789072;0.5017137122909034;-0.44189453125;
13:34:47;325.0;1572960888;96.358;17.559749554167897;0.5164632221814087;-0.45166015625;
13:34:48;326.0;1572960889;95.94;18.311974558583668;0.5385874870171667;-0.46630859375;
13:34:49;327.0;1572960890;95.71;16.807524549752127;0.4943389573456508;-0.43701171875;
13:34:50;328.0;1572960892;95.254;18.061232890445076;0.531212732071914;-0.46142578125;
13:34:51;329.0;1572960892;95.523;17.559749554167897;0.5164632221814087;-0.45166015625;
13:34:52;330.0;1572960893;95.71;17.183637051960012;0.5054010897635298;-0.4443359375;
13:34:53;331.0;1572960894;96.191;17.559749554167897;0.5164632221814087;-0.45166015625;
13:34:54;332.0;1572960895;96.484;17.68512038823719;0.520150599654035;-0.4541015625;
13:34:55;333.0;1572960897;95.94;17.68512038823719;0.520150599654035;-0.4541015625;
13:34:56;334.0;1572960898;95.898;16.18067037940565;0.47590206998251916;-0.4248046875;
13:34:57;335.0;1572960898;95.856;17.68512038823719;0.520150599654035;-0.4541015625;
13:34:58;336.0;1572960899;95.752;17.4343787200986;0.5127758447087823;-0.44921875;
13:34:59;337.0;1572960900;96.4;17.183637051960012;0.5054010897635298;-0.4443359375;
13:35:00;338.0;1572960901;96.484;17.05826621789072;0.5017137122909034;-0.44189453125;
13:35:01;339.0;1572960903;96.065;17.559749554167897;0.5164632221814087;-0.45166015625;
13:35:02;340.0;1572960903;96.316;17.4343787200986;0.5127758447087823;-0.44921875;
13:35:03;341.0;1572960904;95.898;16.807524549752127;0.4943389573456508;-0.43701171875;
13:35:04;342.0;1572960905;95.815;17.559749554167897;0.5164632221814087;-0.45166015625;
13:35:05;343.0;1572960907;96.086;17.4343787200986;0.5127758447087823;-0.44921875;
13:35:06;344.0;1572960908;96.023;17.68512038823719;0.520150599654035;-0.4541015625;
13:35:07;345.0;1572960908;96.442;14.300107868366227;0.4205914078931243;-0.38818359375;
13:35:08;346.0;1572960909;96.674;18.061232890445076;0.531212732071914;-0.46142578125;
13:35:09;347.0;1572960910;96.589;17.183637051960012;0.5054010897635298;-0.4443359375;
13:35:10;348.0;1572960912;96.674;17.183637051960012;0.5054010897635298;-0.4443359375;
13:35:11;349.0;1572960913;96.674;17.05826621789072;0.5017137122909034;-0.44189453125;
13:35:12;350.0;1572960913;96.358;17.559749554167897;0.5164632221814087;-0.45166015625;
13:35:13;351.0;1572960914;96.4;17.559749554167897;0.5164632221814087;-0.45166015625;
13:35:14;352.0;1572960916;96.191;17.183637051960012;0.5054010897635298;-0.4443359375;
13:35:15;353.0;1572960917;96.023;17.183637051960012;0.5054010897635298;-0.4443359375;
13:35:16;354.0;1572960918;96.316;16.18067037940565;0.47590206998251916;-0.4248046875;
13:35:17;355.0;1572960919;96.526;16.68215371568283;0.49065157987302443;-0.4345703125;
13:35:18;356.0;1572960919;96.442;17.183637051960012;0.5054010897635298;-0.4443359375;
13:35:19;357.0;1572960921;96.674;17.4343787200986;0.5127758447087823;-0.44921875;
13:35:20;358.0;1572960922;96.442;17.4343787200986;0.5127758447087823;-0.44921875;
13:35:21;359.0;1572960923;96.463;17.30900788602931;0.5090884672361562;-0.44677734375;
13:35:22;360.0;1572960924;96.379;17.05826621789072;0.5017137122909034;-0.44189453125;
13:35:23;361.0;1572960924;95.69;17.05826621789072;0.5017137122909034;-0.44189453125;
13:35:24;362.0;1572960926;95.919;16.55678288161354;0.4869642024003982;-0.43212890625;
13:35:25;363.0;1572960927;95.69;17.30900788602931;0.5090884672361562;-0.44677734375;
13:35:26;364.0;1572960928;95.586;16.807524549752127;0.4943389573456508;-0.43701171875;
13:35:27;365.0;1572960929;95.856;15.553816209059178;0.4574651826193876;-0.41259765625;
13:35:28;366.0;1572960930;95.731;17.559749554167897;0.5164632221814087;-0.45166015625;
13:35:29;367.0;1572960931;95.482;16.807524549752127;0.4943389573456508;-0.43701171875;
13:35:30;368.0;1572960932;95.419;17.4343787200986;0.5127758447087823;-0.44921875;
13:35:31;369.0;1572960933;95.565;17.05826621789072;0.5017137122909034;-0.44189453125;
13:35:32;370.0;1572960934;95.274;17.4343787200986;0.5127758447087823;-0.44921875;
13:35:33;371.0;1572960935;95.71;17.30900788602931;0.5090884672361562;-0.44677734375;
13:35:35;373.0;1572960936;95.794;17.4343787200986;0.5127758447087823;-0.44921875;
13:35:36;374.0;1572960937;95.877;17.183637051960012;0.5054010897635298;-0.4443359375;
13:35:37;375.0;1572960938;95.898;17.559749554167897;0.5164632221814087;-0.45166015625;
13:35:38;376.0;1572960939;95.69;17.05826621789072;0.5017137122909034;-0.44189453125;
13:35:39;377.0;1572960940;95.877;16.93289538382142;0.49802633481827707;-0.439453125;
13:35:40;378.0;1572960941;95.648;17.68512038823719;0.520150599654035;-0.4541015625;
13:35:42;380.0;1572960942;95.523;17.935862056375782;0.5275253545992877;-0.458984375;
13:35:43;381.0;1572960944;95.565;17.183637051960012;0.5054010897635298;-0.4443359375;
13:35:44;382.0;1572960945;95.503;16.55678288161354;0.4869642024003982;-0.43212890625;
13:35:45;383.0;1572960946;95.94;16.93289538382142;0.49802633481827707;-0.439453125;
13:35:46;384.0;1572960947;96.107;17.183637051960012;0.5054010897635298;-0.4443359375;
13:35:47;385.0;1572960948;96.149;17.68512038823719;0.520150599654035;-0.4541015625;
13:35:48;386.0;1572960949;96.442;17.559749554167897;0.5164632221814087;-0.45166015625;
13:35:49;387.0;1572960950;95.898;18.061232890445076;0.531212732071914;-0.46142578125;
13:35:50;388.0;1572960951;95.69;17.183637051960012;0.5054010897635298;-0.4443359375;
13:35:51;389.0;1572960953;95.731;16.55678288161354;0.4869642024003982;-0.43212890625;
13:35:52;390.0;1572960953;95.44;16.93289538382142;0.49802633481827707;-0.439453125;
13:35:53;391.0;1572960954;94.985;19.816424567415208;0.5828360166886826;-0.49560546875;
13:35:54;392.0;1572960955;95.192;17.183637051960012;0.5054010897635298;-0.4443359375;
13:35:55;393.0;1572960956;95.129;17.05826621789072;0.5017137122909034;-0.44189453125;
13:35:56;394.0;1572960958;95.399;17.81049122230649;0.5238379771266615;-0.45654296875;
13:35:57;395.0;1572960959;95.94;17.05826621789072;0.5017137122909034;-0.44189453125;
13:35:58;396.0;1572960959;95.982;17.81049122230649;0.5238379771266615;-0.45654296875;
13:35:59;397.0;1572960960;96.044;16.431412047544242;0.48327682492777185;-0.4296875;
13:36:00;398.0;1572960961;95.752;17.30900788602931;0.5090884672361562;-0.44677734375;
13:36:01;399.0;1572960963;95.982;17.05826621789072;0.5017137122909034;-0.44189453125;
13:36:02;400.0;1572960964;95.752;16.807524549752127;0.4943389573456508;-0.43701171875;
13:36:03;401.0;1572960965;95.274;17.559749554167897;0.5164632221814087;-0.45166015625;
13:36:04;402.0;1572960965;95.523;17.559749554167897;0.5164632221814087;-0.45166015625;
13:36:05;403.0;1572960966;95.005;17.05826621789072;0.5017137122909034;-0.44189453125;
13:36:06;404.0;1572960967;95.606;17.05826621789072;0.5017137122909034;-0.44189453125;
13:36:07;405.0;1572960969;96.002;17.05826621789072;0.5017137122909034;-0.44189453125;
13:36:08;406.0;1572960970;95.815;17.30900788602931;0.5090884672361562;-0.44677734375;
13:36:09;407.0;1572960970;96.086;17.68512038823719;0.520150599654035;-0.4541015625;
13:36:10;408.0;1572960971;95.648;17.81049122230649;0.5238379771266615;-0.45654296875;
13:36:11;409.0;1572960973;95.565;16.68215371568283;0.49065157987302443;-0.4345703125;
13:36:12;410.0;1572960974;95.337;16.93289538382142;0.49802633481827707;-0.439453125;
13:36:13;411.0;1572960975;95.129;17.30900788602931;0.5090884672361562;-0.44677734375;
13:36:14;412.0;1572960975;94.532;17.4343787200986;0.5127758447087823;-0.44921875;
13:36:15;413.0;1572960976;94.635;17.30900788602931;0.5090884672361562;-0.44677734375;
13:36:16;414.0;1572960977;95.295;17.05826621789072;0.5017137122909034;-0.44189453125;
13:36:17;415.0;1572960979;95.648;14.926962038712702;0.4390282952562559;-0.400390625;
13:36:18;416.0;1572960980;96.254;16.68215371568283;0.49065157987302443;-0.4345703125;
13:36:19;417.0;1572960981;96.191;17.05826621789072;0.5017137122909034;-0.44189453125;
13:36:20;418.0;1572960981;95.898;17.559749554167897;0.5164632221814087;-0.45166015625;
13:36:21;419.0;1572960983;95.731;17.30900788602931;0.5090884672361562;-0.44677734375;
13:36:22;420.0;1572960984;95.565;17.183637051960012;0.5054010897635298;-0.4443359375;
13:36:23;421.0;1572960985;95.627;16.807524549752127;0.4943389573456508;-0.43701171875;
13:36:24;422.0;1572960986;95.669;16.93289538382142;0.49802633481827707;-0.439453125;
13:36:25;423.0;1572960986;95.71;16.18067037940565;0.47590206998251916;-0.4248046875;
13:36:26;424.0;1572960988;95.898;16.93289538382142;0.49802633481827707;-0.439453125;
13:36:27;425.0;1572960989;96.065;17.4343787200986;0.5127758447087823;-0.44921875;
13:36:28;426.0;1572960990;95.69;18.43734539265296;0.542274864489793;-0.46875;
13:36:29;427.0;1572960991;95.648;15.428445374989881;0.4537778051467612;-0.41015625;
13:36:30;428.0;1572960991;95.44;17.183637051960012;0.5054010897635298;-0.4443359375;
13:36:31;429.0;1572960993;95.192;17.183637051960012;0.5054010897635298;-0.4443359375;
13:36:32;430.0;1572960994;95.357;18.56271622672226;0.5459622419624194;-0.47119140625;
13:36:33;431.0;1572960995;95.357;17.4343787200986;0.5127758447087823;-0.44921875;
13:36:34;432.0;1572960996;95.295;16.93289538382142;0.49802633481827707;-0.439453125;
13:36:35;433.0;1572960997;95.129;16.93289538382142;0.49802633481827707;-0.439453125;
13:36:36;434.0;1572960998;94.944;16.93289538382142;0.49802633481827707;-0.439453125;
13:36:37;435.0;1572960999;95.399;17.183637051960012;0.5054010897635298;-0.4443359375;
13:36:39;437.0;1572961000;95.399;17.05826621789072;0.5017137122909034;-0.44189453125;
13:36:40;438.0;1572961001;95.399;17.05826621789072;0.5017137122909034;-0.44189453125;
13:36:41;439.0;1572961002;95.565;17.183637051960012;0.5054010897635298;-0.4443359375;
13:36:42;440.0;1572961003;95.067;18.813457894860846;0.5533369969076719;-0.47607421875;
13:36:43;441.0;1572961004;94.902;17.4343787200986;0.5127758447087823;-0.44921875;
13:36:44;442.0;1572961005;94.902;17.935862056375782;0.5275253545992877;-0.458984375;
13:36:45;443.0;1572961006;95.399;17.559749554167897;0.5164632221814087;-0.45166015625;
13:36:46;444.0;1572961007;95.233;17.183637051960012;0.5054010897635298;-0.4443359375;
13:36:47;445.0;1572961008;95.71;16.68215371568283;0.49065157987302443;-0.4345703125;
13:36:48;446.0;1572961009;95.669;17.183637051960012;0.5054010897635298;-0.4443359375;
13:36:49;447.0;1572961010;95.171;17.05826621789072;0.5017137122909034;-0.44189453125;
13:36:50;448.0;1572961011;95.586;18.18660372451437;0.5349001095445403;-0.4638671875;
13:36:51;449.0;1572961012;95.109;17.183637051960012;0.5054010897635298;-0.4443359375;
13:36:52;450.0;1572961014;95.357;18.43734539265296;0.542274864489793;-0.46875;
13:36:53;451.0;1572961014;95.606;17.05826621789072;0.5017137122909034;-0.44189453125;
13:36:54;452.0;1572961015;95.192;17.81049122230649;0.5238379771266615;-0.45654296875;
13:36:55;453.0;1572961016;95.419;19.18957039706873;0.5643991293255509;-0.4833984375;
13:36:56;454.0;1572961017;95.233;18.43734539265296;0.542274864489793;-0.46875;
13:36:57;455.0;1572961019;94.593;17.68512038823719;0.520150599654035;-0.4541015625;
13:36:58;456.0;1572961019;94.573;16.93289538382142;0.49802633481827707;-0.439453125;
13:36:59;457.0;1572961020;94.779;17.4343787200986;0.5127758447087823;-0.44921875;
13:37:00;458.0;1572961021;94.737;17.4343787200986;0.5127758447087823;-0.44921875;
13:37:01;459.0;1572961022;95.171;17.183637051960012;0.5054010897635298;-0.4443359375;
13:37:02;460.0;1572961024;95.357;17.30900788602931;0.5090884672361562;-0.44677734375;
13:37:03;461.0;1572961024;94.923;17.4343787200986;0.5127758447087823;-0.44921875;
13:37:04;462.0;1572961025;94.717;17.4343787200986;0.5127758447087823;-0.44921875;
13:37:05;463.0;1572961026;94.655;17.935862056375782;0.5275253545992877;-0.458984375;
13:37:06;464.0;1572961027;94.696;16.93289538382142;0.49802633481827707;-0.439453125;
13:37:07;465.0;1572961029;95.129;17.30900788602931;0.5090884672361562;-0.44677734375;
13:37:08;466.0;1572961030;95.378;17.05826621789072;0.5017137122909034;-0.44189453125;
13:37:09;467.0;1572961030;95.378;17.81049122230649;0.5238379771266615;-0.45654296875;
13:37:10;468.0;1572961031;95.544;17.183637051960012;0.5054010897635298;-0.4443359375;
13:37:11;469.0;1572961032;95.337;17.05826621789072;0.5017137122909034;-0.44189453125;
13:37:12;470.0;1572961034;95.565;17.68512038823719;0.520150599654035;-0.4541015625;
13:37:13;471.0;1572961035;95.565;17.05826621789072;0.5017137122909034;-0.44189453125;
13:37:14;472.0;1572961036;95.399;17.05826621789072;0.5017137122909034;-0.44189453125;
13:37:15;473.0;1572961036;95.357;17.68512038823719;0.520150599654035;-0.4541015625;
13:37:16;474.0;1572961037;95.316;17.68512038823719;0.520150599654035;-0.4541015625;
13:37:17;475.0;1572961039;95.316;18.061232890445076;0.531212732071914;-0.46142578125;
13:37:18;476.0;1572961040;95.523;17.183637051960012;0.5054010897635298;-0.4443359375;
13:37:19;477.0;1572961041;95.544;11.918062021049625;0.35053123591322427;-0.341796875;
13:37:20;478.0;1572961041;95.316;17.559749554167897;0.5164632221814087;-0.45166015625;
13:37:21;479.0;1572961042;95.357;17.05826621789072;0.5017137122909034;-0.44189453125;
13:37:22;480.0;1572961044;95.109;17.30900788602931;0.5090884672361562;-0.44677734375;
13:37:23;481.0;1572961045;95.15;17.183637051960012;0.5054010897635298;-0.4443359375;
13:37:24;482.0;1572961046;94.882;16.68215371568283;0.49065157987302443;-0.4345703125;
13:37:25;483.0;1572961047;94.655;15.553816209059178;0.4574651826193876;-0.41259765625;
13:37:26;484.0;1572961047;94.696;17.30900788602931;0.5090884672361562;-0.44677734375;
13:37:27;485.0;1572961049;94.676;17.30900788602931;0.5090884672361562;-0.44677734375;
13:37:28;486.0;1572961050;95.15;17.559749554167897;0.5164632221814087;-0.45166015625;
13:37:29;487.0;1572961051;95.357;17.05826621789072;0.5017137122909034;-0.44189453125;
13:37:30;488.0;1572961052;95.419;17.183637051960012;0.5054010897635298;-0.4443359375;
13:37:31;489.0;1572961052;95.357;17.183637051960012;0.5054010897635298;-0.4443359375;
13:37:32;490.0;1572961054;95.399;17.30900788602931;0.5090884672361562;-0.44677734375;
13:37:33;491.0;1572961055;95.648;17.183637051960012;0.5054010897635298;-0.4443359375;
13:37:34;492.0;1572961056;95.586;17.183637051960012;0.5054010897635298;-0.4443359375;
13:37:35;493.0;1572961057;95.192;18.18660372451437;0.5349001095445403;-0.4638671875;
13:37:36;494.0;1572961058;94.944;17.183637051960012;0.5054010897635298;-0.4443359375;
13:37:37;495.0;1572961058;95.171;17.183637051960012;0.5054010897635298;-0.4443359375;
13:37:39;497.0;1572961060;95.544;16.93289538382142;0.49802633481827707;-0.439453125;
13:37:40;498.0;1572961062;95.523;17.05826621789072;0.5017137122909034;-0.44189453125;
13:37:41;499.0;1572961063;95.067;16.807524549752127;0.4943389573456508;-0.43701171875;
13:37:42;500.0;1572961064;94.944;17.30900788602931;0.5090884672361562;-0.44677734375;
13:37:44;502.0;1572961065;94.964;17.559749554167897;0.5164632221814087;-0.45166015625;
13:37:45;503.0;1572961066;94.696;17.4343787200986;0.5127758447087823;-0.44921875;
13:37:46;504.0;1572961067;94.655;16.807524549752127;0.4943389573456508;-0.43701171875;
13:37:47;505.0;1572961068;95.005;17.183637051960012;0.5054010897635298;-0.4443359375;
13:37:48;506.0;1572961069;94.964;18.18660372451437;0.5349001095445403;-0.4638671875;
13:37:49;507.0;1572961070;95.026;17.05826621789072;0.5017137122909034;-0.44189453125;
13:37:50;508.0;1572961071;95.047;17.4343787200986;0.5127758447087823;-0.44921875;
13:37:51;509.0;1572961072;94.882;16.93289538382142;0.49802633481827707;-0.439453125;
13:37:52;510.0;1572961073;94.902;16.68215371568283;0.49065157987302443;-0.4345703125;
13:37:53;511.0;1572961074;95.088;17.183637051960012;0.5054010897635298;-0.4443359375;
13:37:54;512.0;1572961076;95.337;17.183637051960012;0.5054010897635298;-0.4443359375;
13:37:55;513.0;1572961076;95.088;18.311974558583668;0.5385874870171667;-0.46630859375;
13:37:56;514.0;1572961077;95.337;17.4343787200986;0.5127758447087823;-0.44921875;
13:37:57;515.0;1572961078;95.399;17.30900788602931;0.5090884672361562;-0.44677734375;
13:37:58;516.0;1572961079;95.067;17.30900788602931;0.5090884672361562;-0.44677734375;
13:37:59;517.0;1572961080;95.357;16.55678288161354;0.4869642024003982;-0.43212890625;
13:38:00;518.0;1572961082;95.129;17.183637051960012;0.5054010897635298;-0.4443359375;
13:38:01;519.0;1572961082;94.696;16.807524549752127;0.4943389573456508;-0.43701171875;
13:38:02;520.0;1572961083;94.635;17.559749554167897;0.5164632221814087;-0.45166015625;
13:38:03;521.0;1572961084;94.799;17.30900788602931;0.5090884672361562;-0.44677734375;
13:38:04;522.0;1572961085;94.799;16.93289538382142;0.49802633481827707;-0.439453125;
13:38:05;523.0;1572961087;95.419;17.68512038823719;0.520150599654035;-0.4541015625;
13:38:06;524.0;1572961087;95.815;17.30900788602931;0.5090884672361562;-0.44677734375;
13:38:07;525.0;1572961088;95.399;17.30900788602931;0.5090884672361562;-0.44677734375;
13:38:08;526.0;1572961089;95.192;17.183637051960012;0.5054010897635298;-0.4443359375;
13:38:09;527.0;1572961090;94.902;17.559749554167897;0.5164632221814087;-0.45166015625;
13:38:10;528.0;1572961092;94.47;16.807524549752127;0.4943389573456508;-0.43701171875;
13:38:11;529.0;1572961093;94.614;17.183637051960012;0.5054010897635298;-0.4443359375;
13:38:12;530.0;1572961094;95.005;17.559749554167897;0.5164632221814087;-0.45166015625;
13:38:13;531.0;1572961094;95.067;17.81049122230649;0.5238379771266615;-0.45654296875;
13:38:14;532.0;1572961095;95.316;17.183637051960012;0.5054010897635298;-0.4443359375;
13:38:15;533.0;1572961097;95.316;16.93289538382142;0.49802633481827707;-0.439453125;
13:38:16;534.0;1572961098;95.316;17.4343787200986;0.5127758447087823;-0.44921875;
13:38:17;535.0;1572961099;95.274;17.183637051960012;0.5054010897635298;-0.4443359375;
13:38:18;536.0;1572961100;95.482;17.30900788602931;0.5090884672361562;-0.44677734375;
13:38:19;537.0;1572961100;95.731;17.05826621789072;0.5017137122909034;-0.44189453125;
13:38:20;538.0;1572961101;95.71;17.81049122230649;0.5238379771266615;-0.45654296875;
13:38:21;539.0;1572961103;95.794;17.183637051960012;0.5054010897635298;-0.4443359375;
13:38:22;540.0;1572961104;95.544;17.68512038823719;0.520150599654035;-0.4541015625;
13:38:23;541.0;1572961105;95.067;17.05826621789072;0.5017137122909034;-0.44189453125;
13:38:24;542.0;1572961105;94.737;17.183637051960012;0.5054010897635298;-0.4443359375;
13:38:25;543.0;1572961107;94.902;17.183637051960012;0.5054010897635298;-0.4443359375;
13:38:26;544.0;1572961108;94.676;16.93289538382142;0.49802633481827707;-0.439453125;
13:38:27;545.0;1572961109;94.944;17.559749554167897;0.5164632221814087;-0.45166015625;
13:38:28;546.0;1572961110;94.882;16.807524549752127;0.4943389573456508;-0.43701171875;
13:38:29;547.0;1572961111;94.717;17.183637051960012;0.5054010897635298;-0.4443359375;
13:38:30;548.0;1572961111;94.676;17.81049122230649;0.5238379771266615;-0.45654296875;
13:38:31;549.0;1572961113;94.696;17.05826621789072;0.5017137122909034;-0.44189453125;
13:38:32;550.0;1572961114;94.696;17.183637051960012;0.5054010897635298;-0.4443359375;
13:38:33;551.0;1572961115;94.655;16.93289538382142;0.49802633481827707;-0.439453125;
13:38:34;552.0;1572961116;94.902;17.05826621789072;0.5017137122909034;-0.44189453125;
13:38:35;553.0;1572961116;94.655;16.30604121347495;0.47958944745514553;-0.42724609375;
13:38:36;554.0;1572961118;95.047;16.68215371568283;0.49065157987302443;-0.4345703125;
13:38:37;555.0;1572961119;94.861;17.68512038823719;0.520150599654035;-0.4541015625;
13:38:38;556.0;1572961120;94.717;17.30900788602931;0.5090884672361562;-0.44677734375;
13:38:39;557.0;1572961121;95.233;17.81049122230649;0.5238379771266615;-0.45654296875;
13:38:40;558.0;1572961122;94.882;17.559749554167897;0.5164632221814087;-0.45166015625;
13:38:41;559.0;1572961123;94.902;18.18660372451437;0.5349001095445403;-0.4638671875;
13:38:42;560.0;1572961124;95.067;17.30900788602931;0.5090884672361562;-0.44677734375;
13:38:43;561.0;1572961125;94.532;21.571616244385336;0.634459301305451;-0.52978515625;
13:38:44;562.0;1572961126;94.985;17.4343787200986;0.5127758447087823;-0.44921875;
13:38:45;563.0;1572961127;95.212;17.05826621789072;0.5017137122909034;-0.44189453125;
13:38:46;564.0;1572961128;95.171;17.935862056375782;0.5275253545992877;-0.458984375;
13:38:48;566.0;1572961129;95.669;17.05826621789072;0.5017137122909034;-0.44189453125;
13:38:49;567.0;1572961130;95.461;18.061232890445076;0.531212732071914;-0.46142578125;
13:38:50;568.0;1572961131;95.192;19.064199562999438;0.5607117518529247;-0.48095703125;
13:38:51;569.0;1572961132;95.047;17.05826621789072;0.5017137122909034;-0.44189453125;
13:38:52;570.0;1572961133;94.573;17.4343787200986;0.5127758447087823;-0.44921875;
13:38:53;571.0;1572961134;94.532;17.05826621789072;0.5017137122909034;-0.44189453125;
13:38:54;572.0;1572961135;94.552;17.183637051960012;0.5054010897635298;-0.4443359375;
13:38:55;573.0;1572961136;94.758;17.559749554167897;0.5164632221814087;-0.45166015625;
13:38:56;574.0;1572961137;94.985;17.559749554167897;0.5164632221814087;-0.45166015625;
13:38:57;575.0;1572961138;95.005;17.68512038823719;0.520150599654035;-0.4541015625;
13:38:58;576.0;1572961139;94.779;17.05826621789072;0.5017137122909034;-0.44189453125;
13:38:59;577.0;1572961140;94.676;17.935862056375782;0.5275253545992877;-0.458984375;
13:39:00;578.0;1572961141;94.409;17.559749554167897;0.5164632221814087;-0.45166015625;
13:39:01;579.0;1572961143;94.306;16.807524549752127;0.4943389573456508;-0.43701171875;
13:39:02;580.0;1572961143;94.717;15.67918704312847;0.46115256009201383;-0.4150390625;
13:39:03;581.0;1572961144;94.635;16.93289538382142;0.49802633481827707;-0.439453125;
13:39:04;582.0;1572961145;95.15;17.4343787200986;0.5127758447087823;-0.44921875;
13:39:05;583.0;1572961146;95.026;17.05826621789072;0.5017137122909034;-0.44189453125;
13:39:06;584.0;1572961147;95.047;16.431412047544242;0.48327682492777185;-0.4296875;
13:39:07;585.0;1572961149;94.923;17.4343787200986;0.5127758447087823;-0.44921875;
13:39:08;586.0;1572961149;94.655;17.935862056375782;0.5275253545992877;-0.458984375;
13:39:09;587.0;1572961150;94.861;16.807524549752127;0.4943389573456508;-0.43701171875;
13:39:10;588.0;1572961151;94.409;17.30900788602931;0.5090884672361562;-0.44677734375;
13:39:11;589.0;1572961152;94.491;17.4343787200986;0.5127758447087823;-0.44921875;
13:39:12;590.0;1572961153;94.696;17.559749554167897;0.5164632221814087;-0.45166015625;
13:39:13;591.0;1572961155;94.429;16.93289538382142;0.49802633481827707;-0.439453125;
13:39:14;592.0;1572961156;94.861;17.4343787200986;0.5127758447087823;-0.44921875;
13:39:15;593.0;1572961156;94.84;17.183637051960012;0.5054010897635298;-0.4443359375;
13:39:16;594.0;1572961157;94.799;17.559749554167897;0.5164632221814087;-0.45166015625;
13:39:17;595.0;1572961158;95.047;17.4343787200986;0.5127758447087823;-0.44921875;
13:39:18;596.0;1572961160;95.026;17.05826621789072;0.5017137122909034;-0.44189453125;
13:39:19;597.0;1572961161;95.461;17.559749554167897;0.5164632221814087;-0.45166015625;
13:39:20;598.0;1572961162;95.295;17.30900788602931;0.5090884672361562;-0.44677734375;
13:39:21;599.0;1572961162;95.067;17.183637051960012;0.5054010897635298;-0.4443359375;
13:39:22;600.0;1572961163;95.15;17.05826621789072;0.5017137122909034;-0.44189453125;
13:39:23;601.0;1572961164;94.779;16.93289538382142;0.49802633481827707;-0.439453125;
13:39:24;602.0;1572961166;94.593;17.05826621789072;0.5017137122909034;-0.44189453125;
13:39:25;603.0;1572961167;94.882;17.05826621789072;0.5017137122909034;-0.44189453125;
13:39:26;604.0;1572961167;94.552;17.30900788602931;0.5090884672361562;-0.44677734375;
13:39:27;605.0;1572961168;94.47;17.68512038823719;0.520150599654035;-0.4541015625;
13:39:28;606.0;1572961170;94.614;17.05826621789072;0.5017137122909034;-0.44189453125;
13:39:29;607.0;1572961171;94.286;17.559749554167897;0.5164632221814087;-0.45166015625;
13:39:30;608.0;1572961172;94.552;17.30900788602931;0.5090884672361562;-0.44677734375;
13:39:31;609.0;1572961173;94.614;18.43734539265296;0.542274864489793;-0.46875;
13:39:32;610.0;1572961173;94.429;17.4343787200986;0.5127758447087823;-0.44921875;
13:39:33;611.0;1572961175;94.511;17.81049122230649;0.5238379771266615;-0.45654296875;
13:39:34;612.0;1572961176;94.245;16.431412047544242;0.48327682492777185;-0.4296875;
13:39:35;613.0;1572961177;94.245;17.559749554167897;0.5164632221814087;-0.45166015625;
13:39:36;614.0;1572961177;94.429;18.061232890445076;0.531212732071914;-0.46142578125;
13:39:37;615.0;1572961178;94.347;17.30900788602931;0.5090884672361562;-0.44677734375;
13:39:38;616.0;1572961180;94.429;17.30900788602931;0.5090884672361562;-0.44677734375;
13:39:39;617.0;1572961181;94.122;17.4343787200986;0.5127758447087823;-0.44921875;
13:39:40;618.0;1572961182;93.735;17.30900788602931;0.5090884672361562;-0.44677734375;
13:39:41;619.0;1572961182;93.552;17.183637051960012;0.5054010897635298;-0.4443359375;
13:39:42;620.0;1572961184;93.349;17.05826621789072;0.5017137122909034;-0.44189453125;
13:39:43;621.0;1572961185;93.369;17.183637051960012;0.5054010897635298;-0.4443359375;
13:39:44;622.0;1572961186;93.857;17.935862056375782;0.5275253545992877;-0.458984375;
13:39:45;623.0;1572961187;94.327;17.559749554167897;0.5164632221814087;-0.45166015625;
13:39:46;624.0;1572961188;94.737;17.4343787200986;0.5127758447087823;-0.44921875;
13:39:47;625.0;1572961189;94.964;17.68512038823719;0.520150599654035;-0.4541015625;
13:39:48;626.0;1572961190;94.717;17.68512038823719;0.520150599654035;-0.4541015625;
13:39:49;627.0;1572961191;94.47;16.807524549752127;0.4943389573456508;-0.43701171875;
13:39:50;628.0;1572961192;94.0;17.05826621789072;0.5017137122909034;-0.44189453125;
13:39:52;630.0;1572961193;94.04;17.05826621789072;0.5017137122909034;-0.44189453125;
13:39:53;631.0;1572961194;94.224;17.05826621789072;0.5017137122909034;-0.44189453125;
13:39:54;632.0;1572961195;94.224;17.4343787200986;0.5127758447087823;-0.44921875;
13:39:55;633.0;1572961196;94.902;17.30900788602931;0.5090884672361562;-0.44677734375;
13:39:56;634.0;1572961197;95.295;17.183637051960012;0.5054010897635298;-0.4443359375;
13:39:57;635.0;1572961198;95.295;17.30900788602931;0.5090884672361562;-0.44677734375;
13:39:58;636.0;1572961199;95.523;15.052332872781998;0.4427156727288823;-0.40283203125;
13:39:59;637.0;1572961200;95.109;17.4343787200986;0.5127758447087823;-0.44921875;
13:40:00;638.0;1572961201;94.676;18.061232890445076;0.531212732071914;-0.46142578125;
13:40:01;639.0;1572961202;94.491;15.553816209059178;0.4574651826193876;-0.41259765625;
13:40:02;640.0;1572961203;94.47;17.4343787200986;0.5127758447087823;-0.44921875;
13:40:03;641.0;1572961204;94.511;17.05826621789072;0.5017137122909034;-0.44189453125;
13:40:04;642.0;1572961205;94.306;16.807524549752127;0.4943389573456508;-0.43701171875;
13:40:05;643.0;1572961206;94.265;16.807524549752127;0.4943389573456508;-0.43701171875;
13:40:06;644.0;1572961207;94.245;17.68512038823719;0.520150599654035;-0.4541015625;
13:40:07;645.0;1572961208;94.142;17.4343787200986;0.5127758447087823;-0.44921875;
13:40:08;646.0;1572961210;94.347;17.4343787200986;0.5127758447087823;-0.44921875;
13:40:09;647.0;1572961210;94.163;17.30900788602931;0.5090884672361562;-0.44677734375;
13:40:10;648.0;1572961211;93.775;17.4343787200986;0.5127758447087823;-0.44921875;
13:40:11;649.0;1572961212;93.836;17.05826621789072;0.5017137122909034;-0.44189453125;
13:40:12;650.0;1572961213;93.816;17.183637051960012;0.5054010897635298;-0.4443359375;
13:40:13;651.0;1572961215;94.204;17.183637051960012;0.5054010897635298;-0.4443359375;
13:40:14;652.0;1572961216;94.183;17.68512038823719;0.520150599654035;-0.4541015625;
13:40:15;653.0;1572961216;94.102;17.183637051960012;0.5054010897635298;-0.4443359375;
13:40:16;654.0;1572961217;94.388;17.183637051960012;0.5054010897635298;-0.4443359375;
13:40:17;655.0;1572961218;94.163;17.4343787200986;0.5127758447087823;-0.44921875;
13:40:18;656.0;1572961219;94.183;17.559749554167897;0.5164632221814087;-0.45166015625;
13:40:19;657.0;1572961221;94.0;16.93289538382142;0.49802633481827707;-0.439453125;
13:40:20;658.0;1572961221;94.0;17.30900788602931;0.5090884672361562;-0.44677734375;
13:40:21;659.0;1572961222;93.979;16.93289538382142;0.49802633481827707;-0.439453125;
13:40:22;660.0;1572961223;94.368;17.183637051960012;0.5054010897635298;-0.4443359375;
13:40:23;661.0;1572961224;94.593;17.81049122230649;0.5238379771266615;-0.45654296875;
13:40:24;662.0;1572961226;94.388;17.4343787200986;0.5127758447087823;-0.44921875;
13:40:25;663.0;1572961227;94.429;17.4343787200986;0.5127758447087823;-0.44921875;
13:40:26;664.0;1572961227;94.02;17.30900788602931;0.5090884672361562;-0.44677734375;
13:40:27;665.0;1572961228;94.04;18.18660372451437;0.5349001095445403;-0.4638671875;
13:40:28;666.0;1572961229;93.755;17.559749554167897;0.5164632221814087;-0.45166015625;
13:40:29;667.0;1572961231;94.0;16.807524549752127;0.4943389573456508;-0.43701171875;
13:40:30;668.0;1572961232;93.552;17.4343787200986;0.5127758447087823;-0.44921875;
13:40:31;669.0;1572961232;93.959;17.559749554167897;0.5164632221814087;-0.45166015625;
13:40:32;670.0;1572961233;94.163;17.30900788602931;0.5090884672361562;-0.44677734375;
13:40:33;671.0;1572961235;93.938;20.067166235553795;0.5902107716339352;-0.50048828125;
13:40:34;672.0;1572961236;94.347;17.4343787200986;0.5127758447087823;-0.44921875;
13:40:35;673.0;1572961237;93.735;16.93289538382142;0.49802633481827707;-0.439453125;
13:40:36;674.0;1572961238;94.0;17.559749554167897;0.5164632221814087;-0.45166015625;
13:40:37;675.0;1572961238;93.796;17.183637051960012;0.5054010897635298;-0.4443359375;
13:40:38;676.0;1572961240;94.061;17.05826621789072;0.5017137122909034;-0.44189453125;
13:40:39;677.0;1572961241;94.491;17.183637051960012;0.5054010897635298;-0.4443359375;
13:40:40;678.0;1572961242;94.286;17.68512038823719;0.520150599654035;-0.4541015625;
13:40:41;679.0;1572961243;94.532;17.05826621789072;0.5017137122909034;-0.44189453125;
13:40:42;680.0;1572961243;94.491;16.68215371568283;0.49065157987302443;-0.4345703125;
13:40:43;681.0;1572961245;94.286;17.4343787200986;0.5127758447087823;-0.44921875;
13:40:44;682.0;1572961246;94.02;17.05826621789072;0.5017137122909034;-0.44189453125;
13:40:45;683.0;1572961247;93.979;17.68512038823719;0.520150599654035;-0.4541015625;
13:40:46;684.0;1572961248;94.0;17.30900788602931;0.5090884672361562;-0.44677734375;
13:40:47;685.0;1572961248;93.959;17.4343787200986;0.5127758447087823;-0.44921875;
13:40:48;686.0;1572961250;93.938;17.05826621789072;0.5017137122909034;-0.44189453125;
13:40:49;687.0;1572961251;94.183;17.4343787200986;0.5127758447087823;-0.44921875;
13:40:50;688.0;1572961252;94.224;16.93289538382142;0.49802633481827707;-0.439453125;
13:40:51;689.0;1572961253;94.061;17.30900788602931;0.5090884672361562;-0.44677734375;
13:40:52;690.0;1572961254;94.102;16.807524549752127;0.4943389573456508;-0.43701171875;
13:40:53;691.0;1572961255;93.674;17.183637051960012;0.5054010897635298;-0.4443359375;
13:40:54;692.0;1572961256;93.877;17.05826621789072;0.5017137122909034;-0.44189453125;
13:40:56;694.0;1572961257;93.857;16.93289538382142;0.49802633481827707;-0.439453125;
13:40:57;695.0;1572961258;94.081;17.30900788602931;0.5090884672361562;-0.44677734375;
13:40:58;696.0;1572961259;94.45;17.05826621789072;0.5017137122909034;-0.44189453125;
13:40:59;697.0;1572961260;94.45;17.4343787200986;0.5127758447087823;-0.44921875;
13:41:00;698.0;1572961261;94.882;17.05826621789072;0.5017137122909034;-0.44189453125;
13:41:01;699.0;1572961262;95.129;17.183637051960012;0.5054010897635298;-0.4443359375;
13:41:02;700.0;1572961263;94.779;17.30900788602931;0.5090884672361562;-0.44677734375;
13:41:03;701.0;1572961264;94.614;17.68512038823719;0.520150599654035;-0.4541015625;
13:41:04;702.0;1572961265;94.204;17.4343787200986;0.5127758447087823;-0.44921875;
13:41:05;703.0;1572961266;93.918;17.183637051960012;0.5054010897635298;-0.4443359375;
13:41:06;704.0;1572961267;94.081;17.559749554167897;0.5164632221814087;-0.45166015625;
13:41:07;705.0;1572961268;93.979;17.183637051960012;0.5054010897635298;-0.4443359375;
13:41:08;706.0;1572961269;94.327;17.183637051960012;0.5054010897635298;-0.4443359375;
13:41:09;707.0;1572961270;94.368;17.05826621789072;0.5017137122909034;-0.44189453125;
13:41:10;708.0;1572961271;94.368;16.807524549752127;0.4943389573456508;-0.43701171875;
13:41:11;709.0;1572961272;94.388;17.183637051960012;0.5054010897635298;-0.4443359375;
13:41:12;710.0;1572961273;94.0;17.05826621789072;0.5017137122909034;-0.44189453125;
13:41:13;711.0;1572961274;93.613;17.05826621789072;0.5017137122909034;-0.44189453125;
13:41:14;712.0;1572961275;93.633;17.30900788602931;0.5090884672361562;-0.44677734375;
13:41:15;713.0;1572961276;93.674;17.4343787200986;0.5127758447087823;-0.44921875;
13:41:16;714.0;1572961277;93.877;17.559749554167897;0.5164632221814087;-0.45166015625;
13:41:17;715.0;1572961279;94.429;16.807524549752127;0.4943389573456508;-0.43701171875;
13:41:18;716.0;1572961279;94.614;17.183637051960012;0.5054010897635298;-0.4443359375;
13:41:19;717.0;1572961280;94.614;17.559749554167897;0.5164632221814087;-0.45166015625;
13:41:20;718.0;1572961281;94.655;17.05826621789072;0.5017137122909034;-0.44189453125;
13:41:21;719.0;1572961282;94.491;17.935862056375782;0.5275253545992877;-0.458984375;
13:41:22;720.0;1572961284;94.286;17.559749554167897;0.5164632221814087;-0.45166015625;
13:41:23;721.0;1572961285;94.224;17.183637051960012;0.5054010897635298;-0.4443359375;
13:41:24;722.0;1572961285;94.183;16.30604121347495;0.47958944745514553;-0.42724609375;
13:41:25;723.0;1572961286;94.142;16.807524549752127;0.4943389573456508;-0.43701171875;
13:41:26;724.0;1572961287;93.898;16.68215371568283;0.49065157987302443;-0.4345703125;
13:41:27;725.0;1572961289;93.898;16.807524549752127;0.4943389573456508;-0.43701171875;
13:41:28;726.0;1572961290;93.694;16.55678288161354;0.4869642024003982;-0.43212890625;
13:41:29;727.0;1572961291;93.471;17.05826621789072;0.5017137122909034;-0.44189453125;
13:41:30;728.0;1572961292;93.938;17.05826621789072;0.5017137122909034;-0.44189453125;
13:41:31;729.0;1572961292;93.938;16.93289538382142;0.49802633481827707;-0.439453125;
13:41:32;730.0;1572961293;93.857;17.68512038823719;0.520150599654035;-0.4541015625;
13:41:33;731.0;1572961295;93.938;17.05826621789072;0.5017137122909034;-0.44189453125;
13:41:34;732.0;1572961296;93.471;16.807524549752127;0.4943389573456508;-0.43701171875;
13:41:36;734.0;1572961296;93.877;17.559749554167897;0.5164632221814087;-0.45166015625;
13:41:37;735.0;1572961298;94.04;17.183637051960012;0.5054010897635298;-0.4443359375;
13:41:38;736.0;1572961300;94.532;16.68215371568283;0.49065157987302443;-0.4345703125;
13:41:39;737.0;1572961301;94.552;17.559749554167897;0.5164632221814087;-0.45166015625;
13:41:40;738.0;1572961302;94.47;17.05826621789072;0.5017137122909034;-0.44189453125;
13:41:41;739.0;1572961303;94.737;16.807524549752127;0.4943389573456508;-0.43701171875;
13:41:42;740.0;1572961303;94.265;17.30900788602931;0.5090884672361562;-0.44677734375;
13:41:43;741.0;1572961305;94.061;17.183637051960012;0.5054010897635298;-0.4443359375;
13:41:44;742.0;1572961306;93.877;17.4343787200986;0.5127758447087823;-0.44921875;
13:41:45;743.0;1572961307;93.674;16.807524549752127;0.4943389573456508;-0.43701171875;
13:41:46;744.0;1572961308;93.898;17.30900788602931;0.5090884672361562;-0.44677734375;
13:41:47;745.0;1572961308;94.122;17.30900788602931;0.5090884672361562;-0.44677734375;
13:41:48;746.0;1572961310;94.409;17.4343787200986;0.5127758447087823;-0.44921875;
13:41:49;747.0;1572961311;94.142;16.93289538382142;0.49802633481827707;-0.439453125;
13:41:50;748.0;1572961312;93.857;16.431412047544242;0.48327682492777185;-0.4296875;
13:41:51;749.0;1572961313;93.775;17.4343787200986;0.5127758447087823;-0.44921875;
13:41:52;750.0;1572961313;93.471;17.30900788602931;0.5090884672361562;-0.44677734375;
13:41:53;751.0;1572961315;93.694;17.05826621789072;0.5017137122909034;-0.44189453125;
13:41:54;752.0;1572961316;93.755;17.4343787200986;0.5127758447087823;-0.44921875;
13:41:55;753.0;1572961317;93.572;17.68512038823719;0.520150599654035;-0.4541015625;
13:41:56;754.0;1572961318;93.633;16.93289538382142;0.49802633481827707;-0.439453125;
13:41:57;755.0;1572961319;93.207;17.81049122230649;0.5238379771266615;-0.45654296875;
13:41:58;756.0;1572961320;93.187;18.18660372451437;0.5349001095445403;-0.4638671875;
13:42:00;758.0;1572961321;93.187;17.4343787200986;0.5127758447087823;-0.44921875;
13:42:01;759.0;1572961322;93.147;16.68215371568283;0.49065157987302443;-0.4345703125;
13:42:02;760.0;1572961323;93.531;16.93289538382142;0.49802633481827707;-0.439453125;
13:42:03;761.0;1572961324;93.836;16.431412047544242;0.48327682492777185;-0.4296875;
13:42:04;762.0;1572961325;93.796;17.30900788602931;0.5090884672361562;-0.44677734375;
13:42:05;763.0;1572961326;93.979;17.4343787200986;0.5127758447087823;-0.44921875;
13:42:06;764.0;1572961327;93.836;19.440312065207323;0.5717738842708036;-0.48828125;
13:42:07;765.0;1572961328;93.613;17.935862056375782;0.5275253545992877;-0.458984375;
13:42:08;766.0;1572961329;93.613;17.183637051960012;0.5054010897635298;-0.4443359375;
13:42:09;767.0;1572961330;93.43;17.05826621789072;0.5017137122909034;-0.44189453125;
13:42:10;768.0;1572961331;93.45;17.4343787200986;0.5127758447087823;-0.44921875;
13:42:11;769.0;1572961332;93.796;17.30900788602931;0.5090884672361562;-0.44677734375;
13:42:12;770.0;1572961333;93.552;17.559749554167897;0.5164632221814087;-0.45166015625;
13:42:13;771.0;1572961334;93.775;15.804557877197768;0.4648399375646402;-0.41748046875;
13:42:14;772.0;1572961335;93.491;17.30900788602931;0.5090884672361562;-0.44677734375;
13:42:15;773.0;1572961336;93.005;18.43734539265296;0.542274864489793;-0.46875;
13:42:16;774.0;1572961337;93.228;17.935862056375782;0.5275253545992877;-0.458984375;
13:42:17;775.0;1572961338;92.965;17.05826621789072;0.5017137122909034;-0.44189453125;
13:42:18;776.0;1572961340;93.43;17.30900788602931;0.5090884672361562;-0.44677734375;
13:42:19;777.0;1572961341;93.694;17.05826621789072;0.5017137122909034;-0.44189453125;
13:42:20;778.0;1572961341;93.938;17.05826621789072;0.5017137122909034;-0.44189453125;
13:42:21;779.0;1572961342;94.204;17.05826621789072;0.5017137122909034;-0.44189453125;
13:42:22;780.0;1572961343;94.142;16.807524549752127;0.4943389573456508;-0.43701171875;
13:42:23;781.0;1572961344;93.959;17.05826621789072;0.5017137122909034;-0.44189453125;
13:42:24;782.0;1572961346;93.755;17.559749554167897;0.5164632221814087;-0.45166015625;
13:42:25;783.0;1572961346;93.531;16.55678288161354;0.4869642024003982;-0.43212890625;
13:42:26;784.0;1572961347;93.126;17.81049122230649;0.5238379771266615;-0.45654296875;
13:42:27;785.0;1572961348;93.147;16.055299545336357;0.47221469250989284;-0.42236328125;
13:42:28;786.0;1572961350;93.369;17.68512038823719;0.520150599654035;-0.4541015625;
13:42:29;787.0;1572961351;93.389;17.30900788602931;0.5090884672361562;-0.44677734375;
13:42:30;788.0;1572961351;93.389;17.4343787200986;0.5127758447087823;-0.44921875;
13:42:31;789.0;1572961352;93.552;17.05826621789072;0.5017137122909034;-0.44189453125;
13:42:32;790.0;1572961353;93.491;14.174737034296932;0.416904030420498;-0.3857421875;
13:42:33;791.0;1572961354;93.389;17.4343787200986;0.5127758447087823;-0.44921875;
13:42:35;793.0;1572961356;93.613;17.183637051960012;0.5054010897635298;-0.4443359375;
13:42:36;794.0;1572961358;93.633;17.30900788602931;0.5090884672361562;-0.44677734375;
13:42:37;795.0;1572961358;93.694;17.30900788602931;0.5090884672361562;-0.44677734375;
13:42:38;796.0;1572961359;93.471;16.55678288161354;0.4869642024003982;-0.43212890625;
13:42:39;797.0;1572961360;93.735;17.05826621789072;0.5017137122909034;-0.44189453125;
13:42:40;798.0;1572961362;93.613;16.93289538382142;0.49802633481827707;-0.439453125;
13:42:41;799.0;1572961363;93.836;17.4343787200986;0.5127758447087823;-0.44921875;
13:42:42;800.0;1572961363;93.41;17.68512038823719;0.520150599654035;-0.4541015625;
13:42:43;801.0;1572961364;92.764;17.183637051960012;0.5054010897635298;-0.4443359375;
13:42:44;802.0;1572961366;92.703;17.81049122230649;0.5238379771266615;-0.45654296875;
13:42:45;803.0;1572961367;92.523;17.30900788602931;0.5090884672361562;-0.44677734375;
13:42:46;804.0;1572961368;93.167;17.183637051960012;0.5054010897635298;-0.4443359375;
13:42:47;805.0;1572961369;93.592;17.4343787200986;0.5127758447087823;-0.44921875;
13:42:48;806.0;1572961369;93.531;17.05826621789072;0.5017137122909034;-0.44189453125;
13:42:49;807.0;1572961371;93.694;17.05826621789072;0.5017137122909034;-0.44189453125;
13:42:50;808.0;1572961372;93.592;16.807524549752127;0.4943389573456508;-0.43701171875;
13:42:51;809.0;1572961373;93.633;17.4343787200986;0.5127758447087823;-0.44921875;
13:42:52;810.0;1572961374;93.694;17.559749554167897;0.5164632221814087;-0.45166015625;
13:42:53;811.0;1572961375;93.288;17.05826621789072;0.5017137122909034;-0.44189453125;
13:42:54;812.0;1572961376;93.349;17.05826621789072;0.5017137122909034;-0.44189453125;
13:42:55;813.0;1572961377;93.349;17.05826621789072;0.5017137122909034;-0.44189453125;
13:42:56;814.0;1572961378;93.531;17.81049122230649;0.5238379771266615;-0.45654296875;
13:42:57;815.0;1572961379;93.531;17.183637051960012;0.5054010897635298;-0.4443359375;
13:42:58;816.0;1572961379;93.511;18.688087060791553;0.5496496194350456;-0.4736328125;
13:42:59;817.0;1572961381;93.248;17.559749554167897;0.5164632221814087;-0.45166015625;
13:43:00;818.0;1572961382;93.106;17.183637051960012;0.5054010897635298;-0.4443359375;
13:43:01;819.0;1572961383;93.349;17.81049122230649;0.5238379771266615;-0.45654296875;
13:43:02;820.0;1572961384;92.905;17.4343787200986;0.5127758447087823;-0.44921875;
13:43:04;822.0;1572961385;93.086;17.4343787200986;0.5127758447087823;-0.44921875;
13:43:05;823.0;1572961386;93.714;17.05826621789072;0.5017137122909034;-0.44189453125;
13:43:06;824.0;1572961387;93.694;17.30900788602931;0.5090884672361562;-0.44677734375;
13:43:07;825.0;1572961388;93.938;16.30604121347495;0.47958944745514553;-0.42724609375;
13:43:08;826.0;1572961389;94.265;17.559749554167897;0.5164632221814087;-0.45166015625;
13:43:09;827.0;1572961390;93.816;17.81049122230649;0.5238379771266615;-0.45654296875;
13:43:10;828.0;1572961391;94.02;17.05826621789072;0.5017137122909034;-0.44189453125;
13:43:11;829.0;1572961392;94.306;17.30900788602931;0.5090884672361562;-0.44677734375;
13:43:12;830.0;1572961393;94.224;17.30900788602931;0.5090884672361562;-0.44677734375;
13:43:13;831.0;1572961394;94.04;17.05826621789072;0.5017137122909034;-0.44189453125;
13:43:14;832.0;1572961395;93.857;15.67918704312847;0.46115256009201383;-0.4150390625;
13:43:15;833.0;1572961396;93.389;17.559749554167897;0.5164632221814087;-0.45166015625;
13:43:16;834.0;1572961397;92.965;16.93289538382142;0.49802633481827707;-0.439453125;
13:43:17;835.0;1572961398;92.663;16.55678288161354;0.4869642024003982;-0.43212890625;
13:43:18;836.0;1572961400;92.623;17.559749554167897;0.5164632221814087;-0.45166015625;
13:43:19;837.0;1572961400;92.864;17.183637051960012;0.5054010897635298;-0.4443359375;
13:43:20;838.0;1572961401;93.106;17.183637051960012;0.5054010897635298;-0.4443359375;
13:43:21;839.0;1572961402;93.369;17.559749554167897;0.5164632221814087;-0.45166015625;
13:43:22;840.0;1572961403;93.389;16.807524549752127;0.4943389573456508;-0.43701171875;
13:43:23;841.0;1572961404;93.572;15.428445374989881;0.4537778051467612;-0.41015625;
13:43:24;842.0;1572961406;93.349;16.431412047544242;0.48327682492777185;-0.4296875;
13:43:25;843.0;1572961406;93.349;16.93289538382142;0.49802633481827707;-0.439453125;
13:43:26;844.0;1572961407;93.491;17.68512038823719;0.520150599654035;-0.4541015625;
13:43:27;845.0;1572961408;93.086;17.68512038823719;0.520150599654035;-0.4541015625;
13:43:28;846.0;1572961409;93.308;16.93289538382142;0.49802633481827707;-0.439453125;
13:43:29;847.0;1572961411;93.126;17.68512038823719;0.520150599654035;-0.4541015625;
13:43:30;848.0;1572961412;93.005;17.559749554167897;0.5164632221814087;-0.45166015625;
13:43:31;849.0;1572961412;92.945;17.4343787200986;0.5127758447087823;-0.44921875;
13:43:32;850.0;1572961413;93.005;17.05826621789072;0.5017137122909034;-0.44189453125;
13:43:33;851.0;1572961414;93.572;17.30900788602931;0.5090884672361562;-0.44677734375;
13:43:34;852.0;1572961415;93.613;17.4343787200986;0.5127758447087823;-0.44921875;
13:43:35;853.0;1572961417;94.04;17.559749554167897;0.5164632221814087;-0.45166015625;
13:43:36;854.0;1572961417;94.45;16.93289538382142;0.49802633481827707;-0.439453125;
13:43:37;855.0;1572961418;94.04;17.68512038823719;0.520150599654035;-0.4541015625;
13:43:38;856.0;1572961419;93.938;16.93289538382142;0.49802633481827707;-0.439453125;
13:43:39;857.0;1572961420;93.755;17.30900788602931;0.5090884672361562;-0.44677734375;
13:43:40;858.0;1572961422;93.268;17.05826621789072;0.5017137122909034;-0.44189453125;
13:43:41;859.0;1572961423;93.268;17.05826621789072;0.5017137122909034;-0.44189453125;
13:43:42;860.0;1572961424;93.531;17.05826621789072;0.5017137122909034;-0.44189453125;
13:43:43;861.0;1572961424;93.491;17.05826621789072;0.5017137122909034;-0.44189453125;
13:43:44;862.0;1572961425;93.816;17.183637051960012;0.5054010897635298;-0.4443359375;
13:43:45;863.0;1572961427;93.877;17.05826621789072;0.5017137122909034;-0.44189453125;
13:43:46;864.0;1572961428;93.633;18.93882872893014;0.5570243743802983;-0.478515625;
13:43:47;865.0;1572961429;93.187;17.559749554167897;0.5164632221814087;-0.45166015625;
13:43:48;866.0;1572961430;92.884;17.05826621789072;0.5017137122909034;-0.44189453125;
13:43:49;867.0;1572961430;93.066;17.30900788602931;0.5090884672361562;-0.44677734375;
13:43:50;868.0;1572961432;93.046;17.935862056375782;0.5275253545992877;-0.458984375;
