Time;Seconds from start for linreg;Unix Time;ch1 po2;Uc;Ubl;Vc;
01:09:19;-1.0;1572916161;102.08;17.05826621789072;0.5017137122909034;-0.44189453125;
01:09:20;0.0;1572916162;102.102;19.064199562999438;0.5607117518529247;-0.48095703125;
01:09:21;1.0;1572916162;101.856;17.05826621789072;0.5017137122909034;-0.44189453125;
01:09:22;2.0;1572916164;101.522;17.559749554167897;0.5164632221814087;-0.45166015625;
01:09:23;3.0;1572916165;101.7;17.05826621789072;0.5017137122909034;-0.44189453125;
01:09:24;4.0;1572916166;101.79;17.05826621789072;0.5017137122909034;-0.44189453125;
01:09:25;5.0;1572916167;101.767;17.81049122230649;0.5238379771266615;-0.45654296875;
01:09:26;6.0;1572916168;101.589;17.183637051960012;0.5054010897635298;-0.4443359375;
01:09:27;7.0;1572916169;101.812;17.4343787200986;0.5127758447087823;-0.44921875;
01:09:28;8.0;1572916170;101.7;17.05826621789072;0.5017137122909034;-0.44189453125;
01:09:29;9.0;1572916171;101.991;17.4343787200986;0.5127758447087823;-0.44921875;
01:09:30;10.0;1572916172;101.991;16.93289538382142;0.49802633481827707;-0.439453125;
01:09:31;11.0;1572916173;101.812;17.4343787200986;0.5127758447087823;-0.44921875;
01:09:32;12.0;1572916174;101.834;17.05826621789072;0.5017137122909034;-0.44189453125;
01:09:33;13.0;1572916175;101.611;17.30900788602931;0.5090884672361562;-0.44677734375;
01:09:34;14.0;1572916176;102.102;16.431412047544242;0.48327682492777185;-0.4296875;
01:09:35;15.0;1572916177;102.058;16.93289538382142;0.49802633481827707;-0.439453125;
01:09:36;16.0;1572916178;102.574;17.30900788602931;0.5090884672361562;-0.44677734375;
01:09:38;18.0;1572916179;102.596;17.559749554167897;0.5164632221814087;-0.45166015625;
01:09:39;19.0;1572916180;102.102;17.4343787200986;0.5127758447087823;-0.44921875;
01:09:40;20.0;1572916181;102.619;17.05826621789072;0.5017137122909034;-0.44189453125;
01:09:41;21.0;1572916182;102.372;17.30900788602931;0.5090884672361562;-0.44677734375;
01:09:42;22.0;1572916183;102.529;17.81049122230649;0.5238379771266615;-0.45654296875;
01:09:43;23.0;1572916184;102.529;17.183637051960012;0.5054010897635298;-0.4443359375;
01:09:44;24.0;1572916185;102.304;17.68512038823719;0.520150599654035;-0.4541015625;
01:09:45;25.0;1572916186;102.035;20.568649571830974;0.6049602815244404;-0.51025390625;
01:09:46;26.0;1572916187;101.856;18.18660372451437;0.5349001095445403;-0.4638671875;
01:09:47;27.0;1572916188;101.589;17.183637051960012;0.5054010897635298;-0.4443359375;
01:09:48;28.0;1572916189;101.3;17.183637051960012;0.5054010897635298;-0.4443359375;
01:09:49;29.0;1572916190;101.812;17.30900788602931;0.5090884672361562;-0.44677734375;
01:09:50;30.0;1572916191;101.834;17.05826621789072;0.5017137122909034;-0.44189453125;
01:09:51;31.0;1572916192;102.372;17.183637051960012;0.5054010897635298;-0.4443359375;
01:09:52;32.0;1572916193;102.08;17.183637051960012;0.5054010897635298;-0.4443359375;
01:09:53;33.0;1572916194;101.522;17.05826621789072;0.5017137122909034;-0.44189453125;
01:09:54;34.0;1572916195;101.411;17.30900788602931;0.5090884672361562;-0.44677734375;
01:09:55;35.0;1572916196;100.923;16.55678288161354;0.4869642024003982;-0.43212890625;
01:09:56;36.0;1572916198;101.433;15.553816209059178;0.4574651826193876;-0.41259765625;
01:09:57;37.0;1572916198;101.3;16.431412047544242;0.48327682492777185;-0.4296875;
01:09:58;38.0;1572916199;101.278;17.559749554167897;0.5164632221814087;-0.45166015625;
01:09:59;39.0;1572916200;101.968;16.68215371568283;0.49065157987302443;-0.4345703125;
01:10:00;40.0;1572916202;101.7;17.559749554167897;0.5164632221814087;-0.45166015625;
01:10:01;41.0;1572916202;102.08;17.4343787200986;0.5127758447087823;-0.44921875;
01:10:02;42.0;1572916203;102.506;17.559749554167897;0.5164632221814087;-0.45166015625;
01:10:03;43.0;1572916205;102.215;17.05826621789072;0.5017137122909034;-0.44189453125;
01:10:04;44.0;1572916206;102.237;17.05826621789072;0.5017137122909034;-0.44189453125;
01:10:05;45.0;1572916206;102.102;17.4343787200986;0.5127758447087823;-0.44921875;
01:10:06;46.0;1572916207;101.745;17.30900788602931;0.5090884672361562;-0.44677734375;
01:10:07;47.0;1572916209;101.522;17.183637051960012;0.5054010897635298;-0.4443359375;
01:10:08;48.0;1572916210;101.344;17.4343787200986;0.5127758447087823;-0.44921875;
01:10:09;49.0;1572916210;101.544;17.68512038823719;0.520150599654035;-0.4541015625;
01:10:10;50.0;1572916211;101.79;17.183637051960012;0.5054010897635298;-0.4443359375;
01:10:11;51.0;1572916213;101.79;17.05826621789072;0.5017137122909034;-0.44189453125;
01:10:12;52.0;1572916214;101.946;17.559749554167897;0.5164632221814087;-0.45166015625;
01:10:13;53.0;1572916214;101.522;17.68512038823719;0.520150599654035;-0.4541015625;
01:10:14;54.0;1572916215;101.522;17.81049122230649;0.5238379771266615;-0.45654296875;
01:10:15;55.0;1572916217;101.767;17.30900788602931;0.5090884672361562;-0.44677734375;
01:10:16;56.0;1572916218;102.058;17.183637051960012;0.5054010897635298;-0.4443359375;
01:10:17;57.0;1572916218;102.461;17.4343787200986;0.5127758447087823;-0.44921875;
01:10:18;58.0;1572916219;102.529;17.183637051960012;0.5054010897635298;-0.4443359375;
01:10:19;59.0;1572916221;102.506;17.559749554167897;0.5164632221814087;-0.45166015625;
01:10:20;60.0;1572916222;102.237;17.30900788602931;0.5090884672361562;-0.44677734375;
01:10:21;61.0;1572916223;102.013;17.30900788602931;0.5090884672361562;-0.44677734375;
01:10:22;62.0;1572916223;101.5;17.183637051960012;0.5054010897635298;-0.4443359375;
01:10:23;63.0;1572916225;101.1;17.05826621789072;0.5017137122909034;-0.44189453125;
01:10:24;64.0;1572916226;101.123;17.4343787200986;0.5127758447087823;-0.44921875;
01:10:25;65.0;1572916227;100.901;17.183637051960012;0.5054010897635298;-0.4443359375;
01:10:26;66.0;1572916228;101.123;17.4343787200986;0.5127758447087823;-0.44921875;
01:10:27;67.0;1572916229;101.389;16.93289538382142;0.49802633481827707;-0.439453125;
01:10:28;68.0;1572916230;101.455;17.4343787200986;0.5127758447087823;-0.44921875;
01:10:29;69.0;1572916231;101.678;17.183637051960012;0.5054010897635298;-0.4443359375;
01:10:30;70.0;1572916231;101.924;17.4343787200986;0.5127758447087823;-0.44921875;
01:10:31;71.0;1572916233;101.678;17.183637051960012;0.5054010897635298;-0.4443359375;
01:10:32;72.0;1572916234;101.389;21.446245410316042;0.6307719238328248;-0.52734375;
01:10:33;73.0;1572916235;101.389;17.30900788602931;0.5090884672361562;-0.44677734375;
01:10:34;74.0;1572916236;101.1;17.4343787200986;0.5127758447087823;-0.44921875;
01:10:35;75.0;1572916237;100.791;17.559749554167897;0.5164632221814087;-0.45166015625;
01:10:36;76.0;1572916238;101.256;17.4343787200986;0.5127758447087823;-0.44921875;
01:10:37;77.0;1572916239;101.433;16.93289538382142;0.49802633481827707;-0.439453125;
01:10:38;78.0;1572916240;101.7;17.30900788602931;0.5090884672361562;-0.44677734375;
01:10:39;79.0;1572916241;102.17;17.4343787200986;0.5127758447087823;-0.44921875;
01:10:40;80.0;1572916242;102.17;17.05826621789072;0.5017137122909034;-0.44189453125;
01:10:42;82.0;1572916243;102.506;17.183637051960012;0.5054010897635298;-0.4443359375;
01:10:43;83.0;1572916244;102.102;16.431412047544242;0.48327682492777185;-0.4296875;
01:10:44;84.0;1572916245;102.147;17.183637051960012;0.5054010897635298;-0.4443359375;
01:10:45;85.0;1572916246;101.924;18.56271622672226;0.5459622419624194;-0.47119140625;
01:10:46;86.0;1572916247;101.367;17.183637051960012;0.5054010897635298;-0.4443359375;
01:10:47;87.0;1572916248;101.3;17.05826621789072;0.5017137122909034;-0.44189453125;
01:10:48;88.0;1572916249;101.211;17.183637051960012;0.5054010897635298;-0.4443359375;
01:10:49;89.0;1572916250;100.968;17.30900788602931;0.5090884672361562;-0.44677734375;
01:10:50;90.0;1572916251;100.482;17.30900788602931;0.5090884672361562;-0.44677734375;
01:10:51;91.0;1572916252;100.0;17.05826621789072;0.5017137122909034;-0.44189453125;
01:10:52;92.0;1572916253;100.351;19.064199562999438;0.5607117518529247;-0.48095703125;
01:10:53;93.0;1572916254;100.548;17.4343787200986;0.5127758447087823;-0.44921875;
01:10:54;94.0;1572916255;101.034;18.18660372451437;0.5349001095445403;-0.4638671875;
01:10:55;95.0;1572916256;101.5;20.819391239969566;0.6123350364696931;-0.51513671875;
01:10:56;96.0;1572916257;100.946;17.183637051960012;0.5054010897635298;-0.4443359375;
01:10:57;97.0;1572916258;100.946;17.183637051960012;0.5054010897635298;-0.4443359375;
01:10:58;98.0;1572916259;101.233;17.559749554167897;0.5164632221814087;-0.45166015625;
01:10:59;99.0;1572916260;101.678;17.30900788602931;0.5090884672361562;-0.44677734375;
01:11:00;100.0;1572916262;102.17;17.183637051960012;0.5054010897635298;-0.4443359375;
01:11:01;101.0;1572916262;102.215;17.559749554167897;0.5164632221814087;-0.45166015625;
01:11:02;102.0;1572916263;101.924;17.05826621789072;0.5017137122909034;-0.44189453125;
01:11:03;103.0;1572916264;101.991;17.183637051960012;0.5054010897635298;-0.4443359375;
01:11:04;104.0;1572916266;102.102;16.807524549752127;0.4943389573456508;-0.43701171875;
01:11:05;105.0;1572916266;102.058;17.4343787200986;0.5127758447087823;-0.44921875;
01:11:06;106.0;1572916267;102.125;17.559749554167897;0.5164632221814087;-0.45166015625;
01:11:07;107.0;1572916268;101.123;17.30900788602931;0.5090884672361562;-0.44677734375;
01:11:08;108.0;1572916270;100.813;17.30900788602931;0.5090884672361562;-0.44677734375;
01:11:09;109.0;1572916270;101.344;11.918062021049625;0.35053123591322427;-0.341796875;
01:11:10;110.0;1572916271;101.344;13.547882863950457;0.3984671430573664;-0.37353515625;
01:11:11;111.0;1572916272;102.349;16.93289538382142;0.49802633481827707;-0.439453125;
01:11:12;112.0;1572916274;102.664;17.4343787200986;0.5127758447087823;-0.44921875;
01:11:13;113.0;1572916275;101.611;16.807524549752127;0.4943389573456508;-0.43701171875;
01:11:14;114.0;1572916275;101.455;17.183637051960012;0.5054010897635298;-0.4443359375;
01:11:15;115.0;1572916276;101.145;17.559749554167897;0.5164632221814087;-0.45166015625;
01:11:16;116.0;1572916278;100.857;17.183637051960012;0.5054010897635298;-0.4443359375;
01:11:17;117.0;1572916279;101.344;17.559749554167897;0.5164632221814087;-0.45166015625;
01:11:19;119.0;1572916279;101.344;17.05826621789072;0.5017137122909034;-0.44189453125;
01:11:20;120.0;1572916282;101.012;17.4343787200986;0.5127758447087823;-0.44921875;
01:11:21;121.0;1572916283;101.056;17.05826621789072;0.5017137122909034;-0.44189453125;
01:11:22;122.0;1572916283;100.681;17.183637051960012;0.5054010897635298;-0.4443359375;
01:11:23;123.0;1572916284;101.189;17.183637051960012;0.5054010897635298;-0.4443359375;
01:11:24;124.0;1572916286;101.433;17.4343787200986;0.5127758447087823;-0.44921875;
01:11:25;125.0;1572916287;101.745;16.68215371568283;0.49065157987302443;-0.4345703125;
01:11:26;126.0;1572916288;102.035;17.4343787200986;0.5127758447087823;-0.44921875;
01:11:27;127.0;1572916288;101.522;15.428445374989881;0.4537778051467612;-0.41015625;
01:11:28;128.0;1572916290;101.589;17.30900788602931;0.5090884672361562;-0.44677734375;
01:11:29;129.0;1572916291;101.034;16.93289538382142;0.49802633481827707;-0.439453125;
01:11:30;130.0;1572916292;101.034;15.929928711267062;0.4685273150372665;-0.419921875;
01:11:31;131.0;1572916292;101.256;15.553816209059178;0.4574651826193876;-0.41259765625;
01:11:32;132.0;1572916294;101.455;17.05826621789072;0.5017137122909034;-0.44189453125;
01:11:33;133.0;1572916295;101.901;17.4343787200986;0.5127758447087823;-0.44921875;
01:11:34;134.0;1572916296;101.678;17.05826621789072;0.5017137122909034;-0.44189453125;
01:11:35;135.0;1572916297;101.678;17.30900788602931;0.5090884672361562;-0.44677734375;
01:11:36;136.0;1572916298;100.968;17.183637051960012;0.5054010897635298;-0.4443359375;
01:11:37;137.0;1572916299;100.504;17.4343787200986;0.5127758447087823;-0.44921875;
01:11:38;138.0;1572916300;100.791;17.4343787200986;0.5127758447087823;-0.44921875;
01:11:39;139.0;1572916301;100.526;17.30900788602931;0.5090884672361562;-0.44677734375;
01:11:40;140.0;1572916302;100.747;17.30900788602931;0.5090884672361562;-0.44677734375;
01:11:41;141.0;1572916303;101.233;17.30900788602931;0.5090884672361562;-0.44677734375;
01:11:42;142.0;1572916304;101.233;17.68512038823719;0.520150599654035;-0.4541015625;
01:11:43;143.0;1572916305;101.7;17.559749554167897;0.5164632221814087;-0.45166015625;
01:11:44;144.0;1572916306;101.812;17.183637051960012;0.5054010897635298;-0.4443359375;
01:11:46;146.0;1572916307;101.611;17.05826621789072;0.5017137122909034;-0.44189453125;
01:11:47;147.0;1572916308;101.567;17.183637051960012;0.5054010897635298;-0.4443359375;
01:11:48;148.0;1572916309;101.123;17.559749554167897;0.5164632221814087;-0.45166015625;
01:11:49;149.0;1572916310;101.256;17.559749554167897;0.5164632221814087;-0.45166015625;
01:11:50;150.0;1572916311;101.211;16.93289538382142;0.49802633481827707;-0.439453125;
01:11:51;151.0;1572916312;101.389;17.05826621789072;0.5017137122909034;-0.44189453125;
01:11:52;152.0;1572916313;101.678;17.30900788602931;0.5090884672361562;-0.44677734375;
01:11:53;153.0;1572916314;101.7;17.4343787200986;0.5127758447087823;-0.44921875;
01:11:54;154.0;1572916315;101.5;17.4343787200986;0.5127758447087823;-0.44921875;
01:11:55;155.0;1572916316;101.589;17.30900788602931;0.5090884672361562;-0.44677734375;
01:11:56;156.0;1572916317;101.256;17.30900788602931;0.5090884672361562;-0.44677734375;
01:11:57;157.0;1572916318;101.278;17.559749554167897;0.5164632221814087;-0.45166015625;
01:11:58;158.0;1572916319;101.544;17.183637051960012;0.5054010897635298;-0.4443359375;
01:11:59;159.0;1572916320;101.034;17.05826621789072;0.5017137122909034;-0.44189453125;
01:12:00;160.0;1572916321;101.3;17.183637051960012;0.5054010897635298;-0.4443359375;
01:12:01;161.0;1572916322;101.012;17.559749554167897;0.5164632221814087;-0.45166015625;
01:12:02;162.0;1572916324;101.233;18.688087060791553;0.5496496194350456;-0.4736328125;
01:12:03;163.0;1572916324;101.433;18.18660372451437;0.5349001095445403;-0.4638671875;
01:12:04;164.0;1572916325;101.678;17.4343787200986;0.5127758447087823;-0.44921875;
01:12:05;165.0;1572916326;101.946;17.183637051960012;0.5054010897635298;-0.4443359375;
01:12:06;166.0;1572916327;102.17;17.30900788602931;0.5090884672361562;-0.44677734375;
01:12:07;167.0;1572916328;101.879;17.4343787200986;0.5127758447087823;-0.44921875;
01:12:08;168.0;1572916329;101.968;17.05826621789072;0.5017137122909034;-0.44189453125;
01:12:09;169.0;1572916331;101.478;17.05826621789072;0.5017137122909034;-0.44189453125;
01:12:10;170.0;1572916331;100.968;17.559749554167897;0.5164632221814087;-0.45166015625;
01:12:11;171.0;1572916332;100.813;17.4343787200986;0.5127758447087823;-0.44921875;
01:12:12;172.0;1572916334;100.219;16.93289538382142;0.49802633481827707;-0.439453125;
01:12:13;173.0;1572916335;100.482;17.4343787200986;0.5127758447087823;-0.44921875;
01:12:14;174.0;1572916335;100.461;16.55678288161354;0.4869642024003982;-0.43212890625;
01:12:15;175.0;1572916336;100.725;17.183637051960012;0.5054010897635298;-0.4443359375;
01:12:16;176.0;1572916338;101.056;17.4343787200986;0.5127758447087823;-0.44921875;
01:12:18;178.0;1572916338;101.012;14.174737034296932;0.416904030420498;-0.3857421875;
01:12:19;179.0;1572916340;101.767;17.4343787200986;0.5127758447087823;-0.44921875;
01:12:20;180.0;1572916342;101.745;17.183637051960012;0.5054010897635298;-0.4443359375;
01:12:21;181.0;1572916343;101.834;17.183637051960012;0.5054010897635298;-0.4443359375;
01:12:22;182.0;1572916343;101.812;17.30900788602931;0.5090884672361562;-0.44677734375;
01:12:23;183.0;1572916344;101.256;17.68512038823719;0.520150599654035;-0.4541015625;
01:12:24;184.0;1572916346;101.256;17.183637051960012;0.5054010897635298;-0.4443359375;
01:12:25;185.0;1572916347;100.99;17.183637051960012;0.5054010897635298;-0.4443359375;
01:12:26;186.0;1572916347;101.078;18.688087060791553;0.5496496194350456;-0.4736328125;
01:12:27;187.0;1572916348;101.1;17.4343787200986;0.5127758447087823;-0.44921875;
01:12:28;188.0;1572916350;100.813;20.192537069623093;0.5938981491065616;-0.5029296875;
01:12:29;189.0;1572916351;101.056;17.559749554167897;0.5164632221814087;-0.45166015625;
01:12:30;190.0;1572916351;101.211;17.05826621789072;0.5017137122909034;-0.44189453125;
01:12:31;191.0;1572916353;100.968;17.4343787200986;0.5127758447087823;-0.44921875;
01:12:32;192.0;1572916354;101.189;17.05826621789072;0.5017137122909034;-0.44189453125;
01:12:33;193.0;1572916355;101.167;16.93289538382142;0.49802633481827707;-0.439453125;
01:12:34;194.0;1572916355;100.923;17.183637051960012;0.5054010897635298;-0.4443359375;
01:12:35;195.0;1572916357;100.879;17.30900788602931;0.5090884672361562;-0.44677734375;
01:12:36;196.0;1572916358;100.637;17.935862056375782;0.5275253545992877;-0.458984375;
01:12:37;197.0;1572916359;100.153;17.81049122230649;0.5238379771266615;-0.45654296875;
01:12:38;198.0;1572916360;100.659;17.05826621789072;0.5017137122909034;-0.44189453125;
01:12:39;199.0;1572916361;100.482;17.4343787200986;0.5127758447087823;-0.44921875;
01:12:40;200.0;1572916362;100.504;17.559749554167897;0.5164632221814087;-0.45166015625;
01:12:41;201.0;1572916363;100.482;17.183637051960012;0.5054010897635298;-0.4443359375;
01:12:42;202.0;1572916364;100.482;17.183637051960012;0.5054010897635298;-0.4443359375;
01:12:43;203.0;1572916365;100.901;17.30900788602931;0.5090884672361562;-0.44677734375;
01:12:44;204.0;1572916366;101.167;17.4343787200986;0.5127758447087823;-0.44921875;
01:12:45;205.0;1572916367;101.656;17.4343787200986;0.5127758447087823;-0.44921875;
01:12:46;206.0;1572916368;101.433;17.559749554167897;0.5164632221814087;-0.45166015625;
01:12:47;207.0;1572916369;101.723;17.30900788602931;0.5090884672361562;-0.44677734375;
01:12:48;208.0;1572916370;101.433;17.30900788602931;0.5090884672361562;-0.44677734375;
01:12:50;210.0;1572916371;101.478;17.30900788602931;0.5090884672361562;-0.44677734375;
01:12:51;211.0;1572916372;101.478;17.559749554167897;0.5164632221814087;-0.45166015625;
01:12:52;212.0;1572916373;101.433;17.4343787200986;0.5127758447087823;-0.44921875;
01:12:53;213.0;1572916374;101.189;17.183637051960012;0.5054010897635298;-0.4443359375;
01:12:54;214.0;1572916375;101.411;17.05826621789072;0.5017137122909034;-0.44189453125;
01:12:55;215.0;1572916376;100.901;17.30900788602931;0.5090884672361562;-0.44677734375;
01:12:56;216.0;1572916377;100.703;17.559749554167897;0.5164632221814087;-0.45166015625;
01:12:57;217.0;1572916378;101.167;17.559749554167897;0.5164632221814087;-0.45166015625;
01:12:58;218.0;1572916379;100.901;17.05826621789072;0.5017137122909034;-0.44189453125;
01:12:59;219.0;1572916380;101.411;16.807524549752127;0.4943389573456508;-0.43701171875;
01:13:00;220.0;1572916381;101.211;17.05826621789072;0.5017137122909034;-0.44189453125;
01:13:01;221.0;1572916382;101.278;17.05826621789072;0.5017137122909034;-0.44189453125;
01:13:02;222.0;1572916383;100.99;17.4343787200986;0.5127758447087823;-0.44921875;
01:13:03;223.0;1572916384;100.659;16.68215371568283;0.49065157987302443;-0.4345703125;
01:13:04;224.0;1572916385;100.637;17.183637051960012;0.5054010897635298;-0.4443359375;
01:13:05;225.0;1572916386;100.329;17.05826621789072;0.5017137122909034;-0.44189453125;
01:13:06;226.0;1572916387;100.153;17.183637051960012;0.5054010897635298;-0.4443359375;
01:13:07;227.0;1572916388;100.769;17.4343787200986;0.5127758447087823;-0.44921875;
01:13:08;228.0;1572916390;100.946;17.30900788602931;0.5090884672361562;-0.44677734375;
01:13:09;229.0;1572916390;101.211;17.4343787200986;0.5127758447087823;-0.44921875;
01:13:10;230.0;1572916391;101.189;17.183637051960012;0.5054010897635298;-0.4443359375;
01:13:11;231.0;1572916392;100.615;17.4343787200986;0.5127758447087823;-0.44921875;
01:13:12;232.0;1572916393;100.461;17.30900788602931;0.5090884672361562;-0.44677734375;
01:13:13;233.0;1572916394;100.482;17.05826621789072;0.5017137122909034;-0.44189453125;
01:13:14;234.0;1572916395;100.769;17.183637051960012;0.5054010897635298;-0.4443359375;
01:13:15;235.0;1572916397;101.3;17.183637051960012;0.5054010897635298;-0.4443359375;
01:13:17;237.0;1572916397;101.567;17.4343787200986;0.5127758447087823;-0.44921875;
01:13:18;238.0;1572916399;101.522;16.807524549752127;0.4943389573456508;-0.43701171875;
01:13:19;239.0;1572916401;101.3;17.559749554167897;0.5164632221814087;-0.45166015625;
01:13:20;240.0;1572916401;101.678;16.93289538382142;0.49802633481827707;-0.439453125;
01:13:21;241.0;1572916402;101.211;17.183637051960012;0.5054010897635298;-0.4443359375;
01:13:22;242.0;1572916404;101.433;17.559749554167897;0.5164632221814087;-0.45166015625;
01:13:23;243.0;1572916405;101.433;17.183637051960012;0.5054010897635298;-0.4443359375;
01:13:24;244.0;1572916405;101.034;17.30900788602931;0.5090884672361562;-0.44677734375;
01:13:25;245.0;1572916406;101.056;17.4343787200986;0.5127758447087823;-0.44921875;
01:13:26;246.0;1572916408;100.835;17.935862056375782;0.5275253545992877;-0.458984375;
01:13:27;247.0;1572916409;100.57;17.30900788602931;0.5090884672361562;-0.44677734375;
01:13:28;248.0;1572916409;100.99;17.05826621789072;0.5017137122909034;-0.44189453125;
01:13:29;249.0;1572916410;100.703;19.064199562999438;0.5607117518529247;-0.48095703125;
01:13:30;250.0;1572916412;100.769;18.18660372451437;0.5349001095445403;-0.4638671875;
01:13:31;251.0;1572916413;100.747;18.43734539265296;0.542274864489793;-0.46875;
01:13:32;252.0;1572916414;100.548;17.183637051960012;0.5054010897635298;-0.4443359375;
01:13:33;253.0;1572916414;100.593;17.4343787200986;0.5127758447087823;-0.44921875;
01:13:34;254.0;1572916416;100.725;17.68512038823719;0.520150599654035;-0.4541015625;
01:13:35;255.0;1572916417;100.791;17.4343787200986;0.5127758447087823;-0.44921875;
01:13:36;256.0;1572916418;100.307;17.05826621789072;0.5017137122909034;-0.44189453125;
01:13:37;257.0;1572916418;100.482;17.183637051960012;0.5054010897635298;-0.4443359375;
01:13:38;258.0;1572916420;100.307;17.4343787200986;0.5127758447087823;-0.44921875;
01:13:39;259.0;1572916421;99.956;16.93289538382142;0.49802633481827707;-0.439453125;
01:13:40;260.0;1572916422;100.417;16.807524549752127;0.4943389573456508;-0.43701171875;
01:13:41;261.0;1572916423;100.439;17.183637051960012;0.5054010897635298;-0.4443359375;
01:13:42;262.0;1572916423;100.395;17.05826621789072;0.5017137122909034;-0.44189453125;
01:13:43;263.0;1572916425;100.901;17.30900788602931;0.5090884672361562;-0.44677734375;
01:13:44;264.0;1572916426;100.703;17.559749554167897;0.5164632221814087;-0.45166015625;
01:13:45;265.0;1572916427;100.659;17.05826621789072;0.5017137122909034;-0.44189453125;
01:13:46;266.0;1572916428;100.901;17.4343787200986;0.5127758447087823;-0.44921875;
01:13:47;267.0;1572916429;100.439;17.183637051960012;0.5054010897635298;-0.4443359375;
01:13:48;268.0;1572916430;100.637;17.30900788602931;0.5090884672361562;-0.44677734375;
01:13:49;269.0;1572916431;100.857;17.30900788602931;0.5090884672361562;-0.44677734375;
01:13:50;270.0;1572916432;100.637;17.81049122230649;0.5238379771266615;-0.45654296875;
01:13:51;271.0;1572916433;101.078;18.18660372451437;0.5349001095445403;-0.4638671875;
01:13:52;272.0;1572916434;100.659;9999.0;9999.0;9999.0;
01:13:54;274.0;1572916435;100.681;17.183637051960012;0.5054010897635298;-0.4443359375;
01:13:55;275.0;1572916436;100.482;17.559749554167897;0.5164632221814087;-0.45166015625;
01:13:56;276.0;1572916437;100.241;17.30900788602931;0.5090884672361562;-0.44677734375;
01:13:57;277.0;1572916438;100.417;17.30900788602931;0.5090884672361562;-0.44677734375;
01:13:58;278.0;1572916439;100.439;17.30900788602931;0.5090884672361562;-0.44677734375;
01:13:59;279.0;1572916440;100.57;17.183637051960012;0.5054010897635298;-0.4443359375;
01:14:00;280.0;1572916441;100.373;17.05826621789072;0.5017137122909034;-0.44189453125;
01:14:01;281.0;1572916442;100.615;17.05826621789072;0.5017137122909034;-0.44189453125;
01:14:02;282.0;1572916443;100.395;15.929928711267062;0.4685273150372665;-0.419921875;
01:14:03;283.0;1572916444;100.703;17.4343787200986;0.5127758447087823;-0.44921875;
01:14:04;284.0;1572916445;100.99;16.18067037940565;0.47590206998251916;-0.4248046875;
01:14:05;285.0;1572916446;100.769;16.18067037940565;0.47590206998251916;-0.4248046875;
01:14:06;286.0;1572916447;100.99;17.30900788602931;0.5090884672361562;-0.44677734375;
01:14:07;287.0;1572916448;100.725;16.55678288161354;0.4869642024003982;-0.43212890625;
01:14:08;288.0;1572916449;100.659;17.4343787200986;0.5127758447087823;-0.44921875;
01:14:09;289.0;1572916450;100.615;17.183637051960012;0.5054010897635298;-0.4443359375;
01:14:10;290.0;1572916451;100.197;17.559749554167897;0.5164632221814087;-0.45166015625;
01:14:11;291.0;1572916452;100.439;17.30900788602931;0.5090884672361562;-0.44677734375;
01:14:12;292.0;1572916453;100.461;17.559749554167897;0.5164632221814087;-0.45166015625;
01:14:13;293.0;1572916454;100.548;17.183637051960012;0.5054010897635298;-0.4443359375;
01:14:14;294.0;1572916455;100.615;17.81049122230649;0.5238379771266615;-0.45654296875;
01:14:16;296.0;1572916457;100.725;17.183637051960012;0.5054010897635298;-0.4443359375;
01:14:17;297.0;1572916458;100.395;16.93289538382142;0.49802633481827707;-0.439453125;
01:14:18;298.0;1572916459;100.923;17.4343787200986;0.5127758447087823;-0.44921875;
01:14:19;299.0;1572916461;100.901;17.30900788602931;0.5090884672361562;-0.44677734375;
01:14:20;300.0;1572916461;101.344;17.4343787200986;0.5127758447087823;-0.44921875;
01:14:21;301.0;1572916462;101.567;17.183637051960012;0.5054010897635298;-0.4443359375;
01:14:22;302.0;1572916463;101.167;17.05826621789072;0.5017137122909034;-0.44189453125;
01:14:23;303.0;1572916465;100.637;15.303074540920589;0.450090427674135;-0.40771484375;
01:14:24;304.0;1572916465;100.109;17.05826621789072;0.5017137122909034;-0.44189453125;
01:14:25;305.0;1572916466;100.219;14.550849536504819;0.427966162838377;-0.39306640625;
01:14:26;306.0;1572916467;100.241;14.801591204643408;0.43534091778362966;-0.39794921875;
01:14:27;307.0;1572916469;100.307;14.174737034296932;0.416904030420498;-0.3857421875;
01:14:28;308.0;1572916469;100.351;17.183637051960012;0.5054010897635298;-0.4443359375;
01:14:29;309.0;1572916470;100.504;17.30900788602931;0.5090884672361562;-0.44677734375;
01:14:30;310.0;1572916472;100.725;17.183637051960012;0.5054010897635298;-0.4443359375;
01:14:31;311.0;1572916473;101.167;17.4343787200986;0.5127758447087823;-0.44921875;
01:14:32;312.0;1572916473;101.411;17.30900788602931;0.5090884672361562;-0.44677734375;
01:14:33;313.0;1572916474;100.725;16.93289538382142;0.49802633481827707;-0.439453125;
01:14:34;314.0;1572916476;100.482;16.93289538382142;0.49802633481827707;-0.439453125;
01:14:35;315.0;1572916477;100.263;17.559749554167897;0.5164632221814087;-0.45166015625;
01:14:36;316.0;1572916478;100.329;17.05826621789072;0.5017137122909034;-0.44189453125;
01:14:37;317.0;1572916478;100.725;16.93289538382142;0.49802633481827707;-0.439453125;
01:14:38;318.0;1572916480;100.439;17.05826621789072;0.5017137122909034;-0.44189453125;
01:14:39;319.0;1572916481;100.461;17.30900788602931;0.5090884672361562;-0.44677734375;
01:14:40;320.0;1572916482;100.088;17.4343787200986;0.5127758447087823;-0.44921875;
01:14:41;321.0;1572916482;100.153;17.68512038823719;0.520150599654035;-0.4541015625;
01:14:42;322.0;1572916484;100.417;17.183637051960012;0.5054010897635298;-0.4443359375;
01:14:43;323.0;1572916485;100.439;17.30900788602931;0.5090884672361562;-0.44677734375;
01:14:44;324.0;1572916486;100.725;17.05826621789072;0.5017137122909034;-0.44189453125;
01:14:45;325.0;1572916487;101.211;16.807524549752127;0.4943389573456508;-0.43701171875;
01:14:46;326.0;1572916488;101.145;16.807524549752127;0.4943389573456508;-0.43701171875;
01:14:47;327.0;1572916489;100.879;17.30900788602931;0.5090884672361562;-0.44677734375;
01:14:48;328.0;1572916490;100.659;17.05826621789072;0.5017137122909034;-0.44189453125;
01:14:49;329.0;1572916491;100.109;15.553816209059178;0.4574651826193876;-0.41259765625;
01:14:50;330.0;1572916492;100.175;17.05826621789072;0.5017137122909034;-0.44189453125;
01:14:51;331.0;1572916493;100.395;17.183637051960012;0.5054010897635298;-0.4443359375;
01:14:52;332.0;1572916494;100.329;17.4343787200986;0.5127758447087823;-0.44921875;
01:14:53;333.0;1572916495;100.439;17.4343787200986;0.5127758447087823;-0.44921875;
01:14:54;334.0;1572916496;100.131;17.183637051960012;0.5054010897635298;-0.4443359375;
01:14:55;335.0;1572916497;100.395;17.4343787200986;0.5127758447087823;-0.44921875;
01:14:56;336.0;1572916498;100.482;17.30900788602931;0.5090884672361562;-0.44677734375;
01:14:57;337.0;1572916499;100.946;19.31494123113803;0.5680865067981773;-0.48583984375;
01:14:59;339.0;1572916500;101.278;16.807524549752127;0.4943389573456508;-0.43701171875;
01:15:00;340.0;1572916501;100.968;17.4343787200986;0.5127758447087823;-0.44921875;
01:15:01;341.0;1572916502;100.461;17.30900788602931;0.5090884672361562;-0.44677734375;
01:15:02;342.0;1572916503;100.219;17.4343787200986;0.5127758447087823;-0.44921875;
01:15:03;343.0;1572916504;100.197;17.4343787200986;0.5127758447087823;-0.44921875;
01:15:04;344.0;1572916505;100.681;17.4343787200986;0.5127758447087823;-0.44921875;
01:15:05;345.0;1572916506;101.233;17.183637051960012;0.5054010897635298;-0.4443359375;
01:15:06;346.0;1572916507;100.923;17.05826621789072;0.5017137122909034;-0.44189453125;
01:15:07;347.0;1572916508;100.659;17.05826621789072;0.5017137122909034;-0.44189453125;
01:15:08;348.0;1572916509;100.197;17.05826621789072;0.5017137122909034;-0.44189453125;
01:15:09;349.0;1572916510;100.109;17.183637051960012;0.5054010897635298;-0.4443359375;
01:15:10;350.0;1572916511;100.153;14.300107868366227;0.4205914078931243;-0.38818359375;
01:15:11;351.0;1572916512;100.615;16.93289538382142;0.49802633481827707;-0.439453125;
01:15:12;352.0;1572916514;100.659;17.559749554167897;0.5164632221814087;-0.45166015625;
01:15:13;353.0;1572916514;100.725;17.183637051960012;0.5054010897635298;-0.4443359375;
01:15:14;354.0;1572916515;100.681;17.183637051960012;0.5054010897635298;-0.4443359375;
01:15:15;355.0;1572916516;100.482;17.183637051960012;0.5054010897635298;-0.4443359375;
01:15:16;356.0;1572916517;100.747;17.4343787200986;0.5127758447087823;-0.44921875;
01:15:17;357.0;1572916518;100.615;17.30900788602931;0.5090884672361562;-0.44677734375;
01:15:18;358.0;1572916519;100.637;17.183637051960012;0.5054010897635298;-0.4443359375;
01:15:19;359.0;1572916520;100.659;16.807524549752127;0.4943389573456508;-0.43701171875;
01:15:20;360.0;1572916522;100.131;17.30900788602931;0.5090884672361562;-0.44677734375;
01:15:21;361.0;1572916522;99.934;17.935862056375782;0.5275253545992877;-0.458984375;
01:15:22;362.0;1572916523;99.738;17.183637051960012;0.5054010897635298;-0.4443359375;
01:15:23;363.0;1572916524;99.673;17.30900788602931;0.5090884672361562;-0.44677734375;
01:15:24;364.0;1572916526;99.869;17.68512038823719;0.520150599654035;-0.4541015625;
01:15:25;365.0;1572916526;99.934;17.30900788602931;0.5090884672361562;-0.44677734375;
01:15:26;366.0;1572916527;100.131;17.05826621789072;0.5017137122909034;-0.44189453125;
01:15:27;367.0;1572916529;99.913;17.183637051960012;0.5054010897635298;-0.4443359375;
01:15:28;368.0;1572916529;100.175;17.4343787200986;0.5127758447087823;-0.44921875;
01:15:29;369.0;1572916530;100.57;17.4343787200986;0.5127758447087823;-0.44921875;
01:15:30;370.0;1572916532;100.659;16.18067037940565;0.47590206998251916;-0.4248046875;
01:15:31;371.0;1572916533;100.659;17.183637051960012;0.5054010897635298;-0.4443359375;
01:15:32;372.0;1572916533;100.373;17.183637051960012;0.5054010897635298;-0.4443359375;
01:15:33;373.0;1572916534;99.956;17.183637051960012;0.5054010897635298;-0.4443359375;
01:15:34;374.0;1572916536;99.847;11.291207850703149;0.3320943485500926;-0.32958984375;
01:15:35;375.0;1572916537;100.263;17.183637051960012;0.5054010897635298;-0.4443359375;
01:15:36;376.0;1572916537;100.351;17.559749554167897;0.5164632221814087;-0.45166015625;
01:15:37;377.0;1572916538;100.57;17.30900788602931;0.5090884672361562;-0.44677734375;
01:15:38;378.0;1572916540;100.329;17.68512038823719;0.520150599654035;-0.4541015625;
01:15:39;379.0;1572916541;99.934;17.183637051960012;0.5054010897635298;-0.4443359375;
01:15:40;380.0;1572916542;99.673;17.4343787200986;0.5127758447087823;-0.44921875;
01:15:41;381.0;1572916542;99.433;17.559749554167897;0.5164632221814087;-0.45166015625;
01:15:42;382.0;1572916544;99.238;17.4343787200986;0.5127758447087823;-0.44921875;
01:15:43;383.0;1572916545;99.194;17.30900788602931;0.5090884672361562;-0.44677734375;
01:15:44;384.0;1572916545;99.281;17.4343787200986;0.5127758447087823;-0.44921875;
01:15:45;385.0;1572916546;99.259;18.43734539265296;0.542274864489793;-0.46875;
01:15:46;386.0;1572916548;99.498;18.18660372451437;0.5349001095445403;-0.4638671875;
01:15:47;387.0;1572916549;99.782;17.30900788602931;0.5090884672361562;-0.44677734375;
01:15:48;388.0;1572916549;99.869;17.183637051960012;0.5054010897635298;-0.4443359375;
01:15:49;389.0;1572916551;99.825;17.30900788602931;0.5090884672361562;-0.44677734375;
01:15:50;390.0;1572916552;100.131;17.559749554167897;0.5164632221814087;-0.45166015625;
01:15:51;391.0;1572916553;99.847;17.68512038823719;0.520150599654035;-0.4541015625;
01:15:52;392.0;1572916554;99.913;17.183637051960012;0.5054010897635298;-0.4443359375;
01:15:53;393.0;1572916555;99.956;16.93289538382142;0.49802633481827707;-0.439453125;
01:15:54;394.0;1572916556;100.153;17.30900788602931;0.5090884672361562;-0.44677734375;
01:15:55;395.0;1572916557;100.417;13.297141195811868;0.3910923881121138;-0.36865234375;
01:15:56;396.0;1572916558;100.417;17.05826621789072;0.5017137122909034;-0.44189453125;
01:15:57;397.0;1572916559;100.681;17.4343787200986;0.5127758447087823;-0.44921875;
01:15:58;398.0;1572916560;100.0;17.183637051960012;0.5054010897635298;-0.4443359375;
01:15:59;399.0;1572916561;99.978;16.68215371568283;0.49065157987302443;-0.4345703125;
01:16:00;400.0;1572916562;99.956;17.559749554167897;0.5164632221814087;-0.45166015625;
01:16:01;401.0;1572916563;99.978;17.4343787200986;0.5127758447087823;-0.44921875;
01:16:03;403.0;1572916564;100.373;17.4343787200986;0.5127758447087823;-0.44921875;
01:16:04;404.0;1572916565;100.395;16.93289538382142;0.49802633481827707;-0.439453125;
01:16:05;405.0;1572916566;100.417;17.559749554167897;0.5164632221814087;-0.45166015625;
01:16:06;406.0;1572916567;100.329;17.30900788602931;0.5090884672361562;-0.44677734375;
01:16:07;407.0;1572916568;100.263;17.05826621789072;0.5017137122909034;-0.44189453125;
01:16:08;408.0;1572916569;100.351;17.4343787200986;0.5127758447087823;-0.44921875;
01:16:09;409.0;1572916570;100.307;17.30900788602931;0.5090884672361562;-0.44677734375;
01:16:10;410.0;1572916571;100.351;17.183637051960012;0.5054010897635298;-0.4443359375;
01:16:11;411.0;1572916572;100.131;17.30900788602931;0.5090884672361562;-0.44677734375;
01:16:12;412.0;1572916573;100.044;17.559749554167897;0.5164632221814087;-0.45166015625;
01:16:13;413.0;1572916574;100.109;17.30900788602931;0.5090884672361562;-0.44677734375;
01:16:14;414.0;1572916575;100.131;17.30900788602931;0.5090884672361562;-0.44677734375;
01:16:15;415.0;1572916576;100.417;16.18067037940565;0.47590206998251916;-0.4248046875;
01:16:16;416.0;1572916577;100.439;15.929928711267062;0.4685273150372665;-0.419921875;
01:16:17;417.0;1572916578;100.351;17.183637051960012;0.5054010897635298;-0.4443359375;
01:16:18;418.0;1572916580;100.088;17.183637051960012;0.5054010897635298;-0.4443359375;
01:16:19;419.0;1572916580;99.913;17.30900788602931;0.5090884672361562;-0.44677734375;
01:16:20;420.0;1572916581;99.891;17.4343787200986;0.5127758447087823;-0.44921875;
01:16:21;421.0;1572916582;99.498;17.05826621789072;0.5017137122909034;-0.44189453125;
01:16:22;422.0;1572916584;99.477;17.183637051960012;0.5054010897635298;-0.4443359375;
01:16:23;423.0;1572916584;99.411;17.559749554167897;0.5164632221814087;-0.45166015625;
01:16:24;424.0;1572916585;99.39;17.30900788602931;0.5090884672361562;-0.44677734375;
01:16:25;425.0;1572916586;99.825;17.05826621789072;0.5017137122909034;-0.44189453125;
01:16:26;426.0;1572916588;99.891;17.559749554167897;0.5164632221814087;-0.45166015625;
01:16:27;427.0;1572916588;100.395;17.4343787200986;0.5127758447087823;-0.44921875;
01:16:28;428.0;1572916589;100.417;17.30900788602931;0.5090884672361562;-0.44677734375;
01:16:29;429.0;1572916591;100.482;19.064199562999438;0.5607117518529247;-0.48095703125;
01:16:30;430.0;1572916592;100.373;17.183637051960012;0.5054010897635298;-0.4443359375;
01:16:31;431.0;1572916592;99.651;20.568649571830974;0.6049602815244404;-0.51025390625;
01:16:32;432.0;1572916593;99.411;17.05826621789072;0.5017137122909034;-0.44189453125;
01:16:33;433.0;1572916595;99.151;17.4343787200986;0.5127758447087823;-0.44921875;
01:16:34;434.0;1572916596;99.585;17.559749554167897;0.5164632221814087;-0.45166015625;
01:16:35;435.0;1572916596;100.088;17.30900788602931;0.5090884672361562;-0.44677734375;
01:16:36;436.0;1572916597;100.307;17.05826621789072;0.5017137122909034;-0.44189453125;
01:16:37;437.0;1572916599;100.769;16.93289538382142;0.49802633481827707;-0.439453125;
01:16:38;438.0;1572916600;100.593;17.559749554167897;0.5164632221814087;-0.45166015625;
01:16:39;439.0;1572916600;100.526;17.183637051960012;0.5054010897635298;-0.4443359375;
01:16:40;440.0;1572916602;100.725;17.4343787200986;0.5127758447087823;-0.44921875;
01:16:41;441.0;1572916603;100.241;17.30900788602931;0.5090884672361562;-0.44677734375;
01:16:42;442.0;1572916604;100.285;17.68512038823719;0.520150599654035;-0.4541015625;
01:16:43;443.0;1572916604;100.066;17.4343787200986;0.5127758447087823;-0.44921875;
01:16:44;444.0;1572916606;99.694;17.68512038823719;0.520150599654035;-0.4541015625;
01:16:45;445.0;1572916607;99.477;16.807524549752127;0.4943389573456508;-0.43701171875;
01:16:46;446.0;1572916608;99.303;17.30900788602931;0.5090884672361562;-0.44677734375;
01:16:47;447.0;1572916608;99.368;17.05826621789072;0.5017137122909034;-0.44189453125;
01:16:48;448.0;1572916610;99.564;17.183637051960012;0.5054010897635298;-0.4443359375;
01:16:49;449.0;1572916611;100.022;17.183637051960012;0.5054010897635298;-0.4443359375;
01:16:50;450.0;1572916612;100.0;17.05826621789072;0.5017137122909034;-0.44189453125;
01:16:51;451.0;1572916613;100.417;20.819391239969566;0.6123350364696931;-0.51513671875;
01:16:52;452.0;1572916614;100.219;17.4343787200986;0.5127758447087823;-0.44921875;
01:16:53;453.0;1572916615;99.913;17.30900788602931;0.5090884672361562;-0.44677734375;
01:16:54;454.0;1572916615;99.891;17.559749554167897;0.5164632221814087;-0.45166015625;
01:16:55;455.0;1572916617;99.433;17.4343787200986;0.5127758447087823;-0.44921875;
01:16:56;456.0;1572916618;99.433;17.4343787200986;0.5127758447087823;-0.44921875;
01:16:57;457.0;1572916619;99.216;17.183637051960012;0.5054010897635298;-0.4443359375;
01:16:58;458.0;1572916620;99.455;17.30900788602931;0.5090884672361562;-0.44677734375;
01:16:59;459.0;1572916621;99.173;16.30604121347495;0.47958944745514553;-0.42724609375;
01:17:00;460.0;1572916622;98.892;16.18067037940565;0.47590206998251916;-0.4248046875;
01:17:01;461.0;1572916623;99.173;17.4343787200986;0.5127758447087823;-0.44921875;
01:17:02;462.0;1572916624;98.892;17.4343787200986;0.5127758447087823;-0.44921875;
01:17:03;463.0;1572916625;99.151;17.4343787200986;0.5127758447087823;-0.44921875;
01:17:04;464.0;1572916626;99.607;17.05826621789072;0.5017137122909034;-0.44189453125;
01:17:05;465.0;1572916627;99.542;17.4343787200986;0.5127758447087823;-0.44921875;
01:17:07;467.0;1572916628;99.542;17.05826621789072;0.5017137122909034;-0.44189453125;
01:17:08;468.0;1572916629;99.542;17.4343787200986;0.5127758447087823;-0.44921875;
01:17:09;469.0;1572916630;99.281;17.30900788602931;0.5090884672361562;-0.44677734375;
01:17:10;470.0;1572916631;99.325;17.183637051960012;0.5054010897635298;-0.4443359375;
01:17:11;471.0;1572916632;99.368;17.4343787200986;0.5127758447087823;-0.44921875;
01:17:12;472.0;1572916633;99.629;17.4343787200986;0.5127758447087823;-0.44921875;
01:17:13;473.0;1572916634;99.694;17.4343787200986;0.5127758447087823;-0.44921875;
01:17:14;474.0;1572916635;99.934;17.05826621789072;0.5017137122909034;-0.44189453125;
01:17:15;475.0;1572916636;99.913;19.064199562999438;0.5607117518529247;-0.48095703125;
01:17:16;476.0;1572916637;100.131;17.183637051960012;0.5054010897635298;-0.4443359375;
01:17:17;477.0;1572916638;100.329;17.30900788602931;0.5090884672361562;-0.44677734375;
01:17:18;478.0;1572916639;100.351;17.05826621789072;0.5017137122909034;-0.44189453125;
01:17:19;479.0;1572916640;100.879;17.559749554167897;0.5164632221814087;-0.45166015625;
01:17:20;480.0;1572916641;100.725;17.559749554167897;0.5164632221814087;-0.45166015625;
01:17:21;481.0;1572916642;100.526;16.68215371568283;0.49065157987302443;-0.4345703125;
01:17:22;482.0;1572916643;100.022;17.183637051960012;0.5054010897635298;-0.4443359375;
01:17:23;483.0;1572916644;99.716;16.30604121347495;0.47958944745514553;-0.42724609375;
01:17:24;484.0;1572916645;99.39;17.30900788602931;0.5090884672361562;-0.44677734375;
01:17:25;485.0;1572916647;99.651;17.30900788602931;0.5090884672361562;-0.44677734375;
01:17:26;486.0;1572916647;100.153;16.30604121347495;0.47958944745514553;-0.42724609375;
01:17:27;487.0;1572916648;100.197;17.81049122230649;0.5238379771266615;-0.45654296875;
01:17:28;488.0;1572916649;100.241;17.183637051960012;0.5054010897635298;-0.4443359375;
01:17:29;489.0;1572916651;100.153;17.4343787200986;0.5127758447087823;-0.44921875;
01:17:30;490.0;1572916651;100.109;17.30900788602931;0.5090884672361562;-0.44677734375;
01:17:31;491.0;1572916652;99.825;17.30900788602931;0.5090884672361562;-0.44677734375;
01:17:32;492.0;1572916653;100.0;17.05826621789072;0.5017137122909034;-0.44189453125;
01:17:33;493.0;1572916655;99.847;17.4343787200986;0.5127758447087823;-0.44921875;
01:17:34;494.0;1572916655;99.585;17.183637051960012;0.5054010897635298;-0.4443359375;
01:17:35;495.0;1572916656;99.847;18.061232890445076;0.531212732071914;-0.46142578125;
01:17:36;496.0;1572916658;99.847;17.05826621789072;0.5017137122909034;-0.44189453125;
01:17:37;497.0;1572916659;100.0;19.816424567415208;0.5828360166886826;-0.49560546875;
01:17:38;498.0;1572916659;99.803;17.30900788602931;0.5090884672361562;-0.44677734375;
01:17:39;499.0;1572916660;99.346;17.4343787200986;0.5127758447087823;-0.44921875;
01:17:40;500.0;1572916662;99.368;17.4343787200986;0.5127758447087823;-0.44921875;
01:17:41;501.0;1572916663;99.411;17.559749554167897;0.5164632221814087;-0.45166015625;
01:17:42;502.0;1572916663;99.651;17.183637051960012;0.5054010897635298;-0.4443359375;
01:17:43;503.0;1572916665;99.629;17.05826621789072;0.5017137122909034;-0.44189453125;
01:17:44;504.0;1572916666;99.411;17.05826621789072;0.5017137122909034;-0.44189453125;
01:17:45;505.0;1572916667;99.151;17.4343787200986;0.5127758447087823;-0.44921875;
01:17:46;506.0;1572916667;99.194;17.05826621789072;0.5017137122909034;-0.44189453125;
01:17:47;507.0;1572916669;99.39;17.559749554167897;0.5164632221814087;-0.45166015625;
01:17:48;508.0;1572916670;99.411;16.30604121347495;0.47958944745514553;-0.42724609375;
01:17:49;509.0;1572916671;99.891;17.30900788602931;0.5090884672361562;-0.44677734375;
01:17:50;510.0;1572916671;99.913;17.183637051960012;0.5054010897635298;-0.4443359375;
01:17:51;511.0;1572916673;99.956;17.30900788602931;0.5090884672361562;-0.44677734375;
01:17:52;512.0;1572916674;99.869;17.183637051960012;0.5054010897635298;-0.4443359375;
01:17:53;513.0;1572916675;99.39;17.4343787200986;0.5127758447087823;-0.44921875;
01:17:54;514.0;1572916675;99.346;17.05826621789072;0.5017137122909034;-0.44189453125;
01:17:55;515.0;1572916677;99.585;17.4343787200986;0.5127758447087823;-0.44921875;
01:17:56;516.0;1572916678;99.607;18.813457894860846;0.5533369969076719;-0.47607421875;
01:17:57;517.0;1572916678;99.477;18.061232890445076;0.531212732071914;-0.46142578125;
01:17:58;518.0;1572916680;99.52;17.183637051960012;0.5054010897635298;-0.4443359375;
01:17:59;519.0;1572916681;99.021;16.93289538382142;0.49802633481827707;-0.439453125;
01:18:00;520.0;1572916682;99.064;17.183637051960012;0.5054010897635298;-0.4443359375;
01:18:01;521.0;1572916683;99.281;17.30900788602931;0.5090884672361562;-0.44677734375;
01:18:02;522.0;1572916684;99.043;16.93289538382142;0.49802633481827707;-0.439453125;
01:18:03;523.0;1572916685;99.346;17.4343787200986;0.5127758447087823;-0.44921875;
01:18:04;524.0;1572916686;99.607;17.183637051960012;0.5054010897635298;-0.4443359375;
01:18:05;525.0;1572916687;99.043;17.183637051960012;0.5054010897635298;-0.4443359375;
01:18:06;526.0;1572916688;99.216;17.30900788602931;0.5090884672361562;-0.44677734375;
01:18:07;527.0;1572916689;99.238;17.05826621789072;0.5017137122909034;-0.44189453125;
01:18:08;528.0;1572916690;98.978;17.183637051960012;0.5054010897635298;-0.4443359375;
01:18:09;529.0;1572916691;99.216;16.68215371568283;0.49065157987302443;-0.4345703125;
01:18:12;532.0;1572916692;99.216;17.30900788602931;0.5090884672361562;-0.44677734375;
01:18:13;533.0;1572916694;99.194;17.559749554167897;0.5164632221814087;-0.45166015625;
01:18:14;534.0;1572916695;99.411;17.559749554167897;0.5164632221814087;-0.45166015625;
01:18:15;535.0;1572916696;99.151;17.183637051960012;0.5054010897635298;-0.4443359375;
01:18:16;536.0;1572916697;99.086;17.183637051960012;0.5054010897635298;-0.4443359375;
01:18:17;537.0;1572916698;99.303;17.183637051960012;0.5054010897635298;-0.4443359375;
01:18:18;538.0;1572916699;99.129;18.813457894860846;0.5533369969076719;-0.47607421875;
01:18:19;539.0;1572916700;99.129;16.93289538382142;0.49802633481827707;-0.439453125;
01:18:20;540.0;1572916701;98.956;17.68512038823719;0.520150599654035;-0.4541015625;
01:18:21;541.0;1572916702;98.525;18.061232890445076;0.531212732071914;-0.46142578125;
01:18:22;542.0;1572916703;98.267;17.30900788602931;0.5090884672361562;-0.44677734375;
01:18:23;543.0;1572916704;99.0;17.4343787200986;0.5127758447087823;-0.44921875;
01:18:24;544.0;1572916705;98.956;17.05826621789072;0.5017137122909034;-0.44189453125;
01:18:25;545.0;1572916707;98.978;17.183637051960012;0.5054010897635298;-0.4443359375;
01:18:26;546.0;1572916707;99.477;17.559749554167897;0.5164632221814087;-0.45166015625;
01:18:27;547.0;1572916708;98.978;17.183637051960012;0.5054010897635298;-0.4443359375;
01:18:28;548.0;1572916709;99.411;16.807524549752127;0.4943389573456508;-0.43701171875;
01:18:29;549.0;1572916711;99.607;14.049366200227638;0.4132166529478717;-0.38330078125;
01:18:30;550.0;1572916711;99.825;16.807524549752127;0.4943389573456508;-0.43701171875;
01:18:31;551.0;1572916712;99.585;17.559749554167897;0.5164632221814087;-0.45166015625;
01:18:32;552.0;1572916713;99.108;17.183637051960012;0.5054010897635298;-0.4443359375;
01:18:33;553.0;1572916715;98.892;17.4343787200986;0.5127758447087823;-0.44921875;
01:18:34;554.0;1572916715;98.676;17.05826621789072;0.5017137122909034;-0.44189453125;
01:18:35;555.0;1572916716;98.935;17.183637051960012;0.5054010897635298;-0.4443359375;
01:18:36;556.0;1572916718;98.978;17.559749554167897;0.5164632221814087;-0.45166015625;
01:18:37;557.0;1572916719;98.74;17.183637051960012;0.5054010897635298;-0.4443359375;
01:18:38;558.0;1572916719;98.762;17.30900788602931;0.5090884672361562;-0.44677734375;
01:18:39;559.0;1572916720;98.525;17.183637051960012;0.5054010897635298;-0.4443359375;
01:18:40;560.0;1572916722;98.59;17.4343787200986;0.5127758447087823;-0.44921875;
01:18:41;561.0;1572916723;98.568;17.4343787200986;0.5127758447087823;-0.44921875;
01:18:42;562.0;1572916723;98.289;17.4343787200986;0.5127758447087823;-0.44921875;
01:18:43;563.0;1572916724;98.289;18.688087060791553;0.5496496194350456;-0.4736328125;
01:18:44;564.0;1572916726;97.989;17.559749554167897;0.5164632221814087;-0.45166015625;
01:18:45;565.0;1572916727;98.375;17.30900788602931;0.5090884672361562;-0.44677734375;
01:18:46;566.0;1572916727;98.611;17.183637051960012;0.5054010897635298;-0.4443359375;
01:18:47;567.0;1572916728;98.568;17.30900788602931;0.5090884672361562;-0.44677734375;
01:18:48;568.0;1572916730;99.043;17.05826621789072;0.5017137122909034;-0.44189453125;
01:18:49;569.0;1572916731;99.173;17.183637051960012;0.5054010897635298;-0.4443359375;
01:18:50;570.0;1572916731;98.913;17.05826621789072;0.5017137122909034;-0.44189453125;
01:18:51;571.0;1572916733;99.411;17.559749554167897;0.5164632221814087;-0.45166015625;
01:18:52;572.0;1572916734;99.346;17.05826621789072;0.5017137122909034;-0.44189453125;
01:18:53;573.0;1572916735;99.043;17.05826621789072;0.5017137122909034;-0.44189453125;
01:18:54;574.0;1572916735;99.368;16.93289538382142;0.49802633481827707;-0.439453125;
01:18:55;575.0;1572916737;99.173;17.05826621789072;0.5017137122909034;-0.44189453125;
01:18:56;576.0;1572916738;99.194;17.183637051960012;0.5054010897635298;-0.4443359375;
01:18:57;577.0;1572916739;99.498;17.05826621789072;0.5017137122909034;-0.44189453125;
01:18:58;578.0;1572916739;99.411;17.4343787200986;0.5127758447087823;-0.44921875;
01:18:59;579.0;1572916741;99.607;17.183637051960012;0.5054010897635298;-0.4443359375;
01:19:00;580.0;1572916742;99.869;17.4343787200986;0.5127758447087823;-0.44921875;
01:19:01;581.0;1572916743;99.869;17.30900788602931;0.5090884672361562;-0.44677734375;
01:19:02;582.0;1572916744;99.847;16.807524549752127;0.4943389573456508;-0.43701171875;
01:19:03;583.0;1572916745;99.39;17.30900788602931;0.5090884672361562;-0.44677734375;
01:19:04;584.0;1572916746;99.694;17.183637051960012;0.5054010897635298;-0.4443359375;
01:19:05;585.0;1572916747;99.629;17.30900788602931;0.5090884672361562;-0.44677734375;
01:19:06;586.0;1572916748;99.651;18.43734539265296;0.542274864489793;-0.46875;
01:19:07;587.0;1572916749;100.175;17.05826621789072;0.5017137122909034;-0.44189453125;
01:19:08;588.0;1572916750;99.651;17.05826621789072;0.5017137122909034;-0.44189453125;
01:19:09;589.0;1572916751;99.694;17.05826621789072;0.5017137122909034;-0.44189453125;
01:19:10;590.0;1572916751;99.956;17.30900788602931;0.5090884672361562;-0.44677734375;
01:19:11;591.0;1572916753;99.651;17.4343787200986;0.5127758447087823;-0.44921875;
01:19:12;592.0;1572916754;99.411;17.183637051960012;0.5054010897635298;-0.4443359375;
01:19:13;593.0;1572916755;99.585;17.30900788602931;0.5090884672361562;-0.44677734375;
01:19:15;595.0;1572916756;99.108;15.804557877197768;0.4648399375646402;-0.41748046875;
01:19:16;596.0;1572916757;98.633;17.68512038823719;0.520150599654035;-0.4541015625;
01:19:17;597.0;1572916758;98.59;17.05826621789072;0.5017137122909034;-0.44189453125;
01:19:18;598.0;1572916759;98.396;17.183637051960012;0.5054010897635298;-0.4443359375;
01:19:19;599.0;1572916760;98.439;17.4343787200986;0.5127758447087823;-0.44921875;
01:19:20;600.0;1572916761;99.216;17.30900788602931;0.5090884672361562;-0.44677734375;
01:19:21;601.0;1572916762;99.477;17.183637051960012;0.5054010897635298;-0.4443359375;
01:19:22;602.0;1572916763;99.498;17.68512038823719;0.520150599654035;-0.4541015625;
01:19:23;603.0;1572916764;99.738;17.4343787200986;0.5127758447087823;-0.44921875;
01:19:24;604.0;1572916765;98.935;17.559749554167897;0.5164632221814087;-0.45166015625;
01:19:25;605.0;1572916766;98.956;17.183637051960012;0.5054010897635298;-0.4443359375;
01:19:26;606.0;1572916767;98.482;18.56271622672226;0.5459622419624194;-0.47119140625;
01:19:27;607.0;1572916768;97.904;17.81049122230649;0.5238379771266615;-0.45654296875;
01:19:28;608.0;1572916769;98.396;17.4343787200986;0.5127758447087823;-0.44921875;
01:19:29;609.0;1572916770;98.182;17.30900788602931;0.5090884672361562;-0.44677734375;
01:19:30;610.0;1572916771;98.611;17.183637051960012;0.5054010897635298;-0.4443359375;
01:19:31;611.0;1572916772;99.151;18.93882872893014;0.5570243743802983;-0.478515625;
01:19:32;612.0;1572916773;99.129;17.183637051960012;0.5054010897635298;-0.4443359375;
01:19:33;613.0;1572916775;99.064;16.68215371568283;0.49065157987302443;-0.4345703125;
01:19:34;614.0;1572916775;98.87;17.30900788602931;0.5090884672361562;-0.44677734375;
01:19:35;615.0;1572916776;98.762;16.807524549752127;0.4943389573456508;-0.43701171875;
01:19:36;616.0;1572916777;98.611;17.183637051960012;0.5054010897635298;-0.4443359375;
01:19:37;617.0;1572916778;99.064;15.929928711267062;0.4685273150372665;-0.419921875;
01:19:38;618.0;1572916779;99.021;17.4343787200986;0.5127758447087823;-0.44921875;
01:19:39;619.0;1572916780;99.194;17.05826621789072;0.5017137122909034;-0.44189453125;
01:19:40;620.0;1572916782;99.433;17.183637051960012;0.5054010897635298;-0.4443359375;
01:19:41;621.0;1572916782;99.281;17.30900788602931;0.5090884672361562;-0.44677734375;
01:19:42;622.0;1572916783;99.259;16.93289538382142;0.49802633481827707;-0.439453125;
01:19:43;623.0;1572916784;98.978;17.30900788602931;0.5090884672361562;-0.44677734375;
01:19:44;624.0;1572916786;98.827;17.559749554167897;0.5164632221814087;-0.45166015625;
01:19:45;625.0;1572916786;98.805;16.93289538382142;0.49802633481827707;-0.439453125;
01:19:46;626.0;1572916787;99.043;16.807524549752127;0.4943389573456508;-0.43701171875;
01:19:47;627.0;1572916789;99.303;18.18660372451437;0.5349001095445403;-0.4638671875;
01:19:48;628.0;1572916790;99.411;17.4343787200986;0.5127758447087823;-0.44921875;
01:19:49;629.0;1572916790;99.455;17.05826621789072;0.5017137122909034;-0.44189453125;
01:19:50;630.0;1572916792;99.455;17.30900788602931;0.5090884672361562;-0.44677734375;
01:19:51;631.0;1572916793;99.129;17.05826621789072;0.5017137122909034;-0.44189453125;
01:19:52;632.0;1572916793;98.913;17.183637051960012;0.5054010897635298;-0.4443359375;
01:19:53;633.0;1572916794;99.064;17.4343787200986;0.5127758447087823;-0.44921875;
01:19:54;634.0;1572916796;99.585;17.183637051960012;0.5054010897635298;-0.4443359375;
01:19:55;635.0;1572916797;100.131;17.68512038823719;0.520150599654035;-0.4541015625;
01:19:56;636.0;1572916797;100.131;17.68512038823719;0.520150599654035;-0.4541015625;
01:19:57;637.0;1572916799;99.934;17.30900788602931;0.5090884672361562;-0.44677734375;
01:19:58;638.0;1572916800;99.673;17.30900788602931;0.5090884672361562;-0.44677734375;
01:19:59;639.0;1572916801;99.173;17.30900788602931;0.5090884672361562;-0.44677734375;
01:20:00;640.0;1572916802;98.827;17.4343787200986;0.5127758447087823;-0.44921875;
01:20:01;641.0;1572916802;98.611;17.183637051960012;0.5054010897635298;-0.4443359375;
01:20:02;642.0;1572916804;98.182;17.30900788602931;0.5090884672361562;-0.44677734375;
01:20:03;643.0;1572916805;98.396;17.559749554167897;0.5164632221814087;-0.45166015625;
01:20:04;644.0;1572916805;98.676;17.30900788602931;0.5090884672361562;-0.44677734375;
01:20:05;645.0;1572916807;98.396;17.4343787200986;0.5127758447087823;-0.44921875;
01:20:06;646.0;1572916808;98.633;17.30900788602931;0.5090884672361562;-0.44677734375;
01:20:07;647.0;1572916809;98.225;17.30900788602931;0.5090884672361562;-0.44677734375;
01:20:08;648.0;1572916809;98.267;17.183637051960012;0.5054010897635298;-0.4443359375;
01:20:09;649.0;1572916810;98.978;17.05826621789072;0.5017137122909034;-0.44189453125;
01:20:10;650.0;1572916812;98.697;17.05826621789072;0.5017137122909034;-0.44189453125;
01:20:11;651.0;1572916813;99.151;17.30900788602931;0.5090884672361562;-0.44677734375;
01:20:12;652.0;1572916814;99.346;17.4343787200986;0.5127758447087823;-0.44921875;
01:20:13;653.0;1572916815;99.368;17.05826621789072;0.5017137122909034;-0.44189453125;
01:20:14;654.0;1572916816;99.39;17.4343787200986;0.5127758447087823;-0.44921875;
01:20:15;655.0;1572916817;99.129;17.30900788602931;0.5090884672361562;-0.44677734375;
01:20:16;656.0;1572916818;98.892;17.4343787200986;0.5127758447087823;-0.44921875;
01:20:17;657.0;1572916819;98.396;17.4343787200986;0.5127758447087823;-0.44921875;
01:20:19;659.0;1572916820;98.568;17.559749554167897;0.5164632221814087;-0.45166015625;
01:20:20;660.0;1572916821;98.525;17.30900788602931;0.5090884672361562;-0.44677734375;
01:20:21;661.0;1572916822;98.568;17.30900788602931;0.5090884672361562;-0.44677734375;
01:20:22;662.0;1572916823;98.87;17.183637051960012;0.5054010897635298;-0.4443359375;
01:20:23;663.0;1572916824;98.676;16.55678288161354;0.4869642024003982;-0.43212890625;
01:20:24;664.0;1572916825;98.482;15.553816209059178;0.4574651826193876;-0.41259765625;
01:20:25;665.0;1572916826;98.482;17.05826621789072;0.5017137122909034;-0.44189453125;
01:20:26;666.0;1572916827;97.989;17.4343787200986;0.5127758447087823;-0.44921875;
01:20:27;667.0;1572916828;98.01;17.559749554167897;0.5164632221814087;-0.45166015625;
01:20:28;668.0;1572916829;98.654;17.4343787200986;0.5127758447087823;-0.44921875;
01:20:29;669.0;1572916830;98.892;17.68512038823719;0.520150599654035;-0.4541015625;
01:20:30;670.0;1572916831;99.368;17.05826621789072;0.5017137122909034;-0.44189453125;
01:20:31;671.0;1572916832;99.607;19.064199562999438;0.5607117518529247;-0.48095703125;
01:20:32;672.0;1572916833;99.673;17.05826621789072;0.5017137122909034;-0.44189453125;
01:20:33;673.0;1572916834;98.956;17.30900788602931;0.5090884672361562;-0.44677734375;
01:20:34;674.0;1572916835;98.418;17.559749554167897;0.5164632221814087;-0.45166015625;
01:20:35;675.0;1572916836;98.396;16.93289538382142;0.49802633481827707;-0.439453125;
01:20:36;676.0;1572916837;97.904;17.05826621789072;0.5017137122909034;-0.44189453125;
01:20:37;677.0;1572916838;98.611;17.559749554167897;0.5164632221814087;-0.45166015625;
01:20:38;678.0;1572916840;98.87;17.4343787200986;0.5127758447087823;-0.44921875;
01:20:39;679.0;1572916840;98.654;17.183637051960012;0.5054010897635298;-0.4443359375;
01:20:40;680.0;1572916841;98.913;17.30900788602931;0.5090884672361562;-0.44677734375;
01:20:41;681.0;1572916842;98.935;17.4343787200986;0.5127758447087823;-0.44921875;
01:20:42;682.0;1572916844;98.935;16.93289538382142;0.49802633481827707;-0.439453125;
01:20:43;683.0;1572916844;99.129;17.4343787200986;0.5127758447087823;-0.44921875;
01:20:44;684.0;1572916845;98.676;16.68215371568283;0.49065157987302443;-0.4345703125;
01:20:45;685.0;1572916847;98.353;17.05826621789072;0.5017137122909034;-0.44189453125;
01:20:46;686.0;1572916847;98.096;18.061232890445076;0.531212732071914;-0.46142578125;
01:20:47;687.0;1572916848;97.69;17.30900788602931;0.5090884672361562;-0.44677734375;
01:20:48;688.0;1572916849;97.648;17.30900788602931;0.5090884672361562;-0.44677734375;
01:20:49;689.0;1572916851;97.435;17.183637051960012;0.5054010897635298;-0.4443359375;
01:20:50;690.0;1572916851;97.733;17.68512038823719;0.520150599654035;-0.4541015625;
01:20:51;691.0;1572916852;97.968;17.05826621789072;0.5017137122909034;-0.44189453125;
01:20:52;692.0;1572916854;98.182;17.183637051960012;0.5054010897635298;-0.4443359375;
01:20:53;693.0;1572916855;98.396;17.4343787200986;0.5127758447087823;-0.44921875;
01:20:54;694.0;1572916855;98.611;17.183637051960012;0.5054010897635298;-0.4443359375;
01:20:55;695.0;1572916856;98.59;18.43734539265296;0.542274864489793;-0.46875;
01:20:56;696.0;1572916858;98.396;18.311974558583668;0.5385874870171667;-0.46630859375;
01:20:57;697.0;1572916859;98.697;17.559749554167897;0.5164632221814087;-0.45166015625;
01:20:58;698.0;1572916859;98.16;17.183637051960012;0.5054010897635298;-0.4443359375;
01:20:59;699.0;1572916861;98.396;17.30900788602931;0.5090884672361562;-0.44677734375;
01:21:00;700.0;1572916862;98.633;17.30900788602931;0.5090884672361562;-0.44677734375;
01:21:01;701.0;1572916863;98.332;17.30900788602931;0.5090884672361562;-0.44677734375;
01:21:02;702.0;1572916863;98.59;17.559749554167897;0.5164632221814087;-0.45166015625;
01:21:03;703.0;1572916865;98.353;17.935862056375782;0.5275253545992877;-0.458984375;
01:21:04;704.0;1572916866;98.59;17.935862056375782;0.5275253545992877;-0.458984375;
01:21:05;705.0;1572916867;98.87;17.183637051960012;0.5054010897635298;-0.4443359375;
01:21:06;706.0;1572916867;98.935;17.30900788602931;0.5090884672361562;-0.44677734375;
01:21:07;707.0;1572916869;99.129;16.68215371568283;0.49065157987302443;-0.4345703125;
01:21:08;708.0;1572916870;98.956;9999.0;9999.0;9999.0;
01:21:09;709.0;1572916871;98.482;17.05826621789072;0.5017137122909034;-0.44189453125;
01:21:10;710.0;1572916871;98.697;17.05826621789072;0.5017137122909034;-0.44189453125;
01:21:11;711.0;1572916873;98.482;17.68512038823719;0.520150599654035;-0.4541015625;
01:21:12;712.0;1572916874;98.418;17.183637051960012;0.5054010897635298;-0.4443359375;
01:21:13;713.0;1572916875;98.654;17.183637051960012;0.5054010897635298;-0.4443359375;
01:21:14;714.0;1572916876;98.31;17.559749554167897;0.5164632221814087;-0.45166015625;
01:21:15;715.0;1572916877;98.032;17.183637051960012;0.5054010897635298;-0.4443359375;
01:21:16;716.0;1572916878;98.461;17.183637051960012;0.5054010897635298;-0.4443359375;
01:21:17;717.0;1572916879;98.461;17.935862056375782;0.5275253545992877;-0.458984375;
01:21:18;718.0;1572916880;98.59;17.4343787200986;0.5127758447087823;-0.44921875;
01:21:19;719.0;1572916881;98.87;17.30900788602931;0.5090884672361562;-0.44677734375;
01:21:20;720.0;1572916882;98.182;16.93289538382142;0.49802633481827707;-0.439453125;
01:21:21;721.0;1572916883;98.203;17.559749554167897;0.5164632221814087;-0.45166015625;
01:21:23;723.0;1572916884;98.16;17.4343787200986;0.5127758447087823;-0.44921875;
01:21:24;724.0;1572916885;98.225;17.05826621789072;0.5017137122909034;-0.44189453125;
01:21:25;725.0;1572916886;98.697;17.30900788602931;0.5090884672361562;-0.44677734375;
01:21:26;726.0;1572916887;98.375;17.183637051960012;0.5054010897635298;-0.4443359375;
01:21:27;727.0;1572916888;98.203;17.30900788602931;0.5090884672361562;-0.44677734375;
01:21:28;728.0;1572916889;97.925;17.05826621789072;0.5017137122909034;-0.44189453125;
01:21:29;729.0;1572916890;97.202;17.183637051960012;0.5054010897635298;-0.4443359375;
01:21:30;730.0;1572916891;97.011;17.4343787200986;0.5127758447087823;-0.44921875;
01:21:31;731.0;1572916892;97.435;16.431412047544242;0.48327682492777185;-0.4296875;
01:21:32;732.0;1572916893;97.69;17.05826621789072;0.5017137122909034;-0.44189453125;
01:21:33;733.0;1572916894;98.396;16.18067037940565;0.47590206998251916;-0.4248046875;
01:21:34;734.0;1572916895;98.654;17.81049122230649;0.5238379771266615;-0.45654296875;
01:21:35;735.0;1572916896;98.332;17.30900788602931;0.5090884672361562;-0.44677734375;
01:21:36;736.0;1572916897;98.353;17.05826621789072;0.5017137122909034;-0.44189453125;
01:21:37;737.0;1572916899;98.075;17.81049122230649;0.5238379771266615;-0.45654296875;
01:21:38;738.0;1572916899;98.332;17.183637051960012;0.5054010897635298;-0.4443359375;
01:21:39;739.0;1572916900;98.375;18.688087060791553;0.5496496194350456;-0.4736328125;
01:21:40;740.0;1572916901;98.289;17.05826621789072;0.5017137122909034;-0.44189453125;
01:21:41;741.0;1572916903;98.353;17.183637051960012;0.5054010897635298;-0.4443359375;
01:21:42;742.0;1572916903;98.075;17.05826621789072;0.5017137122909034;-0.44189453125;
01:21:43;743.0;1572916904;97.904;17.4343787200986;0.5127758447087823;-0.44921875;
01:21:44;744.0;1572916905;98.139;17.30900788602931;0.5090884672361562;-0.44677734375;
01:21:45;745.0;1572916906;97.882;17.183637051960012;0.5054010897635298;-0.4443359375;
01:21:46;746.0;1572916907;97.861;17.30900788602931;0.5090884672361562;-0.44677734375;
01:21:47;747.0;1572916908;97.776;17.4343787200986;0.5127758447087823;-0.44921875;
01:21:48;748.0;1572916910;97.563;17.4343787200986;0.5127758447087823;-0.44921875;
01:21:49;749.0;1572916910;97.861;15.804557877197768;0.4648399375646402;-0.41748046875;
01:21:50;750.0;1572916911;97.882;17.183637051960012;0.5054010897635298;-0.4443359375;
01:21:51;751.0;1572916913;98.654;17.05826621789072;0.5017137122909034;-0.44189453125;
01:21:52;752.0;1572916914;98.439;16.807524549752127;0.4943389573456508;-0.43701171875;
01:21:53;753.0;1572916914;98.396;17.05826621789072;0.5017137122909034;-0.44189453125;
01:21:54;754.0;1572916915;98.375;17.68512038823719;0.520150599654035;-0.4541015625;
01:21:55;755.0;1572916917;98.053;17.4343787200986;0.5127758447087823;-0.44921875;
01:21:56;756.0;1572916918;98.075;17.183637051960012;0.5054010897635298;-0.4443359375;
01:21:57;757.0;1572916918;98.096;17.4343787200986;0.5127758447087823;-0.44921875;
01:21:58;758.0;1572916919;98.568;17.05826621789072;0.5017137122909034;-0.44189453125;
01:21:59;759.0;1572916921;97.946;17.4343787200986;0.5127758447087823;-0.44921875;
01:22:00;760.0;1572916922;97.861;17.30900788602931;0.5090884672361562;-0.44677734375;
01:22:01;761.0;1572916922;97.797;18.43734539265296;0.542274864489793;-0.46875;
01:22:02;762.0;1572916923;97.818;17.4343787200986;0.5127758447087823;-0.44921875;
01:22:03;763.0;1572916925;98.289;17.559749554167897;0.5164632221814087;-0.45166015625;
01:22:04;764.0;1572916926;98.547;16.93289538382142;0.49802633481827707;-0.439453125;
01:22:05;765.0;1572916926;98.784;17.30900788602931;0.5090884672361562;-0.44677734375;
01:22:06;766.0;1572916927;98.547;17.559749554167897;0.5164632221814087;-0.45166015625;
01:22:07;767.0;1572916929;98.31;17.183637051960012;0.5054010897635298;-0.4443359375;
01:22:08;768.0;1572916930;98.353;17.05826621789072;0.5017137122909034;-0.44189453125;
01:22:09;769.0;1572916930;98.139;17.68512038823719;0.520150599654035;-0.4541015625;
01:22:10;770.0;1572916931;97.904;17.559749554167897;0.5164632221814087;-0.45166015625;
01:22:11;771.0;1572916933;97.946;17.183637051960012;0.5054010897635298;-0.4443359375;
01:22:12;772.0;1572916934;97.648;17.05826621789072;0.5017137122909034;-0.44189453125;
01:22:13;773.0;1572916935;97.371;17.30900788602931;0.5090884672361562;-0.44677734375;
01:22:14;774.0;1572916936;97.648;14.801591204643408;0.43534091778362966;-0.39794921875;
01:22:15;775.0;1572916937;98.053;17.05826621789072;0.5017137122909034;-0.44189453125;
01:22:16;776.0;1572916938;98.353;17.05826621789072;0.5017137122909034;-0.44189453125;
01:22:17;777.0;1572916938;98.654;17.183637051960012;0.5054010897635298;-0.4443359375;
01:22:18;778.0;1572916940;98.611;17.183637051960012;0.5054010897635298;-0.4443359375;
01:22:19;779.0;1572916941;98.375;17.05826621789072;0.5017137122909034;-0.44189453125;
01:22:20;780.0;1572916942;98.396;17.30900788602931;0.5090884672361562;-0.44677734375;
01:22:21;781.0;1572916943;97.968;17.68512038823719;0.520150599654035;-0.4541015625;
01:22:22;782.0;1572916944;98.01;17.183637051960012;0.5054010897635298;-0.4443359375;
01:22:23;783.0;1572916945;98.053;17.4343787200986;0.5127758447087823;-0.44921875;
01:22:24;784.0;1572916946;97.797;17.05826621789072;0.5017137122909034;-0.44189453125;
01:22:25;785.0;1572916947;98.225;17.183637051960012;0.5054010897635298;-0.4443359375;
01:22:26;786.0;1572916948;98.16;19.816424567415208;0.5828360166886826;-0.49560546875;
01:22:28;788.0;1572916949;97.882;19.565682899276617;0.5754612617434299;-0.49072265625;
01:22:29;789.0;1572916950;97.499;17.05826621789072;0.5017137122909034;-0.44189453125;
01:22:30;790.0;1572916951;97.329;17.4343787200986;0.5127758447087823;-0.44921875;
01:22:31;791.0;1572916952;97.563;17.4343787200986;0.5127758447087823;-0.44921875;
01:22:32;792.0;1572916953;97.818;17.30900788602931;0.5090884672361562;-0.44677734375;
01:22:33;793.0;1572916954;97.989;17.30900788602931;0.5090884672361562;-0.44677734375;
01:22:34;794.0;1572916955;97.925;17.68512038823719;0.520150599654035;-0.4541015625;
01:22:35;795.0;1572916956;97.499;16.055299545336357;0.47221469250989284;-0.42236328125;
01:22:36;796.0;1572916957;97.712;17.30900788602931;0.5090884672361562;-0.44677734375;
01:22:37;797.0;1572916958;98.139;17.183637051960012;0.5054010897635298;-0.4443359375;
01:22:38;798.0;1572916959;98.375;16.807524549752127;0.4943389573456508;-0.43701171875;
01:22:39;799.0;1572916960;98.117;17.4343787200986;0.5127758447087823;-0.44921875;
01:22:40;800.0;1572916961;97.626;17.05826621789072;0.5017137122909034;-0.44189453125;
01:22:41;801.0;1572916962;97.35;17.183637051960012;0.5054010897635298;-0.4443359375;
01:22:42;802.0;1572916963;97.35;17.559749554167897;0.5164632221814087;-0.45166015625;
01:22:43;803.0;1572916964;97.478;17.183637051960012;0.5054010897635298;-0.4443359375;
01:22:44;804.0;1572916965;97.69;17.559749554167897;0.5164632221814087;-0.45166015625;
01:22:45;805.0;1572916966;97.904;17.4343787200986;0.5127758447087823;-0.44921875;
01:22:46;806.0;1572916967;97.69;17.4343787200986;0.5127758447087823;-0.44921875;
01:22:47;807.0;1572916969;98.246;17.559749554167897;0.5164632221814087;-0.45166015625;
01:22:48;808.0;1572916969;98.31;17.4343787200986;0.5127758447087823;-0.44921875;
01:22:49;809.0;1572916970;98.139;17.05826621789072;0.5017137122909034;-0.44189453125;
01:22:50;810.0;1572916972;97.904;17.183637051960012;0.5054010897635298;-0.4443359375;
01:22:51;811.0;1572916972;97.456;18.18660372451437;0.5349001095445403;-0.4638671875;
01:22:52;812.0;1572916973;97.159;17.05826621789072;0.5017137122909034;-0.44189453125;
01:22:53;813.0;1572916974;97.414;17.30900788602931;0.5090884672361562;-0.44677734375;
01:22:54;814.0;1572916976;98.032;17.68512038823719;0.520150599654035;-0.4541015625;
01:22:55;815.0;1572916976;98.289;16.68215371568283;0.49065157987302443;-0.4345703125;
01:22:56;816.0;1572916977;98.59;17.30900788602931;0.5090884672361562;-0.44677734375;
01:22:57;817.0;1572916978;98.117;16.807524549752127;0.4943389573456508;-0.43701171875;
01:22:58;818.0;1572916980;97.712;17.05826621789072;0.5017137122909034;-0.44189453125;
01:22:59;819.0;1572916980;97.223;17.30900788602931;0.5090884672361562;-0.44677734375;
01:23:00;820.0;1572916981;97.244;17.05826621789072;0.5017137122909034;-0.44189453125;
01:23:01;821.0;1572916983;97.669;17.559749554167897;0.5164632221814087;-0.45166015625;
01:23:02;822.0;1572916984;97.946;15.553816209059178;0.4574651826193876;-0.41259765625;
01:23:03;823.0;1572916984;98.246;17.68512038823719;0.520150599654035;-0.4541015625;
01:23:04;824.0;1572916985;98.225;17.05826621789072;0.5017137122909034;-0.44189453125;
01:23:05;825.0;1572916987;98.267;17.183637051960012;0.5054010897635298;-0.4443359375;
01:23:07;827.0;1572916988;98.032;17.559749554167897;0.5164632221814087;-0.45166015625;
01:23:08;828.0;1572916989;97.776;17.30900788602931;0.5090884672361562;-0.44677734375;
01:23:09;829.0;1572916991;97.52;17.68512038823719;0.520150599654035;-0.4541015625;
01:23:10;830.0;1572916992;97.754;17.30900788602931;0.5090884672361562;-0.44677734375;
01:23:11;831.0;1572916992;97.733;17.4343787200986;0.5127758447087823;-0.44921875;
01:23:12;832.0;1572916994;97.946;17.559749554167897;0.5164632221814087;-0.45166015625;
01:23:13;833.0;1572916995;98.439;17.183637051960012;0.5054010897635298;-0.4443359375;
01:23:14;834.0;1572916996;98.439;17.4343787200986;0.5127758447087823;-0.44921875;
01:23:15;835.0;1572916997;98.611;17.4343787200986;0.5127758447087823;-0.44921875;
01:23:16;836.0;1572916997;98.439;17.183637051960012;0.5054010897635298;-0.4443359375;
01:23:17;837.0;1572916999;98.16;17.183637051960012;0.5054010897635298;-0.4443359375;
01:23:18;838.0;1572917000;98.096;17.30900788602931;0.5090884672361562;-0.44677734375;
01:23:19;839.0;1572917000;98.117;16.807524549752127;0.4943389573456508;-0.43701171875;
01:23:20;840.0;1572917002;98.032;17.30900788602931;0.5090884672361562;-0.44677734375;
01:23:21;841.0;1572917003;97.989;16.55678288161354;0.4869642024003982;-0.43212890625;
01:23:22;842.0;1572917004;97.818;15.553816209059178;0.4574651826193876;-0.41259765625;
01:23:23;843.0;1572917004;97.84;17.183637051960012;0.5054010897635298;-0.4443359375;
01:23:24;844.0;1572917006;97.925;17.4343787200986;0.5127758447087823;-0.44921875;
01:23:25;845.0;1572917007;97.776;17.05826621789072;0.5017137122909034;-0.44189453125;
01:23:26;846.0;1572917008;97.69;17.183637051960012;0.5054010897635298;-0.4443359375;
01:23:27;847.0;1572917009;97.435;17.4343787200986;0.5127758447087823;-0.44921875;
01:23:28;848.0;1572917010;97.435;17.183637051960012;0.5054010897635298;-0.4443359375;
01:23:29;849.0;1572917011;97.669;17.68512038823719;0.520150599654035;-0.4541015625;
01:23:30;850.0;1572917012;97.989;17.30900788602931;0.5090884672361562;-0.44677734375;
01:23:32;852.0;1572917013;97.968;17.183637051960012;0.5054010897635298;-0.4443359375;
01:23:33;853.0;1572917014;97.904;17.4343787200986;0.5127758447087823;-0.44921875;
01:23:34;854.0;1572917015;97.393;17.183637051960012;0.5054010897635298;-0.4443359375;
01:23:35;855.0;1572917016;97.117;17.4343787200986;0.5127758447087823;-0.44921875;
01:23:36;856.0;1572917017;97.329;18.813457894860846;0.5533369969076719;-0.47607421875;
01:23:37;857.0;1572917018;97.414;17.05826621789072;0.5017137122909034;-0.44189453125;
01:23:38;858.0;1572917019;97.648;17.30900788602931;0.5090884672361562;-0.44677734375;
01:23:39;859.0;1572917020;97.626;17.30900788602931;0.5090884672361562;-0.44677734375;
01:23:40;860.0;1572917021;97.138;17.05826621789072;0.5017137122909034;-0.44189453125;
01:23:41;861.0;1572917022;97.032;17.183637051960012;0.5054010897635298;-0.4443359375;
01:23:42;862.0;1572917023;97.329;17.183637051960012;0.5054010897635298;-0.4443359375;
01:23:43;863.0;1572917024;97.308;17.30900788602931;0.5090884672361562;-0.44677734375;
01:23:44;864.0;1572917025;97.202;17.183637051960012;0.5054010897635298;-0.4443359375;
01:23:45;865.0;1572917026;97.435;14.926962038712702;0.4390282952562559;-0.400390625;
01:23:46;866.0;1572917027;97.414;17.559749554167897;0.5164632221814087;-0.45166015625;
01:23:47;867.0;1572917029;97.202;17.30900788602931;0.5090884672361562;-0.44677734375;
01:23:48;868.0;1572917029;97.712;17.183637051960012;0.5054010897635298;-0.4443359375;
01:23:49;869.0;1572917030;97.797;17.183637051960012;0.5054010897635298;-0.4443359375;
