Time;Seconds from start for linreg;Unix Time;ch1 po2;Uc;Ubl;Vc;
23:42:46;-2.0;1577317368;94.916;0.524249781268824;0.014893459695137045;-0.11962890625;
23:42:47;-1.0;1577317368;94.937;1.0404371129585028;0.029557872527230192;-0.12939453125;
23:42:48;0.0;1577317369;95.122;0.9113902800360831;0.025891769319206906;-0.126953125;
23:42:49;1.0;1577317370;95.102;17.55843172702822;0.4988190831542108;-0.44189453125;
23:42:50;2.0;1577317371;95.329;17.55843172702822;0.4988190831542108;-0.44189453125;
23:42:51;3.0;1577317372;95.349;17.55843172702822;0.4988190831542108;-0.44189453125;
23:42:52;4.0;1577317373;95.37;17.17129122826096;0.4878207735301408;-0.4345703125;
23:42:53;5.0;1577317374;95.225;18.203665891640316;0.5171495991943271;-0.4541015625;
23:42:54;6.0;1577317375;95.081;-1.9276400442571493;-0.05476250125730538;-0.0732421875;
23:42:55;7.0;1577317376;95.329;0.3952029483464043;0.011227356487113758;-0.1171875;
23:42:56;8.0;1577317377;95.308;1.1694839458809225;0.03322397573525348;-0.1318359375;
23:42:57;9.0;1577317378;95.743;0.6532966141912437;0.018559562903160333;-0.1220703125;
23:42:58;10.0;1577317379;95.681;0.2661561154239846;0.007561253279090471;-0.11474609375;
23:42:59;11.0;1577317380;95.639;17.81652539287306;0.5061512895702573;-0.44677734375;
23:43:00;12.0;1577317382;94.957;17.042244395338543;0.4841546703221176;-0.43212890625;
23:43:01;13.0;1577317383;94.731;17.687478559950637;0.5024851863622339;-0.4443359375;
23:43:02;14.0;1577317384;94.711;16.65510389657128;0.4731563606980477;-0.4248046875;
23:43:03;15.0;1577317385;94.506;1.2985307788033422;0.03689007894327676;-0.13427734375;
23:43:05;17.0;1577317386;95.205;0.13710928250156493;0.003895150071067185;-0.1123046875;
23:43:06;18.0;1577317387;95.391;0.3952029483464043;0.011227356487113758;-0.1171875;
23:43:07;19.0;1577317388;95.702;0.3952029483464043;0.011227356487113758;-0.1171875;
23:43:08;20.0;1577317389;95.743;0.3952029483464043;0.011227356487113758;-0.1171875;
23:43:09;21.0;1577317390;95.246;17.687478559950637;0.5024851863622339;-0.4443359375;
23:43:10;22.0;1577317391;94.793;17.945572225795477;0.5098173927782805;-0.44921875;
23:43:11;23.0;1577317392;94.731;19.365087387942097;0.5501445280665368;-0.47607421875;
23:43:12;24.0;1577317393;94.67;18.203665891640316;0.5171495991943271;-0.4541015625;
23:43:13;25.0;1577317394;94.916;17.17129122826096;0.4878207735301408;-0.4345703125;
23:43:15;27.0;1577317395;95.205;0.524249781268824;0.014893459695137045;-0.11962890625;
23:43:16;28.0;1577317397;95.411;0.7823434471136634;0.02222566611118362;-0.12451171875;
23:43:17;29.0;1577317398;95.639;0.3952029483464043;0.011227356487113758;-0.1171875;
23:43:18;30.0;1577317399;95.391;1.0404371129585028;0.029557872527230192;-0.12939453125;
23:43:19;31.0;1577317400;95.349;17.429384894105798;0.4951529799461874;-0.439453125;
23:43:20;32.0;1577317401;95.164;17.300338061183382;0.4914868767381642;-0.43701171875;
23:43:21;33.0;1577317402;94.937;17.300338061183382;0.4914868767381642;-0.43701171875;
23:43:22;34.0;1577317403;94.916;17.55843172702822;0.4988190831542108;-0.44189453125;
23:43:23;35.0;1577317404;95.411;17.17129122826096;0.4878207735301408;-0.4345703125;
23:43:24;36.0;1577317405;94.978;0.6532966141912437;0.018559562903160333;-0.1220703125;
23:43:25;37.0;1577317406;94.752;0.13710928250156493;0.003895150071067185;-0.1123046875;
23:43:26;38.0;1577317407;94.567;0.13710928250156493;0.003895150071067185;-0.1123046875;
23:43:27;39.0;1577317408;94.383;0.524249781268824;0.014893459695137045;-0.11962890625;
23:43:28;40.0;1577317409;94.629;1.427577611725762;0.04055618215130005;-0.13671875;
23:43:29;41.0;1577317410;95.143;17.55843172702822;0.4988190831542108;-0.44189453125;
23:43:30;42.0;1577317411;95.37;17.687478559950637;0.5024851863622339;-0.4443359375;
23:43:31;43.0;1577317412;94.937;17.429384894105798;0.4951529799461874;-0.439453125;
23:43:32;44.0;1577317413;95.143;17.55843172702822;0.4988190831542108;-0.44189453125;
23:43:33;45.0;1577317414;95.287;17.17129122826096;0.4878207735301408;-0.4345703125;
23:43:34;46.0;1577317415;95.246;0.524249781268824;0.014893459695137045;-0.11962890625;
23:43:35;47.0;1577317416;95.66;0.524249781268824;0.014893459695137045;-0.11962890625;
23:43:36;48.0;1577317417;95.598;0.7823434471136634;0.02222566611118362;-0.12451171875;
23:43:37;49.0;1577317418;94.957;0.2661561154239846;0.007561253279090471;-0.11474609375;
23:43:38;50.0;1577317419;95.184;0.7823434471136634;0.02222566611118362;-0.12451171875;
23:43:39;51.0;1577317420;95.184;17.042244395338543;0.4841546703221176;-0.43212890625;
23:43:40;52.0;1577317421;95.432;18.0746190587179;0.5134834959863039;-0.45166015625;
23:43:41;53.0;1577317422;95.681;16.26796339780402;0.46215805107397784;-0.41748046875;
23:43:42;54.0;1577317423;95.494;17.687478559950637;0.5024851863622339;-0.4443359375;
23:43:43;55.0;1577317424;95.225;17.300338061183382;0.4914868767381642;-0.43701171875;
23:43:44;56.0;1577317425;94.772;0.6532966141912437;0.018559562903160333;-0.1220703125;
23:43:45;57.0;1577317426;94.731;0.2661561154239846;0.007561253279090471;-0.11474609375;
23:43:46;58.0;1577317428;94.485;0.524249781268824;0.014893459695137045;-0.11962890625;
23:43:47;59.0;1577317429;94.69;0.524249781268824;0.014893459695137045;-0.11962890625;
23:43:48;60.0;1577317430;94.875;5.169935766475931;0.1468731751839753;-0.20751953125;
23:43:49;61.0;1577317431;95.164;17.945572225795477;0.5098173927782805;-0.44921875;
23:43:50;62.0;1577317432;95.702;19.236040555019674;0.5464784248585134;-0.4736328125;
23:43:51;63.0;1577317433;95.453;17.945572225795477;0.5098173927782805;-0.44921875;
23:43:52;64.0;1577317434;95.515;17.81652539287306;0.5061512895702573;-0.44677734375;
23:43:53;65.0;1577317435;95.453;15.880822899036762;0.45115974144990795;-0.41015625;
23:43:54;66.0;1577317436;95.143;1.0404371129585028;0.029557872527230192;-0.12939453125;
23:43:55;67.0;1577317437;94.937;0.13710928250156493;0.003895150071067185;-0.1123046875;
23:43:56;68.0;1577317438;94.937;0.9113902800360831;0.025891769319206906;-0.126953125;
23:43:57;69.0;1577317439;94.752;0.3952029483464043;0.011227356487113758;-0.1171875;
23:43:58;70.0;1577317440;94.978;0.6532966141912437;0.018559562903160333;-0.1220703125;
23:43:59;71.0;1577317441;95.391;17.300338061183382;0.4914868767381642;-0.43701171875;
23:44:00;72.0;1577317442;95.432;17.687478559950637;0.5024851863622339;-0.4443359375;
23:44:01;73.0;1577317443;95.184;18.0746190587179;0.5134834959863039;-0.45166015625;
23:44:02;74.0;1577317444;94.999;17.945572225795477;0.5098173927782805;-0.44921875;
23:44:03;75.0;1577317445;95.04;16.39701023072644;0.46582415428200113;-0.419921875;
23:44:04;76.0;1577317446;94.957;-0.766218547955373;-0.021767572385095822;-0.09521484375;
23:44:05;77.0;1577317447;95.164;0.524249781268824;0.014893459695137045;-0.11962890625;
23:44:06;78.0;1577317448;95.391;0.2661561154239846;0.007561253279090471;-0.11474609375;
23:44:07;79.0;1577317449;95.019;0.13710928250156493;0.003895150071067185;-0.1123046875;
23:44:08;80.0;1577317450;95.04;2.4599522751051195;0.06988500781548634;-0.15625;
23:44:10;82.0;1577317451;94.875;17.55843172702822;0.4988190831542108;-0.44189453125;
23:44:11;83.0;1577317452;94.629;18.0746190587179;0.5134834959863039;-0.45166015625;
23:44:12;84.0;1577317453;94.772;17.55843172702822;0.4988190831542108;-0.44189453125;
23:44:13;85.0;1577317454;94.793;17.17129122826096;0.4878207735301408;-0.4345703125;
23:44:14;86.0;1577317454;95.411;16.00986973195918;0.45482584465793124;-0.41259765625;
23:44:15;87.0;1577317456;95.619;0.524249781268824;0.014893459695137045;-0.11962890625;
23:44:16;88.0;1577317457;95.391;1.5566244446481816;0.044222285359323335;-0.13916015625;
23:44:17;89.0;1577317458;95.868;0.6532966141912437;0.018559562903160333;-0.1220703125;
23:44:18;90.0;1577317459;95.66;0.6532966141912437;0.018559562903160333;-0.1220703125;
23:44:19;91.0;1577317460;95.702;0.008062449579145217;0.0002290468630438982;-0.10986328125;
23:44:20;92.0;1577317461;95.743;16.91319756241612;0.48048856711409427;-0.4296875;
23:44:21;93.0;1577317462;95.267;18.0746190587179;0.5134834959863039;-0.45166015625;
23:44:22;94.0;1577317463;94.999;17.687478559950637;0.5024851863622339;-0.4443359375;
23:44:23;95.0;1577317464;94.937;18.977946889174834;0.5391462184424668;-0.46875;
23:44:24;96.0;1577317465;94.957;3.6213737714068968;0.10287993668769592;-0.17822265625;
23:44:25;97.0;1577317466;94.772;0.524249781268824;0.014893459695137045;-0.11962890625;
23:44:26;98.0;1577317467;95.06;0.6532966141912437;0.018559562903160333;-0.1220703125;
23:44:27;99.0;1577317468;95.06;1.0404371129585028;0.029557872527230192;-0.12939453125;
23:44:28;100.0;1577317469;95.246;5.81516993108803;0.16520369122409173;-0.2197265625;
23:44:29;101.0;1577317470;95.681;16.65510389657128;0.4731563606980477;-0.4248046875;
23:44:30;102.0;1577317471;95.619;17.17129122826096;0.4878207735301408;-0.4345703125;
23:44:31;103.0;1577317472;95.411;17.687478559950637;0.5024851863622339;-0.4443359375;
23:44:32;104.0;1577317473;95.391;17.945572225795477;0.5098173927782805;-0.44921875;
23:44:33;105.0;1577317474;95.536;18.719853223329995;0.5318140120264203;-0.4638671875;
23:44:34;106.0;1577317475;95.349;0.524249781268824;0.014893459695137045;-0.11962890625;
23:44:35;107.0;1577317476;95.681;0.008062449579145217;0.0002290468630438982;-0.10986328125;
23:44:36;108.0;1577317477;95.515;0.9113902800360831;0.025891769319206906;-0.126953125;
23:44:37;109.0;1577317478;95.122;0.008062449579145217;0.0002290468630438982;-0.10986328125;
23:44:38;110.0;1577317479;94.896;-0.12098438334327448;-0.0034370563449793883;-0.107421875;
23:44:39;111.0;1577317480;94.608;17.945572225795477;0.5098173927782805;-0.44921875;
23:44:40;112.0;1577317481;94.999;17.945572225795477;0.5098173927782805;-0.44921875;
23:44:41;113.0;1577317482;94.978;16.91319756241612;0.48048856711409427;-0.4296875;
23:44:42;114.0;1577317483;95.391;17.17129122826096;0.4878207735301408;-0.4345703125;
23:44:43;115.0;1577317484;95.391;17.300338061183382;0.4914868767381642;-0.43701171875;
23:44:44;116.0;1577317485;95.184;0.6532966141912437;0.018559562903160333;-0.1220703125;
23:44:45;117.0;1577317486;95.225;0.13710928250156493;0.003895150071067185;-0.1123046875;
23:44:46;118.0;1577317487;95.225;3.2342332726396377;0.09188162706362606;-0.1708984375;
23:44:47;119.0;1577317488;95.225;-0.12098438334327448;-0.0034370563449793883;-0.107421875;
23:44:48;120.0;1577317489;95.184;1.0404371129585028;0.029557872527230192;-0.12939453125;
23:44:49;121.0;1577317490;94.937;17.17129122826096;0.4878207735301408;-0.4345703125;
23:44:50;122.0;1577317491;94.978;17.042244395338543;0.4841546703221176;-0.43212890625;
23:44:51;123.0;1577317492;94.999;17.429384894105798;0.4951529799461874;-0.439453125;
23:44:52;124.0;1577317493;94.793;18.719853223329995;0.5318140120264203;-0.4638671875;
23:44:53;125.0;1577317494;94.999;18.0746190587179;0.5134834959863039;-0.45166015625;
23:44:54;126.0;1577317495;94.731;0.3952029483464043;0.011227356487113758;-0.1171875;
23:44:55;127.0;1577317497;94.67;1.1694839458809225;0.03322397573525348;-0.1318359375;
23:44:56;128.0;1577317498;94.957;0.2661561154239846;0.007561253279090471;-0.11474609375;
23:44:57;129.0;1577317499;94.772;0.524249781268824;0.014893459695137045;-0.11962890625;
23:44:58;130.0;1577317500;95.04;0.6532966141912437;0.018559562903160333;-0.1220703125;
23:44:59;131.0;1577317501;94.567;17.687478559950637;0.5024851863622339;-0.4443359375;
23:45:00;132.0;1577317502;94.118;17.300338061183382;0.4914868767381642;-0.43701171875;
23:45:01;133.0;1577317503;94.281;16.00986973195918;0.45482584465793124;-0.41259765625;
23:45:02;134.0;1577317504;94.24;19.236040555019674;0.5464784248585134;-0.4736328125;
23:45:03;135.0;1577317505;94.69;17.17129122826096;0.4878207735301408;-0.4345703125;
23:45:04;136.0;1577317506;95.122;0.3952029483464043;0.011227356487113758;-0.1171875;
23:45:05;137.0;1577317507;95.019;0.7823434471136634;0.02222566611118362;-0.12451171875;
23:45:06;138.0;1577317508;94.567;0.524249781268824;0.014893459695137045;-0.11962890625;
23:45:07;139.0;1577317509;94.424;0.9113902800360831;0.025891769319206906;-0.126953125;
23:45:08;140.0;1577317510;94.179;0.7823434471136634;0.02222566611118362;-0.12451171875;
23:45:09;141.0;1577317511;94.301;17.042244395338543;0.4841546703221176;-0.43212890625;
23:45:10;142.0;1577317512;94.547;19.623181053786936;0.5574767344825834;-0.48095703125;
23:45:11;143.0;1577317513;94.69;18.0746190587179;0.5134834959863039;-0.45166015625;
23:45:12;144.0;1577317513;95.184;17.429384894105798;0.4951529799461874;-0.439453125;
23:45:14;146.0;1577317515;95.184;17.55843172702822;0.4988190831542108;-0.44189453125;
23:45:15;147.0;1577317516;95.453;0.008062449579145217;0.0002290468630438982;-0.10986328125;
23:45:16;148.0;1577317517;95.515;0.524249781268824;0.014893459695137045;-0.11962890625;
23:45:17;149.0;1577317518;95.04;0.008062449579145217;0.0002290468630438982;-0.10986328125;
23:45:18;150.0;1577317519;94.834;0.008062449579145217;0.0002290468630438982;-0.10986328125;
23:45:19;151.0;1577317520;94.567;0.7823434471136634;0.02222566611118362;-0.12451171875;
23:45:20;152.0;1577317521;94.731;18.719853223329995;0.5318140120264203;-0.4638671875;
23:45:21;153.0;1577317522;94.731;17.429384894105798;0.4951529799461874;-0.439453125;
23:45:22;154.0;1577317523;94.978;17.429384894105798;0.4951529799461874;-0.439453125;
23:45:23;155.0;1577317524;95.164;17.55843172702822;0.4988190831542108;-0.44189453125;
23:45:24;156.0;1577317525;95.04;0.524249781268824;0.014893459695137045;-0.11962890625;
23:45:25;157.0;1577317526;95.267;1.2985307788033422;0.03689007894327676;-0.13427734375;
23:45:26;158.0;1577317527;94.731;-0.3790780491881139;-0.010769262761025961;-0.1025390625;
23:45:27;159.0;1577317528;94.567;0.524249781268824;0.014893459695137045;-0.11962890625;
23:45:28;160.0;1577317529;94.506;-2.056686877179569;-0.05842860446532866;-0.07080078125;
23:45:29;161.0;1577317530;94.772;16.1389165648816;0.45849194786595454;-0.4150390625;
23:45:30;162.0;1577317531;95.04;18.203665891640316;0.5171495991943271;-0.4541015625;
23:45:31;163.0;1577317532;95.246;17.429384894105798;0.4951529799461874;-0.439453125;
23:45:32;164.0;1577317533;95.246;17.429384894105798;0.4951529799461874;-0.439453125;
23:45:33;165.0;1577317534;94.69;17.300338061183382;0.4914868767381642;-0.43701171875;
23:45:34;166.0;1577317535;94.752;0.524249781268824;0.014893459695137045;-0.11962890625;
23:45:35;167.0;1577317536;94.26;0.3952029483464043;0.011227356487113758;-0.1171875;
23:45:36;168.0;1577317537;94.057;0.524249781268824;0.014893459695137045;-0.11962890625;
23:45:37;169.0;1577317538;94.281;0.524249781268824;0.014893459695137045;-0.11962890625;
23:45:38;170.0;1577317539;94.649;0.6532966141912437;0.018559562903160333;-0.1220703125;
23:45:39;171.0;1577317540;94.937;18.0746190587179;0.5134834959863039;-0.45166015625;
23:45:40;172.0;1577317541;94.752;17.687478559950637;0.5024851863622339;-0.4443359375;
23:45:41;173.0;1577317542;94.793;17.300338061183382;0.4914868767381642;-0.43701171875;
23:45:42;174.0;1577317543;94.588;16.91319756241612;0.48048856711409427;-0.4296875;
23:45:43;175.0;1577317544;94.813;17.429384894105798;0.4951529799461874;-0.439453125;
23:45:44;176.0;1577317545;95.205;-0.3790780491881139;-0.010769262761025961;-0.1025390625;
23:45:45;177.0;1577317546;94.957;0.524249781268824;0.014893459695137045;-0.11962890625;
23:45:46;178.0;1577317547;94.793;0.7823434471136634;0.02222566611118362;-0.12451171875;
23:45:47;179.0;1577317548;94.485;0.2661561154239846;0.007561253279090471;-0.11474609375;
23:45:48;180.0;1577317549;94.26;0.2661561154239846;0.007561253279090471;-0.11474609375;
23:45:49;181.0;1577317550;94.752;15.622729233191922;0.4438275350338614;-0.4052734375;
23:45:50;182.0;1577317551;94.69;17.300338061183382;0.4914868767381642;-0.43701171875;
23:45:51;183.0;1577317552;94.608;17.042244395338543;0.4841546703221176;-0.43212890625;
23:45:52;184.0;1577317553;95.06;17.55843172702822;0.4988190831542108;-0.44189453125;
23:45:53;185.0;1577317554;94.588;17.300338061183382;0.4914868767381642;-0.43701171875;
23:45:54;186.0;1577317555;94.834;0.6532966141912437;0.018559562903160333;-0.1220703125;
23:45:55;187.0;1577317556;94.547;0.3952029483464043;0.011227356487113758;-0.1171875;
23:45:56;188.0;1577317557;94.322;0.6532966141912437;0.018559562903160333;-0.1220703125;
23:45:57;189.0;1577317558;94.567;0.7823434471136634;0.02222566611118362;-0.12451171875;
23:45:58;190.0;1577317559;94.322;0.524249781268824;0.014893459695137045;-0.11962890625;
23:45:59;191.0;1577317560;94.588;18.33271272456274;0.5208157024023505;-0.45654296875;
23:46:00;192.0;1577317561;94.342;17.17129122826096;0.4878207735301408;-0.4345703125;
23:46:01;193.0;1577317562;94.138;17.945572225795477;0.5098173927782805;-0.44921875;
23:46:02;194.0;1577317563;94.199;17.55843172702822;0.4988190831542108;-0.44189453125;
23:46:03;195.0;1577317564;94.138;17.687478559950637;0.5024851863622339;-0.4443359375;
23:46:04;196.0;1577317565;94.077;0.6532966141912437;0.018559562903160333;-0.1220703125;
23:46:05;197.0;1577317566;93.772;0.13710928250156493;0.003895150071067185;-0.1123046875;
23:46:06;198.0;1577317567;93.955;1.0404371129585028;0.029557872527230192;-0.12939453125;
23:46:07;199.0;1577317569;93.731;0.524249781268824;0.014893459695137045;-0.11962890625;
23:46:08;200.0;1577317570;94.016;0.9113902800360831;0.025891769319206906;-0.126953125;
23:46:09;201.0;1577317571;94.547;17.55843172702822;0.4988190831542108;-0.44189453125;
23:46:10;202.0;1577317572;94.057;18.0746190587179;0.5134834959863039;-0.45166015625;
23:46:11;203.0;1577317572;94.322;17.81652539287306;0.5061512895702573;-0.44677734375;
23:46:12;204.0;1577317574;94.281;17.429384894105798;0.4951529799461874;-0.439453125;
23:46:13;205.0;1577317575;94.444;17.81652539287306;0.5061512895702573;-0.44677734375;
23:46:14;206.0;1577317576;94.978;0.6532966141912437;0.018559562903160333;-0.1220703125;
23:46:15;207.0;1577317577;94.731;0.6532966141912437;0.018559562903160333;-0.1220703125;
23:46:16;208.0;1577317578;94.342;-0.6371717150329533;-0.018101469177072536;-0.09765625;
23:46:18;210.0;1577317579;93.894;0.524249781268824;0.014893459695137045;-0.11962890625;
23:46:19;211.0;1577317580;93.65;0.7823434471136634;0.02222566611118362;-0.12451171875;
23:46:20;212.0;1577317581;93.691;17.81652539287306;0.5061512895702573;-0.44677734375;
23:46:21;213.0;1577317582;94.097;19.623181053786936;0.5574767344825834;-0.48095703125;
23:46:22;214.0;1577317583;93.894;17.81652539287306;0.5061512895702573;-0.44677734375;
23:46:23;215.0;1577317584;94.138;17.55843172702822;0.4988190831542108;-0.44189453125;
23:46:24;216.0;1577317585;94.506;17.945572225795477;0.5098173927782805;-0.44921875;
23:46:25;217.0;1577317586;94.301;1.2985307788033422;0.03689007894327676;-0.13427734375;
23:46:26;218.0;1577317587;94.526;0.7823434471136634;0.02222566611118362;-0.12451171875;
23:46:27;219.0;1577317588;94.649;0.2661561154239846;0.007561253279090471;-0.11474609375;
23:46:28;220.0;1577317589;94.444;0.524249781268824;0.014893459695137045;-0.11962890625;
23:46:29;221.0;1577317590;94.444;0.6532966141912437;0.018559562903160333;-0.1220703125;
23:46:30;222.0;1577317591;94.69;17.81652539287306;0.5061512895702573;-0.44677734375;
23:46:31;223.0;1577317592;94.077;17.55843172702822;0.4988190831542108;-0.44189453125;
23:46:32;224.0;1577317593;94.077;17.687478559950637;0.5024851863622339;-0.4443359375;
23:46:33;225.0;1577317594;94.077;17.300338061183382;0.4914868767381642;-0.43701171875;
23:46:34;226.0;1577317595;93.853;17.945572225795477;0.5098173927782805;-0.44921875;
23:46:35;227.0;1577317596;94.057;0.6532966141912437;0.018559562903160333;-0.1220703125;
23:46:36;228.0;1577317597;94.342;0.2661561154239846;0.007561253279090471;-0.11474609375;
23:46:37;229.0;1577317598;94.793;0.524249781268824;0.014893459695137045;-0.11962890625;
23:46:38;230.0;1577317599;94.772;0.524249781268824;0.014893459695137045;-0.11962890625;
23:46:39;231.0;1577317600;95.019;3.492326938484477;0.09921383347967264;-0.17578125;
23:46:40;232.0;1577317601;95.267;17.429384894105798;0.4951529799461874;-0.439453125;
23:46:41;233.0;1577317602;95.04;17.300338061183382;0.4914868767381642;-0.43701171875;
23:46:42;234.0;1577317603;95.019;17.300338061183382;0.4914868767381642;-0.43701171875;
23:46:43;235.0;1577317604;94.793;17.55843172702822;0.4988190831542108;-0.44189453125;
23:46:44;236.0;1577317605;94.526;17.042244395338543;0.4841546703221176;-0.43212890625;
23:46:45;237.0;1577317606;94.342;0.3952029483464043;0.011227356487113758;-0.1171875;
23:46:46;238.0;1577317607;94.342;0.13710928250156493;0.003895150071067185;-0.1123046875;
23:46:47;239.0;1577317608;94.118;-0.12098438334327448;-0.0034370563449793883;-0.107421875;
23:46:48;240.0;1577317609;94.077;0.7823434471136634;0.02222566611118362;-0.12451171875;
23:46:49;241.0;1577317610;94.057;1.814718110493021;0.05155449177536991;-0.14404296875;
23:46:50;242.0;1577317611;94.077;17.55843172702822;0.4988190831542108;-0.44189453125;
23:46:51;243.0;1577317612;94.363;17.945572225795477;0.5098173927782805;-0.44921875;
23:46:52;244.0;1577317613;94.383;17.687478559950637;0.5024851863622339;-0.4443359375;
23:46:53;245.0;1577317614;94.383;17.687478559950637;0.5024851863622339;-0.4443359375;
23:46:54;246.0;1577317616;94.383;-0.12098438334327448;-0.0034370563449793883;-0.107421875;
23:46:55;247.0;1577317617;94.322;0.7823434471136634;0.02222566611118362;-0.12451171875;
23:46:56;248.0;1577317618;94.097;0.524249781268824;0.014893459695137045;-0.11962890625;
23:46:57;249.0;1577317619;94.077;1.0404371129585028;0.029557872527230192;-0.12939453125;
23:46:58;250.0;1577317620;94.281;2.0728117763378604;0.05888669819141648;-0.14892578125;
23:46:59;251.0;1577317621;94.24;17.429384894105798;0.4951529799461874;-0.439453125;
23:47:00;252.0;1577317622;94.24;16.784150729493703;0.4768224639060711;-0.42724609375;
23:47:01;253.0;1577317623;94.26;17.687478559950637;0.5024851863622339;-0.4443359375;
23:47:02;254.0;1577317624;94.281;18.59080639040758;0.5281479088183971;-0.46142578125;
23:47:03;255.0;1577317625;94.588;17.945572225795477;0.5098173927782805;-0.44921875;
23:47:04;256.0;1577317626;94.363;0.13710928250156493;0.003895150071067185;-0.1123046875;
23:47:05;257.0;1577317627;94.363;1.1694839458809225;0.03322397573525348;-0.1318359375;
23:47:06;258.0;1577317628;94.383;0.13710928250156493;0.003895150071067185;-0.1123046875;
23:47:07;259.0;1577317629;93.65;3.879467437251736;0.1102121431037425;-0.18310546875;
23:47:08;260.0;1577317630;93.853;1.0404371129585028;0.029557872527230192;-0.12939453125;
23:47:09;261.0;1577317631;94.057;16.91319756241612;0.48048856711409427;-0.4296875;
23:47:10;262.0;1577317631;93.589;16.91319756241612;0.48048856711409427;-0.4296875;
23:47:11;263.0;1577317633;94.016;17.687478559950637;0.5024851863622339;-0.4443359375;
23:47:12;264.0;1577317634;94.057;17.17129122826096;0.4878207735301408;-0.4345703125;
23:47:13;265.0;1577317635;94.036;18.719853223329995;0.5318140120264203;-0.4638671875;
23:47:14;266.0;1577317636;94.711;0.7823434471136634;0.02222566611118362;-0.12451171875;
23:47:15;267.0;1577317637;94.793;8.138012923691585;0.23119354896851094;-0.263671875;
23:47:16;268.0;1577317638;94.813;0.3952029483464043;0.011227356487113758;-0.1171875;
23:47:17;269.0;1577317639;94.649;0.7823434471136634;0.02222566611118362;-0.12451171875;
23:47:18;270.0;1577317640;94.465;1.9437649434154407;0.0552205949833932;-0.146484375;
23:47:19;271.0;1577317641;94.629;17.81652539287306;0.5061512895702573;-0.44677734375;
23:47:20;272.0;1577317642;94.567;17.429384894105798;0.4951529799461874;-0.439453125;
23:47:22;274.0;1577317643;94.506;17.55843172702822;0.4988190831542108;-0.44189453125;
23:47:23;275.0;1577317644;93.955;18.33271272456274;0.5208157024023505;-0.45654296875;
23:47:24;276.0;1577317645;93.529;18.33271272456274;0.5208157024023505;-0.45654296875;
23:47:25;277.0;1577317646;93.589;1.2985307788033422;0.03689007894327676;-0.13427734375;
23:47:26;278.0;1577317647;93.165;0.13710928250156493;0.003895150071067185;-0.1123046875;
23:47:27;279.0;1577317648;93.226;0.6532966141912437;0.018559562903160333;-0.1220703125;
23:47:28;280.0;1577317649;93.671;0.524249781268824;0.014893459695137045;-0.11962890625;
23:47:29;281.0;1577317650;93.428;0.6532966141912437;0.018559562903160333;-0.1220703125;
23:47:30;282.0;1577317651;93.955;17.300338061183382;0.4914868767381642;-0.43701171875;
23:47:31;283.0;1577317652;94.199;17.81652539287306;0.5061512895702573;-0.44677734375;
23:47:32;284.0;1577317653;93.731;18.84890005625242;0.5354801152344436;-0.46630859375;
23:47:33;285.0;1577317654;93.711;17.945572225795477;0.5098173927782805;-0.44921875;
23:47:34;286.0;1577317655;93.448;17.300338061183382;0.4914868767381642;-0.43701171875;
23:47:35;287.0;1577317656;93.266;0.13710928250156493;0.003895150071067185;-0.1123046875;
23:47:36;288.0;1577317657;93.024;-0.2500312162656942;-0.007103159553002675;-0.10498046875;
23:47:37;289.0;1577317658;93.286;0.6532966141912437;0.018559562903160333;-0.1220703125;
23:47:38;290.0;1577317659;93.468;0.7823434471136634;0.02222566611118362;-0.12451171875;
23:47:39;291.0;1577317660;93.428;-1.7985932113347296;-0.05109639804928209;-0.07568359375;
23:47:40;292.0;1577317661;93.934;17.55843172702822;0.4988190831542108;-0.44189453125;
23:47:41;293.0;1577317662;93.955;15.493682400269504;0.44016143182583817;-0.40283203125;
23:47:42;294.0;1577317663;93.873;18.59080639040758;0.5281479088183971;-0.46142578125;
23:47:43;295.0;1577317664;93.813;17.55843172702822;0.4988190831542108;-0.44189453125;
23:47:44;296.0;1577317665;93.569;16.1389165648816;0.45849194786595454;-0.4150390625;
23:47:45;297.0;1577317666;93.934;17.429384894105798;0.4951529799461874;-0.439453125;
23:47:46;298.0;1577317667;94.057;17.55843172702822;0.4988190831542108;-0.44189453125;
23:47:47;299.0;1577317668;94.567;17.55843172702822;0.4988190831542108;-0.44189453125;
23:47:48;300.0;1577317669;95.019;17.429384894105798;0.4951529799461874;-0.439453125;
23:47:49;301.0;1577317670;94.342;17.55843172702822;0.4988190831542108;-0.44189453125;
23:47:50;302.0;1577317671;94.26;0.7823434471136634;0.02222566611118362;-0.12451171875;
23:47:51;303.0;1577317672;94.281;1.0404371129585028;0.029557872527230192;-0.12939453125;
23:47:52;304.0;1577317673;94.138;-0.12098438334327448;-0.0034370563449793883;-0.107421875;
23:47:53;305.0;1577317674;93.955;6.976591427389807;0.19819862009630132;-0.24169921875;
23:47:54;306.0;1577317675;94.016;0.008062449579145217;0.0002290468630438982;-0.10986328125;
23:47:55;307.0;1577317676;93.508;17.300338061183382;0.4914868767381642;-0.43701171875;
23:47:56;308.0;1577317677;93.671;17.55843172702822;0.4988190831542108;-0.44189453125;
23:47:57;309.0;1577317678;94.057;17.687478559950637;0.5024851863622339;-0.4443359375;
23:47:58;310.0;1577317679;93.813;17.300338061183382;0.4914868767381642;-0.43701171875;
23:47:59;311.0;1577317680;93.853;17.042244395338543;0.4841546703221176;-0.43212890625;
23:48:00;312.0;1577317681;93.731;0.6532966141912437;0.018559562903160333;-0.1220703125;
23:48:01;313.0;1577317682;93.792;0.6532966141912437;0.018559562903160333;-0.1220703125;
23:48:02;314.0;1577317683;93.873;0.3952029483464043;0.011227356487113758;-0.1171875;
23:48:03;315.0;1577317684;93.894;0.7823434471136634;0.02222566611118362;-0.12451171875;
23:48:04;316.0;1577317685;93.731;0.7823434471136634;0.02222566611118362;-0.12451171875;
23:48:05;317.0;1577317686;93.873;17.429384894105798;0.4951529799461874;-0.439453125;
23:48:06;318.0;1577317687;94.036;18.977946889174834;0.5391462184424668;-0.46875;
23:48:07;319.0;1577317688;94.036;18.203665891640316;0.5171495991943271;-0.4541015625;
23:48:08;320.0;1577317689;94.077;17.687478559950637;0.5024851863622339;-0.4443359375;
23:48:09;321.0;1577317690;93.894;17.042244395338543;0.4841546703221176;-0.43212890625;
23:48:10;322.0;1577317691;93.671;0.524249781268824;0.014893459695137045;-0.11962890625;
23:48:11;323.0;1577317692;93.833;0.13710928250156493;0.003895150071067185;-0.1123046875;
23:48:12;324.0;1577317693;93.833;1.427577611725762;0.04055618215130005;-0.13671875;
23:48:13;325.0;1577317694;93.833;0.524249781268824;0.014893459695137045;-0.11962890625;
23:48:14;326.0;1577317695;94.057;0.3952029483464043;0.011227356487113758;-0.1171875;
23:48:15;327.0;1577317696;93.873;17.042244395338543;0.4841546703221176;-0.43212890625;
23:48:16;328.0;1577317697;93.671;18.0746190587179;0.5134834959863039;-0.45166015625;
23:48:17;329.0;1577317699;93.63;17.429384894105798;0.4951529799461874;-0.439453125;
23:48:18;330.0;1577317700;93.428;17.300338061183382;0.4914868767381642;-0.43701171875;
23:48:19;331.0;1577317701;93.185;17.042244395338543;0.4841546703221176;-0.43212890625;
23:48:20;332.0;1577317702;93.407;0.2661561154239846;0.007561253279090471;-0.11474609375;
23:48:21;333.0;1577317703;93.468;-0.12098438334327448;-0.0034370563449793883;-0.107421875;
23:48:22;334.0;1577317704;93.63;0.3952029483464043;0.011227356487113758;-0.1171875;
23:48:23;335.0;1577317705;93.833;0.008062449579145217;0.0002290468630438982;-0.10986328125;
23:48:24;336.0;1577317706;93.367;0.3952029483464043;0.011227356487113758;-0.1171875;
23:48:26;338.0;1577317707;93.145;17.55843172702822;0.4988190831542108;-0.44189453125;
23:48:27;339.0;1577317708;93.165;18.59080639040758;0.5281479088183971;-0.46142578125;
23:48:28;340.0;1577317709;93.145;18.203665891640316;0.5171495991943271;-0.4541015625;
23:48:29;341.0;1577317710;93.327;17.042244395338543;0.4841546703221176;-0.43212890625;
23:48:30;342.0;1577317711;93.549;0.6532966141912437;0.018559562903160333;-0.1220703125;
23:48:31;343.0;1577317712;93.61;1.0404371129585028;0.029557872527230192;-0.12939453125;
23:48:32;344.0;1577317713;93.691;0.6532966141912437;0.018559562903160333;-0.1220703125;
23:48:33;345.0;1577317714;93.752;0.6532966141912437;0.018559562903160333;-0.1220703125;
23:48:34;346.0;1577317715;93.711;1.1694839458809225;0.03322397573525348;-0.1318359375;
23:48:35;347.0;1577317716;93.407;17.55843172702822;0.4988190831542108;-0.44189453125;
23:48:36;348.0;1577317717;93.569;17.17129122826096;0.4878207735301408;-0.4345703125;
23:48:37;349.0;1577317718;93.569;17.945572225795477;0.5098173927782805;-0.44921875;
23:48:38;350.0;1577317719;93.387;17.55843172702822;0.4988190831542108;-0.44189453125;
23:48:39;351.0;1577317720;93.671;17.687478559950637;0.5024851863622339;-0.4443359375;
23:48:40;352.0;1577317721;93.711;0.6532966141912437;0.018559562903160333;-0.1220703125;
23:48:41;353.0;1577317722;93.873;1.427577611725762;0.04055618215130005;-0.13671875;
23:48:42;354.0;1577317723;94.097;0.2661561154239846;0.007561253279090471;-0.11474609375;
23:48:43;355.0;1577317724;94.077;0.2661561154239846;0.007561253279090471;-0.11474609375;
23:48:44;356.0;1577317725;94.057;2.718045940949958;0.0772172142315329;-0.1611328125;
23:48:45;357.0;1577317726;93.873;17.55843172702822;0.4988190831542108;-0.44189453125;
23:48:46;358.0;1577317727;94.077;18.33271272456274;0.5208157024023505;-0.45654296875;
23:48:47;359.0;1577317728;94.097;17.687478559950637;0.5024851863622339;-0.4443359375;
23:48:48;360.0;1577317729;93.671;17.687478559950637;0.5024851863622339;-0.4443359375;
23:48:49;361.0;1577317730;93.691;18.33271272456274;0.5208157024023505;-0.45654296875;
23:48:50;362.0;1577317731;93.65;0.524249781268824;0.014893459695137045;-0.11962890625;
23:48:51;363.0;1577317732;93.61;0.6532966141912437;0.018559562903160333;-0.1220703125;
23:48:52;364.0;1577317733;94.22;0.9113902800360831;0.025891769319206906;-0.126953125;
23:48:53;365.0;1577317734;94.199;0.524249781268824;0.014893459695137045;-0.11962890625;
23:48:54;366.0;1577317735;93.792;0.13710928250156493;0.003895150071067185;-0.1123046875;
23:48:55;367.0;1577317736;93.752;15.106541901502244;0.4291631222017682;-0.3955078125;
23:48:56;368.0;1577317737;93.327;17.429384894105798;0.4951529799461874;-0.439453125;
23:48:57;369.0;1577317738;93.589;17.429384894105798;0.4951529799461874;-0.439453125;
23:48:58;370.0;1577317739;93.873;18.0746190587179;0.5134834959863039;-0.45166015625;
23:48:59;371.0;1577317740;93.894;16.526057063648864;0.4694902574900245;-0.42236328125;
23:49:00;372.0;1577317741;94.118;0.6532966141912437;0.018559562903160333;-0.1220703125;
23:49:01;373.0;1577317742;93.589;0.3952029483464043;0.011227356487113758;-0.1171875;
23:49:02;374.0;1577317743;93.529;0.2661561154239846;0.007561253279090471;-0.11474609375;
23:49:03;375.0;1577317744;93.286;0.7823434471136634;0.02222566611118362;-0.12451171875;
23:49:04;376.0;1577317745;93.044;0.13710928250156493;0.003895150071067185;-0.1123046875;
23:49:05;377.0;1577317746;93.286;17.17129122826096;0.4878207735301408;-0.4345703125;
23:49:06;378.0;1577317747;92.843;17.17129122826096;0.4878207735301408;-0.4345703125;
23:49:07;379.0;1577317748;92.883;17.81652539287306;0.5061512895702573;-0.44677734375;
23:49:08;380.0;1577317749;93.085;17.429384894105798;0.4951529799461874;-0.439453125;
23:49:09;381.0;1577317750;93.266;17.300338061183382;0.4914868767381642;-0.43701171875;
23:49:10;382.0;1577317751;93.61;0.3952029483464043;0.011227356487113758;-0.1171875;
23:49:11;383.0;1577317752;93.61;1.0404371129585028;0.029557872527230192;-0.12939453125;
23:49:12;384.0;1577317753;93.165;0.524249781268824;0.014893459695137045;-0.11962890625;
23:49:13;385.0;1577317754;92.984;0.524249781268824;0.014893459695137045;-0.11962890625;
23:49:14;386.0;1577317756;92.843;5.428029432320771;0.1542053816000219;-0.21240234375;
23:49:15;387.0;1577317757;92.643;16.526057063648864;0.4694902574900245;-0.42236328125;
23:49:16;388.0;1577317758;92.944;17.687478559950637;0.5024851863622339;-0.4443359375;
23:49:17;389.0;1577317759;92.944;17.55843172702822;0.4988190831542108;-0.44189453125;
23:49:18;390.0;1577317760;92.984;17.300338061183382;0.4914868767381642;-0.43701171875;
23:49:19;391.0;1577317761;93.448;12.138464744286592;0.3448427484172327;-0.33935546875;
23:49:20;392.0;1577317762;93.448;0.524249781268824;0.014893459695137045;-0.11962890625;
23:49:21;393.0;1577317763;93.266;0.2661561154239846;0.007561253279090471;-0.11474609375;
23:49:22;394.0;1577317764;93.306;0.9113902800360831;0.025891769319206906;-0.126953125;
23:49:23;395.0;1577317765;92.984;0.7823434471136634;0.02222566611118362;-0.12451171875;
23:49:24;396.0;1577317766;92.924;12.009417911364174;0.3411766452092095;-0.3369140625;
23:49:25;397.0;1577317767;93.085;17.55843172702822;0.4988190831542108;-0.44189453125;
23:49:26;398.0;1577317768;93.286;17.55843172702822;0.4988190831542108;-0.44189453125;
23:49:27;399.0;1577317769;93.165;17.042244395338543;0.4841546703221176;-0.43212890625;
23:49:28;400.0;1577317770;93.205;17.55843172702822;0.4988190831542108;-0.44189453125;
23:49:30;402.0;1577317771;93.004;5.169935766475931;0.1468731751839753;-0.20751953125;
23:49:31;403.0;1577317772;92.723;0.7823434471136634;0.02222566611118362;-0.12451171875;
23:49:32;404.0;1577317773;92.643;0.6532966141912437;0.018559562903160333;-0.1220703125;
23:49:33;405.0;1577317774;92.383;1.6856712775706013;0.047888388567346625;-0.1416015625;
23:49:34;406.0;1577317775;92.543;0.524249781268824;0.014893459695137045;-0.11962890625;
23:49:35;407.0;1577317776;92.783;5.298982599398351;0.1505392783919986;-0.2099609375;
23:49:36;408.0;1577317777;93.085;17.687478559950637;0.5024851863622339;-0.4443359375;
23:49:37;409.0;1577317778;93.792;17.945572225795477;0.5098173927782805;-0.44921875;
23:49:38;410.0;1577317779;93.833;17.300338061183382;0.4914868767381642;-0.43701171875;
23:49:39;411.0;1577317780;93.813;17.55843172702822;0.4988190831542108;-0.44189453125;
23:49:40;412.0;1577317781;93.813;18.0746190587179;0.5134834959863039;-0.45166015625;
23:49:41;413.0;1577317782;93.327;16.784150729493703;0.4768224639060711;-0.42724609375;
23:49:42;414.0;1577317783;93.145;1.0404371129585028;0.029557872527230192;-0.12939453125;
23:49:43;415.0;1577317784;93.367;0.9113902800360831;0.025891769319206906;-0.126953125;
23:49:44;416.0;1577317785;93.286;1.0404371129585028;0.029557872527230192;-0.12939453125;
23:49:45;417.0;1577317786;93.306;0.524249781268824;0.014893459695137045;-0.11962890625;
23:49:46;418.0;1577317787;93.529;0.6532966141912437;0.018559562903160333;-0.1220703125;
23:49:47;419.0;1577317788;93.63;16.65510389657128;0.4731563606980477;-0.4248046875;
23:49:48;420.0;1577317789;93.468;17.687478559950637;0.5024851863622339;-0.4443359375;
23:49:49;421.0;1577317790;93.286;17.81652539287306;0.5061512895702573;-0.44677734375;
23:49:50;422.0;1577317791;93.246;16.784150729493703;0.4768224639060711;-0.42724609375;
23:49:51;423.0;1577317792;92.984;17.81652539287306;0.5061512895702573;-0.44677734375;
23:49:52;424.0;1577317793;93.205;15.493682400269504;0.44016143182583817;-0.40283203125;
23:49:53;425.0;1577317794;93.085;17.687478559950637;0.5024851863622339;-0.4443359375;
23:49:54;426.0;1577317795;93.529;17.687478559950637;0.5024851863622339;-0.4443359375;
23:49:55;427.0;1577317796;93.327;17.55843172702822;0.4988190831542108;-0.44189453125;
23:49:56;428.0;1577317797;93.286;16.39701023072644;0.46582415428200113;-0.419921875;
23:49:57;429.0;1577317798;93.387;17.81652539287306;0.5061512895702573;-0.44677734375;
23:49:58;430.0;1577317799;92.964;18.203665891640316;0.5171495991943271;-0.4541015625;
23:49:59;431.0;1577317800;92.964;17.81652539287306;0.5061512895702573;-0.44677734375;
23:50:00;432.0;1577317801;93.185;17.300338061183382;0.4914868767381642;-0.43701171875;
23:50:01;433.0;1577317803;93.407;17.55843172702822;0.4988190831542108;-0.44189453125;
23:50:02;434.0;1577317804;93.428;17.429384894105798;0.4951529799461874;-0.439453125;
23:50:03;435.0;1577317805;93.428;17.55843172702822;0.4988190831542108;-0.44189453125;
23:50:04;436.0;1577317806;93.246;17.945572225795477;0.5098173927782805;-0.44921875;
23:50:05;437.0;1577317807;92.743;17.042244395338543;0.4841546703221176;-0.43212890625;
23:50:06;438.0;1577317808;92.763;17.429384894105798;0.4951529799461874;-0.439453125;
23:50:07;439.0;1577317808;92.683;18.33271272456274;0.5208157024023505;-0.45654296875;
23:50:08;440.0;1577317810;92.663;17.042244395338543;0.4841546703221176;-0.43212890625;
23:50:09;441.0;1577317811;93.085;1.2985307788033422;0.03689007894327676;-0.13427734375;
23:50:10;442.0;1577317812;93.044;0.13710928250156493;0.003895150071067185;-0.1123046875;
23:50:11;443.0;1577317813;93.064;0.524249781268824;0.014893459695137045;-0.11962890625;
23:50:12;444.0;1577317814;92.843;0.7823434471136634;0.02222566611118362;-0.12451171875;
23:50:13;445.0;1577317815;93.085;1.6856712775706013;0.047888388567346625;-0.1416015625;
23:50:14;446.0;1577317816;92.883;17.81652539287306;0.5061512895702573;-0.44677734375;
23:50:15;447.0;1577317817;92.924;17.300338061183382;0.4914868767381642;-0.43701171875;
23:50:16;448.0;1577317818;93.145;16.26796339780402;0.46215805107397784;-0.41748046875;
23:50:17;449.0;1577317819;92.743;18.0746190587179;0.5134834959863039;-0.45166015625;
23:50:18;450.0;1577317820;92.924;17.042244395338543;0.4841546703221176;-0.43212890625;
23:50:19;451.0;1577317821;92.683;0.7823434471136634;0.02222566611118362;-0.12451171875;
23:50:20;452.0;1577317822;92.443;0.9113902800360831;0.025891769319206906;-0.126953125;
23:50:21;453.0;1577317823;92.683;1.0404371129585028;0.029557872527230192;-0.12939453125;
23:50:22;454.0;1577317824;92.463;0.9113902800360831;0.025891769319206906;-0.126953125;
23:50:23;455.0;1577317825;92.723;1.0404371129585028;0.029557872527230192;-0.12939453125;
23:50:24;456.0;1577317826;92.904;16.65510389657128;0.4731563606980477;-0.4248046875;
23:50:25;457.0;1577317827;92.643;18.33271272456274;0.5208157024023505;-0.45654296875;
23:50:26;458.0;1577317828;92.944;16.91319756241612;0.48048856711409427;-0.4296875;
23:50:27;459.0;1577317829;92.643;17.300338061183382;0.4914868767381642;-0.43701171875;
23:50:28;460.0;1577317830;92.683;17.300338061183382;0.4914868767381642;-0.43701171875;
23:50:29;461.0;1577317831;92.683;1.1694839458809225;0.03322397573525348;-0.1318359375;
23:50:30;462.0;1577317832;92.403;1.814718110493021;0.05155449177536991;-0.14404296875;
23:50:31;463.0;1577317833;92.483;0.7823434471136634;0.02222566611118362;-0.12451171875;
23:50:32;464.0;1577317834;92.084;0.7823434471136634;0.02222566611118362;-0.12451171875;
23:50:34;466.0;1577317835;92.183;0.13710928250156493;0.003895150071067185;-0.1123046875;
23:50:35;467.0;1577317836;92.084;16.784150729493703;0.4768224639060711;-0.42724609375;
23:50:36;468.0;1577317837;91.845;18.33271272456274;0.5208157024023505;-0.45654296875;
23:50:37;469.0;1577317838;92.303;18.203665891640316;0.5171495991943271;-0.4541015625;
23:50:38;470.0;1577317839;92.024;17.687478559950637;0.5024851863622339;-0.4443359375;
23:50:39;471.0;1577317840;91.865;18.33271272456274;0.5208157024023505;-0.45654296875;
23:50:40;472.0;1577317841;92.044;1.0404371129585028;0.029557872527230192;-0.12939453125;
23:50:41;473.0;1577317842;91.786;0.524249781268824;0.014893459695137045;-0.11962890625;
23:50:42;474.0;1577317843;92.024;0.7823434471136634;0.02222566611118362;-0.12451171875;
23:50:43;475.0;1577317844;92.563;1.1694839458809225;0.03322397573525348;-0.1318359375;
23:50:44;476.0;1577317845;93.024;1.0404371129585028;0.029557872527230192;-0.12939453125;
23:50:45;477.0;1577317846;93.044;17.17129122826096;0.4878207735301408;-0.4345703125;
23:50:46;478.0;1577317847;93.205;17.300338061183382;0.4914868767381642;-0.43701171875;
23:50:47;479.0;1577317848;93.105;17.55843172702822;0.4988190831542108;-0.44189453125;
23:50:48;480.0;1577317849;92.643;17.429384894105798;0.4951529799461874;-0.439453125;
23:50:49;481.0;1577317850;92.883;0.524249781268824;0.014893459695137045;-0.11962890625;
23:50:50;482.0;1577317851;93.064;0.008062449579145217;0.0002290468630438982;-0.10986328125;
23:50:51;483.0;1577317852;92.944;-0.12098438334327448;-0.0034370563449793883;-0.107421875;
23:50:52;484.0;1577317853;92.984;1.6856712775706013;0.047888388567346625;-0.1416015625;
23:50:53;485.0;1577317854;92.964;0.9113902800360831;0.025891769319206906;-0.126953125;
23:50:54;486.0;1577317855;92.583;17.945572225795477;0.5098173927782805;-0.44921875;
23:50:55;487.0;1577317856;92.483;17.042244395338543;0.4841546703221176;-0.43212890625;
23:50:56;488.0;1577317857;92.243;17.17129122826096;0.4878207735301408;-0.4345703125;
23:50:57;489.0;1577317858;92.263;17.042244395338543;0.4841546703221176;-0.43212890625;
23:50:58;490.0;1577317859;92.483;19.236040555019674;0.5464784248585134;-0.4736328125;
23:50:59;491.0;1577317860;92.323;1.427577611725762;0.04055618215130005;-0.13671875;
23:51:00;492.0;1577317861;92.783;0.7823434471136634;0.02222566611118362;-0.12451171875;
23:51:01;493.0;1577317862;92.363;0.524249781268824;0.014893459695137045;-0.11962890625;
23:51:02;494.0;1577317863;92.163;-0.766218547955373;-0.021767572385095822;-0.09521484375;
23:51:03;495.0;1577317864;92.583;1.9437649434154407;0.0552205949833932;-0.146484375;
23:51:04;496.0;1577317865;92.064;17.81652539287306;0.5061512895702573;-0.44677734375;
23:51:05;497.0;1577317866;92.683;16.91319756241612;0.48048856711409427;-0.4296875;
23:51:06;498.0;1577317867;92.483;17.55843172702822;0.4988190831542108;-0.44189453125;
23:51:07;499.0;1577317868;92.243;17.300338061183382;0.4914868767381642;-0.43701171875;
23:51:08;500.0;1577317869;92.283;17.687478559950637;0.5024851863622339;-0.4443359375;
23:51:09;501.0;1577317870;92.064;0.2661561154239846;0.007561253279090471;-0.11474609375;
23:51:10;502.0;1577317871;92.223;0.3952029483464043;0.011227356487113758;-0.1171875;
23:51:11;503.0;1577317872;92.004;0.9113902800360831;0.025891769319206906;-0.126953125;
23:51:12;504.0;1577317873;92.643;5.81516993108803;0.16520369122409173;-0.2197265625;
23:51:13;505.0;1577317874;92.663;0.13710928250156493;0.003895150071067185;-0.1123046875;
23:51:14;506.0;1577317875;92.443;17.042244395338543;0.4841546703221176;-0.43212890625;
23:51:15;507.0;1577317876;92.663;17.55843172702822;0.4988190831542108;-0.44189453125;
23:51:16;508.0;1577317877;92.203;17.81652539287306;0.5061512895702573;-0.44677734375;
23:51:17;509.0;1577317878;91.984;17.300338061183382;0.4914868767381642;-0.43701171875;
23:51:18;510.0;1577317879;92.203;16.784150729493703;0.4768224639060711;-0.42724609375;
23:51:19;511.0;1577317880;92.463;0.008062449579145217;0.0002290468630438982;-0.10986328125;
23:51:20;512.0;1577317881;92.683;8.783247088303684;0.24952406500862737;-0.27587890625;
23:51:21;513.0;1577317882;92.403;1.0404371129585028;0.029557872527230192;-0.12939453125;
23:51:22;514.0;1577317883;92.643;0.13710928250156493;0.003895150071067185;-0.1123046875;
23:51:23;515.0;1577317884;92.383;0.3952029483464043;0.011227356487113758;-0.1171875;
23:51:24;516.0;1577317885;92.004;17.042244395338543;0.4841546703221176;-0.43212890625;
23:51:25;517.0;1577317886;92.203;22.075070879312907;0.6271326954350257;-0.52734375;
23:51:26;518.0;1577317887;92.203;17.17129122826096;0.4878207735301408;-0.4345703125;
23:51:27;519.0;1577317888;92.383;17.300338061183382;0.4914868767381642;-0.43701171875;
23:51:28;520.0;1577317889;93.004;17.17129122826096;0.4878207735301408;-0.4345703125;
23:51:29;521.0;1577317890;92.823;-2.1857337101019887;-0.06209470767335195;-0.068359375;
23:51:30;522.0;1577317891;92.783;0.524249781268824;0.014893459695137045;-0.11962890625;
23:51:31;523.0;1577317892;92.423;2.0728117763378604;0.05888669819141648;-0.14892578125;
23:51:32;524.0;1577317893;91.806;0.7823434471136634;0.02222566611118362;-0.12451171875;
23:51:33;525.0;1577317895;91.845;0.6532966141912437;0.018559562903160333;-0.1220703125;
23:51:34;526.0;1577317896;91.667;11.364183746752074;0.322846129169093;-0.32470703125;
23:51:35;527.0;1577317897;91.707;19.106993722097258;0.5428123216504902;-0.47119140625;
23:51:36;528.0;1577317898;91.707;17.55843172702822;0.4988190831542108;-0.44189453125;
23:51:37;529.0;1577317899;92.144;17.55843172702822;0.4988190831542108;-0.44189453125;
23:51:39;531.0;1577317900;92.183;17.55843172702822;0.4988190831542108;-0.44189453125;
23:51:40;532.0;1577317901;92.363;0.524249781268824;0.014893459695137045;-0.11962890625;
23:51:41;533.0;1577317902;92.623;-0.5081248821105336;-0.01443536596904925;-0.10009765625;
23:51:42;534.0;1577317903;92.163;1.2985307788033422;0.03689007894327676;-0.13427734375;
23:51:43;535.0;1577317904;92.124;0.6532966141912437;0.018559562903160333;-0.1220703125;
23:51:44;536.0;1577317905;92.104;0.7823434471136634;0.02222566611118362;-0.12451171875;
23:51:45;537.0;1577317906;91.845;17.945572225795477;0.5098173927782805;-0.44921875;
23:51:46;538.0;1577317907;91.984;17.55843172702822;0.4988190831542108;-0.44189453125;
23:51:47;539.0;1577317908;91.786;17.55843172702822;0.4988190831542108;-0.44189453125;
23:51:48;540.0;1577317909;91.588;17.55843172702822;0.4988190831542108;-0.44189453125;
23:51:49;541.0;1577317910;91.786;17.945572225795477;0.5098173927782805;-0.44921875;
23:51:50;542.0;1577317911;91.826;0.008062449579145217;0.0002290468630438982;-0.10986328125;
23:51:51;543.0;1577317912;92.044;0.524249781268824;0.014893459695137045;-0.11962890625;
23:51:52;544.0;1577317913;92.223;11.622277412596913;0.33017833558513954;-0.32958984375;
23:51:53;545.0;1577317914;92.223;0.13710928250156493;0.003895150071067185;-0.1123046875;
23:51:54;546.0;1577317915;92.403;1.0404371129585028;0.029557872527230192;-0.12939453125;
23:51:55;547.0;1577317916;92.343;17.81652539287306;0.5061512895702573;-0.44677734375;
23:51:56;548.0;1577317917;92.343;17.300338061183382;0.4914868767381642;-0.43701171875;
23:51:57;549.0;1577317918;92.403;20.139368385476615;0.5721411473146765;-0.49072265625;
23:51:58;550.0;1577317919;92.223;17.300338061183382;0.4914868767381642;-0.43701171875;
23:51:59;551.0;1577317920;92.523;17.687478559950637;0.5024851863622339;-0.4443359375;
23:52:00;552.0;1577317921;92.523;2.9761396067947974;0.08454942064757946;-0.166015625;
23:52:01;553.0;1577317922;92.683;0.2661561154239846;0.007561253279090471;-0.11474609375;
23:52:02;554.0;1577317923;92.503;0.008062449579145217;0.0002290468630438982;-0.10986328125;
23:52:03;555.0;1577317924;92.084;1.0404371129585028;0.029557872527230192;-0.12939453125;
23:52:04;556.0;1577317925;91.826;1.1694839458809225;0.03322397573525348;-0.1318359375;
23:52:05;557.0;1577317926;91.588;17.55843172702822;0.4988190831542108;-0.44189453125;
23:52:06;558.0;1577317927;92.004;16.784150729493703;0.4768224639060711;-0.42724609375;
23:52:07;559.0;1577317928;91.945;17.300338061183382;0.4914868767381642;-0.43701171875;
23:52:08;560.0;1577317929;91.984;17.300338061183382;0.4914868767381642;-0.43701171875;
23:52:09;561.0;1577317930;91.568;16.91319756241612;0.48048856711409427;-0.4296875;
23:52:10;562.0;1577317931;91.568;0.3952029483464043;0.011227356487113758;-0.1171875;
23:52:11;563.0;1577317932;91.627;0.524249781268824;0.014893459695137045;-0.11962890625;
23:52:12;564.0;1577317933;91.925;0.2661561154239846;0.007561253279090471;-0.11474609375;
23:52:13;565.0;1577317934;92.343;0.008062449579145217;0.0002290468630438982;-0.10986328125;
23:52:14;566.0;1577317935;91.905;0.3952029483464043;0.011227356487113758;-0.1171875;
23:52:15;567.0;1577317936;91.806;14.977495068579826;0.42549701899374504;-0.39306640625;
23:52:16;568.0;1577317937;91.786;21.687930380545644;0.6161343858109558;-0.52001953125;
23:52:17;569.0;1577317938;91.627;18.0746190587179;0.5134834959863039;-0.45166015625;
23:52:18;570.0;1577317939;91.627;17.300338061183382;0.4914868767381642;-0.43701171875;
23:52:19;571.0;1577317940;91.667;17.17129122826096;0.4878207735301408;-0.4345703125;
23:52:20;572.0;1577317942;91.647;0.7823434471136634;0.02222566611118362;-0.12451171875;
23:52:21;573.0;1577317943;91.826;0.3952029483464043;0.011227356487113758;-0.1171875;
23:52:22;574.0;1577317944;92.243;1.1694839458809225;0.03322397573525348;-0.1318359375;
23:52:23;575.0;1577317945;92.263;0.6532966141912437;0.018559562903160333;-0.1220703125;
23:52:24;576.0;1577317946;92.243;17.042244395338543;0.4841546703221176;-0.43212890625;
23:52:25;577.0;1577317947;92.323;18.203665891640316;0.5171495991943271;-0.4541015625;
23:52:26;578.0;1577317948;92.303;17.945572225795477;0.5098173927782805;-0.44921875;
23:52:27;579.0;1577317949;92.124;17.945572225795477;0.5098173927782805;-0.44921875;
23:52:28;580.0;1577317950;92.124;16.91319756241612;0.48048856711409427;-0.4296875;
23:52:29;581.0;1577317951;91.905;17.300338061183382;0.4914868767381642;-0.43701171875;
23:52:30;582.0;1577317952;91.707;17.945572225795477;0.5098173927782805;-0.44921875;
23:52:31;583.0;1577317953;91.826;17.55843172702822;0.4988190831542108;-0.44189453125;
23:52:32;584.0;1577317954;91.351;17.429384894105798;0.4951529799461874;-0.439453125;
23:52:33;585.0;1577317955;91.233;17.17129122826096;0.4878207735301408;-0.4345703125;
23:52:34;586.0;1577317956;91.075;17.81652539287306;0.5061512895702573;-0.44677734375;
23:52:35;587.0;1577317957;91.115;18.977946889174834;0.5391462184424668;-0.46875;
23:52:36;588.0;1577317958;91.311;17.300338061183382;0.4914868767381642;-0.43701171875;
23:52:37;589.0;1577317959;91.608;17.17129122826096;0.4878207735301408;-0.4345703125;
23:52:38;590.0;1577317960;91.746;18.203665891640316;0.5171495991943271;-0.4541015625;
23:52:39;591.0;1577317961;92.004;18.203665891640316;0.5171495991943271;-0.4541015625;
23:52:40;592.0;1577317962;92.303;16.91319756241612;0.48048856711409427;-0.4296875;
23:52:41;593.0;1577317963;92.104;16.526057063648864;0.4694902574900245;-0.42236328125;
23:52:43;595.0;1577317964;92.403;16.784150729493703;0.4768224639060711;-0.42724609375;
23:52:44;596.0;1577317965;92.163;17.17129122826096;0.4878207735301408;-0.4345703125;
23:52:45;597.0;1577317966;92.183;17.55843172702822;0.4988190831542108;-0.44189453125;
23:52:46;598.0;1577317967;92.144;17.042244395338543;0.4841546703221176;-0.43212890625;
23:52:47;599.0;1577317968;91.469;11.880371078441753;0.33751054200118613;-0.33447265625;
23:52:48;600.0;1577317969;91.469;17.55843172702822;0.4988190831542108;-0.44189453125;
23:52:49;601.0;1577317970;91.292;17.81652539287306;0.5061512895702573;-0.44677734375;
23:52:50;602.0;1577317971;91.036;15.880822899036762;0.45115974144990795;-0.41015625;
23:52:51;603.0;1577317972;91.41;17.300338061183382;0.4914868767381642;-0.43701171875;
23:52:52;604.0;1577317973;91.311;17.81652539287306;0.5061512895702573;-0.44677734375;
23:52:53;605.0;1577317974;91.075;17.17129122826096;0.4878207735301408;-0.4345703125;
23:52:54;606.0;1577317975;91.311;17.945572225795477;0.5098173927782805;-0.44921875;
23:52:55;607.0;1577317976;91.351;17.55843172702822;0.4988190831542108;-0.44189453125;
23:52:56;608.0;1577317977;91.252;17.17129122826096;0.4878207735301408;-0.4345703125;
23:52:57;609.0;1577317978;91.213;17.687478559950637;0.5024851863622339;-0.4443359375;
23:52:58;610.0;1577317979;91.39;16.91319756241612;0.48048856711409427;-0.4296875;
23:52:59;611.0;1577317980;91.41;21.55888354762323;0.6124682826029326;-0.517578125;
23:53:00;612.0;1577317981;91.568;17.042244395338543;0.4841546703221176;-0.43212890625;
23:53:01;613.0;1577317982;91.766;17.687478559950637;0.5024851863622339;-0.4443359375;
23:53:02;614.0;1577317983;91.608;19.365087387942097;0.5501445280665368;-0.47607421875;
23:53:03;615.0;1577317984;91.568;18.0746190587179;0.5134834959863039;-0.45166015625;
23:53:04;616.0;1577317985;91.826;17.81652539287306;0.5061512895702573;-0.44677734375;
23:53:05;617.0;1577317985;91.647;17.429384894105798;0.4951529799461874;-0.439453125;
23:53:06;618.0;1577317987;91.647;17.55843172702822;0.4988190831542108;-0.44189453125;
23:53:07;619.0;1577317988;91.687;17.55843172702822;0.4988190831542108;-0.44189453125;
23:53:08;620.0;1577317989;91.41;17.55843172702822;0.4988190831542108;-0.44189453125;
23:53:09;621.0;1577317990;91.608;17.17129122826096;0.4878207735301408;-0.4345703125;
23:53:10;622.0;1577317991;91.627;17.55843172702822;0.4988190831542108;-0.44189453125;
23:53:11;623.0;1577317992;91.193;17.17129122826096;0.4878207735301408;-0.4345703125;
23:53:12;624.0;1577317993;91.272;19.623181053786936;0.5574767344825834;-0.48095703125;
23:53:13;625.0;1577317994;91.252;17.55843172702822;0.4988190831542108;-0.44189453125;
23:53:14;626.0;1577317995;91.075;17.55843172702822;0.4988190831542108;-0.44189453125;
23:53:15;627.0;1577317996;91.45;17.429384894105798;0.4951529799461874;-0.439453125;
23:53:16;628.0;1577317997;91.371;17.945572225795477;0.5098173927782805;-0.44921875;
23:53:17;629.0;1577317998;91.39;17.042244395338543;0.4841546703221176;-0.43212890625;
23:53:18;630.0;1577317999;91.39;17.55843172702822;0.4988190831542108;-0.44189453125;
23:53:19;631.0;1577318000;91.174;17.17129122826096;0.4878207735301408;-0.4345703125;
23:53:20;632.0;1577318001;91.272;17.55843172702822;0.4988190831542108;-0.44189453125;
23:53:21;633.0;1577318002;91.036;19.106993722097258;0.5428123216504902;-0.47119140625;
23:53:22;634.0;1577318003;90.997;17.55843172702822;0.4988190831542108;-0.44189453125;
23:53:23;635.0;1577318004;90.859;20.52650888424387;0.5831394569387462;-0.498046875;
23:53:24;636.0;1577318005;91.036;16.784150729493703;0.4768224639060711;-0.42724609375;
23:53:25;637.0;1577318006;90.82;18.33271272456274;0.5208157024023505;-0.45654296875;
23:53:26;638.0;1577318007;91.213;17.300338061183382;0.4914868767381642;-0.43701171875;
23:53:27;639.0;1577318008;91.213;17.300338061183382;0.4914868767381642;-0.43701171875;
23:53:28;640.0;1577318009;90.997;17.55843172702822;0.4988190831542108;-0.44189453125;
23:53:29;641.0;1577318011;91.016;1.2985307788033422;0.03689007894327676;-0.13427734375;
23:53:30;642.0;1577318012;90.82;1.0404371129585028;0.029557872527230192;-0.12939453125;
23:53:31;643.0;1577318013;90.801;0.524249781268824;0.014893459695137045;-0.11962890625;
23:53:32;644.0;1577318014;90.742;-0.12098438334327448;-0.0034370563449793883;-0.107421875;
23:53:33;645.0;1577318015;91.134;1.814718110493021;0.05155449177536991;-0.14404296875;
23:53:34;646.0;1577318016;91.134;17.687478559950637;0.5024851863622339;-0.4443359375;
23:53:35;647.0;1577318017;91.39;12.91274574182111;0.36683936766537245;-0.35400390625;
23:53:36;648.0;1577318018;91.45;17.55843172702822;0.4988190831542108;-0.44189453125;
23:53:37;649.0;1577318019;91.056;17.81652539287306;0.5061512895702573;-0.44677734375;
23:53:38;650.0;1577318020;91.056;17.81652539287306;0.5061512895702573;-0.44677734375;
23:53:39;651.0;1577318021;90.82;1.1694839458809225;0.03322397573525348;-0.1318359375;
23:53:40;652.0;1577318022;90.585;1.6856712775706013;0.047888388567346625;-0.1416015625;
23:53:41;653.0;1577318023;90.82;0.6532966141912437;0.018559562903160333;-0.1220703125;
23:53:42;654.0;1577318024;90.605;0.7823434471136634;0.02222566611118362;-0.12451171875;
23:53:43;655.0;1577318025;90.41;0.13710928250156493;0.003895150071067185;-0.1123046875;
23:53:44;656.0;1577318026;90.371;19.106993722097258;0.5428123216504902;-0.47119140625;
23:53:45;657.0;1577318027;90.312;17.300338061183382;0.4914868767381642;-0.43701171875;
23:53:47;659.0;1577318028;90.527;17.429384894105798;0.4951529799461874;-0.439453125;
23:53:48;660.0;1577318029;90.683;28.01122519374421;0.7957734430040968;-0.6396484375;
23:53:49;661.0;1577318030;90.938;18.203665891640316;0.5171495991943271;-0.4541015625;
23:53:50;662.0;1577318031;91.213;0.524249781268824;0.014893459695137045;-0.11962890625;
23:53:51;663.0;1577318032;90.781;0.3952029483464043;0.011227356487113758;-0.1171875;
23:53:52;664.0;1577318033;91.056;0.7823434471136634;0.02222566611118362;-0.12451171875;
23:53:53;665.0;1577318034;90.859;0.524249781268824;0.014893459695137045;-0.11962890625;
23:53:54;666.0;1577318035;90.781;18.0746190587179;0.5134834959863039;-0.45166015625;
23:53:55;667.0;1577318036;91.193;17.55843172702822;0.4988190831542108;-0.44189453125;
23:53:56;668.0;1577318037;91.174;21.04269621593355;0.5978038697708394;-0.5078125;
23:53:57;669.0;1577318038;91.016;17.687478559950637;0.5024851863622339;-0.4443359375;
23:53:58;670.0;1577318039;90.859;17.55843172702822;0.4988190831542108;-0.44189453125;
23:53:59;671.0;1577318040;91.095;0.2661561154239846;0.007561253279090471;-0.11474609375;
23:54:00;672.0;1577318041;91.213;0.7823434471136634;0.02222566611118362;-0.12451171875;
23:54:01;673.0;1577318042;91.826;0.7823434471136634;0.02222566611118362;-0.12451171875;
23:54:02;674.0;1577318043;92.423;0.3952029483464043;0.011227356487113758;-0.1171875;
23:54:04;676.0;1577318044;91.806;0.6532966141912437;0.018559562903160333;-0.1220703125;
23:54:05;677.0;1577318046;91.548;17.042244395338543;0.4841546703221176;-0.43212890625;
23:54:06;678.0;1577318047;91.154;17.300338061183382;0.4914868767381642;-0.43701171875;
23:54:07;679.0;1577318048;91.095;17.945572225795477;0.5098173927782805;-0.44921875;
23:54:08;680.0;1577318049;91.134;17.81652539287306;0.5061512895702573;-0.44677734375;
23:54:09;681.0;1577318050;90.938;-1.66954637841231;-0.047430294841258804;-0.078125;
23:54:10;682.0;1577318051;90.332;0.2661561154239846;0.007561253279090471;-0.11474609375;
23:54:11;683.0;1577318052;90.566;1.0404371129585028;0.029557872527230192;-0.12939453125;
23:54:12;684.0;1577318053;90.332;1.9437649434154407;0.0552205949833932;-0.146484375;
23:54:13;685.0;1577318054;90.371;0.9113902800360831;0.025891769319206906;-0.126953125;
23:54:14;686.0;1577318055;90.801;17.300338061183382;0.4914868767381642;-0.43701171875;
23:54:15;687.0;1577318056;90.82;19.365087387942097;0.5501445280665368;-0.47607421875;
23:54:16;688.0;1577318057;90.859;17.55843172702822;0.4988190831542108;-0.44189453125;
23:54:17;689.0;1577318058;90.977;17.17129122826096;0.4878207735301408;-0.4345703125;
23:54:18;690.0;1577318059;90.957;17.55843172702822;0.4988190831542108;-0.44189453125;
23:54:19;691.0;1577318060;90.742;0.7823434471136634;0.02222566611118362;-0.12451171875;
23:54:20;692.0;1577318061;90.663;0.9113902800360831;0.025891769319206906;-0.126953125;
23:54:21;693.0;1577318062;90.683;0.2661561154239846;0.007561253279090471;-0.11474609375;
23:54:22;694.0;1577318063;90.859;1.0404371129585028;0.029557872527230192;-0.12939453125;
23:54:23;695.0;1577318064;91.075;0.6532966141912437;0.018559562903160333;-0.1220703125;
23:54:24;696.0;1577318065;91.529;17.81652539287306;0.5061512895702573;-0.44677734375;
23:54:25;697.0;1577318066;91.568;18.59080639040758;0.5281479088183971;-0.46142578125;
23:54:26;698.0;1577318067;91.233;16.65510389657128;0.4731563606980477;-0.4248046875;
23:54:27;699.0;1577318068;91.272;18.719853223329995;0.5318140120264203;-0.4638671875;
23:54:28;700.0;1577318069;91.095;17.687478559950637;0.5024851863622339;-0.4443359375;
23:54:29;701.0;1577318070;90.84;17.945572225795477;0.5098173927782805;-0.44921875;
23:54:30;702.0;1577318071;90.781;17.429384894105798;0.4951529799461874;-0.439453125;
23:54:31;703.0;1577318072;90.742;17.687478559950637;0.5024851863622339;-0.4443359375;
23:54:32;704.0;1577318073;90.507;17.945572225795477;0.5098173927782805;-0.44921875;
23:54:33;705.0;1577318074;90.546;17.687478559950637;0.5024851863622339;-0.4443359375;
23:54:34;706.0;1577318075;90.938;17.55843172702822;0.4988190831542108;-0.44189453125;
23:54:35;707.0;1577318076;90.683;18.0746190587179;0.5134834959863039;-0.45166015625;
23:54:36;708.0;1577318077;90.722;17.55843172702822;0.4988190831542108;-0.44189453125;
23:54:37;709.0;1577318078;90.761;15.235588734424665;0.4328292254097916;-0.39794921875;
23:54:38;710.0;1577318079;90.957;18.0746190587179;0.5134834959863039;-0.45166015625;
23:54:39;711.0;1577318080;90.82;16.91319756241612;0.48048856711409427;-0.4296875;
23:54:40;712.0;1577318082;90.82;17.042244395338543;0.4841546703221176;-0.43212890625;
23:54:41;713.0;1577318083;90.84;18.0746190587179;0.5134834959863039;-0.45166015625;
23:54:42;714.0;1577318084;90.527;17.55843172702822;0.4988190831542108;-0.44189453125;
23:54:43;715.0;1577318085;90.742;17.81652539287306;0.5061512895702573;-0.44677734375;
23:54:44;716.0;1577318086;90.546;17.300338061183382;0.4914868767381642;-0.43701171875;
23:54:45;717.0;1577318087;90.742;17.300338061183382;0.4914868767381642;-0.43701171875;
23:54:46;718.0;1577318088;90.449;17.429384894105798;0.4951529799461874;-0.439453125;
23:54:47;719.0;1577318089;90.39;22.591258211002586;0.6417971082671189;-0.537109375;
23:54:48;720.0;1577318090;90.371;16.00986973195918;0.45482584465793124;-0.41259765625;
23:54:49;721.0;1577318091;90.273;17.17129122826096;0.4878207735301408;-0.4345703125;
23:54:51;723.0;1577318092;90.742;17.429384894105798;0.4951529799461874;-0.439453125;
23:54:52;724.0;1577318093;90.801;17.17129122826096;0.4878207735301408;-0.4345703125;
23:54:53;725.0;1577318094;90.957;17.687478559950637;0.5024851863622339;-0.4443359375;
23:54:54;726.0;1577318095;90.585;17.55843172702822;0.4988190831542108;-0.44189453125;
23:54:55;727.0;1577318096;90.742;18.203665891640316;0.5171495991943271;-0.4541015625;
23:54:56;728.0;1577318097;90.703;17.55843172702822;0.4988190831542108;-0.44189453125;
23:54:57;729.0;1577318098;90.781;17.17129122826096;0.4878207735301408;-0.4345703125;
23:54:58;730.0;1577318099;91.174;17.300338061183382;0.4914868767381642;-0.43701171875;
23:54:59;731.0;1577318100;90.82;0.524249781268824;0.014893459695137045;-0.11962890625;
23:55:00;732.0;1577318101;90.585;0.3952029483464043;0.011227356487113758;-0.1171875;
23:55:01;733.0;1577318102;90.566;0.524249781268824;0.014893459695137045;-0.11962890625;
23:55:03;735.0;1577318103;90.546;0.3952029483464043;0.011227356487113758;-0.1171875;
23:55:04;736.0;1577318105;90.781;17.687478559950637;0.5024851863622339;-0.4443359375;
23:55:05;737.0;1577318106;90.977;17.55843172702822;0.4988190831542108;-0.44189453125;
23:55:06;738.0;1577318107;91.134;17.687478559950637;0.5024851863622339;-0.4443359375;
23:55:07;739.0;1577318108;90.938;17.300338061183382;0.4914868767381642;-0.43701171875;
23:55:08;740.0;1577318109;90.918;18.33271272456274;0.5208157024023505;-0.45654296875;
23:55:09;741.0;1577318110;90.663;0.9113902800360831;0.025891769319206906;-0.126953125;
23:55:10;742.0;1577318111;90.488;1.5566244446481816;0.044222285359323335;-0.13916015625;
23:55:11;743.0;1577318112;90.254;0.524249781268824;0.014893459695137045;-0.11962890625;
23:55:12;744.0;1577318113;90.293;-0.3790780491881139;-0.010769262761025961;-0.1025390625;
23:55:13;745.0;1577318114;90.488;-2.1857337101019887;-0.06209470767335195;-0.068359375;
23:55:14;746.0;1577318115;90.507;17.81652539287306;0.5061512895702573;-0.44677734375;
23:55:15;747.0;1577318116;90.781;17.687478559950637;0.5024851863622339;-0.4443359375;
23:55:16;748.0;1577318117;90.997;16.1389165648816;0.45849194786595454;-0.4150390625;
23:55:17;749.0;1577318118;91.036;17.300338061183382;0.4914868767381642;-0.43701171875;
23:55:18;750.0;1577318119;91.252;17.429384894105798;0.4951529799461874;-0.439453125;
23:55:19;751.0;1577318120;90.997;17.17129122826096;0.4878207735301408;-0.4345703125;
23:55:20;752.0;1577318121;90.585;18.0746190587179;0.5134834959863039;-0.45166015625;
23:55:21;753.0;1577318122;90.371;18.0746190587179;0.5134834959863039;-0.45166015625;
23:55:22;754.0;1577318123;90.137;1.1694839458809225;0.03322397573525348;-0.1318359375;
23:55:23;755.0;1577318124;90.312;0.3952029483464043;0.011227356487113758;-0.1171875;
23:55:24;756.0;1577318125;90.566;0.7823434471136634;0.02222566611118362;-0.12451171875;
23:55:25;757.0;1577318126;90.39;2.5889991080275383;0.0735511110235096;-0.15869140625;
23:55:26;758.0;1577318128;90.546;10.847996415062395;0.30818171633699987;-0.31494140625;
23:55:27;759.0;1577318129;90.585;17.300338061183382;0.4914868767381642;-0.43701171875;
23:55:28;760.0;1577318130;90.566;19.494134220864513;0.55381063127456;-0.478515625;
23:55:29;761.0;1577318131;90.742;17.17129122826096;0.4878207735301408;-0.4345703125;
23:55:30;762.0;1577318132;90.624;17.429384894105798;0.4951529799461874;-0.439453125;
23:55:31;763.0;1577318133;90.449;1.6856712775706013;0.047888388567346625;-0.1416015625;
23:55:32;764.0;1577318134;90.176;0.6532966141912437;0.018559562903160333;-0.1220703125;
23:55:33;765.0;1577318135;90.02;-0.12098438334327448;-0.0034370563449793883;-0.107421875;
23:55:34;766.0;1577318136;89.982;0.2661561154239846;0.007561253279090471;-0.11474609375;
23:55:35;767.0;1577318137;90.195;1.814718110493021;0.05155449177536991;-0.14404296875;
23:55:36;768.0;1577318138;90.449;15.880822899036762;0.45115974144990795;-0.41015625;
23:55:37;769.0;1577318139;90.899;17.55843172702822;0.4988190831542108;-0.44189453125;
23:55:38;770.0;1577318140;90.879;19.494134220864513;0.55381063127456;-0.478515625;
23:55:39;771.0;1577318141;90.605;17.042244395338543;0.4841546703221176;-0.43212890625;
23:55:40;772.0;1577318142;90.176;17.300338061183382;0.4914868767381642;-0.43701171875;
23:55:41;773.0;1577318143;89.633;17.429384894105798;0.4951529799461874;-0.439453125;
23:55:42;774.0;1577318144;89.402;20.78460255008871;0.5904716633547928;-0.5029296875;
23:55:43;775.0;1577318145;89.479;17.300338061183382;0.4914868767381642;-0.43701171875;
23:55:44;776.0;1577318146;89.653;17.687478559950637;0.5024851863622339;-0.4443359375;
23:55:45;777.0;1577318147;89.73;17.55843172702822;0.4988190831542108;-0.44189453125;
23:55:46;778.0;1577318148;89.769;17.55843172702822;0.4988190831542108;-0.44189453125;
23:55:47;779.0;1577318149;89.962;17.81652539287306;0.5061512895702573;-0.44677734375;
23:55:48;780.0;1577318150;90.234;18.33271272456274;0.5208157024023505;-0.45654296875;
23:55:49;781.0;1577318151;90.234;17.81652539287306;0.5061512895702573;-0.44677734375;
23:55:50;782.0;1577318152;90.215;18.719853223329995;0.5318140120264203;-0.4638671875;
23:55:51;783.0;1577318153;89.943;16.1389165648816;0.45849194786595454;-0.4150390625;
23:55:52;784.0;1577318154;89.885;17.55843172702822;0.4988190831542108;-0.44189453125;
23:55:53;785.0;1577318155;90.137;17.429384894105798;0.4951529799461874;-0.439453125;
23:55:55;787.0;1577318156;90.585;17.945572225795477;0.5098173927782805;-0.44921875;
23:55:56;788.0;1577318157;90.82;14.074167238122886;0.39983429653758196;-0.3759765625;
23:55:57;789.0;1577318158;90.82;0.524249781268824;0.014893459695137045;-0.11962890625;
23:55:58;790.0;1577318159;90.761;0.2661561154239846;0.007561253279090471;-0.11474609375;
23:55:59;791.0;1577318160;90.351;0.524249781268824;0.014893459695137045;-0.11962890625;
23:56:00;792.0;1577318161;90.585;0.3952029483464043;0.011227356487113758;-0.1171875;
23:56:01;793.0;1577318162;90.39;8.654200255381264;0.24585796180060407;-0.2734375;
23:56:02;794.0;1577318162;90.605;16.784150729493703;0.4768224639060711;-0.42724609375;
23:56:03;795.0;1577318164;90.997;17.300338061183382;0.4914868767381642;-0.43701171875;
23:56:04;796.0;1577318165;90.742;17.55843172702822;0.4988190831542108;-0.44189453125;
23:56:05;797.0;1577318166;90.957;16.784150729493703;0.4768224639060711;-0.42724609375;
23:56:06;798.0;1577318167;90.507;17.300338061183382;0.4914868767381642;-0.43701171875;
23:56:07;799.0;1577318168;90.234;1.0404371129585028;0.029557872527230192;-0.12939453125;
23:56:08;800.0;1577318169;89.807;1.814718110493021;0.05155449177536991;-0.14404296875;
23:56:09;801.0;1577318170;89.595;0.6532966141912437;0.018559562903160333;-0.1220703125;
23:56:10;802.0;1577318171;89.807;1.6856712775706013;0.047888388567346625;-0.1416015625;
23:56:11;803.0;1577318172;89.691;1.427577611725762;0.04055618215130005;-0.13671875;
23:56:12;804.0;1577318173;89.962;17.17129122826096;0.4878207735301408;-0.4345703125;
23:56:13;805.0;1577318174;89.982;18.203665891640316;0.5171495991943271;-0.4541015625;
23:56:14;806.0;1577318175;89.788;16.91319756241612;0.48048856711409427;-0.4296875;
23:56:15;807.0;1577318176;89.749;17.429384894105798;0.4951529799461874;-0.439453125;
23:56:16;808.0;1577318177;89.498;0.524249781268824;0.014893459695137045;-0.11962890625;
23:56:17;809.0;1577318178;89.305;0.3952029483464043;0.011227356487113758;-0.1171875;
23:56:18;810.0;1577318179;89.325;0.13710928250156493;0.003895150071067185;-0.1123046875;
23:56:19;811.0;1577318180;89.305;0.6532966141912437;0.018559562903160333;-0.1220703125;
23:56:20;812.0;1577318181;89.498;0.524249781268824;0.014893459695137045;-0.11962890625;
23:56:21;813.0;1577318182;89.691;17.55843172702822;0.4988190831542108;-0.44189453125;
23:56:22;814.0;1577318183;89.479;17.55843172702822;0.4988190831542108;-0.44189453125;
23:56:23;815.0;1577318184;89.711;17.687478559950637;0.5024851863622339;-0.4443359375;
23:56:24;816.0;1577318185;89.846;17.687478559950637;0.5024851863622339;-0.4443359375;
23:56:25;817.0;1577318186;89.575;17.687478559950637;0.5024851863622339;-0.4443359375;
23:56:26;818.0;1577318187;89.769;17.55843172702822;0.4988190831542108;-0.44189453125;
23:56:27;819.0;1577318188;89.807;0.2661561154239846;0.007561253279090471;-0.11474609375;
23:56:28;820.0;1577318189;89.653;1.427577611725762;0.04055618215130005;-0.13671875;
23:56:29;821.0;1577318190;90.04;0.524249781268824;0.014893459695137045;-0.11962890625;
23:56:30;822.0;1577318191;90.02;0.13710928250156493;0.003895150071067185;-0.1123046875;
23:56:31;823.0;1577318192;89.788;0.6532966141912437;0.018559562903160333;-0.1220703125;
23:56:32;824.0;1577318193;89.807;17.300338061183382;0.4914868767381642;-0.43701171875;
23:56:33;825.0;1577318194;89.711;17.55843172702822;0.4988190831542108;-0.44189453125;
23:56:34;826.0;1577318195;89.904;20.139368385476615;0.5721411473146765;-0.49072265625;
23:56:35;827.0;1577318196;89.885;18.0746190587179;0.5134834959863039;-0.45166015625;
23:56:36;828.0;1577318197;89.711;17.687478559950637;0.5024851863622339;-0.4443359375;
23:56:37;829.0;1577318198;89.46;0.3952029483464043;0.011227356487113758;-0.1171875;
23:56:38;830.0;1577318199;89.305;0.008062449579145217;0.0002290468630438982;-0.10986328125;
23:56:39;831.0;1577318200;89.517;0.524249781268824;0.014893459695137045;-0.11962890625;
23:56:40;832.0;1577318201;89.711;-0.5081248821105336;-0.01443536596904925;-0.10009765625;
23:56:41;833.0;1577318202;90.118;0.7823434471136634;0.02222566611118362;-0.12451171875;
23:56:42;834.0;1577318203;90.273;17.55843172702822;0.4988190831542108;-0.44189453125;
23:56:43;835.0;1577318204;90.488;15.880822899036762;0.45115974144990795;-0.41015625;
23:56:44;836.0;1577318205;90.332;17.429384894105798;0.4951529799461874;-0.439453125;
23:56:45;837.0;1577318206;90.351;18.0746190587179;0.5134834959863039;-0.45166015625;
23:56:46;838.0;1577318207;90.371;17.81652539287306;0.5061512895702573;-0.44677734375;
23:56:47;839.0;1577318208;89.982;-0.3790780491881139;-0.010769262761025961;-0.1025390625;
23:56:48;840.0;1577318209;90.156;0.9113902800360831;0.025891769319206906;-0.126953125;
23:56:49;841.0;1577318210;89.749;0.7823434471136634;0.02222566611118362;-0.12451171875;
23:56:50;842.0;1577318211;89.344;5.55707626524319;0.15787148480804516;-0.21484375;
23:56:51;843.0;1577318212;89.305;0.2661561154239846;0.007561253279090471;-0.11474609375;
23:56:52;844.0;1577318214;89.113;17.429384894105798;0.4951529799461874;-0.439453125;
23:56:53;845.0;1577318215;89.344;17.81652539287306;0.5061512895702573;-0.44677734375;
23:56:54;846.0;1577318216;89.595;17.81652539287306;0.5061512895702573;-0.44677734375;
23:56:55;847.0;1577318217;89.421;17.81652539287306;0.5061512895702573;-0.44677734375;
23:56:56;848.0;1577318218;89.982;17.300338061183382;0.4914868767381642;-0.43701171875;
23:56:57;849.0;1577318219;90.137;17.300338061183382;0.4914868767381642;-0.43701171875;
23:56:59;851.0;1577318220;90.254;17.55843172702822;0.4988190831542108;-0.44189453125;
23:57:00;852.0;1577318221;90.468;17.429384894105798;0.4951529799461874;-0.439453125;
23:57:01;853.0;1577318221;90.059;16.91319756241612;0.48048856711409427;-0.4296875;
23:57:02;854.0;1577318223;89.885;17.81652539287306;0.5061512895702573;-0.44677734375;
23:57:03;855.0;1577318224;89.517;17.55843172702822;0.4988190831542108;-0.44189453125;
23:57:04;856.0;1577318225;89.479;17.55843172702822;0.4988190831542108;-0.44189453125;
23:57:05;857.0;1577318226;89.363;18.0746190587179;0.5134834959863039;-0.45166015625;
23:57:06;858.0;1577318227;89.132;16.784150729493703;0.4768224639060711;-0.42724609375;
23:57:07;859.0;1577318228;89.171;16.526057063648864;0.4694902574900245;-0.42236328125;
23:57:08;860.0;1577318229;89.171;17.429384894105798;0.4951529799461874;-0.439453125;
23:57:09;861.0;1577318230;89.305;17.55843172702822;0.4988190831542108;-0.44189453125;
23:57:10;862.0;1577318231;89.788;18.0746190587179;0.5134834959863039;-0.45166015625;
23:57:11;863.0;1577318232;89.982;17.55843172702822;0.4988190831542108;-0.44189453125;
23:57:12;864.0;1577318233;89.982;1.427577611725762;0.04055618215130005;-0.13671875;
23:57:13;865.0;1577318234;89.827;0.524249781268824;0.014893459695137045;-0.11962890625;
23:57:14;866.0;1577318235;89.344;0.524249781268824;0.014893459695137045;-0.11962890625;
23:57:15;867.0;1577318236;89.267;1.2985307788033422;0.03689007894327676;-0.13427734375;
23:57:16;868.0;1577318237;88.845;1.1694839458809225;0.03322397573525348;-0.1318359375;
