Time;Seconds from start for linreg;Unix Time;ch1 po2;Uc;Ubl;Vc;
00:39:10;-2.0;1572305952;104.095;20.28119938747966;0.49466339969462586;-0.4833984375;
00:39:11;-1.0;1572305953;104.347;20.811210394609326;0.5075904974294958;-0.4931640625;
00:39:12;0.0;1572305953;104.485;20.28119938747966;0.49466339969462586;-0.4833984375;
00:39:13;1.0;1572305954;104.278;20.148696635697245;0.49143162526090844;-0.48095703125;
00:39:14;2.0;1572305956;104.301;20.546204891044493;0.5011269485620607;-0.48828125;
00:39:15;3.0;1572305957;104.049;20.67870764282691;0.5043587229957783;-0.49072265625;
00:39:16;4.0;1572305958;103.707;20.413702139262078;0.4978951741283434;-0.48583984375;
00:39:17;5.0;1572305959;103.935;20.811210394609326;0.5075904974294958;-0.4931640625;
00:39:18;6.0;1572305959;103.889;20.28119938747966;0.49466339969462586;-0.4833984375;
00:39:19;7.0;1572305961;103.866;20.546204891044493;0.5011269485620607;-0.48828125;
00:39:20;8.0;1572305962;103.798;20.943713146391744;0.5108222718632133;-0.49560546875;
00:39:21;9.0;1572305963;103.684;20.546204891044493;0.5011269485620607;-0.48828125;
00:39:22;10.0;1572305964;103.524;20.28119938747966;0.49466339969462586;-0.4833984375;
00:39:23;11.0;1572305965;103.661;20.546204891044493;0.5011269485620607;-0.48828125;
00:39:24;12.0;1572305966;103.752;20.546204891044493;0.5011269485620607;-0.48828125;
00:39:26;14.0;1572305967;103.889;20.148696635697245;0.49143162526090844;-0.48095703125;
00:39:27;15.0;1572305968;103.958;20.546204891044493;0.5011269485620607;-0.48828125;
00:39:28;16.0;1572305969;104.003;20.148696635697245;0.49143162526090844;-0.48095703125;
00:39:29;17.0;1572305970;103.889;20.28119938747966;0.49466339969462586;-0.4833984375;
00:39:30;18.0;1572305971;103.821;20.28119938747966;0.49466339969462586;-0.4833984375;
00:39:31;19.0;1572305972;104.003;20.67870764282691;0.5043587229957783;-0.49072265625;
00:39:32;20.0;1572305973;103.889;20.28119938747966;0.49466339969462586;-0.4833984375;
00:39:33;21.0;1572305974;104.095;20.546204891044493;0.5011269485620607;-0.48828125;
00:39:34;22.0;1572305975;103.889;20.28119938747966;0.49466339969462586;-0.4833984375;
00:39:35;23.0;1572305976;103.729;20.148696635697245;0.49143162526090844;-0.48095703125;
00:39:36;24.0;1572305977;103.889;21.20871864995657;0.517285820730648;-0.50048828125;
00:39:37;25.0;1572305978;103.889;20.28119938747966;0.49466339969462586;-0.4833984375;
00:39:38;26.0;1572305979;104.141;20.413702139262078;0.4978951741283434;-0.48583984375;
00:39:39;27.0;1572305980;104.416;20.28119938747966;0.49466339969462586;-0.4833984375;
00:39:40;28.0;1572305981;104.118;20.413702139262078;0.4978951741283434;-0.48583984375;
00:39:41;29.0;1572305982;103.889;20.413702139262078;0.4978951741283434;-0.48583984375;
00:39:42;30.0;1572305983;103.798;20.016193883914827;0.4881998508271909;-0.478515625;
00:39:43;31.0;1572305984;103.456;20.148696635697245;0.49143162526090844;-0.48095703125;
00:39:44;32.0;1572305985;103.798;20.67870764282691;0.5043587229957783;-0.49072265625;
00:39:45;33.0;1572305986;103.981;20.413702139262078;0.4978951741283434;-0.48583984375;
00:39:46;34.0;1572305987;103.958;20.413702139262078;0.4978951741283434;-0.48583984375;
00:39:47;35.0;1572305988;104.164;20.67870764282691;0.5043587229957783;-0.49072265625;
00:39:48;36.0;1572305989;104.164;20.28119938747966;0.49466339969462586;-0.4833984375;
00:39:49;37.0;1572305990;104.232;18.028652607178586;0.4397232343214289;-0.44189453125;
00:39:50;38.0;1572305991;104.209;21.07621589817416;0.5140540462969307;-0.498046875;
00:39:51;39.0;1572305992;103.958;20.546204891044493;0.5011269485620607;-0.48828125;
00:39:52;40.0;1572305993;103.684;20.148696635697245;0.49143162526090844;-0.48095703125;
00:39:53;41.0;1572305994;103.479;20.148696635697245;0.49143162526090844;-0.48095703125;
00:39:54;42.0;1572305995;103.684;20.546204891044493;0.5011269485620607;-0.48828125;
00:39:55;43.0;1572305996;103.729;20.413702139262078;0.4978951741283434;-0.48583984375;
00:39:56;44.0;1572305997;103.843;20.28119938747966;0.49466339969462586;-0.4833984375;
00:39:57;45.0;1572305998;103.775;20.546204891044493;0.5011269485620607;-0.48828125;
00:39:58;46.0;1572305999;103.524;20.28119938747966;0.49466339969462586;-0.4833984375;
00:39:59;47.0;1572306000;103.615;20.28119938747966;0.49466339969462586;-0.4833984375;
00:40:00;48.0;1572306002;103.524;20.016193883914827;0.4881998508271909;-0.478515625;
00:40:01;49.0;1572306003;103.638;20.413702139262078;0.4978951741283434;-0.48583984375;
00:40:02;50.0;1572306003;103.729;20.148696635697245;0.49143162526090844;-0.48095703125;
00:40:03;51.0;1572306004;103.615;17.498641600048924;0.4267961365865591;-0.43212890625;
00:40:04;52.0;1572306005;103.547;18.028652607178586;0.4397232343214289;-0.44189453125;
00:40:05;53.0;1572306006;103.433;20.148696635697245;0.49143162526090844;-0.48095703125;
00:40:06;54.0;1572306008;103.388;20.28119938747966;0.49466339969462586;-0.4833984375;
00:40:07;55.0;1572306009;103.502;20.413702139262078;0.4978951741283434;-0.48583984375;
00:40:08;56.0;1572306009;103.729;20.148696635697245;0.49143162526090844;-0.48095703125;
00:40:09;57.0;1572306010;103.935;20.546204891044493;0.5011269485620607;-0.48828125;
00:40:10;58.0;1572306011;104.164;20.413702139262078;0.4978951741283434;-0.48583984375;
00:40:11;59.0;1572306013;104.026;20.413702139262078;0.4978951741283434;-0.48583984375;
00:40:12;60.0;1572306014;103.752;20.148696635697245;0.49143162526090844;-0.48095703125;
00:40:13;61.0;1572306015;103.912;20.28119938747966;0.49466339969462586;-0.4833984375;
00:40:14;62.0;1572306015;103.752;20.546204891044493;0.5011269485620607;-0.48828125;
00:40:15;63.0;1572306016;103.798;20.28119938747966;0.49466339969462586;-0.4833984375;
00:40:16;64.0;1572306018;103.843;19.883691132132412;0.48496807639347345;-0.47607421875;
00:40:17;65.0;1572306019;103.638;20.67870764282691;0.5043587229957783;-0.49072265625;
00:40:18;66.0;1572306020;103.502;19.883691132132412;0.48496807639347345;-0.47607421875;
00:40:19;67.0;1572306020;103.57;20.148696635697245;0.49143162526090844;-0.48095703125;
00:40:20;68.0;1572306021;103.798;20.28119938747966;0.49466339969462586;-0.4833984375;
00:40:21;69.0;1572306023;103.889;20.28119938747966;0.49466339969462586;-0.4833984375;
00:40:22;70.0;1572306024;104.072;20.413702139262078;0.4978951741283434;-0.48583984375;
00:40:23;71.0;1572306025;103.889;20.148696635697245;0.49143162526090844;-0.48095703125;
00:40:24;72.0;1572306026;103.866;20.943713146391744;0.5108222718632133;-0.49560546875;
00:40:25;73.0;1572306027;103.638;20.546204891044493;0.5011269485620607;-0.48828125;
00:40:26;74.0;1572306028;103.593;20.148696635697245;0.49143162526090844;-0.48095703125;
00:40:27;75.0;1572306029;103.661;20.016193883914827;0.4881998508271909;-0.478515625;
00:40:28;76.0;1572306030;103.433;19.883691132132412;0.48496807639347345;-0.47607421875;
00:40:30;78.0;1572306031;103.547;20.148696635697245;0.49143162526090844;-0.48095703125;
00:40:31;79.0;1572306032;103.433;20.016193883914827;0.4881998508271909;-0.478515625;
00:40:32;80.0;1572306033;103.139;20.413702139262078;0.4978951741283434;-0.48583984375;
00:40:33;81.0;1572306034;103.003;20.28119938747966;0.49466339969462586;-0.4833984375;
00:40:34;82.0;1572306035;103.048;20.413702139262078;0.4978951741283434;-0.48583984375;
00:40:35;83.0;1572306036;102.912;20.28119938747966;0.49466339969462586;-0.4833984375;
00:40:36;84.0;1572306037;103.161;20.413702139262078;0.4978951741283434;-0.48583984375;
00:40:37;85.0;1572306038;103.297;19.088674621437917;0.46557742979116873;-0.46142578125;
00:40:38;86.0;1572306039;103.365;19.883691132132412;0.48496807639347345;-0.47607421875;
00:40:39;87.0;1572306040;103.343;20.016193883914827;0.4881998508271909;-0.478515625;
00:40:40;88.0;1572306041;103.411;20.28119938747966;0.49466339969462586;-0.4833984375;
00:40:41;89.0;1572306042;103.479;20.28119938747966;0.49466339969462586;-0.4833984375;
00:40:42;90.0;1572306043;103.433;19.61868562856758;0.4785045275260385;-0.47119140625;
00:40:43;91.0;1572306044;103.524;20.28119938747966;0.49466339969462586;-0.4833984375;
00:40:44;92.0;1572306045;103.547;19.61868562856758;0.4785045275260385;-0.47119140625;
00:40:45;93.0;1572306046;103.456;20.28119938747966;0.49466339969462586;-0.4833984375;
00:40:46;94.0;1572306047;103.456;20.413702139262078;0.4978951741283434;-0.48583984375;
00:40:47;95.0;1572306048;103.524;20.148696635697245;0.49143162526090844;-0.48095703125;
00:40:48;96.0;1572306049;103.411;20.413702139262078;0.4978951741283434;-0.48583984375;
00:40:49;97.0;1572306050;103.638;20.28119938747966;0.49466339969462586;-0.4833984375;
00:40:50;98.0;1572306051;103.547;20.413702139262078;0.4978951741283434;-0.48583984375;
00:40:51;99.0;1572306052;103.661;20.546204891044493;0.5011269485620607;-0.48828125;
00:40:52;100.0;1572306053;103.638;19.61868562856758;0.4785045275260385;-0.47119140625;
00:40:53;101.0;1572306054;103.615;20.28119938747966;0.49466339969462586;-0.4833984375;
00:40:54;102.0;1572306055;103.456;20.413702139262078;0.4978951741283434;-0.48583984375;
00:40:55;103.0;1572306056;103.275;20.546204891044493;0.5011269485620607;-0.48828125;
00:40:56;104.0;1572306057;103.433;20.148696635697245;0.49143162526090844;-0.48095703125;
00:40:57;105.0;1572306058;102.957;20.546204891044493;0.5011269485620607;-0.48828125;
00:40:58;106.0;1572306059;103.32;20.28119938747966;0.49466339969462586;-0.4833984375;
00:40:59;107.0;1572306060;103.229;20.67870764282691;0.5043587229957783;-0.49072265625;
00:41:00;108.0;1572306061;103.025;20.943713146391744;0.5108222718632133;-0.49560546875;
00:41:01;109.0;1572306062;103.275;20.28119938747966;0.49466339969462586;-0.4833984375;
00:41:02;110.0;1572306063;102.799;20.28119938747966;0.49466339969462586;-0.4833984375;
00:41:03;111.0;1572306065;102.957;20.943713146391744;0.5108222718632133;-0.49560546875;
00:41:04;112.0;1572306065;103.003;20.546204891044493;0.5011269485620607;-0.48828125;
00:41:05;113.0;1572306066;103.025;22.2687406642159;0.5431400162003879;-0.52001953125;
00:41:06;114.0;1572306067;103.184;20.28119938747966;0.49466339969462586;-0.4833984375;
00:41:08;116.0;1572306069;103.297;20.67870764282691;0.5043587229957783;-0.49072265625;
00:41:09;117.0;1572306070;103.388;20.413702139262078;0.4978951741283434;-0.48583984375;
00:41:10;118.0;1572306071;103.411;20.28119938747966;0.49466339969462586;-0.4833984375;
00:41:11;119.0;1572306072;103.252;24.52128744451698;0.5980801815735849;-0.5615234375;
00:41:12;120.0;1572306074;103.502;20.28119938747966;0.49466339969462586;-0.4833984375;
00:41:13;121.0;1572306075;103.433;20.546204891044493;0.5011269485620607;-0.48828125;
00:41:14;122.0;1572306076;103.524;20.148696635697245;0.49143162526090844;-0.48095703125;
00:41:15;123.0;1572306076;103.479;20.413702139262078;0.4978951741283434;-0.48583984375;
00:41:16;124.0;1572306077;103.479;20.28119938747966;0.49466339969462586;-0.4833984375;
00:41:17;125.0;1572306079;103.343;20.28119938747966;0.49466339969462586;-0.4833984375;
00:41:18;126.0;1572306080;103.411;20.413702139262078;0.4978951741283434;-0.48583984375;
00:41:19;127.0;1572306081;103.388;20.546204891044493;0.5011269485620607;-0.48828125;
00:41:20;128.0;1572306081;103.025;24.123779189169728;0.5883848582724324;-0.55419921875;
00:41:21;129.0;1572306082;103.093;22.798751671345567;0.5560671139352578;-0.52978515625;
00:41:22;130.0;1572306084;103.161;20.148696635697245;0.49143162526090844;-0.48095703125;
00:41:23;131.0;1572306085;103.025;20.28119938747966;0.49466339969462586;-0.4833984375;
00:41:24;132.0;1572306086;103.229;20.28119938747966;0.49466339969462586;-0.4833984375;
00:41:25;133.0;1572306087;103.275;18.9561718696555;0.4623456553574512;-0.458984375;
00:41:26;134.0;1572306087;103.025;20.28119938747966;0.49466339969462586;-0.4833984375;
00:41:27;135.0;1572306089;102.89;20.413702139262078;0.4978951741283434;-0.48583984375;
00:41:28;136.0;1572306090;102.98;19.883691132132412;0.48496807639347345;-0.47607421875;
00:41:29;137.0;1572306091;103.139;21.20871864995657;0.517285820730648;-0.50048828125;
00:41:30;138.0;1572306092;102.867;20.67870764282691;0.5043587229957783;-0.49072265625;
00:41:31;139.0;1572306093;103.048;21.20871864995657;0.517285820730648;-0.50048828125;
00:41:32;140.0;1572306094;103.025;20.413702139262078;0.4978951741283434;-0.48583984375;
00:41:34;142.0;1572306095;102.732;20.28119938747966;0.49466339969462586;-0.4833984375;
00:41:35;143.0;1572306096;102.89;20.943713146391744;0.5108222718632133;-0.49560546875;
00:41:36;144.0;1572306097;102.935;20.67870764282691;0.5043587229957783;-0.49072265625;
00:41:37;145.0;1572306098;102.664;21.20871864995657;0.517285820730648;-0.50048828125;
00:41:38;146.0;1572306099;102.957;20.413702139262078;0.4978951741283434;-0.48583984375;
00:41:39;147.0;1572306100;102.957;20.67870764282691;0.5043587229957783;-0.49072265625;
00:41:40;148.0;1572306101;103.003;20.546204891044493;0.5011269485620607;-0.48828125;
00:41:41;149.0;1572306102;102.89;20.413702139262078;0.4978951741283434;-0.48583984375;
00:41:42;150.0;1572306103;102.845;20.413702139262078;0.4978951741283434;-0.48583984375;
00:41:43;151.0;1572306104;102.799;20.28119938747966;0.49466339969462586;-0.4833984375;
00:41:44;152.0;1572306105;102.732;20.546204891044493;0.5011269485620607;-0.48828125;
00:41:45;153.0;1572306106;103.071;20.016193883914827;0.4881998508271909;-0.478515625;
00:41:46;154.0;1572306107;103.071;20.546204891044493;0.5011269485620607;-0.48828125;
00:41:47;155.0;1572306108;103.161;20.28119938747966;0.49466339969462586;-0.4833984375;
00:41:48;156.0;1572306109;102.89;20.28119938747966;0.49466339969462586;-0.4833984375;
00:41:49;157.0;1572306110;102.394;20.148696635697245;0.49143162526090844;-0.48095703125;
00:41:50;158.0;1572306111;102.304;16.703625089354425;0.40740548998425424;-0.41748046875;
00:41:51;159.0;1572306112;102.282;20.148696635697245;0.49143162526090844;-0.48095703125;
00:41:52;160.0;1572306113;102.417;21.341221401738988;0.5205175951643656;-0.5029296875;
00:41:53;161.0;1572306114;102.596;20.28119938747966;0.49466339969462586;-0.4833984375;
00:41:54;162.0;1572306115;102.304;20.28119938747966;0.49466339969462586;-0.4833984375;
00:41:55;163.0;1572306116;102.484;20.413702139262078;0.4978951741283434;-0.48583984375;
00:41:56;164.0;1572306117;102.327;20.67870764282691;0.5043587229957783;-0.49072265625;
00:41:57;165.0;1572306118;102.417;20.28119938747966;0.49466339969462586;-0.4833984375;
00:41:58;166.0;1572306119;102.417;20.148696635697245;0.49143162526090844;-0.48095703125;
00:41:59;167.0;1572306120;102.372;20.28119938747966;0.49466339969462586;-0.4833984375;
00:42:00;168.0;1572306121;102.461;20.148696635697245;0.49143162526090844;-0.48095703125;
00:42:01;169.0;1572306122;102.506;20.413702139262078;0.4978951741283434;-0.48583984375;
00:42:02;170.0;1572306123;102.754;19.751188380349994;0.481736301959756;-0.4736328125;
00:42:03;171.0;1572306124;102.529;20.546204891044493;0.5011269485620607;-0.48828125;
00:42:04;172.0;1572306125;102.664;20.148696635697245;0.49143162526090844;-0.48095703125;
00:42:05;173.0;1572306126;102.777;20.28119938747966;0.49466339969462586;-0.4833984375;
00:42:07;175.0;1572306127;102.98;20.148696635697245;0.49143162526090844;-0.48095703125;
00:42:08;176.0;1572306130;102.777;20.28119938747966;0.49466339969462586;-0.4833984375;
00:42:09;177.0;1572306130;102.687;21.738729657086235;0.530212918465518;-0.51025390625;
00:42:10;178.0;1572306131;102.822;20.148696635697245;0.49143162526090844;-0.48095703125;
00:42:11;179.0;1572306132;102.687;20.413702139262078;0.4978951741283434;-0.48583984375;
00:42:12;180.0;1572306133;102.867;18.9561718696555;0.4623456553574512;-0.458984375;
00:42:13;181.0;1572306135;102.89;19.751188380349994;0.481736301959756;-0.4736328125;
00:42:14;182.0;1572306136;102.687;20.413702139262078;0.4978951741283434;-0.48583984375;
00:42:15;183.0;1572306136;102.709;20.413702139262078;0.4978951741283434;-0.48583984375;
00:42:16;184.0;1572306137;102.754;20.148696635697245;0.49143162526090844;-0.48095703125;
00:42:17;185.0;1572306138;102.596;20.67870764282691;0.5043587229957783;-0.49072265625;
00:42:18;186.0;1572306140;102.754;20.28119938747966;0.49466339969462586;-0.4833984375;
00:42:19;187.0;1572306141;102.754;20.148696635697245;0.49143162526090844;-0.48095703125;
00:42:20;188.0;1572306142;102.867;20.148696635697245;0.49143162526090844;-0.48095703125;
00:42:21;189.0;1572306142;102.822;20.413702139262078;0.4978951741283434;-0.48583984375;
00:42:22;190.0;1572306143;102.551;20.016193883914827;0.4881998508271909;-0.478515625;
00:42:23;191.0;1572306145;102.551;20.148696635697245;0.49143162526090844;-0.48095703125;
00:42:24;192.0;1572306146;102.237;22.2687406642159;0.5431400162003879;-0.52001953125;
00:42:25;193.0;1572306147;102.417;20.546204891044493;0.5011269485620607;-0.48828125;
00:42:26;194.0;1572306148;102.754;20.148696635697245;0.49143162526090844;-0.48095703125;
00:42:27;195.0;1572306148;102.619;20.413702139262078;0.4978951741283434;-0.48583984375;
00:42:28;196.0;1572306150;102.709;20.148696635697245;0.49143162526090844;-0.48095703125;
00:42:29;197.0;1572306151;102.732;20.28119938747966;0.49466339969462586;-0.4833984375;
00:42:30;198.0;1572306152;102.327;20.413702139262078;0.4978951741283434;-0.48583984375;
00:42:31;199.0;1572306153;102.259;20.28119938747966;0.49466339969462586;-0.4833984375;
00:42:32;200.0;1572306154;102.282;20.28119938747966;0.49466339969462586;-0.4833984375;
00:42:33;201.0;1572306155;102.17;20.546204891044493;0.5011269485620607;-0.48828125;
00:42:34;202.0;1572306156;102.304;20.148696635697245;0.49143162526090844;-0.48095703125;
00:42:35;203.0;1572306157;102.506;20.546204891044493;0.5011269485620607;-0.48828125;
00:42:36;204.0;1572306158;102.394;20.148696635697245;0.49143162526090844;-0.48095703125;
00:42:38;206.0;1572306159;102.506;20.148696635697245;0.49143162526090844;-0.48095703125;
00:42:39;207.0;1572306160;102.282;20.28119938747966;0.49466339969462586;-0.4833984375;
00:42:40;208.0;1572306161;102.058;20.28119938747966;0.49466339969462586;-0.4833984375;
00:42:41;209.0;1572306162;102.058;20.546204891044493;0.5011269485620607;-0.48828125;
00:42:42;210.0;1572306163;102.102;20.413702139262078;0.4978951741283434;-0.48583984375;
00:42:43;211.0;1572306164;102.17;20.016193883914827;0.4881998508271909;-0.478515625;
00:42:44;212.0;1572306165;102.282;20.148696635697245;0.49143162526090844;-0.48095703125;
00:42:45;213.0;1572306166;102.327;20.413702139262078;0.4978951741283434;-0.48583984375;
00:42:46;214.0;1572306167;102.282;20.28119938747966;0.49466339969462586;-0.4833984375;
00:42:47;215.0;1572306168;102.687;20.148696635697245;0.49143162526090844;-0.48095703125;
00:42:48;216.0;1572306169;102.957;20.28119938747966;0.49466339969462586;-0.4833984375;
00:42:49;217.0;1572306170;103.003;20.28119938747966;0.49466339969462586;-0.4833984375;
00:42:50;218.0;1572306171;102.98;20.28119938747966;0.49466339969462586;-0.4833984375;
00:42:51;219.0;1572306172;102.754;20.413702139262078;0.4978951741283434;-0.48583984375;
00:42:52;220.0;1572306173;102.461;20.016193883914827;0.4881998508271909;-0.478515625;
00:42:53;221.0;1572306174;102.349;20.413702139262078;0.4978951741283434;-0.48583984375;
00:42:54;222.0;1572306175;102.349;19.883691132132412;0.48496807639347345;-0.47607421875;
00:42:55;223.0;1572306176;102.237;20.413702139262078;0.4978951741283434;-0.48583984375;
00:42:56;224.0;1572306177;101.924;20.28119938747966;0.49466339969462586;-0.4833984375;
00:42:57;225.0;1572306178;101.856;20.413702139262078;0.4978951741283434;-0.48583984375;
00:42:58;226.0;1572306179;101.678;20.28119938747966;0.49466339969462586;-0.4833984375;
00:42:59;227.0;1572306180;101.678;20.413702139262078;0.4978951741283434;-0.48583984375;
00:43:00;228.0;1572306181;102.282;20.413702139262078;0.4978951741283434;-0.48583984375;
00:43:01;229.0;1572306182;102.282;20.413702139262078;0.4978951741283434;-0.48583984375;
00:43:02;230.0;1572306183;102.304;20.67870764282691;0.5043587229957783;-0.49072265625;
00:43:03;231.0;1572306184;102.282;20.148696635697245;0.49143162526090844;-0.48095703125;
00:43:04;232.0;1572306185;101.901;20.413702139262078;0.4978951741283434;-0.48583984375;
00:43:05;233.0;1572306186;102.17;20.148696635697245;0.49143162526090844;-0.48095703125;
00:43:06;234.0;1572306187;102.349;20.28119938747966;0.49466339969462586;-0.4833984375;
00:43:07;235.0;1572306188;102.327;20.148696635697245;0.49143162526090844;-0.48095703125;
00:43:08;236.0;1572306189;102.259;20.28119938747966;0.49466339969462586;-0.4833984375;
00:43:09;237.0;1572306191;101.924;19.883691132132412;0.48496807639347345;-0.47607421875;
00:43:10;238.0;1572306191;101.901;18.028652607178586;0.4397232343214289;-0.44189453125;
00:43:11;239.0;1572306192;101.946;20.28119938747966;0.49466339969462586;-0.4833984375;
00:43:12;240.0;1572306193;102.259;20.28119938747966;0.49466339969462586;-0.4833984375;
00:43:13;241.0;1572306194;102.417;20.546204891044493;0.5011269485620607;-0.48828125;
00:43:14;242.0;1572306195;102.484;20.413702139262078;0.4978951741283434;-0.48583984375;
00:43:15;243.0;1572306197;102.439;20.413702139262078;0.4978951741283434;-0.48583984375;
00:43:16;244.0;1572306197;102.417;20.148696635697245;0.49143162526090844;-0.48095703125;
00:43:17;245.0;1572306198;102.327;20.148696635697245;0.49143162526090844;-0.48095703125;
00:43:18;246.0;1572306199;101.924;19.883691132132412;0.48496807639347345;-0.47607421875;
00:43:19;247.0;1572306201;101.7;20.28119938747966;0.49466339969462586;-0.4833984375;
00:43:20;248.0;1572306202;101.455;20.67870764282691;0.5043587229957783;-0.49072265625;
00:43:21;249.0;1572306203;101.433;20.67870764282691;0.5043587229957783;-0.49072265625;
00:43:22;250.0;1572306203;101.522;20.28119938747966;0.49466339969462586;-0.4833984375;
00:43:23;251.0;1572306204;101.924;20.28119938747966;0.49466339969462586;-0.4833984375;
00:43:24;252.0;1572306206;102.192;20.28119938747966;0.49466339969462586;-0.4833984375;
00:43:25;253.0;1572306207;102.125;20.413702139262078;0.4978951741283434;-0.48583984375;
00:43:26;254.0;1572306208;102.259;20.413702139262078;0.4978951741283434;-0.48583984375;
00:43:27;255.0;1572306209;102.125;20.28119938747966;0.49466339969462586;-0.4833984375;
00:43:28;256.0;1572306209;102.125;21.60622690530382;0.5269811440318005;-0.5078125;
00:43:29;257.0;1572306211;102.259;20.413702139262078;0.4978951741283434;-0.48583984375;
00:43:30;258.0;1572306212;102.394;20.67870764282691;0.5043587229957783;-0.49072265625;
00:43:31;259.0;1572306213;102.417;20.28119938747966;0.49466339969462586;-0.4833984375;
00:43:32;260.0;1572306214;102.215;18.161155358961;0.4429550087551464;-0.4443359375;
00:43:33;261.0;1572306214;102.035;20.148696635697245;0.49143162526090844;-0.48095703125;
00:43:34;262.0;1572306216;101.924;20.148696635697245;0.49143162526090844;-0.48095703125;
00:43:35;263.0;1572306217;101.79;20.28119938747966;0.49466339969462586;-0.4833984375;
00:43:36;264.0;1572306218;101.856;20.67870764282691;0.5043587229957783;-0.49072265625;
00:43:37;265.0;1572306219;102.08;20.148696635697245;0.49143162526090844;-0.48095703125;
00:43:38;266.0;1572306220;101.924;20.546204891044493;0.5011269485620607;-0.48828125;
00:43:39;267.0;1572306221;101.991;20.148696635697245;0.49143162526090844;-0.48095703125;
00:43:40;268.0;1572306222;101.656;20.28119938747966;0.49466339969462586;-0.4833984375;
00:43:41;269.0;1572306223;101.589;19.088674621437917;0.46557742979116873;-0.46142578125;
00:43:43;271.0;1572306224;101.901;20.28119938747966;0.49466339969462586;-0.4833984375;
00:43:44;272.0;1572306225;101.879;20.413702139262078;0.4978951741283434;-0.48583984375;
00:43:45;273.0;1572306226;101.924;20.28119938747966;0.49466339969462586;-0.4833984375;
00:43:46;274.0;1572306227;101.946;20.148696635697245;0.49143162526090844;-0.48095703125;
00:43:47;275.0;1572306228;101.522;20.28119938747966;0.49466339969462586;-0.4833984375;
00:43:48;276.0;1572306229;101.812;20.413702139262078;0.4978951741283434;-0.48583984375;
00:43:49;277.0;1572306230;102.013;20.28119938747966;0.49466339969462586;-0.4833984375;
00:43:50;278.0;1572306231;101.968;16.571122337572007;0.40417371555053677;-0.4150390625;
00:43:51;279.0;1572306232;102.17;20.413702139262078;0.4978951741283434;-0.48583984375;
00:43:52;280.0;1572306233;101.745;20.28119938747966;0.49466339969462586;-0.4833984375;
00:43:53;281.0;1572306233;101.633;20.016193883914827;0.4881998508271909;-0.478515625;
00:43:54;282.0;1572306235;101.656;20.28119938747966;0.49466339969462586;-0.4833984375;
00:43:55;283.0;1572306237;101.611;20.413702139262078;0.4978951741283434;-0.48583984375;
00:43:56;284.0;1572306238;101.856;19.48618287678516;0.47527275309232103;-0.46875;
00:43:57;285.0;1572306239;101.678;20.148696635697245;0.49143162526090844;-0.48095703125;
00:43:58;286.0;1572306239;101.79;19.883691132132412;0.48496807639347345;-0.47607421875;
00:43:59;287.0;1572306240;101.924;20.67870764282691;0.5043587229957783;-0.49072265625;
00:44:00;288.0;1572306242;101.79;20.546204891044493;0.5011269485620607;-0.48828125;
00:44:01;289.0;1572306243;101.812;20.28119938747966;0.49466339969462586;-0.4833984375;
00:44:02;290.0;1572306244;101.5;20.28119938747966;0.49466339969462586;-0.4833984375;
00:44:03;291.0;1572306245;101.5;20.413702139262078;0.4978951741283434;-0.48583984375;
00:44:04;292.0;1572306245;101.123;19.751188380349994;0.481736301959756;-0.4736328125;
00:44:05;293.0;1572306247;101.189;19.221177373220332;0.46880920422488614;-0.4638671875;
00:44:06;294.0;1572306248;101.167;20.546204891044493;0.5011269485620607;-0.48828125;
00:44:07;295.0;1572306249;100.968;20.28119938747966;0.49466339969462586;-0.4833984375;
00:44:08;296.0;1572306250;101.344;20.28119938747966;0.49466339969462586;-0.4833984375;
00:44:09;297.0;1572306251;101.522;20.413702139262078;0.4978951741283434;-0.48583984375;
00:44:10;298.0;1572306252;101.879;20.546204891044493;0.5011269485620607;-0.48828125;
00:44:11;299.0;1572306253;101.901;20.148696635697245;0.49143162526090844;-0.48095703125;
00:44:12;300.0;1572306254;101.924;20.413702139262078;0.4978951741283434;-0.48583984375;
00:44:14;302.0;1572306255;101.723;20.28119938747966;0.49466339969462586;-0.4833984375;
00:44:15;303.0;1572306256;101.433;20.546204891044493;0.5011269485620607;-0.48828125;
00:44:16;304.0;1572306257;101.433;20.28119938747966;0.49466339969462586;-0.4833984375;
00:44:17;305.0;1572306258;101.589;20.413702139262078;0.4978951741283434;-0.48583984375;
00:44:18;306.0;1572306259;101.611;20.28119938747966;0.49466339969462586;-0.4833984375;
00:44:19;307.0;1572306260;101.433;20.28119938747966;0.49466339969462586;-0.4833984375;
00:44:20;308.0;1572306261;101.389;20.28119938747966;0.49466339969462586;-0.4833984375;
00:44:21;309.0;1572306262;100.99;20.546204891044493;0.5011269485620607;-0.48828125;
00:44:22;310.0;1572306263;100.901;20.413702139262078;0.4978951741283434;-0.48583984375;
00:44:23;311.0;1572306264;101.056;20.67870764282691;0.5043587229957783;-0.49072265625;
00:44:24;312.0;1572306265;101.145;20.148696635697245;0.49143162526090844;-0.48095703125;
00:44:25;313.0;1572306266;101.012;20.28119938747966;0.49466339969462586;-0.4833984375;
00:44:26;314.0;1572306267;100.946;20.546204891044493;0.5011269485620607;-0.48828125;
00:44:27;315.0;1572306268;100.99;20.413702139262078;0.4978951741283434;-0.48583984375;
00:44:28;316.0;1572306269;101.145;20.413702139262078;0.4978951741283434;-0.48583984375;
00:44:29;317.0;1572306270;101.278;20.811210394609326;0.5075904974294958;-0.4931640625;
00:44:30;318.0;1572306271;101.5;20.28119938747966;0.49466339969462586;-0.4833984375;
00:44:31;319.0;1572306272;101.656;19.751188380349994;0.481736301959756;-0.4736328125;
00:44:32;320.0;1572306273;101.522;20.148696635697245;0.49143162526090844;-0.48095703125;
00:44:33;321.0;1572306274;101.455;20.28119938747966;0.49466339969462586;-0.4833984375;
00:44:34;322.0;1572306275;101.389;20.413702139262078;0.4978951741283434;-0.48583984375;
00:44:35;323.0;1572306276;101.411;20.413702139262078;0.4978951741283434;-0.48583984375;
00:44:36;324.0;1572306277;101.211;20.148696635697245;0.49143162526090844;-0.48095703125;
00:44:37;325.0;1572306278;101.478;19.221177373220332;0.46880920422488614;-0.4638671875;
00:44:38;326.0;1572306279;101.322;20.546204891044493;0.5011269485620607;-0.48828125;
00:44:39;327.0;1572306280;100.968;20.148696635697245;0.49143162526090844;-0.48095703125;
00:44:40;328.0;1572306281;101.034;20.413702139262078;0.4978951741283434;-0.48583984375;
00:44:41;329.0;1572306282;100.791;19.61868562856758;0.4785045275260385;-0.47119140625;
00:44:42;330.0;1572306283;101.078;20.148696635697245;0.49143162526090844;-0.48095703125;
00:44:43;331.0;1572306284;101.389;20.67870764282691;0.5043587229957783;-0.49072265625;
00:44:44;332.0;1572306285;101.367;20.148696635697245;0.49143162526090844;-0.48095703125;
00:44:45;333.0;1572306286;101.478;17.23363609648409;0.4203325877191242;-0.42724609375;
00:44:46;334.0;1572306288;101.233;20.016193883914827;0.4881998508271909;-0.478515625;
00:44:47;335.0;1572306288;101.3;19.088674621437917;0.46557742979116873;-0.46142578125;
00:44:48;336.0;1572306289;101.433;20.67870764282691;0.5043587229957783;-0.49072265625;
00:44:49;337.0;1572306290;101.322;20.413702139262078;0.4978951741283434;-0.48583984375;
00:44:50;338.0;1572306291;101.078;20.148696635697245;0.49143162526090844;-0.48095703125;
00:44:51;339.0;1572306293;100.813;20.148696635697245;0.49143162526090844;-0.48095703125;
00:44:52;340.0;1572306294;100.791;19.751188380349994;0.481736301959756;-0.4736328125;
00:44:53;341.0;1572306294;100.946;20.148696635697245;0.49143162526090844;-0.48095703125;
00:44:54;342.0;1572306295;100.901;20.413702139262078;0.4978951741283434;-0.48583984375;
00:44:55;343.0;1572306296;100.725;20.67870764282691;0.5043587229957783;-0.49072265625;
00:44:56;344.0;1572306298;100.703;20.016193883914827;0.4881998508271909;-0.478515625;
00:44:57;345.0;1572306299;100.373;20.148696635697245;0.49143162526090844;-0.48095703125;
00:44:58;346.0;1572306300;100.681;20.28119938747966;0.49466339969462586;-0.4833984375;
00:44:59;347.0;1572306300;100.835;20.28119938747966;0.49466339969462586;-0.4833984375;
00:45:00;348.0;1572306301;100.835;20.413702139262078;0.4978951741283434;-0.48583984375;
00:45:01;349.0;1572306303;100.946;20.016193883914827;0.4881998508271909;-0.478515625;
00:45:02;350.0;1572306304;100.901;20.413702139262078;0.4978951741283434;-0.48583984375;
00:45:04;352.0;1572306305;100.835;19.61868562856758;0.4785045275260385;-0.47119140625;
00:45:05;353.0;1572306306;100.857;20.148696635697245;0.49143162526090844;-0.48095703125;
00:45:06;354.0;1572306308;100.593;20.148696635697245;0.49143162526090844;-0.48095703125;
00:45:07;355.0;1572306309;100.461;21.20871864995657;0.517285820730648;-0.50048828125;
00:45:08;356.0;1572306310;100.482;20.148696635697245;0.49143162526090844;-0.48095703125;
00:45:09;357.0;1572306311;100.769;20.016193883914827;0.4881998508271909;-0.478515625;
00:45:10;358.0;1572306312;101.034;20.546204891044493;0.5011269485620607;-0.48828125;
00:45:11;359.0;1572306313;101.322;20.148696635697245;0.49143162526090844;-0.48095703125;
00:45:12;360.0;1572306314;101.411;20.413702139262078;0.4978951741283434;-0.48583984375;
00:45:13;361.0;1572306315;101.455;19.61868562856758;0.4785045275260385;-0.47119140625;
00:45:14;362.0;1572306316;101.322;20.413702139262078;0.4978951741283434;-0.48583984375;
00:45:15;363.0;1572306317;101.256;21.60622690530382;0.5269811440318005;-0.5078125;
00:45:16;364.0;1572306318;101.1;20.413702139262078;0.4978951741283434;-0.48583984375;
00:45:18;366.0;1572306319;100.968;20.413702139262078;0.4978951741283434;-0.48583984375;
00:45:19;367.0;1572306320;100.946;20.413702139262078;0.4978951741283434;-0.48583984375;
00:45:20;368.0;1572306321;100.791;19.883691132132412;0.48496807639347345;-0.47607421875;
00:45:21;369.0;1572306322;100.946;20.811210394609326;0.5075904974294958;-0.4931640625;
00:45:22;370.0;1572306323;100.857;20.28119938747966;0.49466339969462586;-0.4833984375;
00:45:23;371.0;1572306324;100.857;20.546204891044493;0.5011269485620607;-0.48828125;
00:45:24;372.0;1572306325;100.901;20.413702139262078;0.4978951741283434;-0.48583984375;
00:45:25;373.0;1572306326;101.145;21.07621589817416;0.5140540462969307;-0.498046875;
00:45:26;374.0;1572306327;101.034;19.883691132132412;0.48496807639347345;-0.47607421875;
00:45:27;375.0;1572306328;101.056;20.413702139262078;0.4978951741283434;-0.48583984375;
00:45:28;376.0;1572306329;101.056;20.413702139262078;0.4978951741283434;-0.48583984375;
00:45:29;377.0;1572306330;100.725;19.48618287678516;0.47527275309232103;-0.46875;
00:45:30;378.0;1572306331;100.791;20.28119938747966;0.49466339969462586;-0.4833984375;
00:45:31;379.0;1572306332;101.034;20.546204891044493;0.5011269485620607;-0.48828125;
00:45:32;380.0;1572306333;101.056;20.811210394609326;0.5075904974294958;-0.4931640625;
00:45:33;381.0;1572306334;101.056;20.28119938747966;0.49466339969462586;-0.4833984375;
00:45:34;382.0;1572306335;100.901;20.28119938747966;0.49466339969462586;-0.4833984375;
00:45:35;383.0;1572306336;100.703;20.413702139262078;0.4978951741283434;-0.48583984375;
00:45:36;384.0;1572306337;100.747;20.148696635697245;0.49143162526090844;-0.48095703125;
00:45:37;385.0;1572306338;100.857;19.883691132132412;0.48496807639347345;-0.47607421875;
00:45:38;386.0;1572306339;100.968;20.016193883914827;0.4881998508271909;-0.478515625;
00:45:39;387.0;1572306340;100.857;20.413702139262078;0.4978951741283434;-0.48583984375;
00:45:40;388.0;1572306341;100.659;20.148696635697245;0.49143162526090844;-0.48095703125;
00:45:41;389.0;1572306342;100.637;21.341221401738988;0.5205175951643656;-0.5029296875;
00:45:42;390.0;1572306343;100.681;20.148696635697245;0.49143162526090844;-0.48095703125;
00:45:43;391.0;1572306344;100.703;20.67870764282691;0.5043587229957783;-0.49072265625;
00:45:44;392.0;1572306345;100.813;20.28119938747966;0.49466339969462586;-0.4833984375;
00:45:45;393.0;1572306346;100.725;20.413702139262078;0.4978951741283434;-0.48583984375;
00:45:46;394.0;1572306347;100.901;18.691166366090666;0.45588210649001626;-0.4541015625;
00:45:47;395.0;1572306348;100.99;20.28119938747966;0.49466339969462586;-0.4833984375;
00:45:48;396.0;1572306349;100.923;20.413702139262078;0.4978951741283434;-0.48583984375;
00:45:49;397.0;1572306350;100.901;20.413702139262078;0.4978951741283434;-0.48583984375;
00:45:50;398.0;1572306352;100.857;20.148696635697245;0.49143162526090844;-0.48095703125;
00:45:51;399.0;1572306352;100.703;21.738729657086235;0.530212918465518;-0.51025390625;
00:45:52;400.0;1572306353;100.439;20.28119938747966;0.49466339969462586;-0.4833984375;
00:45:53;401.0;1572306354;100.57;20.413702139262078;0.4978951741283434;-0.48583984375;
00:45:54;402.0;1572306355;100.263;19.883691132132412;0.48496807639347345;-0.47607421875;
00:45:55;403.0;1572306356;100.57;20.413702139262078;0.4978951741283434;-0.48583984375;
00:45:56;404.0;1572306358;101.056;20.28119938747966;0.49466339969462586;-0.4833984375;
00:45:57;405.0;1572306359;100.99;20.67870764282691;0.5043587229957783;-0.49072265625;
00:45:58;406.0;1572306359;100.946;23.991276437387313;0.585153083838715;-0.5517578125;
00:45:59;407.0;1572306360;100.548;20.28119938747966;0.49466339969462586;-0.4833984375;
00:46:00;408.0;1572306361;100.417;20.413702139262078;0.4978951741283434;-0.48583984375;
00:46:01;409.0;1572306363;100.285;20.28119938747966;0.49466339969462586;-0.4833984375;
00:46:03;411.0;1572306364;100.373;19.61868562856758;0.4785045275260385;-0.47119140625;
00:46:04;412.0;1572306365;100.285;20.28119938747966;0.49466339969462586;-0.4833984375;
00:46:05;413.0;1572306366;100.351;20.016193883914827;0.4881998508271909;-0.478515625;
00:46:06;414.0;1572306367;100.791;20.413702139262078;0.4978951741283434;-0.48583984375;
00:46:07;415.0;1572306368;100.946;20.943713146391744;0.5108222718632133;-0.49560546875;
00:46:08;416.0;1572306369;101.211;20.413702139262078;0.4978951741283434;-0.48583984375;
00:46:09;417.0;1572306371;100.57;20.67870764282691;0.5043587229957783;-0.49072265625;
00:46:10;418.0;1572306371;100.526;20.546204891044493;0.5011269485620607;-0.48828125;
00:46:11;419.0;1572306372;100.197;19.48618287678516;0.47527275309232103;-0.46875;
00:46:12;420.0;1572306374;100.351;20.148696635697245;0.49143162526090844;-0.48095703125;
00:46:13;421.0;1572306375;100.548;20.28119938747966;0.49466339969462586;-0.4833984375;
00:46:14;422.0;1572306376;100.548;20.413702139262078;0.4978951741283434;-0.48583984375;
00:46:15;423.0;1572306377;100.703;19.221177373220332;0.46880920422488614;-0.4638671875;
00:46:16;424.0;1572306378;100.791;20.413702139262078;0.4978951741283434;-0.48583984375;
00:46:17;425.0;1572306379;100.813;20.28119938747966;0.49466339969462586;-0.4833984375;
00:46:18;426.0;1572306380;100.637;20.413702139262078;0.4978951741283434;-0.48583984375;
00:46:20;428.0;1572306381;100.681;20.67870764282691;0.5043587229957783;-0.49072265625;
00:46:21;429.0;1572306382;100.703;20.28119938747966;0.49466339969462586;-0.4833984375;
00:46:22;430.0;1572306383;100.482;20.413702139262078;0.4978951741283434;-0.48583984375;
00:46:23;431.0;1572306384;100.57;20.413702139262078;0.4978951741283434;-0.48583984375;
00:46:24;432.0;1572306385;100.373;20.148696635697245;0.49143162526090844;-0.48095703125;
00:46:25;433.0;1572306386;100.109;20.546204891044493;0.5011269485620607;-0.48828125;
00:46:26;434.0;1572306387;100.439;20.148696635697245;0.49143162526090844;-0.48095703125;
00:46:27;435.0;1572306388;100.417;20.148696635697245;0.49143162526090844;-0.48095703125;
00:46:28;436.0;1572306389;100.526;18.823669117873084;0.4591138809237338;-0.45654296875;
00:46:29;437.0;1572306390;100.879;20.28119938747966;0.49466339969462586;-0.4833984375;
00:46:30;438.0;1572306391;100.703;20.148696635697245;0.49143162526090844;-0.48095703125;
00:46:31;439.0;1572306392;100.968;20.148696635697245;0.49143162526090844;-0.48095703125;
00:46:32;440.0;1572306393;100.659;20.148696635697245;0.49143162526090844;-0.48095703125;
00:46:33;441.0;1572306394;100.373;20.413702139262078;0.4978951741283434;-0.48583984375;
00:46:34;442.0;1572306395;100.307;19.883691132132412;0.48496807639347345;-0.47607421875;
00:46:35;443.0;1572306396;99.978;20.413702139262078;0.4978951741283434;-0.48583984375;
00:46:36;444.0;1572306397;100.175;20.28119938747966;0.49466339969462586;-0.4833984375;
00:46:37;445.0;1572306398;100.504;20.148696635697245;0.49143162526090844;-0.48095703125;
00:46:38;446.0;1572306399;100.725;19.48618287678516;0.47527275309232103;-0.46875;
00:46:39;447.0;1572306400;100.879;20.148696635697245;0.49143162526090844;-0.48095703125;
00:46:40;448.0;1572306401;101.034;20.28119938747966;0.49466339969462586;-0.4833984375;
00:46:41;449.0;1572306402;100.659;20.28119938747966;0.49466339969462586;-0.4833984375;
00:46:42;450.0;1572306403;100.329;20.67870764282691;0.5043587229957783;-0.49072265625;
00:46:43;451.0;1572306404;100.241;20.148696635697245;0.49143162526090844;-0.48095703125;
00:46:44;452.0;1572306405;100.241;20.148696635697245;0.49143162526090844;-0.48095703125;
00:46:45;453.0;1572306406;100.153;17.366138848266505;0.4235643621528416;-0.4296875;
00:46:46;454.0;1572306407;100.175;20.28119938747966;0.49466339969462586;-0.4833984375;
00:46:47;455.0;1572306408;100.197;20.28119938747966;0.49466339969462586;-0.4833984375;
00:46:48;456.0;1572306409;100.022;21.60622690530382;0.5269811440318005;-0.5078125;
00:46:49;457.0;1572306410;100.329;20.28119938747966;0.49466339969462586;-0.4833984375;
00:46:50;458.0;1572306411;100.241;20.413702139262078;0.4978951741283434;-0.48583984375;
00:46:51;459.0;1572306413;100.219;20.148696635697245;0.49143162526090844;-0.48095703125;
00:46:52;460.0;1572306413;100.285;19.883691132132412;0.48496807639347345;-0.47607421875;
00:46:53;461.0;1572306414;100.329;19.751188380349994;0.481736301959756;-0.4736328125;
00:46:54;462.0;1572306415;100.351;20.28119938747966;0.49466339969462586;-0.4833984375;
00:46:55;463.0;1572306416;100.307;20.28119938747966;0.49466339969462586;-0.4833984375;
00:46:56;464.0;1572306418;100.307;20.811210394609326;0.5075904974294958;-0.4931640625;
00:46:57;465.0;1572306419;99.956;20.546204891044493;0.5011269485620607;-0.48828125;
00:46:58;466.0;1572306419;100.109;20.413702139262078;0.4978951741283434;-0.48583984375;
00:46:59;467.0;1572306420;100.066;20.413702139262078;0.4978951741283434;-0.48583984375;
00:47:00;468.0;1572306421;99.738;20.016193883914827;0.4881998508271909;-0.478515625;
00:47:02;470.0;1572306423;99.978;20.546204891044493;0.5011269485620607;-0.48828125;
00:47:03;471.0;1572306425;99.978;20.546204891044493;0.5011269485620607;-0.48828125;
00:47:04;472.0;1572306425;100.417;20.67870764282691;0.5043587229957783;-0.49072265625;
00:47:05;473.0;1572306426;100.285;23.858773685604895;0.5819213094049974;-0.54931640625;
00:47:06;474.0;1572306427;100.109;20.413702139262078;0.4978951741283434;-0.48583984375;
00:47:07;475.0;1572306429;100.109;20.28119938747966;0.49466339969462586;-0.4833984375;
00:47:08;476.0;1572306430;100.0;20.413702139262078;0.4978951741283434;-0.48583984375;
00:47:09;477.0;1572306431;100.088;20.28119938747966;0.49466339969462586;-0.4833984375;
00:47:10;478.0;1572306431;99.934;20.148696635697245;0.49143162526090844;-0.48095703125;
00:47:11;479.0;1572306432;99.738;20.148696635697245;0.49143162526090844;-0.48095703125;
00:47:12;480.0;1572306434;99.477;20.413702139262078;0.4978951741283434;-0.48583984375;
00:47:13;481.0;1572306435;99.259;20.28119938747966;0.49466339969462586;-0.4833984375;
00:47:14;482.0;1572306436;99.411;20.28119938747966;0.49466339969462586;-0.4833984375;
00:47:15;483.0;1572306437;99.694;20.546204891044493;0.5011269485620607;-0.48828125;
00:47:16;484.0;1572306437;100.0;21.60622690530382;0.5269811440318005;-0.5078125;
00:47:17;485.0;1572306439;100.109;20.546204891044493;0.5011269485620607;-0.48828125;
00:47:18;486.0;1572306440;99.934;17.498641600048924;0.4267961365865591;-0.43212890625;
00:47:19;487.0;1572306441;99.913;20.28119938747966;0.49466339969462586;-0.4833984375;
00:47:20;488.0;1572306442;99.76;20.28119938747966;0.49466339969462586;-0.4833984375;
00:47:21;489.0;1572306443;99.629;20.148696635697245;0.49143162526090844;-0.48095703125;
00:47:22;490.0;1572306444;99.607;20.811210394609326;0.5075904974294958;-0.4931640625;
00:47:24;492.0;1572306445;99.411;20.148696635697245;0.49143162526090844;-0.48095703125;
00:47:25;493.0;1572306446;99.542;20.28119938747966;0.49466339969462586;-0.4833984375;
00:47:26;494.0;1572306447;100.109;20.811210394609326;0.5075904974294958;-0.4931640625;
00:47:27;495.0;1572306448;100.219;20.28119938747966;0.49466339969462586;-0.4833984375;
00:47:28;496.0;1572306449;100.263;20.28119938747966;0.49466339969462586;-0.4833984375;
00:47:29;497.0;1572306450;100.0;20.148696635697245;0.49143162526090844;-0.48095703125;
00:47:30;498.0;1572306451;99.651;20.546204891044493;0.5011269485620607;-0.48828125;
00:47:31;499.0;1572306452;99.934;20.28119938747966;0.49466339969462586;-0.4833984375;
00:47:32;500.0;1572306453;100.131;20.943713146391744;0.5108222718632133;-0.49560546875;
00:47:33;501.0;1572306454;100.153;20.148696635697245;0.49143162526090844;-0.48095703125;
00:47:34;502.0;1572306455;100.109;20.413702139262078;0.4978951741283434;-0.48583984375;
00:47:35;503.0;1572306456;100.022;20.016193883914827;0.4881998508271909;-0.478515625;
00:47:36;504.0;1572306457;99.891;20.148696635697245;0.49143162526090844;-0.48095703125;
00:47:37;505.0;1572306458;99.978;20.943713146391744;0.5108222718632133;-0.49560546875;
00:47:38;506.0;1572306459;99.978;20.016193883914827;0.4881998508271909;-0.478515625;
00:47:39;507.0;1572306460;99.782;20.148696635697245;0.49143162526090844;-0.48095703125;
00:47:40;508.0;1572306461;99.607;20.28119938747966;0.49466339969462586;-0.4833984375;
00:47:41;509.0;1572306462;99.564;20.413702139262078;0.4978951741283434;-0.48583984375;
00:47:42;510.0;1572306464;99.52;20.28119938747966;0.49466339969462586;-0.4833984375;
00:47:43;511.0;1572306465;99.346;20.28119938747966;0.49466339969462586;-0.4833984375;
00:47:44;512.0;1572306466;99.433;20.148696635697245;0.49143162526090844;-0.48095703125;
00:47:45;513.0;1572306467;99.433;20.413702139262078;0.4978951741283434;-0.48583984375;
00:47:46;514.0;1572306467;99.368;20.148696635697245;0.49143162526090844;-0.48095703125;
00:47:47;515.0;1572306469;99.433;20.413702139262078;0.4978951741283434;-0.48583984375;
00:47:48;516.0;1572306470;99.651;20.148696635697245;0.49143162526090844;-0.48095703125;
00:47:49;517.0;1572306471;99.629;22.666248919563152;0.5528353395015403;-0.52734375;
00:47:50;518.0;1572306472;99.607;20.28119938747966;0.49466339969462586;-0.4833984375;
00:47:51;519.0;1572306473;99.498;20.546204891044493;0.5011269485620607;-0.48828125;
00:47:52;520.0;1572306474;99.325;20.413702139262078;0.4978951741283434;-0.48583984375;
00:47:53;521.0;1572306475;99.411;20.413702139262078;0.4978951741283434;-0.48583984375;
00:47:55;523.0;1572306476;99.52;20.811210394609326;0.5075904974294958;-0.4931640625;
00:47:56;524.0;1572306477;99.477;20.28119938747966;0.49466339969462586;-0.4833984375;
00:47:57;525.0;1572306478;99.303;20.28119938747966;0.49466339969462586;-0.4833984375;
00:47:58;526.0;1572306479;99.238;20.413702139262078;0.4978951741283434;-0.48583984375;
00:47:59;527.0;1572306480;99.194;21.20871864995657;0.517285820730648;-0.50048828125;
00:48:00;528.0;1572306481;99.259;21.738729657086235;0.530212918465518;-0.51025390625;
00:48:01;529.0;1572306482;99.411;20.28119938747966;0.49466339969462586;-0.4833984375;
00:48:02;530.0;1572306483;99.52;20.546204891044493;0.5011269485620607;-0.48828125;
00:48:03;531.0;1572306484;99.542;20.148696635697245;0.49143162526090844;-0.48095703125;
00:48:04;532.0;1572306485;99.542;20.28119938747966;0.49466339969462586;-0.4833984375;
00:48:05;533.0;1572306486;99.52;20.413702139262078;0.4978951741283434;-0.48583984375;
00:48:06;534.0;1572306487;99.325;20.148696635697245;0.49143162526090844;-0.48095703125;
00:48:07;535.0;1572306488;99.411;20.413702139262078;0.4978951741283434;-0.48583984375;
00:48:08;536.0;1572306489;99.542;20.413702139262078;0.4978951741283434;-0.48583984375;
00:48:09;537.0;1572306490;99.629;20.413702139262078;0.4978951741283434;-0.48583984375;
00:48:10;538.0;1572306491;99.673;20.67870764282691;0.5043587229957783;-0.49072265625;
00:48:11;539.0;1572306492;99.651;16.968630592919258;0.41386903885168924;-0.42236328125;
00:48:12;540.0;1572306493;99.738;20.546204891044493;0.5011269485620607;-0.48828125;
00:48:13;541.0;1572306494;99.76;20.148696635697245;0.49143162526090844;-0.48095703125;
00:48:14;542.0;1572306495;99.651;20.67870764282691;0.5043587229957783;-0.49072265625;
00:48:15;543.0;1572306496;99.738;20.811210394609326;0.5075904974294958;-0.4931640625;
00:48:16;544.0;1572306497;99.411;20.413702139262078;0.4978951741283434;-0.48583984375;
00:48:17;545.0;1572306498;99.433;20.546204891044493;0.5011269485620607;-0.48828125;
00:48:18;546.0;1572306499;99.368;20.546204891044493;0.5011269485620607;-0.48828125;
00:48:19;547.0;1572306500;99.129;20.28119938747966;0.49466339969462586;-0.4833984375;
00:48:20;548.0;1572306501;99.325;20.413702139262078;0.4978951741283434;-0.48583984375;
00:48:21;549.0;1572306502;99.086;20.28119938747966;0.49466339969462586;-0.4833984375;
00:48:22;550.0;1572306503;99.194;20.413702139262078;0.4978951741283434;-0.48583984375;
00:48:23;551.0;1572306504;99.064;20.943713146391744;0.5108222718632133;-0.49560546875;
00:48:24;552.0;1572306505;99.086;20.148696635697245;0.49143162526090844;-0.48095703125;
00:48:25;553.0;1572306506;99.108;20.413702139262078;0.4978951741283434;-0.48583984375;
00:48:26;554.0;1572306507;99.021;20.28119938747966;0.49466339969462586;-0.4833984375;
00:48:27;555.0;1572306508;99.043;20.546204891044493;0.5011269485620607;-0.48828125;
00:48:28;556.0;1572306510;98.956;19.221177373220332;0.46880920422488614;-0.4638671875;
00:48:29;557.0;1572306510;99.238;20.148696635697245;0.49143162526090844;-0.48095703125;
00:48:30;558.0;1572306511;99.368;19.35368012500275;0.47204097865860367;-0.46630859375;
00:48:31;559.0;1572306512;99.607;20.28119938747966;0.49466339969462586;-0.4833984375;
00:48:32;560.0;1572306513;99.629;20.148696635697245;0.49143162526090844;-0.48095703125;
00:48:33;561.0;1572306515;99.325;20.943713146391744;0.5108222718632133;-0.49560546875;
00:48:34;562.0;1572306516;99.433;20.413702139262078;0.4978951741283434;-0.48583984375;
00:48:35;563.0;1572306516;99.411;20.28119938747966;0.49466339969462586;-0.4833984375;
00:48:36;564.0;1572306517;99.281;20.413702139262078;0.4978951741283434;-0.48583984375;
00:48:37;565.0;1572306518;99.346;20.148696635697245;0.49143162526090844;-0.48095703125;
00:48:38;566.0;1572306520;99.043;20.28119938747966;0.49466339969462586;-0.4833984375;
00:48:39;567.0;1572306521;98.892;20.413702139262078;0.4978951741283434;-0.48583984375;
00:48:40;568.0;1572306522;98.935;20.413702139262078;0.4978951741283434;-0.48583984375;
00:48:41;569.0;1572306522;98.913;20.28119938747966;0.49466339969462586;-0.4833984375;
00:48:42;570.0;1572306523;98.892;20.413702139262078;0.4978951741283434;-0.48583984375;
00:48:43;571.0;1572306525;99.043;20.413702139262078;0.4978951741283434;-0.48583984375;
00:48:44;572.0;1572306526;98.978;20.28119938747966;0.49466339969462586;-0.4833984375;
00:48:45;573.0;1572306527;99.108;20.546204891044493;0.5011269485620607;-0.48828125;
00:48:46;574.0;1572306527;99.39;20.67870764282691;0.5043587229957783;-0.49072265625;
00:48:47;575.0;1572306529;99.129;20.546204891044493;0.5011269485620607;-0.48828125;
00:48:48;576.0;1572306530;99.325;20.148696635697245;0.49143162526090844;-0.48095703125;
00:48:49;577.0;1572306531;99.194;20.148696635697245;0.49143162526090844;-0.48095703125;
00:48:50;578.0;1572306532;98.935;20.413702139262078;0.4978951741283434;-0.48583984375;
00:48:51;579.0;1572306532;98.978;20.413702139262078;0.4978951741283434;-0.48583984375;
00:48:52;580.0;1572306534;98.762;20.67870764282691;0.5043587229957783;-0.49072265625;
00:48:53;581.0;1572306535;98.913;20.28119938747966;0.49466339969462586;-0.4833984375;
00:48:54;582.0;1572306536;99.064;16.438619585789592;0.4009419411168193;-0.41259765625;
00:48:55;583.0;1572306537;99.433;20.413702139262078;0.4978951741283434;-0.48583984375;
00:48:56;584.0;1572306538;99.498;20.148696635697245;0.49143162526090844;-0.48095703125;
00:48:57;585.0;1572306539;99.411;20.28119938747966;0.49466339969462586;-0.4833984375;
00:48:59;587.0;1572306540;99.216;20.148696635697245;0.49143162526090844;-0.48095703125;
00:49:00;588.0;1572306541;98.892;20.148696635697245;0.49143162526090844;-0.48095703125;
00:49:01;589.0;1572306542;98.719;20.148696635697245;0.49143162526090844;-0.48095703125;
00:49:02;590.0;1572306543;98.482;20.28119938747966;0.49466339969462586;-0.4833984375;
00:49:03;591.0;1572306544;98.633;20.413702139262078;0.4978951741283434;-0.48583984375;
00:49:04;592.0;1572306545;98.676;20.413702139262078;0.4978951741283434;-0.48583984375;
00:49:05;593.0;1572306546;98.654;20.413702139262078;0.4978951741283434;-0.48583984375;
00:49:06;594.0;1572306547;98.762;20.546204891044493;0.5011269485620607;-0.48828125;
00:49:07;595.0;1572306548;98.827;20.28119938747966;0.49466339969462586;-0.4833984375;
00:49:08;596.0;1572306549;98.719;20.148696635697245;0.49143162526090844;-0.48095703125;
00:49:09;597.0;1572306550;98.956;20.28119938747966;0.49466339969462586;-0.4833984375;
00:49:10;598.0;1572306551;99.086;20.546204891044493;0.5011269485620607;-0.48828125;
