Time;Seconds from start for linreg;Unix Time;ch1 po2;Uc;Ubl;Vc;
18:10:37;-2.0;1576519839;98.187;17.13907568022073;0.4967848023252386;-0.4345703125;
18:10:38;-1.0;1576519839;98.08;17.13907568022073;0.4967848023252386;-0.4345703125;
18:10:39;0.0;1576519840;98.251;17.13907568022073;0.4967848023252386;-0.4345703125;
18:10:40;1.0;1576519841;98.315;17.13907568022073;0.4967848023252386;-0.4345703125;
18:10:41;2.0;1576519842;98.165;17.13907568022073;0.4967848023252386;-0.4345703125;
18:10:42;3.0;1576519843;98.358;17.13907568022073;0.4967848023252386;-0.4345703125;
18:10:43;4.0;1576519844;98.337;17.13907568022073;0.4967848023252386;-0.4345703125;
18:10:44;5.0;1576519845;98.337;17.13907568022073;0.4967848023252386;-0.4345703125;
18:10:45;6.0;1576519846;98.016;17.13907568022073;0.4967848023252386;-0.4345703125;
18:10:46;7.0;1576519847;98.016;17.13907568022073;0.4967848023252386;-0.4345703125;
18:10:47;8.0;1576519848;97.952;17.13907568022073;0.4967848023252386;-0.4345703125;
18:10:48;9.0;1576519849;97.739;17.13907568022073;0.4967848023252386;-0.4345703125;
18:10:49;10.0;1576519850;98.016;17.13907568022073;0.4967848023252386;-0.4345703125;
18:10:50;11.0;1576519851;98.016;17.13907568022073;0.4967848023252386;-0.4345703125;
18:10:51;12.0;1576519852;98.123;17.13907568022073;0.4967848023252386;-0.4345703125;
18:10:52;13.0;1576519854;98.123;17.13907568022073;0.4967848023252386;-0.4345703125;
18:10:53;14.0;1576519855;98.337;17.13907568022073;0.4967848023252386;-0.4345703125;
18:10:54;15.0;1576519856;98.315;17.13907568022073;0.4967848023252386;-0.4345703125;
18:10:55;16.0;1576519857;98.272;17.13907568022073;0.4967848023252386;-0.4345703125;
18:10:56;17.0;1576519858;98.272;17.13907568022073;0.4967848023252386;-0.4345703125;
18:10:57;18.0;1576519859;98.016;17.13907568022073;0.4967848023252386;-0.4345703125;
18:10:58;19.0;1576519860;97.995;17.13907568022073;0.4967848023252386;-0.4345703125;
18:10:59;20.0;1576519861;97.824;17.13907568022073;0.4967848023252386;-0.4345703125;
18:11:00;21.0;1576519862;98.016;17.13907568022073;0.4967848023252386;-0.4345703125;
18:11:01;22.0;1576519863;98.123;17.13907568022073;0.4967848023252386;-0.4345703125;
18:11:02;23.0;1576519864;98.187;17.13907568022073;0.4967848023252386;-0.4345703125;
18:11:03;24.0;1576519865;98.23;17.13907568022073;0.4967848023252386;-0.4345703125;
18:11:04;25.0;1576519866;98.251;17.13907568022073;0.4967848023252386;-0.4345703125;
18:11:05;26.0;1576519867;97.973;17.13907568022073;0.4967848023252386;-0.4345703125;
18:11:06;27.0;1576519868;97.952;17.13907568022073;0.4967848023252386;-0.4345703125;
18:11:07;28.0;1576519869;98.08;17.13907568022073;0.4967848023252386;-0.4345703125;
18:11:08;29.0;1576519870;97.931;17.13907568022073;0.4967848023252386;-0.4345703125;
18:11:09;30.0;1576519871;98.337;17.13907568022073;0.4967848023252386;-0.4345703125;
18:11:10;31.0;1576519872;98.315;17.13907568022073;0.4967848023252386;-0.4345703125;
18:11:11;32.0;1576519873;98.358;17.13907568022073;0.4967848023252386;-0.4345703125;
18:11:12;33.0;1576519874;98.701;17.13907568022073;0.4967848023252386;-0.4345703125;
18:11:13;34.0;1576519875;98.337;17.13907568022073;0.4967848023252386;-0.4345703125;
18:11:14;35.0;1576519876;98.187;17.13907568022073;0.4967848023252386;-0.4345703125;
18:11:15;36.0;1576519877;97.995;17.13907568022073;0.4967848023252386;-0.4345703125;
18:11:17;38.0;1576519878;97.591;17.13907568022073;0.4967848023252386;-0.4345703125;
18:11:18;39.0;1576519879;97.803;17.13907568022073;0.4967848023252386;-0.4345703125;
18:11:19;40.0;1576519880;97.952;17.13907568022073;0.4967848023252386;-0.4345703125;
18:11:20;41.0;1576519881;98.144;17.13907568022073;0.4967848023252386;-0.4345703125;
18:11:21;42.0;1576519882;98.315;17.13907568022073;0.4967848023252386;-0.4345703125;
18:11:22;43.0;1576519883;98.208;17.13907568022073;0.4967848023252386;-0.4345703125;
18:11:23;44.0;1576519884;98.23;17.13907568022073;0.4967848023252386;-0.4345703125;
18:11:24;45.0;1576519885;97.569;17.13907568022073;0.4967848023252386;-0.4345703125;
18:11:25;46.0;1576519886;97.824;17.13907568022073;0.4967848023252386;-0.4345703125;
18:11:26;47.0;1576519887;98.059;17.13907568022073;0.4967848023252386;-0.4345703125;
18:11:27;48.0;1576519888;98.08;17.13907568022073;0.4967848023252386;-0.4345703125;
18:11:28;49.0;1576519889;98.529;17.13907568022073;0.4967848023252386;-0.4345703125;
18:11:29;50.0;1576519890;98.272;17.13907568022073;0.4967848023252386;-0.4345703125;
18:11:30;51.0;1576519891;98.08;17.13907568022073;0.4967848023252386;-0.4345703125;
18:11:31;52.0;1576519892;97.888;17.13907568022073;0.4967848023252386;-0.4345703125;
18:11:32;53.0;1576519893;97.846;17.13907568022073;0.4967848023252386;-0.4345703125;
18:11:33;54.0;1576519894;97.846;17.13907568022073;0.4967848023252386;-0.4345703125;
18:11:34;55.0;1576519894;97.676;17.13907568022073;0.4967848023252386;-0.4345703125;
18:11:35;56.0;1576519896;97.888;17.13907568022073;0.4967848023252386;-0.4345703125;
18:11:36;57.0;1576519897;97.591;17.13907568022073;0.4967848023252386;-0.4345703125;
18:11:37;58.0;1576519898;97.612;17.13907568022073;0.4967848023252386;-0.4345703125;
18:11:38;59.0;1576519899;97.612;17.13907568022073;0.4967848023252386;-0.4345703125;
18:11:39;60.0;1576519900;97.146;17.13907568022073;0.4967848023252386;-0.4345703125;
18:11:40;61.0;1576519901;97.463;17.13907568022073;0.4967848023252386;-0.4345703125;
18:11:41;62.0;1576519902;97.506;17.13907568022073;0.4967848023252386;-0.4345703125;
18:11:42;63.0;1576519903;97.739;17.13907568022073;0.4967848023252386;-0.4345703125;
18:11:43;64.0;1576519904;97.952;17.13907568022073;0.4967848023252386;-0.4345703125;
18:11:44;65.0;1576519905;97.995;17.13907568022073;0.4967848023252386;-0.4345703125;
18:11:45;66.0;1576519906;98.165;17.13907568022073;0.4967848023252386;-0.4345703125;
18:11:46;67.0;1576519907;97.888;17.13907568022073;0.4967848023252386;-0.4345703125;
18:11:47;68.0;1576519908;97.952;17.13907568022073;0.4967848023252386;-0.4345703125;
18:11:48;69.0;1576519909;98.101;17.13907568022073;0.4967848023252386;-0.4345703125;
18:11:49;70.0;1576519910;97.463;17.13907568022073;0.4967848023252386;-0.4345703125;
18:11:50;71.0;1576519911;97.654;17.13907568022073;0.4967848023252386;-0.4345703125;
18:11:51;72.0;1576519912;97.824;17.13907568022073;0.4967848023252386;-0.4345703125;
18:11:52;73.0;1576519913;97.888;17.13907568022073;0.4967848023252386;-0.4345703125;
18:11:53;74.0;1576519915;98.165;17.13907568022073;0.4967848023252386;-0.4345703125;
18:11:54;75.0;1576519916;98.037;17.13907568022073;0.4967848023252386;-0.4345703125;
18:11:55;76.0;1576519917;97.995;17.13907568022073;0.4967848023252386;-0.4345703125;
18:11:56;77.0;1576519918;97.952;17.13907568022073;0.4967848023252386;-0.4345703125;
18:11:57;78.0;1576519919;97.952;17.13907568022073;0.4967848023252386;-0.4345703125;
18:11:58;79.0;1576519920;98.059;17.13907568022073;0.4967848023252386;-0.4345703125;
18:11:59;80.0;1576519921;97.888;17.13907568022073;0.4967848023252386;-0.4345703125;
18:12:00;81.0;1576519921;97.888;17.13907568022073;0.4967848023252386;-0.4345703125;
18:12:01;82.0;1576519922;97.888;17.13907568022073;0.4967848023252386;-0.4345703125;
18:12:02;83.0;1576519923;98.016;17.13907568022073;0.4967848023252386;-0.4345703125;
18:12:03;84.0;1576519924;98.251;17.13907568022073;0.4967848023252386;-0.4345703125;
18:12:04;85.0;1576519925;98.187;17.13907568022073;0.4967848023252386;-0.4345703125;
18:12:05;86.0;1576519926;98.572;17.13907568022073;0.4967848023252386;-0.4345703125;
18:12:06;87.0;1576519927;98.529;17.13907568022073;0.4967848023252386;-0.4345703125;
18:12:07;88.0;1576519928;98.486;17.13907568022073;0.4967848023252386;-0.4345703125;
18:12:08;89.0;1576519929;98.572;17.13907568022073;0.4967848023252386;-0.4345703125;
18:12:09;90.0;1576519930;98.315;17.13907568022073;0.4967848023252386;-0.4345703125;
18:12:10;91.0;1576519931;98.272;17.13907568022073;0.4967848023252386;-0.4345703125;
18:12:11;92.0;1576519932;98.165;17.13907568022073;0.4967848023252386;-0.4345703125;
18:12:12;93.0;1576519933;97.973;17.13907568022073;0.4967848023252386;-0.4345703125;
18:12:13;94.0;1576519935;97.803;17.13907568022073;0.4967848023252386;-0.4345703125;
18:12:14;95.0;1576519936;97.846;17.13907568022073;0.4967848023252386;-0.4345703125;
18:12:15;96.0;1576519937;97.718;17.13907568022073;0.4967848023252386;-0.4345703125;
18:12:16;97.0;1576519938;97.463;17.13907568022073;0.4967848023252386;-0.4345703125;
18:12:17;98.0;1576519939;97.442;17.13907568022073;0.4967848023252386;-0.4345703125;
18:12:18;99.0;1576519940;97.231;17.13907568022073;0.4967848023252386;-0.4345703125;
18:12:19;100.0;1576519941;97.167;17.13907568022073;0.4967848023252386;-0.4345703125;
18:12:21;102.0;1576519942;97.379;17.13907568022073;0.4967848023252386;-0.4345703125;
18:12:22;103.0;1576519943;97.591;17.13907568022073;0.4967848023252386;-0.4345703125;
18:12:23;104.0;1576519944;97.973;17.13907568022073;0.4967848023252386;-0.4345703125;
18:12:24;105.0;1576519945;97.931;17.13907568022073;0.4967848023252386;-0.4345703125;
18:12:25;106.0;1576519946;97.973;17.13907568022073;0.4967848023252386;-0.4345703125;
18:12:26;107.0;1576519947;97.739;17.13907568022073;0.4967848023252386;-0.4345703125;
18:12:27;108.0;1576519948;97.379;17.13907568022073;0.4967848023252386;-0.4345703125;
18:12:28;109.0;1576519949;97.442;17.13907568022073;0.4967848023252386;-0.4345703125;
18:12:29;110.0;1576519950;97.612;17.13907568022073;0.4967848023252386;-0.4345703125;
18:12:30;111.0;1576519951;97.442;17.13907568022073;0.4967848023252386;-0.4345703125;
18:12:31;112.0;1576519952;97.188;17.13907568022073;0.4967848023252386;-0.4345703125;
18:12:32;113.0;1576519953;97.083;17.13907568022073;0.4967848023252386;-0.4345703125;
18:12:34;115.0;1576519954;97.104;17.13907568022073;0.4967848023252386;-0.4345703125;
18:12:35;116.0;1576519956;97.506;17.13907568022073;0.4967848023252386;-0.4345703125;
18:12:36;117.0;1576519957;97.676;17.13907568022073;0.4967848023252386;-0.4345703125;
18:12:37;118.0;1576519958;97.506;17.13907568022073;0.4967848023252386;-0.4345703125;
18:12:38;119.0;1576519959;97.697;17.13907568022073;0.4967848023252386;-0.4345703125;
18:12:39;120.0;1576519960;97.676;17.13907568022073;0.4967848023252386;-0.4345703125;
18:12:40;121.0;1576519961;97.888;17.13907568022073;0.4967848023252386;-0.4345703125;
18:12:41;122.0;1576519962;97.846;17.13907568022073;0.4967848023252386;-0.4345703125;
18:12:42;123.0;1576519963;97.867;17.13907568022073;0.4967848023252386;-0.4345703125;
18:12:43;124.0;1576519964;98.144;17.13907568022073;0.4967848023252386;-0.4345703125;
18:12:44;125.0;1576519965;97.931;17.13907568022073;0.4967848023252386;-0.4345703125;
18:12:45;126.0;1576519966;97.888;17.13907568022073;0.4967848023252386;-0.4345703125;
18:12:46;127.0;1576519967;97.718;17.13907568022073;0.4967848023252386;-0.4345703125;
18:12:47;128.0;1576519968;97.485;17.13907568022073;0.4967848023252386;-0.4345703125;
18:12:48;129.0;1576519969;97.697;17.13907568022073;0.4967848023252386;-0.4345703125;
18:12:49;130.0;1576519970;97.995;17.13907568022073;0.4967848023252386;-0.4345703125;
18:12:50;131.0;1576519971;98.016;17.13907568022073;0.4967848023252386;-0.4345703125;
18:12:51;132.0;1576519972;97.824;17.13907568022073;0.4967848023252386;-0.4345703125;
18:12:52;133.0;1576519973;97.633;17.13907568022073;0.4967848023252386;-0.4345703125;
18:12:53;134.0;1576519974;97.867;17.13907568022073;0.4967848023252386;-0.4345703125;
18:12:54;135.0;1576519976;98.037;17.13907568022073;0.4967848023252386;-0.4345703125;
18:12:55;136.0;1576519977;98.08;17.13907568022073;0.4967848023252386;-0.4345703125;
18:12:56;137.0;1576519978;98.059;17.13907568022073;0.4967848023252386;-0.4345703125;
18:12:57;138.0;1576519979;97.739;17.13907568022073;0.4967848023252386;-0.4345703125;
18:12:58;139.0;1576519980;97.167;17.13907568022073;0.4967848023252386;-0.4345703125;
18:12:59;140.0;1576519981;97.167;17.13907568022073;0.4967848023252386;-0.4345703125;
18:13:00;141.0;1576519982;97.21;17.13907568022073;0.4967848023252386;-0.4345703125;
18:13:01;142.0;1576519982;97.062;17.13907568022073;0.4967848023252386;-0.4345703125;
18:13:02;143.0;1576519983;97.612;17.13907568022073;0.4967848023252386;-0.4345703125;
18:13:03;144.0;1576519984;97.167;17.13907568022073;0.4967848023252386;-0.4345703125;
18:13:04;145.0;1576519985;97.146;17.13907568022073;0.4967848023252386;-0.4345703125;
18:13:05;146.0;1576519986;97.315;17.13907568022073;0.4967848023252386;-0.4345703125;
18:13:06;147.0;1576519987;97.315;17.13907568022073;0.4967848023252386;-0.4345703125;
18:13:07;148.0;1576519988;97.952;17.13907568022073;0.4967848023252386;-0.4345703125;
18:13:08;149.0;1576519989;97.952;17.13907568022073;0.4967848023252386;-0.4345703125;
18:13:09;150.0;1576519990;97.952;17.13907568022073;0.4967848023252386;-0.4345703125;
18:13:10;151.0;1576519991;97.803;17.13907568022073;0.4967848023252386;-0.4345703125;
18:13:11;152.0;1576519992;97.336;17.13907568022073;0.4967848023252386;-0.4345703125;
18:13:12;153.0;1576519993;97.485;17.13907568022073;0.4967848023252386;-0.4345703125;
18:13:13;154.0;1576519994;97.463;17.13907568022073;0.4967848023252386;-0.4345703125;
18:13:14;155.0;1576519995;97.273;17.13907568022073;0.4967848023252386;-0.4345703125;
18:13:15;156.0;1576519996;97.506;17.13907568022073;0.4967848023252386;-0.4345703125;
18:13:16;157.0;1576519997;97.527;17.13907568022073;0.4967848023252386;-0.4345703125;
18:13:17;158.0;1576519998;97.548;17.13907568022073;0.4967848023252386;-0.4345703125;
18:13:18;159.0;1576519999;97.506;17.13907568022073;0.4967848023252386;-0.4345703125;
18:13:19;160.0;1576520000;97.697;17.13907568022073;0.4967848023252386;-0.4345703125;
18:13:20;161.0;1576520001;97.548;17.13907568022073;0.4967848023252386;-0.4345703125;
18:13:21;162.0;1576520002;97.761;17.13907568022073;0.4967848023252386;-0.4345703125;
18:13:22;163.0;1576520004;98.016;17.13907568022073;0.4967848023252386;-0.4345703125;
18:13:23;164.0;1576520005;97.824;17.13907568022073;0.4967848023252386;-0.4345703125;
18:13:24;165.0;1576520006;97.569;17.13907568022073;0.4967848023252386;-0.4345703125;
18:13:26;167.0;1576520007;97.336;17.13907568022073;0.4967848023252386;-0.4345703125;
18:13:27;168.0;1576520008;97.463;17.13907568022073;0.4967848023252386;-0.4345703125;
18:13:28;169.0;1576520009;97.463;17.13907568022073;0.4967848023252386;-0.4345703125;
18:13:29;170.0;1576520010;97.846;17.13907568022073;0.4967848023252386;-0.4345703125;
18:13:30;171.0;1576520011;98.123;17.13907568022073;0.4967848023252386;-0.4345703125;
18:13:31;172.0;1576520012;97.931;17.13907568022073;0.4967848023252386;-0.4345703125;
18:13:32;173.0;1576520013;97.91;17.13907568022073;0.4967848023252386;-0.4345703125;
18:13:33;174.0;1576520014;97.761;17.13907568022073;0.4967848023252386;-0.4345703125;
18:13:34;175.0;1576520015;97.125;17.13907568022073;0.4967848023252386;-0.4345703125;
18:13:35;176.0;1576520016;97.125;17.13907568022073;0.4967848023252386;-0.4345703125;
18:13:36;177.0;1576520017;97.315;17.13907568022073;0.4967848023252386;-0.4345703125;
18:13:37;178.0;1576520018;97.315;17.13907568022073;0.4967848023252386;-0.4345703125;
18:13:38;179.0;1576520019;97.527;17.13907568022073;0.4967848023252386;-0.4345703125;
18:13:39;180.0;1576520020;97.527;17.13907568022073;0.4967848023252386;-0.4345703125;
18:13:40;181.0;1576520021;97.21;17.13907568022073;0.4967848023252386;-0.4345703125;
18:13:41;182.0;1576520022;97.041;17.13907568022073;0.4967848023252386;-0.4345703125;
18:13:42;183.0;1576520023;97.041;17.13907568022073;0.4967848023252386;-0.4345703125;
18:13:43;184.0;1576520024;97.083;17.13907568022073;0.4967848023252386;-0.4345703125;
18:13:44;185.0;1576520025;97.231;17.13907568022073;0.4967848023252386;-0.4345703125;
18:13:45;186.0;1576520026;97.4;17.13907568022073;0.4967848023252386;-0.4345703125;
18:13:46;187.0;1576520027;97.782;17.13907568022073;0.4967848023252386;-0.4345703125;
18:13:47;188.0;1576520028;97.569;17.13907568022073;0.4967848023252386;-0.4345703125;
18:13:48;189.0;1576520029;97.718;17.13907568022073;0.4967848023252386;-0.4345703125;
18:13:49;190.0;1576520030;97.485;17.13907568022073;0.4967848023252386;-0.4345703125;
18:13:50;191.0;1576520031;97.315;17.13907568022073;0.4967848023252386;-0.4345703125;
18:13:51;192.0;1576520032;97.527;17.13907568022073;0.4967848023252386;-0.4345703125;
18:13:52;193.0;1576520033;97.188;17.13907568022073;0.4967848023252386;-0.4345703125;
18:13:53;194.0;1576520034;97.4;17.13907568022073;0.4967848023252386;-0.4345703125;
18:13:54;195.0;1576520035;97.167;17.13907568022073;0.4967848023252386;-0.4345703125;
18:13:55;196.0;1576520036;96.893;17.13907568022073;0.4967848023252386;-0.4345703125;
18:13:56;197.0;1576520037;97.104;17.13907568022073;0.4967848023252386;-0.4345703125;
18:13:57;198.0;1576520038;96.914;17.13907568022073;0.4967848023252386;-0.4345703125;
18:13:58;199.0;1576520039;97.104;17.13907568022073;0.4967848023252386;-0.4345703125;
18:13:59;200.0;1576520040;97.336;17.13907568022073;0.4967848023252386;-0.4345703125;
18:14:00;201.0;1576520041;97.358;17.13907568022073;0.4967848023252386;-0.4345703125;
18:14:01;202.0;1576520042;97.569;17.13907568022073;0.4967848023252386;-0.4345703125;
18:14:02;203.0;1576520043;97.591;17.13907568022073;0.4967848023252386;-0.4345703125;
18:14:03;204.0;1576520044;97.21;17.13907568022073;0.4967848023252386;-0.4345703125;
18:14:04;205.0;1576520045;97.167;17.13907568022073;0.4967848023252386;-0.4345703125;
18:14:05;206.0;1576520046;96.977;17.13907568022073;0.4967848023252386;-0.4345703125;
18:14:06;207.0;1576520047;96.788;17.13907568022073;0.4967848023252386;-0.4345703125;
18:14:07;208.0;1576520048;96.999;17.13907568022073;0.4967848023252386;-0.4345703125;
18:14:08;209.0;1576520049;96.767;17.13907568022073;0.4967848023252386;-0.4345703125;
18:14:09;210.0;1576520050;96.914;17.13907568022073;0.4967848023252386;-0.4345703125;
18:14:10;211.0;1576520051;96.914;17.13907568022073;0.4967848023252386;-0.4345703125;
18:14:11;212.0;1576520052;96.893;17.13907568022073;0.4967848023252386;-0.4345703125;
18:14:12;213.0;1576520053;96.746;17.13907568022073;0.4967848023252386;-0.4345703125;
18:14:13;214.0;1576520054;96.599;17.13907568022073;0.4967848023252386;-0.4345703125;
18:14:14;215.0;1576520055;96.578;17.13907568022073;0.4967848023252386;-0.4345703125;
18:14:15;216.0;1576520056;96.725;17.13907568022073;0.4967848023252386;-0.4345703125;
18:14:16;217.0;1576520058;97.083;17.13907568022073;0.4967848023252386;-0.4345703125;
18:14:17;218.0;1576520059;97.252;17.13907568022073;0.4967848023252386;-0.4345703125;
18:14:18;219.0;1576520060;97.273;17.13907568022073;0.4967848023252386;-0.4345703125;
18:14:19;220.0;1576520061;97.167;17.13907568022073;0.4967848023252386;-0.4345703125;
18:14:20;221.0;1576520062;97.083;17.13907568022073;0.4967848023252386;-0.4345703125;
18:14:21;222.0;1576520063;96.851;17.13907568022073;0.4967848023252386;-0.4345703125;
18:14:22;223.0;1576520064;96.83;17.13907568022073;0.4967848023252386;-0.4345703125;
18:14:23;224.0;1576520065;96.851;17.13907568022073;0.4967848023252386;-0.4345703125;
18:14:24;225.0;1576520066;96.746;17.13907568022073;0.4967848023252386;-0.4345703125;
18:14:25;226.0;1576520067;96.578;17.13907568022073;0.4967848023252386;-0.4345703125;
18:14:26;227.0;1576520068;96.578;17.13907568022073;0.4967848023252386;-0.4345703125;
18:14:27;228.0;1576520069;96.285;17.13907568022073;0.4967848023252386;-0.4345703125;
18:14:28;229.0;1576520070;96.536;17.13907568022073;0.4967848023252386;-0.4345703125;
18:14:30;231.0;1576520071;97.167;17.13907568022073;0.4967848023252386;-0.4345703125;
18:14:31;232.0;1576520072;97.336;17.13907568022073;0.4967848023252386;-0.4345703125;
18:14:32;233.0;1576520073;97.739;17.13907568022073;0.4967848023252386;-0.4345703125;
18:14:33;234.0;1576520073;97.315;17.13907568022073;0.4967848023252386;-0.4345703125;
18:14:34;235.0;1576520075;96.893;17.13907568022073;0.4967848023252386;-0.4345703125;
18:14:35;236.0;1576520076;96.977;17.13907568022073;0.4967848023252386;-0.4345703125;
18:14:36;237.0;1576520077;96.494;17.13907568022073;0.4967848023252386;-0.4345703125;
18:14:37;238.0;1576520078;96.956;17.13907568022073;0.4967848023252386;-0.4345703125;
18:14:38;239.0;1576520079;97.463;17.13907568022073;0.4967848023252386;-0.4345703125;
18:14:39;240.0;1576520080;97.21;17.13907568022073;0.4967848023252386;-0.4345703125;
18:14:40;241.0;1576520081;97.718;17.13907568022073;0.4967848023252386;-0.4345703125;
18:14:41;242.0;1576520082;97.867;17.13907568022073;0.4967848023252386;-0.4345703125;
18:14:42;243.0;1576520083;97.02;17.13907568022073;0.4967848023252386;-0.4345703125;
18:14:43;244.0;1576520084;97.21;17.13907568022073;0.4967848023252386;-0.4345703125;
18:14:44;245.0;1576520085;96.788;17.13907568022073;0.4967848023252386;-0.4345703125;
18:14:45;246.0;1576520086;96.557;17.13907568022073;0.4967848023252386;-0.4345703125;
18:14:46;247.0;1576520087;96.893;17.13907568022073;0.4967848023252386;-0.4345703125;
18:14:47;248.0;1576520088;97.083;17.13907568022073;0.4967848023252386;-0.4345703125;
18:14:48;249.0;1576520089;97.442;17.13907568022073;0.4967848023252386;-0.4345703125;
18:14:49;250.0;1576520090;97.146;17.13907568022073;0.4967848023252386;-0.4345703125;
18:14:50;251.0;1576520091;96.977;17.13907568022073;0.4967848023252386;-0.4345703125;
18:14:51;252.0;1576520092;96.494;17.13907568022073;0.4967848023252386;-0.4345703125;
18:14:52;253.0;1576520093;96.599;17.13907568022073;0.4967848023252386;-0.4345703125;
18:14:53;254.0;1576520094;96.893;17.13907568022073;0.4967848023252386;-0.4345703125;
18:14:54;255.0;1576520095;96.872;17.13907568022073;0.4967848023252386;-0.4345703125;
18:14:55;256.0;1576520096;96.599;17.13907568022073;0.4967848023252386;-0.4345703125;
18:14:56;257.0;1576520097;96.39;17.13907568022073;0.4967848023252386;-0.4345703125;
18:14:57;258.0;1576520098;96.578;17.13907568022073;0.4967848023252386;-0.4345703125;
18:14:58;259.0;1576520099;96.914;17.13907568022073;0.4967848023252386;-0.4345703125;
18:14:59;260.0;1576520100;97.676;17.13907568022073;0.4967848023252386;-0.4345703125;
18:15:00;261.0;1576520102;97.463;17.13907568022073;0.4967848023252386;-0.4345703125;
18:15:01;262.0;1576520103;97.294;17.13907568022073;0.4967848023252386;-0.4345703125;
18:15:02;263.0;1576520104;97.506;17.13907568022073;0.4967848023252386;-0.4345703125;
18:15:03;264.0;1576520105;97.104;17.13907568022073;0.4967848023252386;-0.4345703125;
18:15:04;265.0;1576520106;97.548;17.13907568022073;0.4967848023252386;-0.4345703125;
18:15:05;266.0;1576520107;97.336;17.13907568022073;0.4967848023252386;-0.4345703125;
18:15:06;267.0;1576520107;96.956;17.13907568022073;0.4967848023252386;-0.4345703125;
18:15:07;268.0;1576520108;96.956;17.13907568022073;0.4967848023252386;-0.4345703125;
18:15:08;269.0;1576520109;96.473;17.13907568022073;0.4967848023252386;-0.4345703125;
18:15:09;270.0;1576520110;96.515;17.13907568022073;0.4967848023252386;-0.4345703125;
18:15:10;271.0;1576520111;96.515;17.13907568022073;0.4967848023252386;-0.4345703125;
18:15:11;272.0;1576520112;96.62;17.13907568022073;0.4967848023252386;-0.4345703125;
18:15:12;273.0;1576520113;96.893;17.13907568022073;0.4967848023252386;-0.4345703125;
18:15:13;274.0;1576520114;96.851;17.13907568022073;0.4967848023252386;-0.4345703125;
18:15:14;275.0;1576520115;96.872;17.13907568022073;0.4967848023252386;-0.4345703125;
18:15:15;276.0;1576520116;96.746;17.13907568022073;0.4967848023252386;-0.4345703125;
18:15:16;277.0;1576520117;96.536;17.13907568022073;0.4967848023252386;-0.4345703125;
18:15:17;278.0;1576520118;96.725;17.13907568022073;0.4967848023252386;-0.4345703125;
18:15:18;279.0;1576520119;96.746;17.13907568022073;0.4967848023252386;-0.4345703125;
18:15:19;280.0;1576520120;96.83;17.13907568022073;0.4967848023252386;-0.4345703125;
18:15:20;281.0;1576520121;97.21;17.13907568022073;0.4967848023252386;-0.4345703125;
18:15:21;282.0;1576520122;97.062;17.13907568022073;0.4967848023252386;-0.4345703125;
18:15:22;283.0;1576520123;97.146;17.13907568022073;0.4967848023252386;-0.4345703125;
18:15:23;284.0;1576520124;97.294;17.13907568022073;0.4967848023252386;-0.4345703125;
18:15:24;285.0;1576520126;97.104;17.13907568022073;0.4967848023252386;-0.4345703125;
18:15:25;286.0;1576520127;97.421;17.13907568022073;0.4967848023252386;-0.4345703125;
18:15:26;287.0;1576520128;97.294;17.13907568022073;0.4967848023252386;-0.4345703125;
18:15:27;288.0;1576520129;96.893;17.13907568022073;0.4967848023252386;-0.4345703125;
18:15:28;289.0;1576520130;96.704;17.13907568022073;0.4967848023252386;-0.4345703125;
18:15:29;290.0;1576520131;96.348;17.13907568022073;0.4967848023252386;-0.4345703125;
18:15:30;291.0;1576520132;96.348;17.13907568022073;0.4967848023252386;-0.4345703125;
18:15:32;293.0;1576520133;97.125;17.13907568022073;0.4967848023252386;-0.4345703125;
18:15:34;295.0;1576520135;97.315;17.13907568022073;0.4967848023252386;-0.4345703125;
18:15:35;296.0;1576520136;97.358;17.13907568022073;0.4967848023252386;-0.4345703125;
18:15:36;297.0;1576520137;97.125;17.13907568022073;0.4967848023252386;-0.4345703125;
18:15:37;298.0;1576520138;96.935;17.13907568022073;0.4967848023252386;-0.4345703125;
18:15:38;299.0;1576520139;96.746;17.13907568022073;0.4967848023252386;-0.4345703125;
18:15:39;300.0;1576520140;96.956;17.13907568022073;0.4967848023252386;-0.4345703125;
18:15:40;301.0;1576520141;96.999;17.13907568022073;0.4967848023252386;-0.4345703125;
18:15:41;302.0;1576520142;97.231;17.13907568022073;0.4967848023252386;-0.4345703125;
18:15:42;303.0;1576520143;97.273;17.13907568022073;0.4967848023252386;-0.4345703125;
18:15:43;304.0;1576520144;96.893;17.13907568022073;0.4967848023252386;-0.4345703125;
18:15:44;305.0;1576520145;96.683;17.13907568022073;0.4967848023252386;-0.4345703125;
18:15:45;306.0;1576520146;96.494;17.13907568022073;0.4967848023252386;-0.4345703125;
18:15:46;307.0;1576520147;96.473;17.13907568022073;0.4967848023252386;-0.4345703125;
18:15:47;308.0;1576520148;96.18;17.13907568022073;0.4967848023252386;-0.4345703125;
18:15:48;309.0;1576520149;96.536;17.13907568022073;0.4967848023252386;-0.4345703125;
18:15:49;310.0;1576520150;96.683;17.13907568022073;0.4967848023252386;-0.4345703125;
18:15:50;311.0;1576520151;96.285;17.13907568022073;0.4967848023252386;-0.4345703125;
18:15:51;312.0;1576520152;97.167;17.13907568022073;0.4967848023252386;-0.4345703125;
18:15:52;313.0;1576520153;97.146;17.13907568022073;0.4967848023252386;-0.4345703125;
18:15:53;314.0;1576520154;96.767;17.13907568022073;0.4967848023252386;-0.4345703125;
18:15:54;315.0;1576520155;97.4;17.13907568022073;0.4967848023252386;-0.4345703125;
18:15:55;316.0;1576520156;96.999;17.13907568022073;0.4967848023252386;-0.4345703125;
18:15:56;317.0;1576520157;96.851;17.13907568022073;0.4967848023252386;-0.4345703125;
18:15:57;318.0;1576520158;97.041;17.13907568022073;0.4967848023252386;-0.4345703125;
18:15:58;319.0;1576520159;96.809;17.13907568022073;0.4967848023252386;-0.4345703125;
18:15:59;320.0;1576520160;96.935;17.13907568022073;0.4967848023252386;-0.4345703125;
18:16:00;321.0;1576520161;96.999;17.13907568022073;0.4967848023252386;-0.4345703125;
18:16:01;322.0;1576520162;96.851;17.13907568022073;0.4967848023252386;-0.4345703125;
18:16:02;323.0;1576520163;96.872;17.13907568022073;0.4967848023252386;-0.4345703125;
18:16:03;324.0;1576520164;96.893;17.13907568022073;0.4967848023252386;-0.4345703125;
18:16:04;325.0;1576520165;96.62;17.13907568022073;0.4967848023252386;-0.4345703125;
18:16:05;326.0;1576520166;96.62;17.13907568022073;0.4967848023252386;-0.4345703125;
18:16:06;327.0;1576520168;96.201;17.13907568022073;0.4967848023252386;-0.4345703125;
18:16:07;328.0;1576520169;96.034;17.13907568022073;0.4967848023252386;-0.4345703125;
18:16:08;329.0;1576520170;95.909;17.13907568022073;0.4967848023252386;-0.4345703125;
18:16:09;330.0;1576520171;96.055;17.13907568022073;0.4967848023252386;-0.4345703125;
18:16:10;331.0;1576520172;96.41;17.13907568022073;0.4967848023252386;-0.4345703125;
18:16:11;332.0;1576520173;96.201;17.13907568022073;0.4967848023252386;-0.4345703125;
18:16:12;333.0;1576520174;96.348;17.13907568022073;0.4967848023252386;-0.4345703125;
18:16:13;334.0;1576520175;96.536;17.13907568022073;0.4967848023252386;-0.4345703125;
18:16:14;335.0;1576520176;96.369;17.13907568022073;0.4967848023252386;-0.4345703125;
18:16:15;336.0;1576520177;96.767;17.13907568022073;0.4967848023252386;-0.4345703125;
18:16:16;337.0;1576520178;96.935;17.13907568022073;0.4967848023252386;-0.4345703125;
18:16:17;338.0;1576520179;96.725;17.13907568022073;0.4967848023252386;-0.4345703125;
18:16:18;339.0;1576520180;96.683;17.13907568022073;0.4967848023252386;-0.4345703125;
18:16:19;340.0;1576520181;96.515;17.13907568022073;0.4967848023252386;-0.4345703125;
18:16:20;341.0;1576520181;96.557;17.13907568022073;0.4967848023252386;-0.4345703125;
18:16:21;342.0;1576520182;96.599;17.13907568022073;0.4967848023252386;-0.4345703125;
18:16:22;343.0;1576520183;96.662;17.13907568022073;0.4967848023252386;-0.4345703125;
18:16:23;344.0;1576520184;96.662;17.13907568022073;0.4967848023252386;-0.4345703125;
18:16:24;345.0;1576520185;96.431;17.13907568022073;0.4967848023252386;-0.4345703125;
18:16:25;346.0;1576520186;96.306;17.13907568022073;0.4967848023252386;-0.4345703125;
18:16:26;347.0;1576520188;96.725;17.13907568022073;0.4967848023252386;-0.4345703125;
18:16:27;348.0;1576520189;96.515;17.13907568022073;0.4967848023252386;-0.4345703125;
18:16:28;349.0;1576520189;96.578;17.13907568022073;0.4967848023252386;-0.4345703125;
18:16:29;350.0;1576520190;96.536;17.13907568022073;0.4967848023252386;-0.4345703125;
18:16:30;351.0;1576520191;96.348;17.13907568022073;0.4967848023252386;-0.4345703125;
18:16:31;352.0;1576520192;96.369;17.13907568022073;0.4967848023252386;-0.4345703125;
18:16:32;353.0;1576520193;96.306;17.13907568022073;0.4967848023252386;-0.4345703125;
18:16:33;354.0;1576520194;96.473;17.13907568022073;0.4967848023252386;-0.4345703125;
18:16:34;355.0;1576520196;96.243;17.13907568022073;0.4967848023252386;-0.4345703125;
18:16:35;356.0;1576520197;96.201;17.13907568022073;0.4967848023252386;-0.4345703125;
18:16:36;357.0;1576520198;96.536;17.13907568022073;0.4967848023252386;-0.4345703125;
18:16:38;359.0;1576520199;96.285;17.13907568022073;0.4967848023252386;-0.4345703125;
18:16:39;360.0;1576520200;96.285;17.13907568022073;0.4967848023252386;-0.4345703125;
18:16:40;361.0;1576520201;96.683;17.13907568022073;0.4967848023252386;-0.4345703125;
18:16:41;362.0;1576520202;96.369;17.13907568022073;0.4967848023252386;-0.4345703125;
18:16:42;363.0;1576520203;96.599;17.13907568022073;0.4967848023252386;-0.4345703125;
18:16:43;364.0;1576520204;96.809;17.13907568022073;0.4967848023252386;-0.4345703125;
18:16:44;365.0;1576520205;96.599;17.13907568022073;0.4967848023252386;-0.4345703125;
18:16:45;366.0;1576520206;96.746;17.13907568022073;0.4967848023252386;-0.4345703125;
18:16:46;367.0;1576520207;96.935;17.13907568022073;0.4967848023252386;-0.4345703125;
18:16:47;368.0;1576520208;96.956;17.13907568022073;0.4967848023252386;-0.4345703125;
18:16:48;369.0;1576520209;96.746;17.13907568022073;0.4967848023252386;-0.4345703125;
18:16:49;370.0;1576520210;96.494;17.13907568022073;0.4967848023252386;-0.4345703125;
18:16:50;371.0;1576520211;96.16;17.13907568022073;0.4967848023252386;-0.4345703125;
18:16:51;372.0;1576520212;96.118;17.13907568022073;0.4967848023252386;-0.4345703125;
18:16:52;373.0;1576520213;95.993;17.13907568022073;0.4967848023252386;-0.4345703125;
18:16:53;374.0;1576520214;96.557;17.13907568022073;0.4967848023252386;-0.4345703125;
18:16:54;375.0;1576520215;96.809;17.13907568022073;0.4967848023252386;-0.4345703125;
18:16:55;376.0;1576520216;96.746;17.13907568022073;0.4967848023252386;-0.4345703125;
18:16:56;377.0;1576520217;96.788;17.13907568022073;0.4967848023252386;-0.4345703125;
18:16:57;378.0;1576520218;96.306;17.13907568022073;0.4967848023252386;-0.4345703125;
18:16:58;379.0;1576520219;96.16;17.13907568022073;0.4967848023252386;-0.4345703125;
18:16:59;380.0;1576520220;96.327;17.13907568022073;0.4967848023252386;-0.4345703125;
18:17:00;381.0;1576520221;96.452;17.13907568022073;0.4967848023252386;-0.4345703125;
18:17:01;382.0;1576520222;96.243;17.13907568022073;0.4967848023252386;-0.4345703125;
18:17:02;383.0;1576520223;95.847;17.13907568022073;0.4967848023252386;-0.4345703125;
18:17:03;384.0;1576520224;95.743;17.13907568022073;0.4967848023252386;-0.4345703125;
18:17:04;385.0;1576520225;95.785;17.13907568022073;0.4967848023252386;-0.4345703125;
18:17:05;386.0;1576520226;96.243;17.13907568022073;0.4967848023252386;-0.4345703125;
18:17:06;387.0;1576520227;96.683;17.13907568022073;0.4967848023252386;-0.4345703125;
18:17:07;388.0;1576520228;96.473;17.13907568022073;0.4967848023252386;-0.4345703125;
18:17:08;389.0;1576520229;96.599;17.13907568022073;0.4967848023252386;-0.4345703125;
18:17:09;390.0;1576520230;96.578;17.13907568022073;0.4967848023252386;-0.4345703125;
18:17:10;391.0;1576520231;96.599;17.13907568022073;0.4967848023252386;-0.4345703125;
18:17:11;392.0;1576520232;96.999;17.13907568022073;0.4967848023252386;-0.4345703125;
18:17:12;393.0;1576520233;96.578;17.13907568022073;0.4967848023252386;-0.4345703125;
18:17:13;394.0;1576520234;96.348;17.13907568022073;0.4967848023252386;-0.4345703125;
18:17:14;395.0;1576520235;95.972;17.13907568022073;0.4967848023252386;-0.4345703125;
18:17:15;396.0;1576520236;95.785;17.13907568022073;0.4967848023252386;-0.4345703125;
18:17:16;397.0;1576520237;96.014;17.13907568022073;0.4967848023252386;-0.4345703125;
18:17:17;398.0;1576520238;96.055;17.13907568022073;0.4967848023252386;-0.4345703125;
18:17:18;399.0;1576520239;96.39;17.13907568022073;0.4967848023252386;-0.4345703125;
18:17:19;400.0;1576520240;96.369;17.13907568022073;0.4967848023252386;-0.4345703125;
18:17:20;401.0;1576520241;96.62;17.13907568022073;0.4967848023252386;-0.4345703125;
18:17:21;402.0;1576520243;96.39;17.13907568022073;0.4967848023252386;-0.4345703125;
18:17:22;403.0;1576520243;96.076;17.13907568022073;0.4967848023252386;-0.4345703125;
18:17:23;404.0;1576520244;96.306;17.13907568022073;0.4967848023252386;-0.4345703125;
18:17:24;405.0;1576520245;96.076;17.13907568022073;0.4967848023252386;-0.4345703125;
18:17:25;406.0;1576520246;96.515;17.13907568022073;0.4967848023252386;-0.4345703125;
18:17:26;407.0;1576520247;96.306;17.13907568022073;0.4967848023252386;-0.4345703125;
18:17:27;408.0;1576520248;96.139;17.13907568022073;0.4967848023252386;-0.4345703125;
18:17:28;409.0;1576520249;96.285;17.13907568022073;0.4967848023252386;-0.4345703125;
18:17:29;410.0;1576520250;96.16;17.13907568022073;0.4967848023252386;-0.4345703125;
18:17:30;411.0;1576520251;96.327;17.13907568022073;0.4967848023252386;-0.4345703125;
18:17:31;412.0;1576520252;96.076;17.13907568022073;0.4967848023252386;-0.4345703125;
18:17:32;413.0;1576520253;96.16;17.13907568022073;0.4967848023252386;-0.4345703125;
18:17:33;414.0;1576520255;96.222;17.13907568022073;0.4967848023252386;-0.4345703125;
18:17:34;415.0;1576520256;96.662;17.13907568022073;0.4967848023252386;-0.4345703125;
18:17:35;416.0;1576520257;96.683;17.13907568022073;0.4967848023252386;-0.4345703125;
18:17:36;417.0;1576520258;96.662;17.13907568022073;0.4967848023252386;-0.4345703125;
18:17:37;418.0;1576520258;96.725;17.13907568022073;0.4967848023252386;-0.4345703125;
18:17:38;419.0;1576520259;96.348;17.13907568022073;0.4967848023252386;-0.4345703125;
18:17:39;420.0;1576520261;96.348;17.13907568022073;0.4967848023252386;-0.4345703125;
18:17:40;421.0;1576520262;95.909;17.13907568022073;0.4967848023252386;-0.4345703125;
18:17:42;423.0;1576520263;95.889;17.13907568022073;0.4967848023252386;-0.4345703125;
18:17:43;424.0;1576520264;96.055;17.13907568022073;0.4967848023252386;-0.4345703125;
18:17:44;425.0;1576520265;96.076;17.13907568022073;0.4967848023252386;-0.4345703125;
18:17:45;426.0;1576520266;96.306;17.13907568022073;0.4967848023252386;-0.4345703125;
18:17:46;427.0;1576520267;96.16;17.13907568022073;0.4967848023252386;-0.4345703125;
18:17:47;428.0;1576520268;96.327;17.13907568022073;0.4967848023252386;-0.4345703125;
18:17:48;429.0;1576520269;96.327;17.13907568022073;0.4967848023252386;-0.4345703125;
18:17:49;430.0;1576520270;96.139;17.13907568022073;0.4967848023252386;-0.4345703125;
18:17:50;431.0;1576520271;96.097;17.13907568022073;0.4967848023252386;-0.4345703125;
18:17:51;432.0;1576520272;95.951;17.13907568022073;0.4967848023252386;-0.4345703125;
18:17:52;433.0;1576520273;96.097;17.13907568022073;0.4967848023252386;-0.4345703125;
18:17:53;434.0;1576520274;96.118;17.13907568022073;0.4967848023252386;-0.4345703125;
18:17:54;435.0;1576520275;95.93;17.13907568022073;0.4967848023252386;-0.4345703125;
18:17:55;436.0;1576520276;96.076;17.13907568022073;0.4967848023252386;-0.4345703125;
18:17:56;437.0;1576520277;95.951;17.13907568022073;0.4967848023252386;-0.4345703125;
18:17:57;438.0;1576520278;95.93;17.13907568022073;0.4967848023252386;-0.4345703125;
18:17:58;439.0;1576520279;95.93;17.13907568022073;0.4967848023252386;-0.4345703125;
18:17:59;440.0;1576520280;95.764;17.13907568022073;0.4967848023252386;-0.4345703125;
18:18:00;441.0;1576520281;95.515;17.13907568022073;0.4967848023252386;-0.4345703125;
18:18:01;442.0;1576520282;95.494;17.13907568022073;0.4967848023252386;-0.4345703125;
18:18:02;443.0;1576520283;95.681;17.13907568022073;0.4967848023252386;-0.4345703125;
18:18:03;444.0;1576520284;96.055;17.13907568022073;0.4967848023252386;-0.4345703125;
18:18:04;445.0;1576520285;96.118;17.13907568022073;0.4967848023252386;-0.4345703125;
18:18:05;446.0;1576520286;96.306;17.13907568022073;0.4967848023252386;-0.4345703125;
18:18:06;447.0;1576520287;96.306;17.13907568022073;0.4967848023252386;-0.4345703125;
18:18:07;448.0;1576520288;95.972;17.13907568022073;0.4967848023252386;-0.4345703125;
18:18:08;449.0;1576520289;96.118;17.13907568022073;0.4967848023252386;-0.4345703125;
18:18:09;450.0;1576520290;96.16;17.13907568022073;0.4967848023252386;-0.4345703125;
18:18:10;451.0;1576520291;96.097;17.13907568022073;0.4967848023252386;-0.4345703125;
18:18:11;452.0;1576520292;96.014;17.13907568022073;0.4967848023252386;-0.4345703125;
18:18:12;453.0;1576520293;96.034;17.13907568022073;0.4967848023252386;-0.4345703125;
18:18:13;454.0;1576520294;95.951;17.13907568022073;0.4967848023252386;-0.4345703125;
18:18:14;455.0;1576520295;96.034;17.13907568022073;0.4967848023252386;-0.4345703125;
18:18:15;456.0;1576520296;96.243;17.13907568022073;0.4967848023252386;-0.4345703125;
18:18:16;457.0;1576520297;96.034;17.13907568022073;0.4967848023252386;-0.4345703125;
18:18:17;458.0;1576520298;95.972;17.13907568022073;0.4967848023252386;-0.4345703125;
18:18:18;459.0;1576520299;95.702;17.13907568022073;0.4967848023252386;-0.4345703125;
18:18:19;460.0;1576520300;95.556;17.13907568022073;0.4967848023252386;-0.4345703125;
18:18:20;461.0;1576520301;95.743;17.13907568022073;0.4967848023252386;-0.4345703125;
18:18:21;462.0;1576520302;95.66;17.13907568022073;0.4967848023252386;-0.4345703125;
18:18:22;463.0;1576520303;95.93;17.13907568022073;0.4967848023252386;-0.4345703125;
18:18:23;464.0;1576520304;95.66;17.13907568022073;0.4967848023252386;-0.4345703125;
18:18:24;465.0;1576520305;95.536;17.13907568022073;0.4967848023252386;-0.4345703125;
18:18:25;466.0;1576520306;95.743;17.13907568022073;0.4967848023252386;-0.4345703125;
18:18:26;467.0;1576520307;95.681;17.13907568022073;0.4967848023252386;-0.4345703125;
18:18:27;468.0;1576520308;96.034;17.13907568022073;0.4967848023252386;-0.4345703125;
18:18:28;469.0;1576520310;96.139;17.13907568022073;0.4967848023252386;-0.4345703125;
18:18:29;470.0;1576520311;96.327;17.13907568022073;0.4967848023252386;-0.4345703125;
18:18:31;472.0;1576520312;96.222;17.13907568022073;0.4967848023252386;-0.4345703125;
18:18:32;473.0;1576520314;95.93;17.13907568022073;0.4967848023252386;-0.4345703125;
18:18:33;474.0;1576520315;95.556;17.13907568022073;0.4967848023252386;-0.4345703125;
18:18:34;475.0;1576520316;95.432;17.13907568022073;0.4967848023252386;-0.4345703125;
18:18:35;476.0;1576520317;95.37;17.13907568022073;0.4967848023252386;-0.4345703125;
18:18:36;477.0;1576520318;95.66;17.13907568022073;0.4967848023252386;-0.4345703125;
18:18:37;478.0;1576520319;96.118;17.13907568022073;0.4967848023252386;-0.4345703125;
18:18:38;479.0;1576520320;96.494;17.13907568022073;0.4967848023252386;-0.4345703125;
18:18:39;480.0;1576520321;96.536;17.13907568022073;0.4967848023252386;-0.4345703125;
18:18:40;481.0;1576520322;96.599;17.13907568022073;0.4967848023252386;-0.4345703125;
18:18:41;482.0;1576520323;96.222;17.13907568022073;0.4967848023252386;-0.4345703125;
18:18:42;483.0;1576520324;96.014;17.13907568022073;0.4967848023252386;-0.4345703125;
18:18:43;484.0;1576520325;95.826;17.13907568022073;0.4967848023252386;-0.4345703125;
18:18:44;485.0;1576520326;95.764;17.13907568022073;0.4967848023252386;-0.4345703125;
18:18:45;486.0;1576520327;95.826;17.13907568022073;0.4967848023252386;-0.4345703125;
18:18:47;488.0;1576520328;95.785;17.13907568022073;0.4967848023252386;-0.4345703125;
18:18:48;489.0;1576520329;96.014;17.13907568022073;0.4967848023252386;-0.4345703125;
18:18:49;490.0;1576520330;95.93;17.13907568022073;0.4967848023252386;-0.4345703125;
18:18:50;491.0;1576520331;96.139;17.13907568022073;0.4967848023252386;-0.4345703125;
18:18:51;492.0;1576520332;96.18;17.13907568022073;0.4967848023252386;-0.4345703125;
18:18:52;493.0;1576520333;95.951;17.13907568022073;0.4967848023252386;-0.4345703125;
18:18:53;494.0;1576520334;95.722;17.13907568022073;0.4967848023252386;-0.4345703125;
18:18:54;495.0;1576520335;95.722;17.13907568022073;0.4967848023252386;-0.4345703125;
18:18:55;496.0;1576520336;95.681;17.13907568022073;0.4967848023252386;-0.4345703125;
18:18:56;497.0;1576520337;95.681;17.13907568022073;0.4967848023252386;-0.4345703125;
18:18:57;498.0;1576520338;96.055;17.13907568022073;0.4967848023252386;-0.4345703125;
18:18:58;499.0;1576520339;95.66;17.13907568022073;0.4967848023252386;-0.4345703125;
18:18:59;500.0;1576520340;95.681;17.13907568022073;0.4967848023252386;-0.4345703125;
18:19:00;501.0;1576520341;95.847;17.13907568022073;0.4967848023252386;-0.4345703125;
18:19:01;502.0;1576520342;95.806;17.13907568022073;0.4967848023252386;-0.4345703125;
18:19:02;503.0;1576520343;96.055;17.13907568022073;0.4967848023252386;-0.4345703125;
18:19:03;504.0;1576520344;96.243;17.13907568022073;0.4967848023252386;-0.4345703125;
18:19:04;505.0;1576520345;96.473;17.13907568022073;0.4967848023252386;-0.4345703125;
18:19:05;506.0;1576520346;96.494;17.13907568022073;0.4967848023252386;-0.4345703125;
18:19:06;507.0;1576520347;96.264;17.13907568022073;0.4967848023252386;-0.4345703125;
18:19:07;508.0;1576520348;96.076;17.13907568022073;0.4967848023252386;-0.4345703125;
18:19:08;509.0;1576520349;95.868;17.13907568022073;0.4967848023252386;-0.4345703125;
18:19:09;510.0;1576520350;95.515;17.13907568022073;0.4967848023252386;-0.4345703125;
18:19:10;511.0;1576520351;95.515;17.13907568022073;0.4967848023252386;-0.4345703125;
18:19:11;512.0;1576520352;95.556;17.13907568022073;0.4967848023252386;-0.4345703125;
18:19:12;513.0;1576520353;95.329;17.13907568022073;0.4967848023252386;-0.4345703125;
18:19:13;514.0;1576520354;95.681;17.13907568022073;0.4967848023252386;-0.4345703125;
18:19:14;515.0;1576520355;95.702;17.13907568022073;0.4967848023252386;-0.4345703125;
18:19:15;516.0;1576520356;95.722;17.13907568022073;0.4967848023252386;-0.4345703125;
18:19:16;517.0;1576520357;95.972;17.13907568022073;0.4967848023252386;-0.4345703125;
18:19:17;518.0;1576520358;95.951;17.13907568022073;0.4967848023252386;-0.4345703125;
18:19:18;519.0;1576520359;95.93;17.13907568022073;0.4967848023252386;-0.4345703125;
18:19:19;520.0;1576520360;95.889;17.13907568022073;0.4967848023252386;-0.4345703125;
18:19:20;521.0;1576520361;95.639;17.13907568022073;0.4967848023252386;-0.4345703125;
18:19:21;522.0;1576520362;95.619;17.13907568022073;0.4967848023252386;-0.4345703125;
18:19:22;523.0;1576520363;95.681;17.13907568022073;0.4967848023252386;-0.4345703125;
18:19:23;524.0;1576520364;95.474;17.13907568022073;0.4967848023252386;-0.4345703125;
18:19:24;525.0;1576520365;95.536;17.13907568022073;0.4967848023252386;-0.4345703125;
18:19:25;526.0;1576520366;95.764;17.13907568022073;0.4967848023252386;-0.4345703125;
18:19:26;527.0;1576520367;95.951;17.13907568022073;0.4967848023252386;-0.4345703125;
18:19:27;528.0;1576520368;96.18;17.13907568022073;0.4967848023252386;-0.4345703125;
18:19:28;529.0;1576520369;96.18;17.13907568022073;0.4967848023252386;-0.4345703125;
18:19:29;530.0;1576520370;95.764;17.13907568022073;0.4967848023252386;-0.4345703125;
18:19:30;531.0;1576520371;95.702;17.13907568022073;0.4967848023252386;-0.4345703125;
18:19:31;532.0;1576520373;95.702;17.13907568022073;0.4967848023252386;-0.4345703125;
18:19:32;533.0;1576520374;95.826;17.13907568022073;0.4967848023252386;-0.4345703125;
18:19:33;534.0;1576520375;96.055;17.13907568022073;0.4967848023252386;-0.4345703125;
18:19:34;535.0;1576520376;95.847;17.13907568022073;0.4967848023252386;-0.4345703125;
18:19:35;536.0;1576520377;95.639;17.13907568022073;0.4967848023252386;-0.4345703125;
18:19:36;537.0;1576520378;95.494;17.13907568022073;0.4967848023252386;-0.4345703125;
18:19:37;538.0;1576520379;95.474;17.13907568022073;0.4967848023252386;-0.4345703125;
18:19:38;539.0;1576520380;95.494;17.13907568022073;0.4967848023252386;-0.4345703125;
18:19:39;540.0;1576520381;95.66;17.13907568022073;0.4967848023252386;-0.4345703125;
18:19:40;541.0;1576520382;95.66;17.13907568022073;0.4967848023252386;-0.4345703125;
18:19:41;542.0;1576520383;95.349;17.13907568022073;0.4967848023252386;-0.4345703125;
18:19:42;543.0;1576520384;95.391;17.13907568022073;0.4967848023252386;-0.4345703125;
18:19:43;544.0;1576520385;95.453;17.13907568022073;0.4967848023252386;-0.4345703125;
18:19:44;545.0;1576520386;95.494;17.13907568022073;0.4967848023252386;-0.4345703125;
18:19:45;546.0;1576520387;95.639;17.13907568022073;0.4967848023252386;-0.4345703125;
18:19:46;547.0;1576520388;95.474;17.13907568022073;0.4967848023252386;-0.4345703125;
18:19:47;548.0;1576520389;95.225;17.13907568022073;0.4967848023252386;-0.4345703125;
18:19:48;549.0;1576520390;95.349;17.13907568022073;0.4967848023252386;-0.4345703125;
18:19:49;550.0;1576520391;95.515;17.13907568022073;0.4967848023252386;-0.4345703125;
18:19:51;552.0;1576520392;95.308;17.13907568022073;0.4967848023252386;-0.4345703125;
18:19:52;553.0;1576520393;95.287;17.13907568022073;0.4967848023252386;-0.4345703125;
18:19:53;554.0;1576520394;94.957;17.13907568022073;0.4967848023252386;-0.4345703125;
18:19:54;555.0;1576520395;94.834;17.13907568022073;0.4967848023252386;-0.4345703125;
18:19:55;556.0;1576520396;94.999;17.13907568022073;0.4967848023252386;-0.4345703125;
18:19:56;557.0;1576520397;94.855;17.13907568022073;0.4967848023252386;-0.4345703125;
18:19:57;558.0;1576520398;95.246;17.13907568022073;0.4967848023252386;-0.4345703125;
18:19:58;559.0;1576520399;94.999;17.13907568022073;0.4967848023252386;-0.4345703125;
18:19:59;560.0;1576520400;95.205;17.13907568022073;0.4967848023252386;-0.4345703125;
18:20:00;561.0;1576520401;95.205;17.13907568022073;0.4967848023252386;-0.4345703125;
18:20:01;562.0;1576520402;94.978;17.13907568022073;0.4967848023252386;-0.4345703125;
18:20:02;563.0;1576520403;95.349;17.13907568022073;0.4967848023252386;-0.4345703125;
18:20:03;564.0;1576520404;95.349;17.13907568022073;0.4967848023252386;-0.4345703125;
18:20:04;565.0;1576520405;95.764;17.13907568022073;0.4967848023252386;-0.4345703125;
18:20:05;566.0;1576520406;95.743;17.13907568022073;0.4967848023252386;-0.4345703125;
18:20:06;567.0;1576520407;95.722;17.13907568022073;0.4967848023252386;-0.4345703125;
18:20:07;568.0;1576520408;95.702;17.13907568022073;0.4967848023252386;-0.4345703125;
18:20:08;569.0;1576520409;95.329;17.13907568022073;0.4967848023252386;-0.4345703125;
18:20:09;570.0;1576520410;95.184;17.13907568022073;0.4967848023252386;-0.4345703125;
18:20:10;571.0;1576520411;94.896;17.13907568022073;0.4967848023252386;-0.4345703125;
18:20:11;572.0;1576520412;95.122;17.13907568022073;0.4967848023252386;-0.4345703125;
18:20:12;573.0;1576520413;95.308;17.13907568022073;0.4967848023252386;-0.4345703125;
18:20:13;574.0;1576520414;95.391;17.13907568022073;0.4967848023252386;-0.4345703125;
18:20:14;575.0;1576520415;95.411;17.13907568022073;0.4967848023252386;-0.4345703125;
18:20:15;576.0;1576520416;95.164;17.13907568022073;0.4967848023252386;-0.4345703125;
18:20:16;577.0;1576520417;95.164;17.13907568022073;0.4967848023252386;-0.4345703125;
18:20:17;578.0;1576520418;95.04;17.13907568022073;0.4967848023252386;-0.4345703125;
18:20:18;579.0;1576520419;94.793;17.13907568022073;0.4967848023252386;-0.4345703125;
18:20:19;580.0;1576520420;94.855;17.13907568022073;0.4967848023252386;-0.4345703125;
18:20:20;581.0;1576520421;94.629;17.13907568022073;0.4967848023252386;-0.4345703125;
18:20:21;582.0;1576520422;94.813;17.13907568022073;0.4967848023252386;-0.4345703125;
18:20:22;583.0;1576520423;95.04;17.13907568022073;0.4967848023252386;-0.4345703125;
18:20:23;584.0;1576520424;94.834;17.13907568022073;0.4967848023252386;-0.4345703125;
18:20:24;585.0;1576520425;95.205;17.13907568022073;0.4967848023252386;-0.4345703125;
18:20:25;586.0;1576520426;95.184;17.13907568022073;0.4967848023252386;-0.4345703125;
18:20:26;587.0;1576520427;95.494;17.13907568022073;0.4967848023252386;-0.4345703125;
18:20:27;588.0;1576520428;95.308;17.13907568022073;0.4967848023252386;-0.4345703125;
18:20:28;589.0;1576520429;95.308;17.13907568022073;0.4967848023252386;-0.4345703125;
18:20:29;590.0;1576520430;95.329;17.13907568022073;0.4967848023252386;-0.4345703125;
18:20:30;591.0;1576520431;95.164;17.13907568022073;0.4967848023252386;-0.4345703125;
18:20:31;592.0;1576520432;95.37;17.13907568022073;0.4967848023252386;-0.4345703125;
18:20:32;593.0;1576520433;95.246;17.13907568022073;0.4967848023252386;-0.4345703125;
18:20:33;594.0;1576520434;95.081;17.13907568022073;0.4967848023252386;-0.4345703125;
18:20:34;595.0;1576520435;95.246;17.13907568022073;0.4967848023252386;-0.4345703125;
18:20:35;596.0;1576520436;95.37;17.13907568022073;0.4967848023252386;-0.4345703125;
18:20:36;597.0;1576520437;95.515;17.13907568022073;0.4967848023252386;-0.4345703125;
18:20:37;598.0;1576520438;95.474;17.13907568022073;0.4967848023252386;-0.4345703125;
18:20:38;599.0;1576520440;95.329;17.13907568022073;0.4967848023252386;-0.4345703125;
18:20:39;600.0;1576520441;95.143;17.13907568022073;0.4967848023252386;-0.4345703125;
18:20:40;601.0;1576520442;94.731;17.13907568022073;0.4967848023252386;-0.4345703125;
18:20:41;602.0;1576520443;94.567;17.13907568022073;0.4967848023252386;-0.4345703125;
18:20:42;603.0;1576520444;94.526;17.13907568022073;0.4967848023252386;-0.4345703125;
18:20:43;604.0;1576520445;94.526;17.13907568022073;0.4967848023252386;-0.4345703125;
18:20:44;605.0;1576520446;94.937;17.13907568022073;0.4967848023252386;-0.4345703125;
18:20:45;606.0;1576520447;95.308;17.13907568022073;0.4967848023252386;-0.4345703125;
18:20:46;607.0;1576520448;95.06;17.13907568022073;0.4967848023252386;-0.4345703125;
18:20:47;608.0;1576520449;95.122;17.13907568022073;0.4967848023252386;-0.4345703125;
18:20:48;609.0;1576520450;94.731;17.13907568022073;0.4967848023252386;-0.4345703125;
18:20:49;610.0;1576520451;94.588;17.13907568022073;0.4967848023252386;-0.4345703125;
18:20:50;611.0;1576520452;94.567;17.13907568022073;0.4967848023252386;-0.4345703125;
18:20:51;612.0;1576520453;94.547;17.13907568022073;0.4967848023252386;-0.4345703125;
18:20:52;613.0;1576520454;94.547;17.13907568022073;0.4967848023252386;-0.4345703125;
18:20:54;615.0;1576520455;94.731;17.13907568022073;0.4967848023252386;-0.4345703125;
18:20:55;616.0;1576520456;94.855;17.13907568022073;0.4967848023252386;-0.4345703125;
18:20:56;617.0;1576520457;94.875;17.13907568022073;0.4967848023252386;-0.4345703125;
18:20:57;618.0;1576520458;95.329;17.13907568022073;0.4967848023252386;-0.4345703125;
18:20:58;619.0;1576520459;95.143;17.13907568022073;0.4967848023252386;-0.4345703125;
18:20:59;620.0;1576520460;95.143;17.13907568022073;0.4967848023252386;-0.4345703125;
18:21:00;621.0;1576520461;95.474;17.13907568022073;0.4967848023252386;-0.4345703125;
18:21:01;622.0;1576520462;95.246;17.13907568022073;0.4967848023252386;-0.4345703125;
18:21:02;623.0;1576520463;95.432;17.13907568022073;0.4967848023252386;-0.4345703125;
18:21:03;624.0;1576520464;95.619;17.13907568022073;0.4967848023252386;-0.4345703125;
18:21:04;625.0;1576520465;95.225;17.13907568022073;0.4967848023252386;-0.4345703125;
18:21:05;626.0;1576520466;95.164;17.13907568022073;0.4967848023252386;-0.4345703125;
18:21:06;627.0;1576520467;95.102;17.13907568022073;0.4967848023252386;-0.4345703125;
18:21:07;628.0;1576520468;95.246;17.13907568022073;0.4967848023252386;-0.4345703125;
18:21:08;629.0;1576520469;95.598;17.13907568022073;0.4967848023252386;-0.4345703125;
18:21:09;630.0;1576520470;95.826;17.13907568022073;0.4967848023252386;-0.4345703125;
18:21:10;631.0;1576520471;96.014;17.13907568022073;0.4967848023252386;-0.4345703125;
18:21:11;632.0;1576520472;95.494;17.13907568022073;0.4967848023252386;-0.4345703125;
18:21:12;633.0;1576520473;95.536;17.13907568022073;0.4967848023252386;-0.4345703125;
18:21:13;634.0;1576520474;95.308;17.13907568022073;0.4967848023252386;-0.4345703125;
18:21:14;635.0;1576520475;95.205;17.13907568022073;0.4967848023252386;-0.4345703125;
18:21:15;636.0;1576520476;95.536;17.13907568022073;0.4967848023252386;-0.4345703125;
18:21:16;637.0;1576520477;95.143;17.13907568022073;0.4967848023252386;-0.4345703125;
18:21:17;638.0;1576520478;95.205;17.13907568022073;0.4967848023252386;-0.4345703125;
18:21:18;639.0;1576520479;94.999;17.13907568022073;0.4967848023252386;-0.4345703125;
18:21:19;640.0;1576520480;94.67;17.13907568022073;0.4967848023252386;-0.4345703125;
18:21:20;641.0;1576520481;94.957;17.13907568022073;0.4967848023252386;-0.4345703125;
18:21:21;642.0;1576520482;94.711;17.13907568022073;0.4967848023252386;-0.4345703125;
18:21:22;643.0;1576520483;94.711;17.13907568022073;0.4967848023252386;-0.4345703125;
18:21:23;644.0;1576520484;94.834;17.13907568022073;0.4967848023252386;-0.4345703125;
18:21:24;645.0;1576520485;94.588;17.13907568022073;0.4967848023252386;-0.4345703125;
18:21:25;646.0;1576520486;94.649;17.13907568022073;0.4967848023252386;-0.4345703125;
18:21:26;647.0;1576520487;94.69;17.13907568022073;0.4967848023252386;-0.4345703125;
18:21:27;648.0;1576520488;94.916;17.13907568022073;0.4967848023252386;-0.4345703125;
18:21:28;649.0;1576520489;94.916;17.13907568022073;0.4967848023252386;-0.4345703125;
18:21:30;651.0;1576520490;95.04;17.13907568022073;0.4967848023252386;-0.4345703125;
18:21:31;652.0;1576520492;94.813;17.13907568022073;0.4967848023252386;-0.4345703125;
18:21:32;653.0;1576520493;94.793;17.13907568022073;0.4967848023252386;-0.4345703125;
18:21:33;654.0;1576520494;94.588;17.13907568022073;0.4967848023252386;-0.4345703125;
18:21:34;655.0;1576520495;94.547;17.13907568022073;0.4967848023252386;-0.4345703125;
18:21:35;656.0;1576520496;94.896;17.13907568022073;0.4967848023252386;-0.4345703125;
18:21:36;657.0;1576520497;95.164;17.13907568022073;0.4967848023252386;-0.4345703125;
18:21:37;658.0;1576520498;95.37;17.13907568022073;0.4967848023252386;-0.4345703125;
18:21:38;659.0;1576520499;95.764;17.13907568022073;0.4967848023252386;-0.4345703125;
18:21:39;660.0;1576520500;95.287;17.13907568022073;0.4967848023252386;-0.4345703125;
18:21:40;661.0;1576520501;94.855;17.13907568022073;0.4967848023252386;-0.4345703125;
18:21:41;662.0;1576520503;94.67;17.13907568022073;0.4967848023252386;-0.4345703125;
18:21:42;663.0;1576520504;94.506;17.13907568022073;0.4967848023252386;-0.4345703125;
18:21:43;664.0;1576520505;94.588;17.13907568022073;0.4967848023252386;-0.4345703125;
18:21:44;665.0;1576520506;94.793;17.13907568022073;0.4967848023252386;-0.4345703125;
18:21:45;666.0;1576520507;94.608;17.13907568022073;0.4967848023252386;-0.4345703125;
18:21:46;667.0;1576520508;94.813;17.13907568022073;0.4967848023252386;-0.4345703125;
18:21:47;668.0;1576520509;95.019;17.13907568022073;0.4967848023252386;-0.4345703125;
18:21:48;669.0;1576520510;94.999;17.13907568022073;0.4967848023252386;-0.4345703125;
18:21:49;670.0;1576520511;94.834;17.13907568022073;0.4967848023252386;-0.4345703125;
18:21:50;671.0;1576520512;94.772;17.13907568022073;0.4967848023252386;-0.4345703125;
18:21:51;672.0;1576520513;94.629;17.13907568022073;0.4967848023252386;-0.4345703125;
18:21:52;673.0;1576520514;94.629;17.13907568022073;0.4967848023252386;-0.4345703125;
18:21:53;674.0;1576520515;94.608;17.13907568022073;0.4967848023252386;-0.4345703125;
18:21:54;675.0;1576520516;94.834;17.13907568022073;0.4967848023252386;-0.4345703125;
18:21:55;676.0;1576520517;94.896;17.13907568022073;0.4967848023252386;-0.4345703125;
18:21:56;677.0;1576520518;94.896;17.13907568022073;0.4967848023252386;-0.4345703125;
18:21:57;678.0;1576520519;95.081;17.13907568022073;0.4967848023252386;-0.4345703125;
18:21:59;680.0;1576520520;94.711;17.13907568022073;0.4967848023252386;-0.4345703125;
18:22:00;681.0;1576520521;94.649;17.13907568022073;0.4967848023252386;-0.4345703125;
18:22:01;682.0;1576520522;94.772;17.13907568022073;0.4967848023252386;-0.4345703125;
18:22:02;683.0;1576520523;94.793;17.13907568022073;0.4967848023252386;-0.4345703125;
18:22:03;684.0;1576520524;94.793;17.13907568022073;0.4967848023252386;-0.4345703125;
18:22:04;685.0;1576520525;94.649;17.13907568022073;0.4967848023252386;-0.4345703125;
18:22:05;686.0;1576520526;94.547;17.13907568022073;0.4967848023252386;-0.4345703125;
18:22:06;687.0;1576520527;94.567;17.13907568022073;0.4967848023252386;-0.4345703125;
18:22:07;688.0;1576520528;94.526;17.13907568022073;0.4967848023252386;-0.4345703125;
18:22:08;689.0;1576520529;94.731;17.13907568022073;0.4967848023252386;-0.4345703125;
18:22:09;690.0;1576520530;94.547;17.13907568022073;0.4967848023252386;-0.4345703125;
18:22:10;691.0;1576520531;94.281;17.13907568022073;0.4967848023252386;-0.4345703125;
18:22:11;692.0;1576520532;94.485;17.13907568022073;0.4967848023252386;-0.4345703125;
18:22:12;693.0;1576520533;94.036;17.13907568022073;0.4967848023252386;-0.4345703125;
18:22:13;694.0;1576520534;94.179;17.13907568022073;0.4967848023252386;-0.4345703125;
18:22:14;695.0;1576520535;94.608;17.13907568022073;0.4967848023252386;-0.4345703125;
18:22:15;696.0;1576520536;94.465;17.13907568022073;0.4967848023252386;-0.4345703125;
18:22:16;697.0;1576520537;94.855;17.13907568022073;0.4967848023252386;-0.4345703125;
18:22:17;698.0;1576520538;94.855;17.13907568022073;0.4967848023252386;-0.4345703125;
18:22:18;699.0;1576520539;94.67;17.13907568022073;0.4967848023252386;-0.4345703125;
18:22:19;700.0;1576520540;94.444;17.13907568022073;0.4967848023252386;-0.4345703125;
18:22:20;701.0;1576520541;94.649;17.13907568022073;0.4967848023252386;-0.4345703125;
18:22:21;702.0;1576520542;94.506;17.13907568022073;0.4967848023252386;-0.4345703125;
18:22:22;703.0;1576520543;94.711;17.13907568022073;0.4967848023252386;-0.4345703125;
18:22:23;704.0;1576520544;94.875;17.13907568022073;0.4967848023252386;-0.4345703125;
18:22:24;705.0;1576520545;94.465;17.13907568022073;0.4967848023252386;-0.4345703125;
18:22:25;706.0;1576520546;94.67;17.13907568022073;0.4967848023252386;-0.4345703125;
18:22:26;707.0;1576520547;94.301;17.13907568022073;0.4967848023252386;-0.4345703125;
18:22:27;708.0;1576520548;94.342;17.13907568022073;0.4967848023252386;-0.4345703125;
18:22:28;709.0;1576520549;94.342;17.13907568022073;0.4967848023252386;-0.4345703125;
18:22:29;710.0;1576520550;94.465;17.13907568022073;0.4967848023252386;-0.4345703125;
18:22:30;711.0;1576520551;94.608;17.13907568022073;0.4967848023252386;-0.4345703125;
18:22:31;712.0;1576520552;94.567;17.13907568022073;0.4967848023252386;-0.4345703125;
18:22:32;713.0;1576520553;94.813;17.13907568022073;0.4967848023252386;-0.4345703125;
18:22:33;714.0;1576520554;94.588;17.13907568022073;0.4967848023252386;-0.4345703125;
18:22:34;715.0;1576520555;94.752;17.13907568022073;0.4967848023252386;-0.4345703125;
18:22:35;716.0;1576520556;94.772;17.13907568022073;0.4967848023252386;-0.4345703125;
18:22:36;717.0;1576520557;94.731;17.13907568022073;0.4967848023252386;-0.4345703125;
18:22:37;718.0;1576520558;94.793;17.13907568022073;0.4967848023252386;-0.4345703125;
18:22:38;719.0;1576520559;94.485;17.13907568022073;0.4967848023252386;-0.4345703125;
18:22:39;720.0;1576520560;94.465;17.13907568022073;0.4967848023252386;-0.4345703125;
18:22:40;721.0;1576520561;94.465;17.13907568022073;0.4967848023252386;-0.4345703125;
18:22:41;722.0;1576520562;94.281;17.13907568022073;0.4967848023252386;-0.4345703125;
18:22:42;723.0;1576520563;94.281;17.13907568022073;0.4967848023252386;-0.4345703125;
18:22:43;724.0;1576520564;94.097;17.13907568022073;0.4967848023252386;-0.4345703125;
18:22:44;725.0;1576520565;93.934;17.13907568022073;0.4967848023252386;-0.4345703125;
18:22:45;726.0;1576520566;93.955;17.13907568022073;0.4967848023252386;-0.4345703125;
18:22:46;727.0;1576520567;94.158;17.13907568022073;0.4967848023252386;-0.4345703125;
18:22:47;728.0;1576520568;94.363;17.13907568022073;0.4967848023252386;-0.4345703125;
18:22:48;729.0;1576520569;94.22;17.13907568022073;0.4967848023252386;-0.4345703125;
18:22:49;730.0;1576520570;94.158;17.13907568022073;0.4967848023252386;-0.4345703125;
18:22:50;731.0;1576520571;93.975;17.13907568022073;0.4967848023252386;-0.4345703125;
18:22:51;732.0;1576520572;93.996;17.13907568022073;0.4967848023252386;-0.4345703125;
18:22:52;733.0;1576520574;93.955;17.13907568022073;0.4967848023252386;-0.4345703125;
18:22:53;734.0;1576520575;94.016;17.13907568022073;0.4967848023252386;-0.4345703125;
18:22:54;735.0;1576520576;94.118;17.13907568022073;0.4967848023252386;-0.4345703125;
18:22:55;736.0;1576520577;93.731;17.13907568022073;0.4967848023252386;-0.4345703125;
18:22:56;737.0;1576520578;94.097;17.13907568022073;0.4967848023252386;-0.4345703125;
18:22:57;738.0;1576520579;93.894;17.13907568022073;0.4967848023252386;-0.4345703125;
18:22:58;739.0;1576520580;93.955;17.13907568022073;0.4967848023252386;-0.4345703125;
18:22:59;740.0;1576520581;93.934;17.13907568022073;0.4967848023252386;-0.4345703125;
18:23:00;741.0;1576520582;93.792;17.13907568022073;0.4967848023252386;-0.4345703125;
18:23:01;742.0;1576520583;94.342;17.13907568022073;0.4967848023252386;-0.4345703125;
18:23:03;744.0;1576520584;94.179;17.13907568022073;0.4967848023252386;-0.4345703125;
18:23:04;745.0;1576520585;94.588;17.13907568022073;0.4967848023252386;-0.4345703125;
18:23:05;746.0;1576520586;94.526;17.13907568022073;0.4967848023252386;-0.4345703125;
18:23:06;747.0;1576520587;94.301;17.13907568022073;0.4967848023252386;-0.4345703125;
18:23:07;748.0;1576520588;94.465;17.13907568022073;0.4967848023252386;-0.4345703125;
18:23:08;749.0;1576520589;94.097;17.13907568022073;0.4967848023252386;-0.4345703125;
18:23:09;750.0;1576520590;94.118;17.13907568022073;0.4967848023252386;-0.4345703125;
18:23:10;751.0;1576520591;94.158;17.13907568022073;0.4967848023252386;-0.4345703125;
18:23:11;752.0;1576520592;93.996;17.13907568022073;0.4967848023252386;-0.4345703125;
18:23:12;753.0;1576520593;94.118;17.13907568022073;0.4967848023252386;-0.4345703125;
18:23:13;754.0;1576520594;94.097;17.13907568022073;0.4967848023252386;-0.4345703125;
18:23:14;755.0;1576520595;93.975;17.13907568022073;0.4967848023252386;-0.4345703125;
18:23:15;756.0;1576520596;94.158;17.13907568022073;0.4967848023252386;-0.4345703125;
18:23:16;757.0;1576520597;94.363;17.13907568022073;0.4967848023252386;-0.4345703125;
18:23:17;758.0;1576520598;94.322;17.13907568022073;0.4967848023252386;-0.4345703125;
18:23:18;759.0;1576520599;94.301;17.13907568022073;0.4967848023252386;-0.4345703125;
18:23:19;760.0;1576520600;94.118;17.13907568022073;0.4967848023252386;-0.4345703125;
18:23:20;761.0;1576520601;93.955;17.13907568022073;0.4967848023252386;-0.4345703125;
18:23:21;762.0;1576520602;93.853;17.13907568022073;0.4967848023252386;-0.4345703125;
18:23:22;763.0;1576520603;93.691;17.13907568022073;0.4967848023252386;-0.4345703125;
18:23:23;764.0;1576520604;93.792;17.13907568022073;0.4967848023252386;-0.4345703125;
18:23:24;765.0;1576520605;93.833;17.13907568022073;0.4967848023252386;-0.4345703125;
18:23:25;766.0;1576520606;93.996;17.13907568022073;0.4967848023252386;-0.4345703125;
18:23:26;767.0;1576520607;94.138;17.13907568022073;0.4967848023252386;-0.4345703125;
18:23:27;768.0;1576520608;94.199;17.13907568022073;0.4967848023252386;-0.4345703125;
18:23:29;770.0;1576520609;94.547;17.13907568022073;0.4967848023252386;-0.4345703125;
18:23:30;771.0;1576520611;94.322;17.13907568022073;0.4967848023252386;-0.4345703125;
18:23:31;772.0;1576520612;94.281;17.13907568022073;0.4967848023252386;-0.4345703125;
18:23:32;773.0;1576520613;94.301;17.13907568022073;0.4967848023252386;-0.4345703125;
18:23:33;774.0;1576520615;94.281;17.13907568022073;0.4967848023252386;-0.4345703125;
18:23:34;775.0;1576520615;94.281;17.13907568022073;0.4967848023252386;-0.4345703125;
18:23:35;776.0;1576520616;93.996;17.13907568022073;0.4967848023252386;-0.4345703125;
18:23:36;777.0;1576520617;94.138;17.13907568022073;0.4967848023252386;-0.4345703125;
18:23:37;778.0;1576520619;93.996;17.13907568022073;0.4967848023252386;-0.4345703125;
18:23:38;779.0;1576520620;94.383;17.13907568022073;0.4967848023252386;-0.4345703125;
18:23:39;780.0;1576520621;94.67;17.13907568022073;0.4967848023252386;-0.4345703125;
18:23:40;781.0;1576520622;94.281;17.13907568022073;0.4967848023252386;-0.4345703125;
18:23:41;782.0;1576520623;94.281;17.13907568022073;0.4967848023252386;-0.4345703125;
18:23:42;783.0;1576520624;94.26;17.13907568022073;0.4967848023252386;-0.4345703125;
18:23:43;784.0;1576520625;94.097;17.13907568022073;0.4967848023252386;-0.4345703125;
18:23:44;785.0;1576520626;94.118;17.13907568022073;0.4967848023252386;-0.4345703125;
18:23:45;786.0;1576520626;94.077;17.13907568022073;0.4967848023252386;-0.4345703125;
18:23:46;787.0;1576520627;93.671;17.13907568022073;0.4967848023252386;-0.4345703125;
18:23:47;788.0;1576520628;93.752;17.13907568022073;0.4967848023252386;-0.4345703125;
18:23:48;789.0;1576520629;93.813;17.13907568022073;0.4967848023252386;-0.4345703125;
18:23:49;790.0;1576520630;93.853;17.13907568022073;0.4967848023252386;-0.4345703125;
18:23:50;791.0;1576520631;94.118;17.13907568022073;0.4967848023252386;-0.4345703125;
18:23:51;792.0;1576520632;94.26;17.13907568022073;0.4967848023252386;-0.4345703125;
18:23:52;793.0;1576520633;94.016;17.13907568022073;0.4967848023252386;-0.4345703125;
18:23:53;794.0;1576520634;94.036;17.13907568022073;0.4967848023252386;-0.4345703125;
18:23:54;795.0;1576520635;94.036;17.13907568022073;0.4967848023252386;-0.4345703125;
18:23:55;796.0;1576520636;93.975;17.13907568022073;0.4967848023252386;-0.4345703125;
18:23:56;797.0;1576520637;94.485;17.13907568022073;0.4967848023252386;-0.4345703125;
18:23:57;798.0;1576520639;94.404;17.13907568022073;0.4967848023252386;-0.4345703125;
18:23:58;799.0;1576520640;94.383;17.13907568022073;0.4967848023252386;-0.4345703125;
18:23:59;800.0;1576520641;94.22;17.13907568022073;0.4967848023252386;-0.4345703125;
18:24:00;801.0;1576520642;93.873;17.13907568022073;0.4967848023252386;-0.4345703125;
18:24:01;802.0;1576520643;93.731;17.13907568022073;0.4967848023252386;-0.4345703125;
18:24:02;803.0;1576520644;93.549;17.13907568022073;0.4967848023252386;-0.4345703125;
18:24:03;804.0;1576520645;93.347;17.13907568022073;0.4967848023252386;-0.4345703125;
18:24:04;805.0;1576520646;93.407;17.13907568022073;0.4967848023252386;-0.4345703125;
18:24:05;806.0;1576520647;93.996;17.13907568022073;0.4967848023252386;-0.4345703125;
18:24:06;807.0;1576520648;94.016;17.13907568022073;0.4967848023252386;-0.4345703125;
18:24:08;809.0;1576520649;94.118;17.13907568022073;0.4967848023252386;-0.4345703125;
18:24:09;810.0;1576520650;94.077;17.13907568022073;0.4967848023252386;-0.4345703125;
18:24:10;811.0;1576520651;93.63;17.13907568022073;0.4967848023252386;-0.4345703125;
18:24:11;812.0;1576520652;93.955;17.13907568022073;0.4967848023252386;-0.4345703125;
18:24:12;813.0;1576520653;94.036;17.13907568022073;0.4967848023252386;-0.4345703125;
18:24:13;814.0;1576520654;94.057;17.13907568022073;0.4967848023252386;-0.4345703125;
18:24:14;815.0;1576520655;93.914;17.13907568022073;0.4967848023252386;-0.4345703125;
18:24:15;816.0;1576520656;93.569;17.13907568022073;0.4967848023252386;-0.4345703125;
18:24:16;817.0;1576520657;93.367;17.13907568022073;0.4967848023252386;-0.4345703125;
18:24:17;818.0;1576520658;93.347;17.13907568022073;0.4967848023252386;-0.4345703125;
18:24:18;819.0;1576520659;93.934;17.13907568022073;0.4967848023252386;-0.4345703125;
18:24:19;820.0;1576520660;93.975;17.13907568022073;0.4967848023252386;-0.4345703125;
18:24:20;821.0;1576520661;94.22;17.13907568022073;0.4967848023252386;-0.4345703125;
18:24:21;822.0;1576520662;94.077;17.13907568022073;0.4967848023252386;-0.4345703125;
18:24:22;823.0;1576520663;93.711;17.13907568022073;0.4967848023252386;-0.4345703125;
18:24:23;824.0;1576520664;93.813;17.13907568022073;0.4967848023252386;-0.4345703125;
18:24:24;825.0;1576520665;93.367;17.13907568022073;0.4967848023252386;-0.4345703125;
18:24:25;826.0;1576520666;93.529;17.13907568022073;0.4967848023252386;-0.4345703125;
18:24:26;827.0;1576520667;93.327;17.13907568022073;0.4967848023252386;-0.4345703125;
18:24:27;828.0;1576520668;93.165;17.13907568022073;0.4967848023252386;-0.4345703125;
18:24:28;829.0;1576520669;93.792;17.13907568022073;0.4967848023252386;-0.4345703125;
18:24:29;830.0;1576520670;93.813;17.13907568022073;0.4967848023252386;-0.4345703125;
18:24:30;831.0;1576520671;94.158;17.13907568022073;0.4967848023252386;-0.4345703125;
18:24:31;832.0;1576520672;94.404;17.13907568022073;0.4967848023252386;-0.4345703125;
18:24:32;833.0;1576520673;94.057;17.13907568022073;0.4967848023252386;-0.4345703125;
18:24:33;834.0;1576520674;93.853;17.13907568022073;0.4967848023252386;-0.4345703125;
18:24:34;835.0;1576520675;93.508;17.13907568022073;0.4967848023252386;-0.4345703125;
18:24:35;836.0;1576520676;93.468;17.13907568022073;0.4967848023252386;-0.4345703125;
18:24:36;837.0;1576520677;93.65;17.13907568022073;0.4967848023252386;-0.4345703125;
18:24:37;838.0;1576520678;93.589;17.13907568022073;0.4967848023252386;-0.4345703125;
18:24:38;839.0;1576520679;93.772;17.13907568022073;0.4967848023252386;-0.4345703125;
18:24:39;840.0;1576520680;93.772;17.13907568022073;0.4967848023252386;-0.4345703125;
18:24:40;841.0;1576520682;93.569;17.13907568022073;0.4967848023252386;-0.4345703125;
18:24:41;842.0;1576520683;93.65;17.13907568022073;0.4967848023252386;-0.4345703125;
18:24:42;843.0;1576520684;93.853;17.13907568022073;0.4967848023252386;-0.4345703125;
18:24:43;844.0;1576520684;93.833;17.13907568022073;0.4967848023252386;-0.4345703125;
18:24:44;845.0;1576520685;93.833;17.13907568022073;0.4967848023252386;-0.4345703125;
18:24:45;846.0;1576520686;93.934;17.13907568022073;0.4967848023252386;-0.4345703125;
18:24:46;847.0;1576520687;93.529;17.13907568022073;0.4967848023252386;-0.4345703125;
18:24:47;848.0;1576520688;93.549;17.13907568022073;0.4967848023252386;-0.4345703125;
18:24:48;849.0;1576520689;93.894;17.13907568022073;0.4967848023252386;-0.4345703125;
18:24:49;850.0;1576520690;93.934;17.13907568022073;0.4967848023252386;-0.4345703125;
18:24:50;851.0;1576520691;94.118;17.13907568022073;0.4967848023252386;-0.4345703125;
18:24:51;852.0;1576520692;93.975;17.13907568022073;0.4967848023252386;-0.4345703125;
18:24:52;853.0;1576520693;93.792;17.13907568022073;0.4967848023252386;-0.4345703125;
18:24:53;854.0;1576520694;93.792;17.13907568022073;0.4967848023252386;-0.4345703125;
18:24:54;855.0;1576520695;93.65;17.13907568022073;0.4967848023252386;-0.4345703125;
18:24:55;856.0;1576520696;93.65;17.13907568022073;0.4967848023252386;-0.4345703125;
18:24:56;857.0;1576520697;93.448;17.13907568022073;0.4967848023252386;-0.4345703125;
18:24:57;858.0;1576520698;93.205;17.13907568022073;0.4967848023252386;-0.4345703125;
18:24:58;859.0;1576520699;93.205;17.13907568022073;0.4967848023252386;-0.4345703125;
18:24:59;860.0;1576520700;93.306;17.13907568022073;0.4967848023252386;-0.4345703125;
18:25:00;861.0;1576520701;93.367;17.13907568022073;0.4967848023252386;-0.4345703125;
18:25:01;862.0;1576520702;93.428;17.13907568022073;0.4967848023252386;-0.4345703125;
18:25:02;863.0;1576520703;93.589;17.13907568022073;0.4967848023252386;-0.4345703125;
18:25:03;864.0;1576520704;93.65;17.13907568022073;0.4967848023252386;-0.4345703125;
18:25:04;865.0;1576520706;93.833;17.13907568022073;0.4967848023252386;-0.4345703125;
18:25:05;866.0;1576520707;94.016;17.13907568022073;0.4967848023252386;-0.4345703125;
18:25:06;867.0;1576520708;93.996;17.13907568022073;0.4967848023252386;-0.4345703125;
