Time;Seconds from start for linreg;Unix Time;ch1 po2;Uc;Ubl;Vc;
17:55:38;-1.0;1576605339;95.577;27.31464891473035;0.791728954050155;-0.62744140625;
17:55:39;0.0;1576605340;95.743;27.572258363705274;0.7991958946001528;-0.63232421875;
17:55:40;1.0;1576605341;95.494;27.701063088192736;0.8029293648751518;-0.634765625;
17:55:41;2.0;1576605342;95.349;27.829867812680202;0.8066628351501508;-0.63720703125;
17:55:42;3.0;1576605343;95.329;27.572258363705274;0.7991958946001528;-0.63232421875;
17:55:43;4.0;1576605344;95.515;27.95867253716766;0.8103963054251496;-0.6396484375;
17:55:44;5.0;1576605345;95.349;27.95867253716766;0.8103963054251496;-0.6396484375;
17:55:45;6.0;1576605346;95.308;27.185844190242886;0.7879954837751562;-0.625;
17:55:46;7.0;1576605347;95.494;27.443453639217807;0.7954624243251538;-0.6298828125;
17:55:47;8.0;1576605348;95.267;28.473891435117515;0.8253301865251453;-0.6494140625;
17:55:48;9.0;1576605349;95.453;27.572258363705274;0.7991958946001528;-0.63232421875;
17:55:49;10.0;1576605350;95.411;27.31464891473035;0.791728954050155;-0.62744140625;
17:55:50;11.0;1576605351;95.225;27.572258363705274;0.7991958946001528;-0.63232421875;
17:55:51;12.0;1576605352;95.411;26.541820567805566;0.7693281324001613;-0.61279296875;
17:55:52;13.0;1576605353;95.453;27.572258363705274;0.7991958946001528;-0.63232421875;
17:55:53;14.0;1576605354;95.494;28.087477261655128;0.8141297757001487;-0.64208984375;
17:55:54;15.0;1576605355;95.66;27.829867812680202;0.8066628351501508;-0.63720703125;
17:55:55;16.0;1576605356;95.453;27.572258363705274;0.7991958946001528;-0.63232421875;
17:55:56;17.0;1576605357;95.639;27.829867812680202;0.8066628351501508;-0.63720703125;
17:55:57;18.0;1576605358;95.619;27.572258363705274;0.7991958946001528;-0.63232421875;
17:55:58;19.0;1576605359;95.66;27.572258363705274;0.7991958946001528;-0.63232421875;
17:55:59;20.0;1576605360;95.889;28.087477261655128;0.8141297757001487;-0.64208984375;
17:56:01;22.0;1576605361;95.681;27.829867812680202;0.8066628351501508;-0.63720703125;
17:56:02;23.0;1576605363;95.494;24.609749700493616;0.7133260782751772;-0.576171875;
17:56:03;24.0;1576605364;95.453;27.701063088192736;0.8029293648751518;-0.634765625;
17:56:04;25.0;1576605365;95.639;27.572258363705274;0.7991958946001528;-0.63232421875;
17:56:05;26.0;1576605366;95.806;28.087477261655128;0.8141297757001487;-0.64208984375;
17:56:06;27.0;1576605367;96.18;28.087477261655128;0.8141297757001487;-0.64208984375;
17:56:07;28.0;1576605368;95.868;27.701063088192736;0.8029293648751518;-0.634765625;
17:56:08;29.0;1576605369;95.66;27.572258363705274;0.7991958946001528;-0.63232421875;
17:56:09;30.0;1576605370;95.868;27.572258363705274;0.7991958946001528;-0.63232421875;
17:56:10;31.0;1576605371;95.826;27.572258363705274;0.7991958946001528;-0.63232421875;
17:56:11;32.0;1576605372;95.951;27.701063088192736;0.8029293648751518;-0.634765625;
17:56:12;33.0;1576605373;96.16;27.31464891473035;0.791728954050155;-0.62744140625;
17:56:13;34.0;1576605374;95.681;27.31464891473035;0.791728954050155;-0.62744140625;
17:56:14;35.0;1576605375;95.37;27.185844190242886;0.7879954837751562;-0.625;
17:56:15;36.0;1576605376;95.122;27.31464891473035;0.791728954050155;-0.62744140625;
17:56:16;37.0;1576605377;94.937;27.443453639217807;0.7954624243251538;-0.6298828125;
17:56:17;38.0;1576605378;95.205;27.05703946575542;0.7842620135001571;-0.62255859375;
17:56:18;39.0;1576605379;95.164;27.572258363705274;0.7991958946001528;-0.63232421875;
17:56:19;40.0;1576605380;95.515;27.572258363705274;0.7991958946001528;-0.63232421875;
17:56:20;41.0;1576605381;95.681;27.31464891473035;0.791728954050155;-0.62744140625;
17:56:21;42.0;1576605382;95.515;27.31464891473035;0.791728954050155;-0.62744140625;
17:56:22;43.0;1576605383;95.411;27.31464891473035;0.791728954050155;-0.62744140625;
17:56:23;44.0;1576605384;95.184;27.829867812680202;0.8066628351501508;-0.63720703125;
17:56:24;45.0;1576605385;95.081;27.701063088192736;0.8029293648751518;-0.634765625;
17:56:25;46.0;1576605387;95.246;27.31464891473035;0.791728954050155;-0.62744140625;
17:56:26;47.0;1576605388;95.536;27.31464891473035;0.791728954050155;-0.62744140625;
17:56:27;48.0;1576605389;95.702;27.701063088192736;0.8029293648751518;-0.634765625;
17:56:28;49.0;1576605390;95.66;27.31464891473035;0.791728954050155;-0.62744140625;
17:56:30;51.0;1576605391;95.515;27.572258363705274;0.7991958946001528;-0.63232421875;
17:56:31;52.0;1576605392;95.474;27.95867253716766;0.8103963054251496;-0.6396484375;
17:56:32;53.0;1576605393;95.453;27.829867812680202;0.8066628351501508;-0.63720703125;
17:56:33;54.0;1576605394;95.432;27.572258363705274;0.7991958946001528;-0.63232421875;
17:56:34;55.0;1576605395;95.453;27.31464891473035;0.791728954050155;-0.62744140625;
17:56:35;56.0;1576605396;95.722;28.087477261655128;0.8141297757001487;-0.64208984375;
17:56:36;57.0;1576605397;96.139;27.05703946575542;0.7842620135001571;-0.62255859375;
17:56:37;58.0;1576605398;96.285;26.799430016780494;0.7767950729501593;-0.61767578125;
17:56:38;59.0;1576605399;96.097;27.31464891473035;0.791728954050155;-0.62744140625;
17:56:39;60.0;1576605400;95.639;27.829867812680202;0.8066628351501508;-0.63720703125;
17:56:40;61.0;1576605401;95.019;27.829867812680202;0.8066628351501508;-0.63720703125;
17:56:41;62.0;1576605402;94.896;28.473891435117515;0.8253301865251453;-0.6494140625;
17:56:42;63.0;1576605403;95.081;26.670625292293032;0.7730616026751603;-0.615234375;
17:56:43;64.0;1576605404;95.349;27.185844190242886;0.7879954837751562;-0.625;
17:56:44;65.0;1576605405;95.556;27.443453639217807;0.7954624243251538;-0.6298828125;
17:56:45;66.0;1576605406;95.722;27.95867253716766;0.8103963054251496;-0.6396484375;
17:56:46;67.0;1576605407;95.722;27.829867812680202;0.8066628351501508;-0.63720703125;
17:56:47;68.0;1576605408;95.702;27.31464891473035;0.791728954050155;-0.62744140625;
17:56:48;69.0;1576605409;95.93;27.572258363705274;0.7991958946001528;-0.63232421875;
17:56:49;70.0;1576605410;95.722;27.701063088192736;0.8029293648751518;-0.634765625;
17:56:50;71.0;1576605411;95.619;28.345086710630056;0.8215967162501465;-0.64697265625;
17:56:51;72.0;1576605412;95.184;27.572258363705274;0.7991958946001528;-0.63232421875;
17:56:52;73.0;1576605413;94.999;27.572258363705274;0.7991958946001528;-0.63232421875;
17:56:53;74.0;1576605414;95.205;27.701063088192736;0.8029293648751518;-0.634765625;
17:56:54;75.0;1576605415;95.453;27.443453639217807;0.7954624243251538;-0.6298828125;
17:56:55;76.0;1576605416;95.806;27.829867812680202;0.8066628351501508;-0.63720703125;
17:56:56;77.0;1576605417;95.722;27.31464891473035;0.791728954050155;-0.62744140625;
17:56:57;78.0;1576605418;95.743;27.443453639217807;0.7954624243251538;-0.6298828125;
17:56:58;79.0;1576605419;95.598;27.829867812680202;0.8066628351501508;-0.63720703125;
17:56:59;80.0;1576605420;95.515;27.829867812680202;0.8066628351501508;-0.63720703125;
17:57:00;81.0;1576605421;95.536;27.829867812680202;0.8066628351501508;-0.63720703125;
17:57:01;82.0;1576605422;95.556;27.572258363705274;0.7991958946001528;-0.63232421875;
17:57:02;83.0;1576605423;95.806;27.829867812680202;0.8066628351501508;-0.63720703125;
17:57:03;84.0;1576605424;95.598;27.829867812680202;0.8066628351501508;-0.63720703125;
17:57:04;85.0;1576605425;95.826;27.829867812680202;0.8066628351501508;-0.63720703125;
17:57:05;86.0;1576605426;95.639;27.829867812680202;0.8066628351501508;-0.63720703125;
17:57:06;87.0;1576605427;95.184;27.185844190242886;0.7879954837751562;-0.625;
17:57:07;88.0;1576605428;95.764;27.701063088192736;0.8029293648751518;-0.634765625;
17:57:08;89.0;1576605429;95.577;27.31464891473035;0.791728954050155;-0.62744140625;
17:57:09;90.0;1576605431;95.515;27.31464891473035;0.791728954050155;-0.62744140625;
17:57:10;91.0;1576605432;95.432;26.928234741267957;0.7805285432251582;-0.6201171875;
17:57:11;92.0;1576605433;95.225;26.928234741267957;0.7805285432251582;-0.6201171875;
17:57:12;93.0;1576605434;95.205;27.185844190242886;0.7879954837751562;-0.625;
17:57:13;94.0;1576605435;95.453;27.829867812680202;0.8066628351501508;-0.63720703125;
17:57:14;95.0;1576605436;95.639;9999.0;9999.0;9999.0;
17:57:15;96.0;1576605437;95.474;27.443453639217807;0.7954624243251538;-0.6298828125;
17:57:16;97.0;1576605438;95.536;28.86030560857991;0.8365305973501423;-0.65673828125;
17:57:17;98.0;1576605439;95.536;27.443453639217807;0.7954624243251538;-0.6298828125;
17:57:18;99.0;1576605440;95.515;27.443453639217807;0.7954624243251538;-0.6298828125;
17:57:19;100.0;1576605441;95.267;27.443453639217807;0.7954624243251538;-0.6298828125;
17:57:20;101.0;1576605442;95.474;24.223335527031225;0.7021256674501805;-0.56884765625;
17:57:21;102.0;1576605443;95.246;27.829867812680202;0.8066628351501508;-0.63720703125;
17:57:22;103.0;1576605444;95.246;27.572258363705274;0.7991958946001528;-0.63232421875;
17:57:23;104.0;1576605445;95.143;28.731500884092444;0.8327971270751433;-0.654296875;
17:57:24;105.0;1576605446;94.793;26.541820567805566;0.7693281324001613;-0.61279296875;
17:57:25;106.0;1576605447;94.957;27.701063088192736;0.8029293648751518;-0.634765625;
17:57:26;107.0;1576605448;95.432;27.829867812680202;0.8066628351501508;-0.63720703125;
17:57:27;108.0;1576605449;95.743;27.829867812680202;0.8066628351501508;-0.63720703125;
17:57:28;109.0;1576605450;96.034;27.829867812680202;0.8066628351501508;-0.63720703125;
17:57:29;110.0;1576605451;95.889;27.31464891473035;0.791728954050155;-0.62744140625;
17:57:30;111.0;1576605452;95.494;27.829867812680202;0.8066628351501508;-0.63720703125;
17:57:31;112.0;1576605453;95.267;28.21628198614259;0.8178632459751476;-0.64453125;
17:57:32;113.0;1576605454;94.937;27.572258363705274;0.7991958946001528;-0.63232421875;
17:57:33;114.0;1576605455;94.752;27.05703946575542;0.7842620135001571;-0.62255859375;
17:57:35;116.0;1576605456;94.567;27.443453639217807;0.7954624243251538;-0.6298828125;
17:57:36;117.0;1576605457;94.567;27.701063088192736;0.8029293648751518;-0.634765625;
17:57:37;118.0;1576605458;94.896;26.28421111883064;0.7618611918501635;-0.60791015625;
17:57:38;119.0;1576605459;95.06;26.02660166985571;0.7543942513001656;-0.60302734375;
17:57:39;120.0;1576605460;95.267;27.572258363705274;0.7991958946001528;-0.63232421875;
17:57:40;121.0;1576605461;95.515;27.443453639217807;0.7954624243251538;-0.6298828125;
17:57:41;122.0;1576605462;95.308;27.95867253716766;0.8103963054251496;-0.6396484375;
17:57:42;123.0;1576605463;95.143;27.443453639217807;0.7954624243251538;-0.6298828125;
17:57:43;124.0;1576605464;95.143;28.21628198614259;0.8178632459751476;-0.64453125;
17:57:44;125.0;1576605465;95.184;27.443453639217807;0.7954624243251538;-0.6298828125;
17:57:45;126.0;1576605466;94.978;27.829867812680202;0.8066628351501508;-0.63720703125;
17:57:46;127.0;1576605467;95.308;27.701063088192736;0.8029293648751518;-0.634765625;
17:57:47;128.0;1576605468;95.184;27.572258363705274;0.7991958946001528;-0.63232421875;
17:57:48;129.0;1576605469;95.287;27.95867253716766;0.8103963054251496;-0.6396484375;
17:57:49;130.0;1576605470;95.432;27.31464891473035;0.791728954050155;-0.62744140625;
17:57:50;131.0;1576605471;95.164;28.21628198614259;0.8178632459751476;-0.64453125;
17:57:51;132.0;1576605472;95.287;27.572258363705274;0.7991958946001528;-0.63232421875;
17:57:52;133.0;1576605473;95.143;27.829867812680202;0.8066628351501508;-0.63720703125;
17:57:53;134.0;1576605474;95.391;27.443453639217807;0.7954624243251538;-0.6298828125;
17:57:54;135.0;1576605475;95.536;27.701063088192736;0.8029293648751518;-0.634765625;
17:57:55;136.0;1576605476;95.556;27.31464891473035;0.791728954050155;-0.62744140625;
17:57:56;137.0;1576605477;95.184;27.829867812680202;0.8066628351501508;-0.63720703125;
17:57:57;138.0;1576605478;94.67;27.31464891473035;0.791728954050155;-0.62744140625;
17:57:59;140.0;1576605479;94.22;27.572258363705274;0.7991958946001528;-0.63232421875;
17:58:00;141.0;1576605481;94.69;27.443453639217807;0.7954624243251538;-0.6298828125;
17:58:01;142.0;1576605482;94.896;27.31464891473035;0.791728954050155;-0.62744140625;
17:58:02;143.0;1576605483;94.711;27.572258363705274;0.7991958946001528;-0.63232421875;
17:58:03;144.0;1576605484;95.225;28.087477261655128;0.8141297757001487;-0.64208984375;
17:58:04;145.0;1576605485;95.287;27.572258363705274;0.7991958946001528;-0.63232421875;
17:58:05;146.0;1576605486;95.474;27.701063088192736;0.8029293648751518;-0.634765625;
17:58:06;147.0;1576605487;95.722;28.087477261655128;0.8141297757001487;-0.64208984375;
17:58:07;148.0;1576605488;95.764;27.572258363705274;0.7991958946001528;-0.63232421875;
17:58:08;149.0;1576605489;95.515;27.31464891473035;0.791728954050155;-0.62744140625;
17:58:09;150.0;1576605490;95.889;27.31464891473035;0.791728954050155;-0.62744140625;
17:58:10;151.0;1576605491;95.847;27.701063088192736;0.8029293648751518;-0.634765625;
17:58:11;152.0;1576605492;95.225;27.829867812680202;0.8066628351501508;-0.63720703125;
17:58:12;153.0;1576605493;95.453;28.087477261655128;0.8141297757001487;-0.64208984375;
17:58:13;154.0;1576605494;94.916;27.829867812680202;0.8066628351501508;-0.63720703125;
17:58:14;155.0;1576605495;94.752;27.443453639217807;0.7954624243251538;-0.6298828125;
17:58:15;156.0;1576605496;94.957;27.31464891473035;0.791728954050155;-0.62744140625;
17:58:16;157.0;1576605497;94.567;27.31464891473035;0.791728954050155;-0.62744140625;
17:58:17;158.0;1576605498;94.526;27.829867812680202;0.8066628351501508;-0.63720703125;
17:58:18;159.0;1576605499;94.506;28.21628198614259;0.8178632459751476;-0.64453125;
17:58:19;160.0;1576605500;94.547;27.572258363705274;0.7991958946001528;-0.63232421875;
17:58:20;161.0;1576605501;94.793;27.31464891473035;0.791728954050155;-0.62744140625;
17:58:21;162.0;1576605502;94.793;27.443453639217807;0.7954624243251538;-0.6298828125;
17:58:22;163.0;1576605503;95.019;27.31464891473035;0.791728954050155;-0.62744140625;
17:58:23;164.0;1576605504;95.184;27.701063088192736;0.8029293648751518;-0.634765625;
17:58:24;165.0;1576605505;95.164;27.443453639217807;0.7954624243251538;-0.6298828125;
17:58:25;166.0;1576605506;95.205;28.21628198614259;0.8178632459751476;-0.64453125;
17:58:26;167.0;1576605507;95.164;27.572258363705274;0.7991958946001528;-0.63232421875;
17:58:27;168.0;1576605508;94.999;27.572258363705274;0.7991958946001528;-0.63232421875;
17:58:28;169.0;1576605509;94.793;26.928234741267957;0.7805285432251582;-0.6201171875;
17:58:29;170.0;1576605510;94.793;27.572258363705274;0.7991958946001528;-0.63232421875;
17:58:30;171.0;1576605511;95.019;27.572258363705274;0.7991958946001528;-0.63232421875;
17:58:31;172.0;1576605512;94.957;27.443453639217807;0.7954624243251538;-0.6298828125;
17:58:32;173.0;1576605513;94.957;27.31464891473035;0.791728954050155;-0.62744140625;
17:58:33;174.0;1576605515;95.06;27.95867253716766;0.8103963054251496;-0.6396484375;
17:58:34;175.0;1576605516;94.834;27.829867812680202;0.8066628351501508;-0.63720703125;
17:58:35;176.0;1576605517;95.246;29.63313395550469;0.8589314190001359;-0.67138671875;
17:58:36;177.0;1576605518;95.225;27.701063088192736;0.8029293648751518;-0.634765625;
17:58:37;178.0;1576605519;95.246;27.443453639217807;0.7954624243251538;-0.6298828125;
17:58:39;180.0;1576605520;95.04;27.701063088192736;0.8029293648751518;-0.634765625;
17:58:40;181.0;1576605521;94.506;26.413015843318103;0.7655946621251624;-0.6103515625;
17:58:41;182.0;1576605522;94.711;27.31464891473035;0.791728954050155;-0.62744140625;
17:58:42;183.0;1576605523;94.916;27.701063088192736;0.8029293648751518;-0.634765625;
17:58:43;184.0;1576605524;94.957;27.572258363705274;0.7991958946001528;-0.63232421875;
17:58:44;185.0;1576605525;95.287;27.572258363705274;0.7991958946001528;-0.63232421875;
17:58:45;186.0;1576605526;95.143;27.829867812680202;0.8066628351501508;-0.63720703125;
17:58:46;187.0;1576605527;94.978;27.443453639217807;0.7954624243251538;-0.6298828125;
17:58:47;188.0;1576605528;95.143;27.701063088192736;0.8029293648751518;-0.634765625;
17:58:48;189.0;1576605529;95.349;27.572258363705274;0.7991958946001528;-0.63232421875;
17:58:49;190.0;1576605530;95.329;27.31464891473035;0.791728954050155;-0.62744140625;
17:58:50;191.0;1576605531;95.04;27.572258363705274;0.7991958946001528;-0.63232421875;
17:58:51;192.0;1576605532;94.896;28.731500884092444;0.8327971270751433;-0.654296875;
17:58:52;193.0;1576605533;94.752;27.829867812680202;0.8066628351501508;-0.63720703125;
17:58:53;194.0;1576605534;94.731;28.345086710630056;0.8215967162501465;-0.64697265625;
17:58:54;195.0;1576605535;94.772;27.829867812680202;0.8066628351501508;-0.63720703125;
17:58:55;196.0;1576605536;94.711;27.95867253716766;0.8103963054251496;-0.6396484375;
17:58:56;197.0;1576605537;94.444;27.443453639217807;0.7954624243251538;-0.6298828125;
17:58:57;198.0;1576605538;94.465;27.572258363705274;0.7991958946001528;-0.63232421875;
17:58:58;199.0;1576605539;94.855;26.541820567805566;0.7693281324001613;-0.61279296875;
17:58:59;200.0;1576605540;95.081;27.443453639217807;0.7954624243251538;-0.6298828125;
17:59:00;201.0;1576605541;95.287;27.572258363705274;0.7991958946001528;-0.63232421875;
17:59:01;202.0;1576605542;95.287;27.829867812680202;0.8066628351501508;-0.63720703125;
17:59:02;203.0;1576605543;95.081;27.829867812680202;0.8066628351501508;-0.63720703125;
17:59:03;204.0;1576605544;94.69;27.95867253716766;0.8103963054251496;-0.6396484375;
17:59:04;205.0;1576605545;94.547;26.413015843318103;0.7655946621251624;-0.6103515625;
17:59:05;206.0;1576605546;94.547;27.829867812680202;0.8066628351501508;-0.63720703125;
17:59:06;207.0;1576605547;94.608;27.443453639217807;0.7954624243251538;-0.6298828125;
17:59:07;208.0;1576605548;94.752;27.95867253716766;0.8103963054251496;-0.6396484375;
17:59:08;209.0;1576605549;94.937;27.572258363705274;0.7991958946001528;-0.63232421875;
17:59:09;210.0;1576605550;95.143;27.829867812680202;0.8066628351501508;-0.63720703125;
17:59:10;211.0;1576605551;94.793;29.246719782042298;0.847731008175139;-0.6640625;
17:59:11;212.0;1576605552;94.916;27.95867253716766;0.8103963054251496;-0.6396484375;
17:59:12;213.0;1576605553;94.69;28.087477261655128;0.8141297757001487;-0.64208984375;
17:59:13;214.0;1576605554;94.444;27.31464891473035;0.791728954050155;-0.62744140625;
17:59:14;215.0;1576605555;94.649;27.443453639217807;0.7954624243251538;-0.6298828125;
17:59:15;216.0;1576605556;94.608;27.701063088192736;0.8029293648751518;-0.634765625;
17:59:16;217.0;1576605557;94.629;27.701063088192736;0.8029293648751518;-0.634765625;
17:59:17;218.0;1576605558;94.465;27.95867253716766;0.8103963054251496;-0.6396484375;
17:59:18;219.0;1576605559;94.22;27.829867812680202;0.8066628351501508;-0.63720703125;
17:59:19;220.0;1576605560;94.24;27.829867812680202;0.8066628351501508;-0.63720703125;
17:59:20;221.0;1576605561;94.424;27.829867812680202;0.8066628351501508;-0.63720703125;
17:59:21;222.0;1576605562;94.608;27.31464891473035;0.791728954050155;-0.62744140625;
17:59:22;223.0;1576605563;94.916;27.443453639217807;0.7954624243251538;-0.6298828125;
17:59:23;224.0;1576605564;95.04;27.829867812680202;0.8066628351501508;-0.63720703125;
17:59:24;225.0;1576605566;94.711;27.572258363705274;0.7991958946001528;-0.63232421875;
17:59:25;226.0;1576605567;94.772;27.572258363705274;0.7991958946001528;-0.63232421875;
17:59:26;227.0;1576605568;94.813;27.572258363705274;0.7991958946001528;-0.63232421875;
17:59:27;228.0;1576605569;94.404;29.375524506529764;0.8514644784501381;-0.66650390625;
17:59:28;229.0;1576605570;94.957;27.443453639217807;0.7954624243251538;-0.6298828125;
17:59:29;230.0;1576605571;95.246;27.701063088192736;0.8029293648751518;-0.634765625;
17:59:30;231.0;1576605572;95.267;27.572258363705274;0.7991958946001528;-0.63232421875;
17:59:31;232.0;1576605573;95.329;27.31464891473035;0.791728954050155;-0.62744140625;
17:59:32;233.0;1576605574;94.752;27.31464891473035;0.791728954050155;-0.62744140625;
17:59:33;234.0;1576605575;94.22;27.572258363705274;0.7991958946001528;-0.63232421875;
17:59:34;235.0;1576605576;94.26;27.701063088192736;0.8029293648751518;-0.634765625;
17:59:35;236.0;1576605577;94.301;27.572258363705274;0.7991958946001528;-0.63232421875;
17:59:36;237.0;1576605578;94.67;27.829867812680202;0.8066628351501508;-0.63720703125;
17:59:37;238.0;1576605579;94.855;27.572258363705274;0.7991958946001528;-0.63232421875;
17:59:38;239.0;1576605580;94.608;26.670625292293032;0.7730616026751603;-0.615234375;
17:59:39;240.0;1576605581;94.752;27.95867253716766;0.8103963054251496;-0.6396484375;
17:59:40;241.0;1576605582;94.506;27.572258363705274;0.7991958946001528;-0.63232421875;
17:59:41;242.0;1576605583;94.896;27.701063088192736;0.8029293648751518;-0.634765625;
17:59:43;244.0;1576605584;94.937;28.087477261655128;0.8141297757001487;-0.64208984375;
17:59:44;245.0;1576605585;94.731;28.60269615960498;0.8290636568001444;-0.65185546875;
17:59:45;246.0;1576605586;94.752;27.443453639217807;0.7954624243251538;-0.6298828125;
17:59:46;247.0;1576605587;94.383;27.31464891473035;0.791728954050155;-0.62744140625;
17:59:47;248.0;1576605588;94.567;27.701063088192736;0.8029293648751518;-0.634765625;
17:59:48;249.0;1576605589;94.916;27.829867812680202;0.8066628351501508;-0.63720703125;
17:59:49;250.0;1576605590;95.143;27.31464891473035;0.791728954050155;-0.62744140625;
17:59:50;251.0;1576605591;95.246;27.701063088192736;0.8029293648751518;-0.634765625;
17:59:51;252.0;1576605592;94.978;27.95867253716766;0.8103963054251496;-0.6396484375;
17:59:52;253.0;1576605593;95.019;28.86030560857991;0.8365305973501423;-0.65673828125;
17:59:53;254.0;1576605594;94.649;27.572258363705274;0.7991958946001528;-0.63232421875;
17:59:54;255.0;1576605595;94.567;27.829867812680202;0.8066628351501508;-0.63720703125;
17:59:55;256.0;1576605596;94.404;27.572258363705274;0.7991958946001528;-0.63232421875;
17:59:56;257.0;1576605597;94.424;27.701063088192736;0.8029293648751518;-0.634765625;
17:59:57;258.0;1576605597;94.567;27.829867812680202;0.8066628351501508;-0.63720703125;
17:59:58;259.0;1576605599;94.547;27.701063088192736;0.8029293648751518;-0.634765625;
17:59:59;260.0;1576605600;94.588;27.31464891473035;0.791728954050155;-0.62744140625;
18:00:00;261.0;1576605601;94.547;27.572258363705274;0.7991958946001528;-0.63232421875;
18:00:01;262.0;1576605602;94.444;27.443453639217807;0.7954624243251538;-0.6298828125;
18:00:02;263.0;1576605603;94.465;26.799430016780494;0.7767950729501593;-0.61767578125;
18:00:03;264.0;1576605604;94.69;28.21628198614259;0.8178632459751476;-0.64453125;
18:00:04;265.0;1576605605;94.69;27.31464891473035;0.791728954050155;-0.62744140625;
18:00:05;266.0;1576605606;94.465;27.572258363705274;0.7991958946001528;-0.63232421875;
18:00:06;267.0;1576605607;94.24;27.05703946575542;0.7842620135001571;-0.62255859375;
18:00:07;268.0;1576605608;94.342;27.572258363705274;0.7991958946001528;-0.63232421875;
18:00:08;269.0;1576605609;94.179;27.31464891473035;0.791728954050155;-0.62744140625;
18:00:09;270.0;1576605610;94.69;27.572258363705274;0.7991958946001528;-0.63232421875;
18:00:10;271.0;1576605611;94.978;27.31464891473035;0.791728954050155;-0.62744140625;
18:00:11;272.0;1576605612;94.855;27.701063088192736;0.8029293648751518;-0.634765625;
18:00:12;273.0;1576605613;94.834;27.31464891473035;0.791728954050155;-0.62744140625;
18:00:13;274.0;1576605614;94.711;27.572258363705274;0.7991958946001528;-0.63232421875;
18:00:14;275.0;1576605615;94.588;27.443453639217807;0.7954624243251538;-0.6298828125;
18:00:15;276.0;1576605616;94.24;27.31464891473035;0.791728954050155;-0.62744140625;
18:00:16;277.0;1576605617;94.077;27.829867812680202;0.8066628351501508;-0.63720703125;
18:00:17;278.0;1576605618;93.691;27.572258363705274;0.7991958946001528;-0.63232421875;
18:00:18;279.0;1576605619;93.569;27.701063088192736;0.8029293648751518;-0.634765625;
18:00:19;280.0;1576605620;93.752;27.701063088192736;0.8029293648751518;-0.634765625;
18:00:20;281.0;1576605621;93.955;27.701063088192736;0.8029293648751518;-0.634765625;
18:00:21;282.0;1576605622;94.24;27.31464891473035;0.791728954050155;-0.62744140625;
18:00:22;283.0;1576605623;94.444;27.829867812680202;0.8066628351501508;-0.63720703125;
18:00:23;284.0;1576605624;94.424;27.701063088192736;0.8029293648751518;-0.634765625;
18:00:24;285.0;1576605626;94.036;27.31464891473035;0.791728954050155;-0.62744140625;
18:00:25;286.0;1576605627;94.057;27.443453639217807;0.7954624243251538;-0.6298828125;
18:00:26;287.0;1576605628;94.016;27.829867812680202;0.8066628351501508;-0.63720703125;
18:00:27;288.0;1576605629;94.036;27.572258363705274;0.7991958946001528;-0.63232421875;
18:00:28;289.0;1576605630;94.363;27.701063088192736;0.8029293648751518;-0.634765625;
18:00:29;290.0;1576605631;94.22;27.572258363705274;0.7991958946001528;-0.63232421875;
18:00:30;291.0;1576605632;94.036;27.31464891473035;0.791728954050155;-0.62744140625;
18:00:31;292.0;1576605633;94.138;0.6520709458254101;0.018900607125374207;-0.1220703125;
18:00:32;293.0;1576605634;94.016;0.7808756703128736;0.02263407740037315;-0.12451171875;
18:00:33;294.0;1576605635;94.077;27.31464891473035;0.791728954050155;-0.62744140625;
18:00:34;295.0;1576605636;94.199;27.31464891473035;0.791728954050155;-0.62744140625;
18:00:35;296.0;1576605637;94.057;27.701063088192736;0.8029293648751518;-0.634765625;
18:00:36;297.0;1576605638;93.914;27.572258363705274;0.7991958946001528;-0.63232421875;
18:00:37;298.0;1576605639;94.057;27.572258363705274;0.7991958946001528;-0.63232421875;
18:00:38;299.0;1576605640;93.934;27.829867812680202;0.8066628351501508;-0.63720703125;
18:00:39;300.0;1576605641;93.853;26.02660166985571;0.7543942513001656;-0.60302734375;
18:00:40;301.0;1576605642;93.934;27.701063088192736;0.8029293648751518;-0.634765625;
18:00:41;302.0;1576605643;93.569;27.572258363705274;0.7991958946001528;-0.63232421875;
18:00:42;303.0;1576605644;93.589;27.572258363705274;0.7991958946001528;-0.63232421875;
18:00:43;304.0;1576605645;93.853;27.31464891473035;0.791728954050155;-0.62744140625;
18:00:44;305.0;1576605646;94.118;0.5232662213379466;0.015167136850375264;-0.11962890625;
18:00:45;306.0;1576605647;94.588;0.5232662213379466;0.015167136850375264;-0.11962890625;
18:00:47;308.0;1576605648;94.526;27.443453639217807;0.7954624243251538;-0.6298828125;
18:00:48;309.0;1576605649;94.199;27.572258363705274;0.7991958946001528;-0.63232421875;
18:00:49;310.0;1576605650;94.158;27.443453639217807;0.7954624243251538;-0.6298828125;
18:00:50;311.0;1576605651;94.077;27.95867253716766;0.8103963054251496;-0.6396484375;
18:00:51;312.0;1576605652;94.301;27.829867812680202;0.8066628351501508;-0.63720703125;
18:00:52;313.0;1576605653;94.465;27.443453639217807;0.7954624243251538;-0.6298828125;
18:00:53;314.0;1576605654;94.26;29.761938679992156;0.862664889275135;-0.673828125;
18:00:54;315.0;1576605655;94.057;27.829867812680202;0.8066628351501508;-0.63720703125;
18:00:56;317.0;1576605656;94.016;27.31464891473035;0.791728954050155;-0.62744140625;
18:00:57;318.0;1576605658;94.016;26.28421111883064;0.7618611918501635;-0.60791015625;
18:00:58;319.0;1576605659;94.036;27.05703946575542;0.7842620135001571;-0.62255859375;
18:00:59;320.0;1576605660;94.077;27.701063088192736;0.8029293648751518;-0.634765625;
18:01:00;321.0;1576605661;93.955;27.701063088192736;0.8029293648751518;-0.634765625;
18:01:01;322.0;1576605662;93.975;27.185844190242886;0.7879954837751562;-0.625;
18:01:02;323.0;1576605663;93.792;27.95867253716766;0.8103963054251496;-0.6396484375;
18:01:03;324.0;1576605664;93.772;27.443453639217807;0.7954624243251538;-0.6298828125;
18:01:04;325.0;1576605665;93.853;27.572258363705274;0.7991958946001528;-0.63232421875;
18:01:05;326.0;1576605666;94.281;27.31464891473035;0.791728954050155;-0.62744140625;
18:01:06;327.0;1576605667;94.424;27.443453639217807;0.7954624243251538;-0.6298828125;
18:01:07;328.0;1576605668;94.485;27.185844190242886;0.7879954837751562;-0.625;
18:01:08;329.0;1576605669;93.996;27.572258363705274;0.7991958946001528;-0.63232421875;
18:01:09;330.0;1576605670;93.731;27.572258363705274;0.7991958946001528;-0.63232421875;
18:01:10;331.0;1576605671;93.955;27.572258363705274;0.7991958946001528;-0.63232421875;
18:01:11;332.0;1576605672;93.711;27.572258363705274;0.7991958946001528;-0.63232421875;
18:01:12;333.0;1576605673;94.281;27.572258363705274;0.7991958946001528;-0.63232421875;
18:01:13;334.0;1576605674;94.097;27.829867812680202;0.8066628351501508;-0.63720703125;
18:01:14;335.0;1576605675;93.752;27.31464891473035;0.791728954050155;-0.62744140625;
18:01:15;336.0;1576605676;93.914;27.05703946575542;0.7842620135001571;-0.62255859375;
18:01:16;337.0;1576605677;93.873;27.31464891473035;0.791728954050155;-0.62744140625;
18:01:17;338.0;1576605678;93.671;27.701063088192736;0.8029293648751518;-0.634765625;
18:01:18;339.0;1576605679;93.792;27.95867253716766;0.8103963054251496;-0.6396484375;
18:01:19;340.0;1576605680;93.833;27.31464891473035;0.791728954050155;-0.62744140625;
18:01:20;341.0;1576605681;93.65;27.443453639217807;0.7954624243251538;-0.6298828125;
18:01:21;342.0;1576605682;93.894;27.829867812680202;0.8066628351501508;-0.63720703125;
18:01:22;343.0;1576605683;93.488;27.95867253716766;0.8103963054251496;-0.6396484375;
18:01:23;344.0;1576605684;93.448;27.572258363705274;0.7991958946001528;-0.63232421875;
18:01:24;345.0;1576605685;93.508;27.31464891473035;0.791728954050155;-0.62744140625;
18:01:25;346.0;1576605686;93.508;27.701063088192736;0.8029293648751518;-0.634765625;
18:01:26;347.0;1576605687;93.975;27.31464891473035;0.791728954050155;-0.62744140625;
18:01:27;348.0;1576605688;94.138;27.05703946575542;0.7842620135001571;-0.62255859375;
18:01:28;349.0;1576605689;93.934;27.572258363705274;0.7991958946001528;-0.63232421875;
18:01:29;350.0;1576605690;94.097;27.443453639217807;0.7954624243251538;-0.6298828125;
18:01:30;351.0;1576605691;93.996;27.443453639217807;0.7954624243251538;-0.6298828125;
18:01:31;352.0;1576605692;93.671;27.443453639217807;0.7954624243251538;-0.6298828125;
18:01:32;353.0;1576605693;93.671;27.701063088192736;0.8029293648751518;-0.634765625;
18:01:33;354.0;1576605694;93.549;27.701063088192736;0.8029293648751518;-0.634765625;
18:01:34;355.0;1576605695;93.792;27.701063088192736;0.8029293648751518;-0.634765625;
18:01:35;356.0;1576605696;93.955;27.701063088192736;0.8029293648751518;-0.634765625;
18:01:36;357.0;1576605697;94.118;27.31464891473035;0.791728954050155;-0.62744140625;
18:01:37;358.0;1576605698;94.077;27.572258363705274;0.7991958946001528;-0.63232421875;
18:01:38;359.0;1576605700;93.691;27.701063088192736;0.8029293648751518;-0.634765625;
18:01:39;360.0;1576605701;93.549;27.31464891473035;0.791728954050155;-0.62744140625;
18:01:40;361.0;1576605702;93.853;27.443453639217807;0.7954624243251538;-0.6298828125;
18:01:41;362.0;1576605703;93.813;27.829867812680202;0.8066628351501508;-0.63720703125;
18:01:42;363.0;1576605704;93.975;27.31464891473035;0.791728954050155;-0.62744140625;
18:01:43;364.0;1576605705;94.118;27.701063088192736;0.8029293648751518;-0.634765625;
18:01:44;365.0;1576605706;93.813;27.829867812680202;0.8066628351501508;-0.63720703125;
18:01:45;366.0;1576605707;93.63;27.829867812680202;0.8066628351501508;-0.63720703125;
18:01:46;367.0;1576605708;93.145;27.443453639217807;0.7954624243251538;-0.6298828125;
18:01:47;368.0;1576605709;93.024;27.95867253716766;0.8103963054251496;-0.6396484375;
18:01:48;369.0;1576605710;93.004;27.31464891473035;0.791728954050155;-0.62744140625;
18:01:49;370.0;1576605711;92.984;27.31464891473035;0.791728954050155;-0.62744140625;
18:01:51;372.0;1576605712;93.266;28.087477261655128;0.8141297757001487;-0.64208984375;
18:01:52;373.0;1576605713;93.407;27.829867812680202;0.8066628351501508;-0.63720703125;
18:01:53;374.0;1576605714;93.246;27.95867253716766;0.8103963054251496;-0.6396484375;
18:01:54;375.0;1576605715;93.266;27.701063088192736;0.8029293648751518;-0.634765625;
18:01:55;376.0;1576605715;93.468;27.829867812680202;0.8066628351501508;-0.63720703125;
18:01:56;377.0;1576605717;93.508;27.829867812680202;0.8066628351501508;-0.63720703125;
18:01:57;378.0;1576605718;93.246;27.829867812680202;0.8066628351501508;-0.63720703125;
18:01:58;379.0;1576605719;93.63;28.473891435117515;0.8253301865251453;-0.6494140625;
18:01:59;380.0;1576605720;93.711;27.701063088192736;0.8029293648751518;-0.634765625;
18:02:00;381.0;1576605721;93.347;27.95867253716766;0.8103963054251496;-0.6396484375;
18:02:01;382.0;1576605722;94.016;27.95867253716766;0.8103963054251496;-0.6396484375;
18:02:02;383.0;1576605723;93.65;27.95867253716766;0.8103963054251496;-0.6396484375;
18:02:03;384.0;1576605724;93.246;28.60269615960498;0.8290636568001444;-0.65185546875;
18:02:04;385.0;1576605725;93.226;27.572258363705274;0.7991958946001528;-0.63232421875;
18:02:05;386.0;1576605726;92.863;27.701063088192736;0.8029293648751518;-0.634765625;
18:02:06;387.0;1576605727;92.904;27.829867812680202;0.8066628351501508;-0.63720703125;
18:02:07;388.0;1576605728;93.064;27.95867253716766;0.8103963054251496;-0.6396484375;
18:02:08;389.0;1576605729;93.105;27.31464891473035;0.791728954050155;-0.62744140625;
18:02:09;390.0;1576605730;93.246;27.95867253716766;0.8103963054251496;-0.6396484375;
18:02:10;391.0;1576605731;93.185;27.443453639217807;0.7954624243251538;-0.6298828125;
18:02:11;392.0;1576605732;93.833;27.31464891473035;0.791728954050155;-0.62744140625;
18:02:12;393.0;1576605733;93.934;27.443453639217807;0.7954624243251538;-0.6298828125;
18:02:13;394.0;1576605734;93.731;27.701063088192736;0.8029293648751518;-0.634765625;
18:02:14;395.0;1576605735;93.752;27.572258363705274;0.7991958946001528;-0.63232421875;
18:02:15;396.0;1576605736;93.085;27.572258363705274;0.7991958946001528;-0.63232421875;
18:02:16;397.0;1576605737;93.125;27.95867253716766;0.8103963054251496;-0.6396484375;
18:02:17;398.0;1576605738;93.145;27.701063088192736;0.8029293648751518;-0.634765625;
18:02:18;399.0;1576605739;93.387;27.572258363705274;0.7991958946001528;-0.63232421875;
18:02:19;400.0;1576605740;93.549;27.701063088192736;0.8029293648751518;-0.634765625;
18:02:20;401.0;1576605741;93.711;27.95867253716766;0.8103963054251496;-0.6396484375;
18:02:21;402.0;1576605742;93.711;28.087477261655128;0.8141297757001487;-0.64208984375;
18:02:22;403.0;1576605743;93.63;27.829867812680202;0.8066628351501508;-0.63720703125;
18:02:23;404.0;1576605745;93.711;27.829867812680202;0.8066628351501508;-0.63720703125;
18:02:24;405.0;1576605746;93.367;27.701063088192736;0.8029293648751518;-0.634765625;
18:02:25;406.0;1576605747;93.347;27.829867812680202;0.8066628351501508;-0.63720703125;
18:02:26;407.0;1576605748;92.863;28.087477261655128;0.8141297757001487;-0.64208984375;
18:02:27;408.0;1576605749;92.843;26.541820567805566;0.7693281324001613;-0.61279296875;
18:02:28;409.0;1576605750;92.843;27.572258363705274;0.7991958946001528;-0.63232421875;
18:02:29;410.0;1576605751;92.883;27.701063088192736;0.8029293648751518;-0.634765625;
18:02:30;411.0;1576605752;93.246;27.95867253716766;0.8103963054251496;-0.6396484375;
18:02:31;412.0;1576605753;93.266;27.572258363705274;0.7991958946001528;-0.63232421875;
18:02:32;413.0;1576605754;93.488;27.443453639217807;0.7954624243251538;-0.6298828125;
18:02:33;414.0;1576605755;93.448;27.443453639217807;0.7954624243251538;-0.6298828125;
18:02:34;415.0;1576605756;93.428;27.701063088192736;0.8029293648751518;-0.634765625;
18:02:35;416.0;1576605757;93.205;27.829867812680202;0.8066628351501508;-0.63720703125;
18:02:36;417.0;1576605758;93.044;27.95867253716766;0.8103963054251496;-0.6396484375;
18:02:37;418.0;1576605759;93.024;27.572258363705274;0.7991958946001528;-0.63232421875;
18:02:38;419.0;1576605760;92.984;27.185844190242886;0.7879954837751562;-0.625;
18:02:39;420.0;1576605761;92.783;27.701063088192736;0.8029293648751518;-0.634765625;
18:02:40;421.0;1576605762;93.246;26.155406394343178;0.7581277215751646;-0.60546875;
18:02:41;422.0;1576605763;93.63;27.95867253716766;0.8103963054251496;-0.6396484375;
18:02:42;423.0;1576605764;93.65;27.701063088192736;0.8029293648751518;-0.634765625;
18:02:43;424.0;1576605765;93.873;27.443453639217807;0.7954624243251538;-0.6298828125;
18:02:44;425.0;1576605766;93.61;27.572258363705274;0.7991958946001528;-0.63232421875;
18:02:45;426.0;1576605767;93.246;27.701063088192736;0.8029293648751518;-0.634765625;
18:02:46;427.0;1576605768;93.488;28.087477261655128;0.8141297757001487;-0.64208984375;
18:02:47;428.0;1576605769;93.327;27.829867812680202;0.8066628351501508;-0.63720703125;
18:02:48;429.0;1576605770;93.428;27.829867812680202;0.8066628351501508;-0.63720703125;
18:02:49;430.0;1576605771;93.813;27.829867812680202;0.8066628351501508;-0.63720703125;
18:02:50;431.0;1576605772;93.752;27.701063088192736;0.8029293648751518;-0.634765625;
18:02:51;432.0;1576605773;94.301;27.572258363705274;0.7991958946001528;-0.63232421875;
18:02:52;433.0;1576605774;94.342;27.572258363705274;0.7991958946001528;-0.63232421875;
18:02:53;434.0;1576605774;94.016;27.829867812680202;0.8066628351501508;-0.63720703125;
18:02:55;436.0;1576605776;94.179;27.829867812680202;0.8066628351501508;-0.63720703125;
18:02:56;437.0;1576605777;93.792;9999.0;9999.0;9999.0;
18:02:57;438.0;1576605778;93.407;27.829867812680202;0.8066628351501508;-0.63720703125;
18:02:58;439.0;1576605779;93.529;27.443453639217807;0.7954624243251538;-0.6298828125;
18:02:59;440.0;1576605780;93.064;27.701063088192736;0.8029293648751518;-0.634765625;
18:03:00;441.0;1576605781;92.964;27.443453639217807;0.7954624243251538;-0.6298828125;
18:03:01;442.0;1576605782;93.286;27.443453639217807;0.7954624243251538;-0.6298828125;
18:03:02;443.0;1576605783;92.944;27.572258363705274;0.7991958946001528;-0.63232421875;
18:03:03;444.0;1576605784;93.064;29.246719782042298;0.847731008175139;-0.6640625;
18:03:04;445.0;1576605785;93.185;27.443453639217807;0.7954624243251538;-0.6298828125;
18:03:05;446.0;1576605786;93.205;27.31464891473035;0.791728954050155;-0.62744140625;
18:03:06;447.0;1576605787;93.246;27.572258363705274;0.7991958946001528;-0.63232421875;
18:03:07;448.0;1576605788;93.246;27.31464891473035;0.791728954050155;-0.62744140625;
18:03:08;449.0;1576605789;92.964;27.185844190242886;0.7879954837751562;-0.625;
18:03:09;450.0;1576605790;92.703;26.799430016780494;0.7767950729501593;-0.61767578125;
18:03:10;451.0;1576605791;92.783;27.572258363705274;0.7991958946001528;-0.63232421875;
18:03:11;452.0;1576605792;92.984;27.829867812680202;0.8066628351501508;-0.63720703125;
18:03:12;453.0;1576605793;93.327;27.185844190242886;0.7879954837751562;-0.625;
18:03:13;454.0;1576605794;93.347;27.701063088192736;0.8029293648751518;-0.634765625;
18:03:14;455.0;1576605795;93.529;27.829867812680202;0.8066628351501508;-0.63720703125;
18:03:15;456.0;1576605796;93.286;27.443453639217807;0.7954624243251538;-0.6298828125;
18:03:16;457.0;1576605797;93.327;27.572258363705274;0.7991958946001528;-0.63232421875;
18:03:17;458.0;1576605798;93.286;27.701063088192736;0.8029293648751518;-0.634765625;
18:03:18;459.0;1576605799;92.883;28.345086710630056;0.8215967162501465;-0.64697265625;
18:03:19;460.0;1576605800;92.703;27.572258363705274;0.7991958946001528;-0.63232421875;
18:03:20;461.0;1576605801;92.283;27.572258363705274;0.7991958946001528;-0.63232421875;
18:03:21;462.0;1576605802;92.203;27.05703946575542;0.7842620135001571;-0.62255859375;
18:03:22;463.0;1576605803;92.563;27.572258363705274;0.7991958946001528;-0.63232421875;
18:03:23;464.0;1576605804;92.803;27.572258363705274;0.7991958946001528;-0.63232421875;
18:03:24;465.0;1576605805;93.185;27.31464891473035;0.791728954050155;-0.62744140625;
18:03:25;466.0;1576605806;93.125;27.443453639217807;0.7954624243251538;-0.6298828125;
18:03:26;467.0;1576605807;93.165;27.829867812680202;0.8066628351501508;-0.63720703125;
18:03:27;468.0;1576605808;92.763;27.701063088192736;0.8029293648751518;-0.634765625;
18:03:28;469.0;1576605809;92.483;27.443453639217807;0.7954624243251538;-0.6298828125;
18:03:29;470.0;1576605810;92.483;27.95867253716766;0.8103963054251496;-0.6396484375;
18:03:30;471.0;1576605811;92.363;26.799430016780494;0.7767950729501593;-0.61767578125;
18:03:31;472.0;1576605812;92.463;27.572258363705274;0.7991958946001528;-0.63232421875;
18:03:32;473.0;1576605813;92.623;27.443453639217807;0.7954624243251538;-0.6298828125;
18:03:33;474.0;1576605814;92.603;27.95867253716766;0.8103963054251496;-0.6396484375;
18:03:34;475.0;1576605815;92.343;27.05703946575542;0.7842620135001571;-0.62255859375;
18:03:35;476.0;1576605816;92.743;27.829867812680202;0.8066628351501508;-0.63720703125;
18:03:36;477.0;1576605817;92.663;27.829867812680202;0.8066628351501508;-0.63720703125;
18:03:37;478.0;1576605818;92.823;26.928234741267957;0.7805285432251582;-0.6201171875;
18:03:38;479.0;1576605819;92.843;27.443453639217807;0.7954624243251538;-0.6298828125;
18:03:39;480.0;1576605820;92.523;27.829867812680202;0.8066628351501508;-0.63720703125;
18:03:40;481.0;1576605821;92.583;27.572258363705274;0.7991958946001528;-0.63232421875;
18:03:41;482.0;1576605822;92.603;27.443453639217807;0.7954624243251538;-0.6298828125;
18:03:42;483.0;1576605823;92.783;30.148352853454544;0.8738653001001317;-0.68115234375;
18:03:43;484.0;1576605824;92.783;27.95867253716766;0.8103963054251496;-0.6396484375;
18:03:44;485.0;1576605825;92.783;27.95867253716766;0.8103963054251496;-0.6396484375;
18:03:45;486.0;1576605826;92.803;27.701063088192736;0.8029293648751518;-0.634765625;
18:03:46;487.0;1576605827;92.623;27.31464891473035;0.791728954050155;-0.62744140625;
18:03:47;488.0;1576605828;92.803;27.829867812680202;0.8066628351501508;-0.63720703125;
18:03:48;489.0;1576605829;92.663;27.31464891473035;0.791728954050155;-0.62744140625;
18:03:49;490.0;1576605830;92.144;27.572258363705274;0.7991958946001528;-0.63232421875;
18:03:50;491.0;1576605831;92.363;27.829867812680202;0.8066628351501508;-0.63720703125;
18:03:51;492.0;1576605832;92.183;27.572258363705274;0.7991958946001528;-0.63232421875;
18:03:52;493.0;1576605833;91.905;27.572258363705274;0.7991958946001528;-0.63232421875;
18:03:53;494.0;1576605834;92.463;27.572258363705274;0.7991958946001528;-0.63232421875;
18:03:54;495.0;1576605836;92.064;26.928234741267957;0.7805285432251582;-0.6201171875;
18:03:55;496.0;1576605837;92.084;27.31464891473035;0.791728954050155;-0.62744140625;
18:03:56;497.0;1576605838;92.303;27.31464891473035;0.791728954050155;-0.62744140625;
18:03:57;498.0;1576605839;92.064;27.443453639217807;0.7954624243251538;-0.6298828125;
18:03:59;500.0;1576605840;92.403;28.98911033306737;0.8402640676251412;-0.6591796875;
18:04:00;501.0;1576605841;92.363;27.572258363705274;0.7991958946001528;-0.63232421875;
18:04:01;502.0;1576605842;92.443;27.31464891473035;0.791728954050155;-0.62744140625;
18:04:02;503.0;1576605843;92.643;28.21628198614259;0.8178632459751476;-0.64453125;
18:04:03;504.0;1576605844;92.483;27.829867812680202;0.8066628351501508;-0.63720703125;
18:04:04;505.0;1576605845;92.663;27.572258363705274;0.7991958946001528;-0.63232421875;
18:04:05;506.0;1576605846;92.623;27.829867812680202;0.8066628351501508;-0.63720703125;
18:04:06;507.0;1576605847;92.443;27.95867253716766;0.8103963054251496;-0.6396484375;
18:04:07;508.0;1576605848;92.423;27.95867253716766;0.8103963054251496;-0.6396484375;
18:04:08;509.0;1576605849;92.223;27.31464891473035;0.791728954050155;-0.62744140625;
18:04:09;510.0;1576605850;92.263;27.701063088192736;0.8029293648751518;-0.634765625;
18:04:10;511.0;1576605851;92.124;27.829867812680202;0.8066628351501508;-0.63720703125;
18:04:11;512.0;1576605852;91.965;27.829867812680202;0.8066628351501508;-0.63720703125;
18:04:12;513.0;1576605853;91.984;27.572258363705274;0.7991958946001528;-0.63232421875;
18:04:13;514.0;1576605854;91.707;27.443453639217807;0.7954624243251538;-0.6298828125;
18:04:14;515.0;1576605855;91.726;27.572258363705274;0.7991958946001528;-0.63232421875;
18:04:15;516.0;1576605856;92.124;27.31464891473035;0.791728954050155;-0.62744140625;
18:04:16;517.0;1576605857;92.144;28.21628198614259;0.8178632459751476;-0.64453125;
18:04:17;518.0;1576605858;92.403;27.572258363705274;0.7991958946001528;-0.63232421875;
18:04:18;519.0;1576605859;92.523;27.829867812680202;0.8066628351501508;-0.63720703125;
18:04:19;520.0;1576605860;92.283;27.701063088192736;0.8029293648751518;-0.634765625;
18:04:20;521.0;1576605861;92.483;27.443453639217807;0.7954624243251538;-0.6298828125;
18:04:21;522.0;1576605862;92.623;27.185844190242886;0.7879954837751562;-0.625;
18:04:22;523.0;1576605863;92.503;24.609749700493616;0.7133260782751772;-0.576171875;
18:04:23;524.0;1576605864;92.263;27.829867812680202;0.8066628351501508;-0.63720703125;
18:04:24;525.0;1576605865;91.865;27.95867253716766;0.8103963054251496;-0.6396484375;
18:04:25;526.0;1576605866;91.489;26.413015843318103;0.7655946621251624;-0.6103515625;
18:04:26;527.0;1576605867;91.469;28.21628198614259;0.8178632459751476;-0.64453125;
18:04:27;528.0;1576605868;91.746;28.60269615960498;0.8290636568001444;-0.65185546875;
18:04:28;529.0;1576605869;92.044;27.701063088192736;0.8029293648751518;-0.634765625;
18:04:29;530.0;1576605870;92.243;29.890743404479615;0.8663983595501338;-0.67626953125;
18:04:30;531.0;1576605871;92.803;27.829867812680202;0.8066628351501508;-0.63720703125;
18:04:31;532.0;1576605872;92.663;27.572258363705274;0.7991958946001528;-0.63232421875;
18:04:32;533.0;1576605873;92.723;27.572258363705274;0.7991958946001528;-0.63232421875;
18:04:33;534.0;1576605874;92.563;27.829867812680202;0.8066628351501508;-0.63720703125;
18:04:34;535.0;1576605875;92.144;27.829867812680202;0.8066628351501508;-0.63720703125;
18:04:35;536.0;1576605876;92.323;27.829867812680202;0.8066628351501508;-0.63720703125;
18:04:36;537.0;1576605877;92.163;28.21628198614259;0.8178632459751476;-0.64453125;
18:04:37;538.0;1576605878;92.523;27.572258363705274;0.7991958946001528;-0.63232421875;
18:04:38;539.0;1576605879;92.543;27.572258363705274;0.7991958946001528;-0.63232421875;
18:04:39;540.0;1576605881;92.283;27.829867812680202;0.8066628351501508;-0.63720703125;
18:04:40;541.0;1576605882;92.303;29.117915057554836;0.8439975379001402;-0.66162109375;
18:04:41;542.0;1576605883;92.124;27.31464891473035;0.791728954050155;-0.62744140625;
18:04:42;543.0;1576605884;92.084;27.829867812680202;0.8066628351501508;-0.63720703125;
18:04:43;544.0;1576605885;92.243;30.53476702691693;0.8850657109251284;-0.6884765625;
18:04:44;545.0;1576605886;91.905;27.829867812680202;0.8066628351501508;-0.63720703125;
18:04:45;546.0;1576605887;92.004;28.345086710630056;0.8215967162501465;-0.64697265625;
18:04:46;547.0;1576605888;92.064;27.572258363705274;0.7991958946001528;-0.63232421875;
18:04:47;548.0;1576605889;91.984;27.31464891473035;0.791728954050155;-0.62744140625;
18:04:48;549.0;1576605890;92.523;30.27715757794201;0.8775987703751307;-0.68359375;
18:04:49;550.0;1576605891;92.223;25.253773322930932;0.731993429650172;-0.58837890625;
18:04:50;551.0;1576605892;92.423;27.829867812680202;0.8066628351501508;-0.63720703125;
18:04:51;552.0;1576605892;92.763;27.701063088192736;0.8029293648751518;-0.634765625;
18:04:52;553.0;1576605894;92.583;27.185844190242886;0.7879954837751562;-0.625;
18:04:53;554.0;1576605895;92.803;27.829867812680202;0.8066628351501508;-0.63720703125;
18:04:54;555.0;1576605896;92.723;28.345086710630056;0.8215967162501465;-0.64697265625;
18:04:55;556.0;1576605897;92.563;27.701063088192736;0.8029293648751518;-0.634765625;
18:04:56;557.0;1576605898;92.523;27.05703946575542;0.7842620135001571;-0.62255859375;
18:04:57;558.0;1576605899;92.303;28.087477261655128;0.8141297757001487;-0.64208984375;
18:04:58;559.0;1576605900;91.885;27.443453639217807;0.7954624243251538;-0.6298828125;
18:04:59;560.0;1576605901;91.865;28.98911033306737;0.8402640676251412;-0.6591796875;
18:05:00;561.0;1576605902;91.865;27.829867812680202;0.8066628351501508;-0.63720703125;
18:05:01;562.0;1576605903;92.044;27.572258363705274;0.7991958946001528;-0.63232421875;
18:05:02;563.0;1576605904;92.503;24.352140251518687;0.7058591377251794;-0.5712890625;
18:05:04;565.0;1576605905;92.643;27.701063088192736;0.8029293648751518;-0.634765625;
18:05:05;566.0;1576605906;92.663;26.928234741267957;0.7805285432251582;-0.6201171875;
18:05:06;567.0;1576605907;92.483;29.890743404479615;0.8663983595501338;-0.67626953125;
18:05:07;568.0;1576605908;92.283;27.701063088192736;0.8029293648751518;-0.634765625;
18:05:08;569.0;1576605909;92.064;27.31464891473035;0.791728954050155;-0.62744140625;
18:05:09;570.0;1576605910;91.845;28.21628198614259;0.8178632459751476;-0.64453125;
18:05:10;571.0;1576605911;92.044;29.890743404479615;0.8663983595501338;-0.67626953125;
18:05:11;572.0;1576605912;91.687;24.86735914946854;0.7207930188251751;-0.5810546875;
18:05:12;573.0;1576605913;91.786;27.572258363705274;0.7991958946001528;-0.63232421875;
18:05:13;574.0;1576605914;91.627;28.21628198614259;0.8178632459751476;-0.64453125;
18:05:14;575.0;1576605915;91.766;27.829867812680202;0.8066628351501508;-0.63720703125;
18:05:15;576.0;1576605916;91.925;27.05703946575542;0.7842620135001571;-0.62255859375;
18:05:16;577.0;1576605917;91.726;28.345086710630056;0.8215967162501465;-0.64697265625;
18:05:17;578.0;1576605918;92.064;27.572258363705274;0.7991958946001528;-0.63232421875;
18:05:18;579.0;1576605919;91.965;20.874412690357172;0.6050554403002079;-0.50537109375;
18:05:19;580.0;1576605920;92.203;27.701063088192736;0.8029293648751518;-0.634765625;
18:05:20;581.0;1576605921;92.203;27.701063088192736;0.8029293648751518;-0.634765625;
18:05:21;582.0;1576605922;91.885;27.31464891473035;0.791728954050155;-0.62744140625;
18:05:22;583.0;1576605923;91.667;28.087477261655128;0.8141297757001487;-0.64208984375;
00:00:00;-64539.0;1576605924;-9999.0;27.829867812680202;0.8066628351501508;-0.63720703125;
18:05:23;584.0;1576605924;91.647;27.443453639217807;0.7954624243251538;-0.6298828125;
18:05:24;585.0;1576605925;91.627;27.572258363705274;0.7991958946001528;-0.63232421875;
18:05:25;586.0;1576605926;91.945;28.21628198614259;0.8178632459751476;-0.64453125;
18:05:26;587.0;1576605927;92.104;24.86735914946854;0.7207930188251751;-0.5810546875;
18:05:27;588.0;1576605928;91.925;28.345086710630056;0.8215967162501465;-0.64697265625;
18:05:28;589.0;1576605929;91.905;27.829867812680202;0.8066628351501508;-0.63720703125;
18:05:29;590.0;1576605930;91.766;27.185844190242886;0.7879954837751562;-0.625;
18:05:30;591.0;1576605931;91.647;27.572258363705274;0.7991958946001528;-0.63232421875;
18:05:31;592.0;1576605932;91.687;27.185844190242886;0.7879954837751562;-0.625;
18:05:32;593.0;1576605933;91.667;28.087477261655128;0.8141297757001487;-0.64208984375;
18:05:33;594.0;1576605934;91.845;27.443453639217807;0.7954624243251538;-0.6298828125;
18:05:34;595.0;1576605935;91.925;27.829867812680202;0.8066628351501508;-0.63720703125;
18:05:35;596.0;1576605936;92.024;27.443453639217807;0.7954624243251538;-0.6298828125;
18:05:36;597.0;1576605937;92.203;27.95867253716766;0.8103963054251496;-0.6396484375;
18:05:37;598.0;1576605938;91.984;27.829867812680202;0.8066628351501508;-0.63720703125;
18:05:38;599.0;1576605939;91.905;27.31464891473035;0.791728954050155;-0.62744140625;
18:05:39;600.0;1576605940;91.786;27.31464891473035;0.791728954050155;-0.62744140625;
18:05:40;601.0;1576605941;91.826;28.345086710630056;0.8215967162501465;-0.64697265625;
18:05:41;602.0;1576605942;91.865;27.701063088192736;0.8029293648751518;-0.634765625;
18:05:42;603.0;1576605943;91.885;27.95867253716766;0.8103963054251496;-0.6396484375;
18:05:43;604.0;1576605944;91.707;24.996163873956004;0.724526489100174;-0.58349609375;
18:05:44;605.0;1576605945;91.509;27.572258363705274;0.7991958946001528;-0.63232421875;
18:05:45;606.0;1576605946;91.509;27.572258363705274;0.7991958946001528;-0.63232421875;
18:05:46;607.0;1576605947;91.489;27.572258363705274;0.7991958946001528;-0.63232421875;
18:05:47;608.0;1576605948;92.004;27.185844190242886;0.7879954837751562;-0.625;
18:05:48;609.0;1576605949;92.024;27.829867812680202;0.8066628351501508;-0.63720703125;
18:05:49;610.0;1576605950;92.363;27.572258363705274;0.7991958946001528;-0.63232421875;
18:05:50;611.0;1576605951;92.323;28.731500884092444;0.8327971270751433;-0.654296875;
18:05:51;612.0;1576605952;91.965;26.28421111883064;0.7618611918501635;-0.60791015625;
18:05:52;613.0;1576605953;91.826;27.443453639217807;0.7954624243251538;-0.6298828125;
18:05:53;614.0;1576605954;91.489;26.02660166985571;0.7543942513001656;-0.60302734375;
18:05:54;615.0;1576605955;91.311;27.443453639217807;0.7954624243251538;-0.6298828125;
18:05:55;616.0;1576605956;91.588;28.21628198614259;0.8178632459751476;-0.64453125;
18:05:56;617.0;1576605957;91.726;29.890743404479615;0.8663983595501338;-0.67626953125;
18:05:57;618.0;1576605958;91.667;27.572258363705274;0.7991958946001528;-0.63232421875;
18:05:58;619.0;1576605959;91.647;27.572258363705274;0.7991958946001528;-0.63232421875;
18:05:59;620.0;1576605960;91.233;28.60269615960498;0.8290636568001444;-0.65185546875;
18:06:00;621.0;1576605961;91.233;27.701063088192736;0.8029293648751518;-0.634765625;
18:06:01;622.0;1576605962;91.095;27.572258363705274;0.7991958946001528;-0.63232421875;
18:06:02;623.0;1576605963;91.292;29.375524506529764;0.8514644784501381;-0.66650390625;
18:06:03;624.0;1576605965;91.41;30.019548128967077;0.8701318298251327;-0.6787109375;
18:06:04;625.0;1576605966;91.43;28.087477261655128;0.8141297757001487;-0.64208984375;
18:06:05;626.0;1576605967;91.43;26.155406394343178;0.7581277215751646;-0.60546875;
18:06:06;627.0;1576605968;91.213;27.572258363705274;0.7991958946001528;-0.63232421875;
18:06:08;629.0;1576605969;91.213;27.829867812680202;0.8066628351501508;-0.63720703125;
18:06:09;630.0;1576605970;91.331;27.185844190242886;0.7879954837751562;-0.625;
18:06:10;631.0;1576605971;91.707;19.07114654753269;0.5527868564502229;-0.47119140625;
18:06:11;632.0;1576605972;91.945;28.087477261655128;0.8141297757001487;-0.64208984375;
18:06:12;633.0;1576605973;91.726;27.95867253716766;0.8103963054251496;-0.6396484375;
18:06:13;634.0;1576605974;91.766;27.95867253716766;0.8103963054251496;-0.6396484375;
18:06:14;635.0;1576605975;91.608;27.31464891473035;0.791728954050155;-0.62744140625;
18:06:15;636.0;1576605976;91.707;27.185844190242886;0.7879954837751562;-0.625;
18:06:16;637.0;1576605977;91.945;27.829867812680202;0.8066628351501508;-0.63720703125;
18:06:17;638.0;1576605978;91.786;25.382578047418395;0.7357268999251708;-0.5908203125;
18:06:18;639.0;1576605979;91.925;27.443453639217807;0.7954624243251538;-0.6298828125;
18:06:19;640.0;1576605980;91.984;27.701063088192736;0.8029293648751518;-0.634765625;
18:06:20;641.0;1576605981;91.786;26.28421111883064;0.7618611918501635;-0.60791015625;
18:06:21;642.0;1576605982;91.627;27.31464891473035;0.791728954050155;-0.62744140625;
18:06:22;643.0;1576605983;91.39;27.31464891473035;0.791728954050155;-0.62744140625;
18:06:23;644.0;1576605984;91.075;27.829867812680202;0.8066628351501508;-0.63720703125;
18:06:24;645.0;1576605985;91.233;27.829867812680202;0.8066628351501508;-0.63720703125;
18:06:25;646.0;1576605986;91.41;26.670625292293032;0.7730616026751603;-0.615234375;
18:06:26;647.0;1576605987;91.292;28.60269615960498;0.8290636568001444;-0.65185546875;
18:06:27;648.0;1576605988;91.608;28.21628198614259;0.8178632459751476;-0.64453125;
18:06:28;649.0;1576605989;91.766;28.731500884092444;0.8327971270751433;-0.654296875;
18:06:29;650.0;1576605990;91.647;27.443453639217807;0.7954624243251538;-0.6298828125;
18:06:30;651.0;1576605991;92.004;28.86030560857991;0.8365305973501423;-0.65673828125;
18:06:31;652.0;1576605992;91.965;25.89779694536825;0.7506607810251666;-0.6005859375;
18:06:32;653.0;1576605993;91.984;27.443453639217807;0.7954624243251538;-0.6298828125;
18:06:33;654.0;1576605994;91.845;27.443453639217807;0.7954624243251538;-0.6298828125;
18:06:34;655.0;1576605995;91.687;19.97277961894493;0.5789211483752154;-0.48828125;
18:06:35;656.0;1576605996;91.568;26.928234741267957;0.7805285432251582;-0.6201171875;
18:06:36;657.0;1576605997;90.899;27.443453639217807;0.7954624243251538;-0.6298828125;
18:06:37;658.0;1576605998;90.918;28.21628198614259;0.8178632459751476;-0.64453125;
18:06:38;659.0;1576605999;90.761;26.541820567805566;0.7693281324001613;-0.61279296875;
18:06:39;660.0;1576606000;90.585;27.95867253716766;0.8103963054251496;-0.6396484375;
18:06:40;661.0;1576606001;91.134;27.829867812680202;0.8066628351501508;-0.63720703125;
18:06:41;662.0;1576606002;91.331;26.799430016780494;0.7767950729501593;-0.61767578125;
18:06:42;663.0;1576606003;91.272;28.473891435117515;0.8253301865251453;-0.6494140625;
18:06:43;664.0;1576606004;91.193;27.05703946575542;0.7842620135001571;-0.62255859375;
18:06:44;665.0;1576606005;90.781;27.572258363705274;0.7991958946001528;-0.63232421875;
18:06:45;666.0;1576606006;90.781;28.473891435117515;0.8253301865251453;-0.6494140625;
18:06:46;667.0;1576606007;90.761;26.541820567805566;0.7693281324001613;-0.61279296875;
18:06:47;668.0;1576606008;90.918;27.05703946575542;0.7842620135001571;-0.62255859375;
18:06:48;669.0;1576606009;91.331;27.572258363705274;0.7991958946001528;-0.63232421875;
18:06:49;670.0;1576606010;91.193;27.701063088192736;0.8029293648751518;-0.634765625;
18:06:50;671.0;1576606011;91.43;27.31464891473035;0.791728954050155;-0.62744140625;
18:06:51;672.0;1576606012;91.351;28.21628198614259;0.8178632459751476;-0.64453125;
18:06:52;673.0;1576606013;91.134;27.572258363705274;0.7991958946001528;-0.63232421875;
18:06:53;674.0;1576606015;91.134;27.829867812680202;0.8066628351501508;-0.63720703125;
18:06:54;675.0;1576606016;90.938;27.829867812680202;0.8066628351501508;-0.63720703125;
18:06:55;676.0;1576606017;90.899;27.05703946575542;0.7842620135001571;-0.62255859375;
18:06:56;677.0;1576606018;90.938;28.087477261655128;0.8141297757001487;-0.64208984375;
18:06:57;678.0;1576606019;91.252;27.572258363705274;0.7991958946001528;-0.63232421875;
18:06:58;679.0;1576606020;91.213;27.31464891473035;0.791728954050155;-0.62744140625;
18:06:59;680.0;1576606021;91.233;26.670625292293032;0.7730616026751603;-0.615234375;
18:07:00;681.0;1576606022;91.233;27.31464891473035;0.791728954050155;-0.62744140625;
18:07:01;682.0;1576606023;90.683;27.829867812680202;0.8066628351501508;-0.63720703125;
18:07:02;683.0;1576606024;90.938;28.60269615960498;0.8290636568001444;-0.65185546875;
18:07:03;684.0;1576606025;90.938;27.572258363705274;0.7991958946001528;-0.63232421875;
18:07:04;685.0;1576606026;91.036;27.572258363705274;0.7991958946001528;-0.63232421875;
18:07:05;686.0;1576606027;91.272;28.087477261655128;0.8141297757001487;-0.64208984375;
18:07:06;687.0;1576606028;91.095;27.31464891473035;0.791728954050155;-0.62744140625;
18:07:07;688.0;1576606029;90.977;26.928234741267957;0.7805285432251582;-0.6201171875;
18:07:08;689.0;1576606030;90.997;28.345086710630056;0.8215967162501465;-0.64697265625;
18:07:09;690.0;1576606031;91.134;27.572258363705274;0.7991958946001528;-0.63232421875;
18:07:10;691.0;1576606032;91.331;27.95867253716766;0.8103963054251496;-0.6396484375;
18:07:12;693.0;1576606033;91.272;27.829867812680202;0.8066628351501508;-0.63720703125;
18:07:13;694.0;1576606034;90.899;27.95867253716766;0.8103963054251496;-0.6396484375;
18:07:14;695.0;1576606035;90.663;27.701063088192736;0.8029293648751518;-0.634765625;
18:07:15;696.0;1576606036;90.429;27.185844190242886;0.7879954837751562;-0.625;
18:07:16;697.0;1576606037;90.585;26.928234741267957;0.7805285432251582;-0.6201171875;
18:07:17;698.0;1576606038;90.84;27.572258363705274;0.7991958946001528;-0.63232421875;
18:07:18;699.0;1576606039;90.703;28.86030560857991;0.8365305973501423;-0.65673828125;
18:07:19;700.0;1576606040;90.371;27.701063088192736;0.8029293648751518;-0.634765625;
18:07:20;701.0;1576606041;90.566;27.829867812680202;0.8066628351501508;-0.63720703125;
18:07:21;702.0;1576606042;90.742;27.829867812680202;0.8066628351501508;-0.63720703125;
18:07:22;703.0;1576606043;90.742;27.05703946575542;0.7842620135001571;-0.62255859375;
18:07:23;704.0;1576606044;90.859;27.829867812680202;0.8066628351501508;-0.63720703125;
18:07:24;705.0;1576606045;90.859;27.31464891473035;0.791728954050155;-0.62744140625;
18:07:25;706.0;1576606046;90.801;28.21628198614259;0.8178632459751476;-0.64453125;
18:07:26;707.0;1576606047;91.095;27.443453639217807;0.7954624243251538;-0.6298828125;
18:07:27;708.0;1576606048;91.371;27.829867812680202;0.8066628351501508;-0.63720703125;
18:07:28;709.0;1576606049;91.272;28.473891435117515;0.8253301865251453;-0.6494140625;
18:07:29;710.0;1576606050;91.095;28.087477261655128;0.8141297757001487;-0.64208984375;
18:07:30;711.0;1576606051;90.82;27.572258363705274;0.7991958946001528;-0.63232421875;
18:07:31;712.0;1576606052;90.781;25.382578047418395;0.7357268999251708;-0.5908203125;
18:07:32;713.0;1576606053;90.84;26.799430016780494;0.7767950729501593;-0.61767578125;
18:07:33;714.0;1576606054;90.683;27.31464891473035;0.791728954050155;-0.62744140625;
18:07:34;715.0;1576606055;90.899;21.260826863819563;0.6162558511252048;-0.5126953125;
18:07:35;716.0;1576606056;91.036;28.21628198614259;0.8178632459751476;-0.64453125;
18:07:36;717.0;1576606057;91.115;25.382578047418395;0.7357268999251708;-0.5908203125;
18:07:37;718.0;1576606058;91.311;27.829867812680202;0.8066628351501508;-0.63720703125;
18:07:38;719.0;1576606059;91.115;27.829867812680202;0.8066628351501508;-0.63720703125;
18:07:39;720.0;1576606060;91.095;27.572258363705274;0.7991958946001528;-0.63232421875;
18:07:40;721.0;1576606061;90.761;27.701063088192736;0.8029293648751518;-0.634765625;
18:07:41;722.0;1576606062;90.527;29.375524506529764;0.8514644784501381;-0.66650390625;
18:07:42;723.0;1576606063;90.527;27.829867812680202;0.8066628351501508;-0.63720703125;
18:07:43;724.0;1576606064;90.254;24.352140251518687;0.7058591377251794;-0.5712890625;
18:07:44;725.0;1576606065;90.371;27.31464891473035;0.791728954050155;-0.62744140625;
18:07:45;726.0;1576606066;90.468;27.443453639217807;0.7954624243251538;-0.6298828125;
18:07:46;727.0;1576606067;90.644;35.30054183295309;1.0232041111000896;-0.77880859375;
18:07:47;728.0;1576606068;90.997;27.572258363705274;0.7991958946001528;-0.63232421875;
18:07:49;730.0;1576606069;90.977;27.95867253716766;0.8103963054251496;-0.6396484375;
18:07:50;731.0;1576606071;91.095;25.12496859844347;0.7282599593751731;-0.5859375;
18:07:51;732.0;1576606072;90.859;27.829867812680202;0.8066628351501508;-0.63720703125;
18:07:52;733.0;1576606073;90.703;27.829867812680202;0.8066628351501508;-0.63720703125;
18:07:53;734.0;1576606074;90.938;27.443453639217807;0.7954624243251538;-0.6298828125;
18:07:54;735.0;1576606075;90.624;29.246719782042298;0.847731008175139;-0.6640625;
18:07:55;736.0;1576606076;90.566;27.31464891473035;0.791728954050155;-0.62744140625;
18:07:56;737.0;1576606078;90.742;26.541820567805566;0.7693281324001613;-0.61279296875;
18:07:57;738.0;1576606079;90.527;27.572258363705274;0.7991958946001528;-0.63232421875;
18:07:58;739.0;1576606080;90.899;27.443453639217807;0.7954624243251538;-0.6298828125;
18:07:59;740.0;1576606081;90.997;30.019548128967077;0.8701318298251327;-0.6787109375;
18:08:00;741.0;1576606082;90.977;27.701063088192736;0.8029293648751518;-0.634765625;
18:08:01;742.0;1576606083;90.879;27.829867812680202;0.8066628351501508;-0.63720703125;
18:08:02;743.0;1576606084;90.683;28.473891435117515;0.8253301865251453;-0.6494140625;
18:08:03;744.0;1576606085;90.644;28.087477261655128;0.8141297757001487;-0.64208984375;
18:08:04;745.0;1576606086;90.605;31.694009547304105;0.918666943400119;-0.71044921875;
18:08:05;746.0;1576606087;90.722;27.31464891473035;0.791728954050155;-0.62744140625;
18:08:06;747.0;1576606088;90.781;27.443453639217807;0.7954624243251538;-0.6298828125;
18:08:07;748.0;1576606089;90.938;27.31464891473035;0.791728954050155;-0.62744140625;
18:08:08;749.0;1576606090;91.095;26.928234741267957;0.7805285432251582;-0.6201171875;
18:08:09;750.0;1576606091;91.272;26.28421111883064;0.7618611918501635;-0.60791015625;
18:08:10;751.0;1576606092;91.233;27.572258363705274;0.7991958946001528;-0.63232421875;
18:08:11;752.0;1576606093;91.075;28.087477261655128;0.8141297757001487;-0.64208984375;
18:08:12;753.0;1576606094;91.272;27.95867253716766;0.8103963054251496;-0.6396484375;
18:08:13;754.0;1576606095;91.036;28.345086710630056;0.8215967162501465;-0.64697265625;
18:08:14;755.0;1576606096;90.859;29.375524506529764;0.8514644784501381;-0.66650390625;
18:08:16;757.0;1576606097;90.527;27.31464891473035;0.791728954050155;-0.62744140625;
18:08:17;758.0;1576606098;90.273;29.246719782042298;0.847731008175139;-0.6640625;
18:08:18;759.0;1576606099;90.527;27.31464891473035;0.791728954050155;-0.62744140625;
18:08:19;760.0;1576606100;90.527;27.701063088192736;0.8029293648751518;-0.634765625;
18:08:20;761.0;1576606101;90.918;27.829867812680202;0.8066628351501508;-0.63720703125;
18:08:21;762.0;1576606102;90.801;28.731500884092444;0.8327971270751433;-0.654296875;
18:08:22;763.0;1576606103;90.761;27.443453639217807;0.7954624243251538;-0.6298828125;
18:08:23;764.0;1576606104;90.82;28.21628198614259;0.8178632459751476;-0.64453125;
18:08:24;765.0;1576606105;90.624;27.31464891473035;0.791728954050155;-0.62744140625;
18:08:25;766.0;1576606106;90.722;28.087477261655128;0.8141297757001487;-0.64208984375;
18:08:26;767.0;1576606107;91.075;27.31464891473035;0.791728954050155;-0.62744140625;
18:08:27;768.0;1576606108;91.174;28.60269615960498;0.8290636568001444;-0.65185546875;
18:08:28;769.0;1576606109;91.331;27.31464891473035;0.791728954050155;-0.62744140625;
18:08:29;770.0;1576606110;91.075;26.02660166985571;0.7543942513001656;-0.60302734375;
18:08:30;771.0;1576606111;90.683;26.799430016780494;0.7767950729501593;-0.61767578125;
18:08:31;772.0;1576606112;90.566;27.829867812680202;0.8066628351501508;-0.63720703125;
18:08:32;773.0;1576606113;90.527;27.95867253716766;0.8103963054251496;-0.6396484375;
18:08:33;774.0;1576606114;90.663;28.21628198614259;0.8178632459751476;-0.64453125;
18:08:34;775.0;1576606115;90.527;27.95867253716766;0.8103963054251496;-0.6396484375;
18:08:35;776.0;1576606116;90.84;28.087477261655128;0.8141297757001487;-0.64208984375;
18:08:36;777.0;1576606117;90.722;27.701063088192736;0.8029293648751518;-0.634765625;
18:08:37;778.0;1576606118;90.781;21.003217414844638;0.6087889105752069;-0.5078125;
18:08:38;779.0;1576606119;90.801;26.541820567805566;0.7693281324001613;-0.61279296875;
18:08:39;780.0;1576606120;90.644;26.541820567805566;0.7693281324001613;-0.61279296875;
18:08:40;781.0;1576606121;90.624;28.21628198614259;0.8178632459751476;-0.64453125;
18:08:41;782.0;1576606122;90.683;30.019548128967077;0.8701318298251327;-0.6787109375;
18:08:42;783.0;1576606123;91.036;27.701063088192736;0.8029293648751518;-0.634765625;
18:08:43;784.0;1576606124;90.977;27.572258363705274;0.7991958946001528;-0.63232421875;
18:08:44;785.0;1576606125;90.997;27.829867812680202;0.8066628351501508;-0.63720703125;
18:08:45;786.0;1576606126;90.977;26.928234741267957;0.7805285432251582;-0.6201171875;
18:08:46;787.0;1576606127;90.84;27.31464891473035;0.791728954050155;-0.62744140625;
18:08:48;789.0;1576606128;90.507;20.35919379240732;0.5901215592002123;-0.49560546875;
18:08:49;790.0;1576606130;90.449;27.443453639217807;0.7954624243251538;-0.6298828125;
18:08:50;791.0;1576606131;90.507;28.731500884092444;0.8327971270751433;-0.654296875;
18:08:51;792.0;1576606132;90.468;27.443453639217807;0.7954624243251538;-0.6298828125;
18:08:52;793.0;1576606133;90.449;27.829867812680202;0.8066628351501508;-0.63720703125;
18:08:53;794.0;1576606134;90.293;27.829867812680202;0.8066628351501508;-0.63720703125;
18:08:54;795.0;1576606135;89.943;28.345086710630056;0.8215967162501465;-0.64697265625;
18:08:55;796.0;1576606136;89.982;27.572258363705274;0.7991958946001528;-0.63232421875;
18:08:56;797.0;1576606137;90.351;23.965726078056296;0.6946587269001825;-0.56396484375;
18:08:57;798.0;1576606138;90.371;24.223335527031225;0.7021256674501805;-0.56884765625;
18:08:58;799.0;1576606139;90.566;27.701063088192736;0.8029293648751518;-0.634765625;
18:08:59;800.0;1576606140;90.546;28.087477261655128;0.8141297757001487;-0.64208984375;
18:09:00;801.0;1576606141;90.195;35.68695600641547;1.0344045219250861;-0.7861328125;
18:09:01;802.0;1576606142;90.176;27.95867253716766;0.8103963054251496;-0.6396484375;
18:09:02;803.0;1576606143;90.04;27.572258363705274;0.7991958946001528;-0.63232421875;
18:09:03;804.0;1576606144;90.079;27.829867812680202;0.8066628351501508;-0.63720703125;
18:09:04;805.0;1576606145;90.254;27.829867812680202;0.8066628351501508;-0.63720703125;
18:09:05;806.0;1576606146;90.468;27.31464891473035;0.791728954050155;-0.62744140625;
18:09:06;807.0;1576606147;90.468;27.95867253716766;0.8103963054251496;-0.6396484375;
18:09:07;808.0;1576606148;90.234;27.829867812680202;0.8066628351501508;-0.63720703125;
18:09:08;809.0;1576606149;90.566;27.31464891473035;0.791728954050155;-0.62744140625;
18:09:09;810.0;1576606151;90.137;28.345086710630056;0.8215967162501465;-0.64697265625;
18:09:10;811.0;1576606152;90.527;27.95867253716766;0.8103963054251496;-0.6396484375;
18:09:11;812.0;1576606153;90.781;27.572258363705274;0.7991958946001528;-0.63232421875;
18:09:12;813.0;1576606154;90.468;27.829867812680202;0.8066628351501508;-0.63720703125;
18:09:13;814.0;1576606155;90.82;27.31464891473035;0.791728954050155;-0.62744140625;
18:09:14;815.0;1576606156;90.488;26.928234741267957;0.7805285432251582;-0.6201171875;
18:09:15;816.0;1576606157;90.488;27.31464891473035;0.791728954050155;-0.62744140625;
18:09:16;817.0;1576606158;90.39;29.117915057554836;0.8439975379001402;-0.66162109375;
18:09:17;818.0;1576606159;90.098;28.21628198614259;0.8178632459751476;-0.64453125;
18:09:18;819.0;1576606160;90.04;27.829867812680202;0.8066628351501508;-0.63720703125;
18:09:20;821.0;1576606161;90.215;28.98911033306737;0.8402640676251412;-0.6591796875;
18:09:21;822.0;1576606162;90.312;27.701063088192736;0.8029293648751518;-0.634765625;
18:09:22;823.0;1576606163;90.468;27.31464891473035;0.791728954050155;-0.62744140625;
18:09:23;824.0;1576606164;90.41;28.731500884092444;0.8327971270751433;-0.654296875;
18:09:24;825.0;1576606165;89.827;27.572258363705274;0.7991958946001528;-0.63232421875;
18:09:25;826.0;1576606166;89.827;27.701063088192736;0.8029293648751518;-0.634765625;
18:09:26;827.0;1576606167;89.633;28.087477261655128;0.8141297757001487;-0.64208984375;
18:09:27;828.0;1576606168;89.691;27.572258363705274;0.7991958946001528;-0.63232421875;
18:09:28;829.0;1576606169;89.846;27.95867253716766;0.8103963054251496;-0.6396484375;
18:09:29;830.0;1576606170;89.865;29.761938679992156;0.862664889275135;-0.673828125;
18:09:30;831.0;1576606171;89.711;27.185844190242886;0.7879954837751562;-0.625;
18:09:31;832.0;1576606172;89.691;25.382578047418395;0.7357268999251708;-0.5908203125;
18:09:32;833.0;1576606173;90.079;9999.0;9999.0;9999.0;
18:09:33;834.0;1576606174;90.059;28.345086710630056;0.8215967162501465;-0.64697265625;
18:09:34;835.0;1576606175;90.585;27.572258363705274;0.7991958946001528;-0.63232421875;
18:09:35;836.0;1576606176;90.605;27.572258363705274;0.7991958946001528;-0.63232421875;
18:09:36;837.0;1576606177;90.234;28.087477261655128;0.8141297757001487;-0.64208984375;
18:09:37;838.0;1576606178;90.059;28.345086710630056;0.8215967162501465;-0.64697265625;
18:09:38;839.0;1576606179;89.923;27.443453639217807;0.7954624243251538;-0.6298828125;
18:09:39;840.0;1576606180;89.73;26.799430016780494;0.7767950729501593;-0.61767578125;
18:09:40;841.0;1576606181;89.904;27.443453639217807;0.7954624243251538;-0.6298828125;
18:09:41;842.0;1576606182;89.923;27.829867812680202;0.8066628351501508;-0.63720703125;
18:09:42;843.0;1576606183;89.711;27.829867812680202;0.8066628351501508;-0.63720703125;
18:09:43;844.0;1576606184;89.691;25.768992220880786;0.7469273107501677;-0.59814453125;
18:09:44;845.0;1576606185;89.517;27.31464891473035;0.791728954050155;-0.62744140625;
18:09:45;846.0;1576606186;89.749;27.829867812680202;0.8066628351501508;-0.63720703125;
18:09:46;847.0;1576606187;89.943;27.95867253716766;0.8103963054251496;-0.6396484375;
18:09:47;848.0;1576606188;90.195;26.670625292293032;0.7730616026751603;-0.615234375;
18:09:48;849.0;1576606189;90.605;27.95867253716766;0.8103963054251496;-0.6396484375;
18:09:49;850.0;1576606190;90.527;27.95867253716766;0.8103963054251496;-0.6396484375;
18:09:50;851.0;1576606191;90.683;25.511382771905858;0.7394603702001697;-0.59326171875;
18:09:51;852.0;1576606192;90.663;28.21628198614259;0.8178632459751476;-0.64453125;
18:09:52;853.0;1576606193;90.468;27.572258363705274;0.7991958946001528;-0.63232421875;
18:09:53;854.0;1576606194;90.429;27.572258363705274;0.7991958946001528;-0.63232421875;
18:09:54;855.0;1576606196;90.254;27.185844190242886;0.7879954837751562;-0.625;
18:09:55;856.0;1576606197;90.215;30.27715757794201;0.8775987703751307;-0.68359375;
18:09:56;857.0;1576606198;89.672;28.60269615960498;0.8290636568001444;-0.65185546875;
18:09:57;858.0;1576606199;89.556;29.117915057554836;0.8439975379001402;-0.66162109375;
18:09:58;859.0;1576606200;89.382;27.31464891473035;0.791728954050155;-0.62744140625;
18:09:59;860.0;1576606201;89.19;28.731500884092444;0.8327971270751433;-0.654296875;
18:10:00;861.0;1576606202;89.595;27.572258363705274;0.7991958946001528;-0.63232421875;
18:10:01;862.0;1576606203;89.517;27.31464891473035;0.791728954050155;-0.62744140625;
18:10:02;863.0;1576606204;89.749;27.701063088192736;0.8029293648751518;-0.634765625;
18:10:03;864.0;1576606205;89.788;27.31464891473035;0.791728954050155;-0.62744140625;
18:10:04;865.0;1576606206;89.904;27.829867812680202;0.8066628351501508;-0.63720703125;
18:10:05;866.0;1576606207;89.904;27.31464891473035;0.791728954050155;-0.62744140625;
18:10:06;867.0;1576606208;89.479;27.701063088192736;0.8029293648751518;-0.634765625;
18:10:07;868.0;1576606209;89.479;27.443453639217807;0.7954624243251538;-0.6298828125;
