Time;Seconds from start for linreg;Unix Time;ch1 po2;Uc;Ubl;Vc;
17:45:38;-1.0;1576518339;97.231;17.13907568022073;0.4967848023252386;-0.4345703125;
17:45:39;0.0;1576518340;97.421;17.13907568022073;0.4967848023252386;-0.4345703125;
17:45:40;1.0;1576518341;97.463;17.13907568022073;0.4967848023252386;-0.4345703125;
17:45:41;2.0;1576518342;97.718;17.13907568022073;0.4967848023252386;-0.4345703125;
17:45:42;3.0;1576518343;97.612;17.13907568022073;0.4967848023252386;-0.4345703125;
17:45:43;4.0;1576518344;97.824;17.13907568022073;0.4967848023252386;-0.4345703125;
17:45:44;5.0;1576518345;98.016;17.13907568022073;0.4967848023252386;-0.4345703125;
17:45:45;6.0;1576518346;97.952;17.13907568022073;0.4967848023252386;-0.4345703125;
17:45:46;7.0;1576518346;98.272;17.13907568022073;0.4967848023252386;-0.4345703125;
17:45:47;8.0;1576518348;98.037;17.13907568022073;0.4967848023252386;-0.4345703125;
17:45:48;9.0;1576518349;97.995;17.13907568022073;0.4967848023252386;-0.4345703125;
17:45:49;10.0;1576518350;98.016;17.13907568022073;0.4967848023252386;-0.4345703125;
17:45:50;11.0;1576518351;98.059;17.13907568022073;0.4967848023252386;-0.4345703125;
17:45:51;12.0;1576518352;98.08;17.13907568022073;0.4967848023252386;-0.4345703125;
17:45:52;13.0;1576518353;98.08;17.13907568022073;0.4967848023252386;-0.4345703125;
17:45:53;14.0;1576518354;97.846;17.13907568022073;0.4967848023252386;-0.4345703125;
17:45:54;15.0;1576518355;97.697;17.13907568022073;0.4967848023252386;-0.4345703125;
17:45:55;16.0;1576518356;97.718;17.13907568022073;0.4967848023252386;-0.4345703125;
17:45:56;17.0;1576518357;97.782;17.13907568022073;0.4967848023252386;-0.4345703125;
17:45:57;18.0;1576518358;97.782;17.13907568022073;0.4967848023252386;-0.4345703125;
17:45:58;19.0;1576518359;97.952;17.13907568022073;0.4967848023252386;-0.4345703125;
17:45:59;20.0;1576518360;97.739;17.13907568022073;0.4967848023252386;-0.4345703125;
17:46:00;21.0;1576518361;97.315;17.13907568022073;0.4967848023252386;-0.4345703125;
17:46:01;22.0;1576518362;97.336;17.13907568022073;0.4967848023252386;-0.4345703125;
17:46:02;23.0;1576518363;97.167;17.13907568022073;0.4967848023252386;-0.4345703125;
17:46:03;24.0;1576518364;97.167;17.13907568022073;0.4967848023252386;-0.4345703125;
17:46:04;25.0;1576518365;97.591;17.13907568022073;0.4967848023252386;-0.4345703125;
17:46:05;26.0;1576518366;97.569;17.13907568022073;0.4967848023252386;-0.4345703125;
17:46:06;27.0;1576518367;97.548;17.13907568022073;0.4967848023252386;-0.4345703125;
17:46:07;28.0;1576518368;97.846;17.13907568022073;0.4967848023252386;-0.4345703125;
17:46:08;29.0;1576518369;97.612;17.13907568022073;0.4967848023252386;-0.4345703125;
17:46:09;30.0;1576518370;97.803;17.13907568022073;0.4967848023252386;-0.4345703125;
17:46:10;31.0;1576518371;98.016;17.13907568022073;0.4967848023252386;-0.4345703125;
17:46:11;32.0;1576518372;97.973;17.13907568022073;0.4967848023252386;-0.4345703125;
17:46:12;33.0;1576518373;97.803;17.13907568022073;0.4967848023252386;-0.4345703125;
17:46:13;34.0;1576518374;97.676;17.13907568022073;0.4967848023252386;-0.4345703125;
17:46:14;35.0;1576518375;97.676;17.13907568022073;0.4967848023252386;-0.4345703125;
17:46:15;36.0;1576518376;97.421;17.13907568022073;0.4967848023252386;-0.4345703125;
17:46:16;37.0;1576518377;97.654;17.13907568022073;0.4967848023252386;-0.4345703125;
17:46:17;38.0;1576518378;97.867;17.13907568022073;0.4967848023252386;-0.4345703125;
17:46:18;39.0;1576518379;97.824;17.13907568022073;0.4967848023252386;-0.4345703125;
17:46:19;40.0;1576518380;98.165;17.13907568022073;0.4967848023252386;-0.4345703125;
17:46:20;41.0;1576518382;98.315;17.13907568022073;0.4967848023252386;-0.4345703125;
17:46:21;42.0;1576518383;98.059;17.13907568022073;0.4967848023252386;-0.4345703125;
17:46:22;43.0;1576518384;98.08;17.13907568022073;0.4967848023252386;-0.4345703125;
17:46:23;44.0;1576518385;97.867;17.13907568022073;0.4967848023252386;-0.4345703125;
17:46:24;45.0;1576518386;97.485;17.13907568022073;0.4967848023252386;-0.4345703125;
17:46:25;46.0;1576518387;97.506;17.13907568022073;0.4967848023252386;-0.4345703125;
17:46:26;47.0;1576518388;97.506;17.13907568022073;0.4967848023252386;-0.4345703125;
17:46:27;48.0;1576518389;97.569;17.13907568022073;0.4967848023252386;-0.4345703125;
17:46:28;49.0;1576518390;97.761;17.13907568022073;0.4967848023252386;-0.4345703125;
17:46:29;50.0;1576518391;97.761;17.13907568022073;0.4967848023252386;-0.4345703125;
17:46:30;51.0;1576518392;97.548;17.13907568022073;0.4967848023252386;-0.4345703125;
17:46:31;52.0;1576518393;97.379;17.13907568022073;0.4967848023252386;-0.4345703125;
17:46:32;53.0;1576518394;97.569;17.13907568022073;0.4967848023252386;-0.4345703125;
17:46:33;54.0;1576518395;97.548;17.13907568022073;0.4967848023252386;-0.4345703125;
17:46:34;55.0;1576518396;97.548;17.13907568022073;0.4967848023252386;-0.4345703125;
17:46:35;56.0;1576518397;97.676;17.13907568022073;0.4967848023252386;-0.4345703125;
17:46:36;57.0;1576518398;97.442;17.13907568022073;0.4967848023252386;-0.4345703125;
17:46:37;58.0;1576518399;97.485;17.13907568022073;0.4967848023252386;-0.4345703125;
17:46:38;59.0;1576518400;97.442;17.13907568022073;0.4967848023252386;-0.4345703125;
17:46:39;60.0;1576518401;97.442;17.13907568022073;0.4967848023252386;-0.4345703125;
17:46:40;61.0;1576518402;97.654;17.13907568022073;0.4967848023252386;-0.4345703125;
17:46:42;63.0;1576518403;97.612;17.13907568022073;0.4967848023252386;-0.4345703125;
17:46:43;64.0;1576518404;97.485;17.13907568022073;0.4967848023252386;-0.4345703125;
17:46:44;65.0;1576518405;97.315;17.13907568022073;0.4967848023252386;-0.4345703125;
17:46:45;66.0;1576518406;97.294;17.13907568022073;0.4967848023252386;-0.4345703125;
17:46:46;67.0;1576518407;97.062;17.13907568022073;0.4967848023252386;-0.4345703125;
17:46:47;68.0;1576518408;97.252;17.13907568022073;0.4967848023252386;-0.4345703125;
17:46:48;69.0;1576518409;97.506;17.13907568022073;0.4967848023252386;-0.4345703125;
17:46:49;70.0;1576518410;97.188;17.13907568022073;0.4967848023252386;-0.4345703125;
17:46:50;71.0;1576518411;97.358;17.13907568022073;0.4967848023252386;-0.4345703125;
17:46:51;72.0;1576518412;97.358;17.13907568022073;0.4967848023252386;-0.4345703125;
17:46:52;73.0;1576518413;97.336;17.13907568022073;0.4967848023252386;-0.4345703125;
17:46:53;74.0;1576518414;97.336;17.13907568022073;0.4967848023252386;-0.4345703125;
17:46:54;75.0;1576518415;97.654;17.13907568022073;0.4967848023252386;-0.4345703125;
17:46:55;76.0;1576518416;97.824;17.13907568022073;0.4967848023252386;-0.4345703125;
17:46:56;77.0;1576518417;97.612;17.13907568022073;0.4967848023252386;-0.4345703125;
17:46:57;78.0;1576518418;97.739;17.13907568022073;0.4967848023252386;-0.4345703125;
17:46:58;79.0;1576518419;97.252;17.13907568022073;0.4967848023252386;-0.4345703125;
17:46:59;80.0;1576518420;96.893;17.13907568022073;0.4967848023252386;-0.4345703125;
17:47:00;81.0;1576518421;97.083;17.13907568022073;0.4967848023252386;-0.4345703125;
17:47:01;82.0;1576518422;97.315;17.13907568022073;0.4967848023252386;-0.4345703125;
17:47:02;83.0;1576518423;97.569;17.13907568022073;0.4967848023252386;-0.4345703125;
17:47:03;84.0;1576518424;97.697;17.13907568022073;0.4967848023252386;-0.4345703125;
17:47:04;85.0;1576518425;97.527;17.13907568022073;0.4967848023252386;-0.4345703125;
17:47:05;86.0;1576518426;97.125;17.13907568022073;0.4967848023252386;-0.4345703125;
17:47:06;87.0;1576518427;97.146;17.13907568022073;0.4967848023252386;-0.4345703125;
17:47:07;88.0;1576518428;97.146;17.13907568022073;0.4967848023252386;-0.4345703125;
17:47:08;89.0;1576518429;96.999;17.13907568022073;0.4967848023252386;-0.4345703125;
17:47:09;90.0;1576518430;97.188;17.13907568022073;0.4967848023252386;-0.4345703125;
17:47:10;91.0;1576518431;97.4;17.13907568022073;0.4967848023252386;-0.4345703125;
17:47:11;92.0;1576518432;97.421;17.13907568022073;0.4967848023252386;-0.4345703125;
17:47:12;93.0;1576518433;97.676;17.13907568022073;0.4967848023252386;-0.4345703125;
17:47:13;94.0;1576518434;98.08;17.13907568022073;0.4967848023252386;-0.4345703125;
17:47:14;95.0;1576518435;97.824;17.13907568022073;0.4967848023252386;-0.4345703125;
17:47:15;96.0;1576518436;97.782;17.13907568022073;0.4967848023252386;-0.4345703125;
17:47:16;97.0;1576518437;98.037;17.13907568022073;0.4967848023252386;-0.4345703125;
17:47:17;98.0;1576518438;97.654;17.13907568022073;0.4967848023252386;-0.4345703125;
17:47:18;99.0;1576518439;97.676;17.13907568022073;0.4967848023252386;-0.4345703125;
17:47:19;100.0;1576518440;97.952;17.13907568022073;0.4967848023252386;-0.4345703125;
17:47:20;101.0;1576518441;97.782;17.13907568022073;0.4967848023252386;-0.4345703125;
17:47:21;102.0;1576518442;97.995;17.13907568022073;0.4967848023252386;-0.4345703125;
17:47:22;103.0;1576518443;97.952;17.13907568022073;0.4967848023252386;-0.4345703125;
17:47:23;104.0;1576518444;97.697;17.13907568022073;0.4967848023252386;-0.4345703125;
17:47:24;105.0;1576518445;97.676;17.13907568022073;0.4967848023252386;-0.4345703125;
17:47:25;106.0;1576518446;97.231;17.13907568022073;0.4967848023252386;-0.4345703125;
17:47:26;107.0;1576518447;97.062;17.13907568022073;0.4967848023252386;-0.4345703125;
17:47:27;108.0;1576518448;96.893;17.13907568022073;0.4967848023252386;-0.4345703125;
17:47:28;109.0;1576518449;96.746;17.13907568022073;0.4967848023252386;-0.4345703125;
17:47:29;110.0;1576518450;96.999;17.13907568022073;0.4967848023252386;-0.4345703125;
17:47:30;111.0;1576518452;96.977;17.13907568022073;0.4967848023252386;-0.4345703125;
17:47:31;112.0;1576518453;96.935;17.13907568022073;0.4967848023252386;-0.4345703125;
17:47:32;113.0;1576518454;96.999;17.13907568022073;0.4967848023252386;-0.4345703125;
17:47:33;114.0;1576518455;96.935;17.13907568022073;0.4967848023252386;-0.4345703125;
17:47:34;115.0;1576518456;96.914;17.13907568022073;0.4967848023252386;-0.4345703125;
17:47:35;116.0;1576518457;97.252;17.13907568022073;0.4967848023252386;-0.4345703125;
17:47:36;117.0;1576518458;97.358;17.13907568022073;0.4967848023252386;-0.4345703125;
17:47:37;118.0;1576518459;97.421;17.13907568022073;0.4967848023252386;-0.4345703125;
17:47:38;119.0;1576518460;97.676;17.13907568022073;0.4967848023252386;-0.4345703125;
17:47:39;120.0;1576518461;97.4;17.13907568022073;0.4967848023252386;-0.4345703125;
17:47:40;121.0;1576518462;97.336;17.13907568022073;0.4967848023252386;-0.4345703125;
17:47:41;122.0;1576518463;97.294;17.13907568022073;0.4967848023252386;-0.4345703125;
17:47:42;123.0;1576518464;97.463;17.13907568022073;0.4967848023252386;-0.4345703125;
17:47:43;124.0;1576518465;97.527;17.13907568022073;0.4967848023252386;-0.4345703125;
17:47:45;126.0;1576518465;97.569;17.13907568022073;0.4967848023252386;-0.4345703125;
17:47:46;127.0;1576518467;97.527;17.13907568022073;0.4967848023252386;-0.4345703125;
17:47:47;128.0;1576518468;97.188;17.13907568022073;0.4967848023252386;-0.4345703125;
17:47:48;129.0;1576518469;97.336;17.13907568022073;0.4967848023252386;-0.4345703125;
17:47:49;130.0;1576518470;97.294;17.13907568022073;0.4967848023252386;-0.4345703125;
17:47:50;131.0;1576518471;97.188;17.13907568022073;0.4967848023252386;-0.4345703125;
17:47:51;132.0;1576518472;97.358;17.13907568022073;0.4967848023252386;-0.4345703125;
17:47:52;133.0;1576518473;97.21;17.13907568022073;0.4967848023252386;-0.4345703125;
17:47:53;134.0;1576518474;97.252;17.13907568022073;0.4967848023252386;-0.4345703125;
17:47:54;135.0;1576518475;97.421;17.13907568022073;0.4967848023252386;-0.4345703125;
17:47:55;136.0;1576518476;97.612;17.13907568022073;0.4967848023252386;-0.4345703125;
17:47:56;137.0;1576518477;97.527;17.13907568022073;0.4967848023252386;-0.4345703125;
17:47:57;138.0;1576518478;97.358;17.13907568022073;0.4967848023252386;-0.4345703125;
17:47:58;139.0;1576518479;97.379;17.13907568022073;0.4967848023252386;-0.4345703125;
17:47:59;140.0;1576518480;96.956;17.13907568022073;0.4967848023252386;-0.4345703125;
17:48:00;141.0;1576518481;97.188;17.13907568022073;0.4967848023252386;-0.4345703125;
17:48:01;142.0;1576518482;97.782;17.13907568022073;0.4967848023252386;-0.4345703125;
17:48:02;143.0;1576518483;97.548;17.13907568022073;0.4967848023252386;-0.4345703125;
17:48:03;144.0;1576518484;97.591;17.13907568022073;0.4967848023252386;-0.4345703125;
17:48:04;145.0;1576518485;97.633;17.13907568022073;0.4967848023252386;-0.4345703125;
17:48:05;146.0;1576518486;96.872;17.13907568022073;0.4967848023252386;-0.4345703125;
17:48:06;147.0;1576518487;97.041;17.13907568022073;0.4967848023252386;-0.4345703125;
17:48:07;148.0;1576518488;97.294;17.13907568022073;0.4967848023252386;-0.4345703125;
17:48:08;149.0;1576518489;97.02;17.13907568022073;0.4967848023252386;-0.4345703125;
17:48:09;150.0;1576518490;97.146;17.13907568022073;0.4967848023252386;-0.4345703125;
17:48:10;151.0;1576518491;97.4;17.13907568022073;0.4967848023252386;-0.4345703125;
17:48:11;152.0;1576518492;97.336;17.13907568022073;0.4967848023252386;-0.4345703125;
17:48:12;153.0;1576518493;97.358;17.13907568022073;0.4967848023252386;-0.4345703125;
17:48:13;154.0;1576518494;97.336;17.13907568022073;0.4967848023252386;-0.4345703125;
17:48:14;155.0;1576518495;96.767;17.13907568022073;0.4967848023252386;-0.4345703125;
17:48:15;156.0;1576518496;96.725;17.13907568022073;0.4967848023252386;-0.4345703125;
17:48:16;157.0;1576518497;96.704;17.13907568022073;0.4967848023252386;-0.4345703125;
17:48:17;158.0;1576518498;96.767;17.13907568022073;0.4967848023252386;-0.4345703125;
17:48:18;159.0;1576518499;96.914;17.13907568022073;0.4967848023252386;-0.4345703125;
17:48:19;160.0;1576518500;96.914;17.13907568022073;0.4967848023252386;-0.4345703125;
17:48:20;161.0;1576518501;96.767;17.13907568022073;0.4967848023252386;-0.4345703125;
17:48:21;162.0;1576518502;96.704;17.13907568022073;0.4967848023252386;-0.4345703125;
17:48:22;163.0;1576518503;96.725;17.13907568022073;0.4967848023252386;-0.4345703125;
17:48:23;164.0;1576518504;96.914;17.13907568022073;0.4967848023252386;-0.4345703125;
17:48:24;165.0;1576518505;97.041;17.13907568022073;0.4967848023252386;-0.4345703125;
17:48:25;166.0;1576518506;97.231;17.13907568022073;0.4967848023252386;-0.4345703125;
17:48:26;167.0;1576518507;97.188;17.13907568022073;0.4967848023252386;-0.4345703125;
17:48:27;168.0;1576518508;97.231;17.13907568022073;0.4967848023252386;-0.4345703125;
17:48:28;169.0;1576518509;97.442;17.13907568022073;0.4967848023252386;-0.4345703125;
17:48:29;170.0;1576518510;97.485;17.13907568022073;0.4967848023252386;-0.4345703125;
17:48:30;171.0;1576518511;97.527;17.13907568022073;0.4967848023252386;-0.4345703125;
17:48:31;172.0;1576518513;97.104;17.13907568022073;0.4967848023252386;-0.4345703125;
17:48:32;173.0;1576518514;97.083;17.13907568022073;0.4967848023252386;-0.4345703125;
17:48:33;174.0;1576518515;96.725;17.13907568022073;0.4967848023252386;-0.4345703125;
17:48:34;175.0;1576518516;96.914;17.13907568022073;0.4967848023252386;-0.4345703125;
17:48:35;176.0;1576518517;96.935;17.13907568022073;0.4967848023252386;-0.4345703125;
17:48:36;177.0;1576518518;96.809;17.13907568022073;0.4967848023252386;-0.4345703125;
17:48:37;178.0;1576518519;96.977;17.13907568022073;0.4967848023252386;-0.4345703125;
17:48:38;179.0;1576518520;96.914;17.13907568022073;0.4967848023252386;-0.4345703125;
17:48:39;180.0;1576518521;96.914;17.13907568022073;0.4967848023252386;-0.4345703125;
17:48:40;181.0;1576518522;96.578;17.13907568022073;0.4967848023252386;-0.4345703125;
17:48:41;182.0;1576518523;96.431;17.13907568022073;0.4967848023252386;-0.4345703125;
17:48:42;183.0;1576518524;96.662;17.13907568022073;0.4967848023252386;-0.4345703125;
17:48:44;185.0;1576518525;97.21;17.13907568022073;0.4967848023252386;-0.4345703125;
17:48:45;186.0;1576518527;97.358;17.13907568022073;0.4967848023252386;-0.4345703125;
17:48:46;187.0;1576518528;97.146;17.13907568022073;0.4967848023252386;-0.4345703125;
17:48:47;188.0;1576518529;97.104;17.13907568022073;0.4967848023252386;-0.4345703125;
17:48:48;189.0;1576518530;97.125;17.13907568022073;0.4967848023252386;-0.4345703125;
17:48:50;191.0;1576518531;97.125;17.13907568022073;0.4967848023252386;-0.4345703125;
17:48:51;192.0;1576518532;96.914;17.13907568022073;0.4967848023252386;-0.4345703125;
17:48:52;193.0;1576518533;96.956;17.13907568022073;0.4967848023252386;-0.4345703125;
17:48:53;194.0;1576518534;97.188;17.13907568022073;0.4967848023252386;-0.4345703125;
17:48:54;195.0;1576518535;97.421;17.13907568022073;0.4967848023252386;-0.4345703125;
17:48:55;196.0;1576518536;97.697;17.13907568022073;0.4967848023252386;-0.4345703125;
17:48:56;197.0;1576518537;97.867;17.13907568022073;0.4967848023252386;-0.4345703125;
17:48:57;198.0;1576518538;97.867;17.13907568022073;0.4967848023252386;-0.4345703125;
17:48:58;199.0;1576518539;97.761;17.13907568022073;0.4967848023252386;-0.4345703125;
17:48:59;200.0;1576518540;97.336;17.13907568022073;0.4967848023252386;-0.4345703125;
17:49:00;201.0;1576518541;96.956;17.13907568022073;0.4967848023252386;-0.4345703125;
17:49:01;202.0;1576518542;96.893;17.13907568022073;0.4967848023252386;-0.4345703125;
17:49:02;203.0;1576518543;96.788;17.13907568022073;0.4967848023252386;-0.4345703125;
17:49:03;204.0;1576518544;96.999;17.13907568022073;0.4967848023252386;-0.4345703125;
17:49:04;205.0;1576518545;97.273;17.13907568022073;0.4967848023252386;-0.4345703125;
17:49:05;206.0;1576518546;97.231;17.13907568022073;0.4967848023252386;-0.4345703125;
17:49:06;207.0;1576518547;97.02;17.13907568022073;0.4967848023252386;-0.4345703125;
17:49:07;208.0;1576518548;97.041;17.13907568022073;0.4967848023252386;-0.4345703125;
17:49:08;209.0;1576518549;96.788;17.13907568022073;0.4967848023252386;-0.4345703125;
17:49:09;210.0;1576518550;96.83;17.13907568022073;0.4967848023252386;-0.4345703125;
17:49:10;211.0;1576518551;97.252;17.13907568022073;0.4967848023252386;-0.4345703125;
17:49:11;212.0;1576518552;97.21;17.13907568022073;0.4967848023252386;-0.4345703125;
17:49:12;213.0;1576518553;97.4;17.13907568022073;0.4967848023252386;-0.4345703125;
17:49:13;214.0;1576518554;97.21;17.13907568022073;0.4967848023252386;-0.4345703125;
17:49:14;215.0;1576518555;97.167;17.13907568022073;0.4967848023252386;-0.4345703125;
17:49:15;216.0;1576518556;97.21;17.13907568022073;0.4967848023252386;-0.4345703125;
17:49:16;217.0;1576518557;96.809;17.13907568022073;0.4967848023252386;-0.4345703125;
17:49:17;218.0;1576518558;96.767;17.13907568022073;0.4967848023252386;-0.4345703125;
17:49:18;219.0;1576518559;96.662;17.13907568022073;0.4967848023252386;-0.4345703125;
17:49:19;220.0;1576518560;96.83;17.13907568022073;0.4967848023252386;-0.4345703125;
17:49:20;221.0;1576518561;97.02;17.13907568022073;0.4967848023252386;-0.4345703125;
17:49:21;222.0;1576518562;97.273;17.13907568022073;0.4967848023252386;-0.4345703125;
17:49:22;223.0;1576518563;97.167;17.13907568022073;0.4967848023252386;-0.4345703125;
17:49:23;224.0;1576518564;96.999;17.13907568022073;0.4967848023252386;-0.4345703125;
17:49:24;225.0;1576518565;96.767;17.13907568022073;0.4967848023252386;-0.4345703125;
17:49:25;226.0;1576518566;96.599;17.13907568022073;0.4967848023252386;-0.4345703125;
17:49:26;227.0;1576518567;97.02;17.13907568022073;0.4967848023252386;-0.4345703125;
17:49:27;228.0;1576518568;96.788;17.13907568022073;0.4967848023252386;-0.4345703125;
17:49:28;229.0;1576518569;96.83;17.13907568022073;0.4967848023252386;-0.4345703125;
17:49:29;230.0;1576518570;96.746;17.13907568022073;0.4967848023252386;-0.4345703125;
17:49:30;231.0;1576518571;96.746;17.13907568022073;0.4967848023252386;-0.4345703125;
17:49:31;232.0;1576518573;96.767;17.13907568022073;0.4967848023252386;-0.4345703125;
17:49:32;233.0;1576518573;96.536;17.13907568022073;0.4967848023252386;-0.4345703125;
17:49:33;234.0;1576518574;96.431;17.13907568022073;0.4967848023252386;-0.4345703125;
17:49:34;235.0;1576518575;96.034;17.13907568022073;0.4967848023252386;-0.4345703125;
17:49:35;236.0;1576518576;95.993;17.13907568022073;0.4967848023252386;-0.4345703125;
17:49:36;237.0;1576518577;96.62;17.13907568022073;0.4967848023252386;-0.4345703125;
17:49:37;238.0;1576518578;96.956;17.13907568022073;0.4967848023252386;-0.4345703125;
17:49:38;239.0;1576518579;96.977;17.13907568022073;0.4967848023252386;-0.4345703125;
17:49:39;240.0;1576518580;97.294;17.13907568022073;0.4967848023252386;-0.4345703125;
17:49:40;241.0;1576518581;96.893;17.13907568022073;0.4967848023252386;-0.4345703125;
17:49:41;242.0;1576518582;96.746;17.13907568022073;0.4967848023252386;-0.4345703125;
17:49:42;243.0;1576518583;96.746;17.13907568022073;0.4967848023252386;-0.4345703125;
17:49:43;244.0;1576518584;96.327;17.13907568022073;0.4967848023252386;-0.4345703125;
17:49:44;245.0;1576518585;96.515;17.13907568022073;0.4967848023252386;-0.4345703125;
17:49:45;246.0;1576518586;96.473;17.13907568022073;0.4967848023252386;-0.4345703125;
17:49:46;247.0;1576518588;96.515;17.13907568022073;0.4967848023252386;-0.4345703125;
17:49:47;248.0;1576518589;96.83;17.13907568022073;0.4967848023252386;-0.4345703125;
17:49:48;249.0;1576518590;96.851;17.13907568022073;0.4967848023252386;-0.4345703125;
17:49:49;250.0;1576518591;96.746;17.13907568022073;0.4967848023252386;-0.4345703125;
17:49:50;251.0;1576518592;96.683;17.13907568022073;0.4967848023252386;-0.4345703125;
17:49:51;252.0;1576518593;96.536;17.13907568022073;0.4967848023252386;-0.4345703125;
17:49:52;253.0;1576518594;96.264;17.13907568022073;0.4967848023252386;-0.4345703125;
17:49:54;255.0;1576518595;96.431;17.13907568022073;0.4967848023252386;-0.4345703125;
17:49:55;256.0;1576518596;96.599;17.13907568022073;0.4967848023252386;-0.4345703125;
17:49:56;257.0;1576518597;96.725;17.13907568022073;0.4967848023252386;-0.4345703125;
17:49:57;258.0;1576518598;96.977;17.13907568022073;0.4967848023252386;-0.4345703125;
17:49:58;259.0;1576518599;96.704;17.13907568022073;0.4967848023252386;-0.4345703125;
17:49:59;260.0;1576518600;96.348;17.13907568022073;0.4967848023252386;-0.4345703125;
17:50:00;261.0;1576518601;96.369;17.13907568022073;0.4967848023252386;-0.4345703125;
17:50:01;262.0;1576518602;96.348;17.13907568022073;0.4967848023252386;-0.4345703125;
17:50:02;263.0;1576518603;96.18;17.13907568022073;0.4967848023252386;-0.4345703125;
17:50:03;264.0;1576518604;96.39;17.13907568022073;0.4967848023252386;-0.4345703125;
17:50:04;265.0;1576518605;96.369;17.13907568022073;0.4967848023252386;-0.4345703125;
17:50:05;266.0;1576518606;96.18;17.13907568022073;0.4967848023252386;-0.4345703125;
17:50:06;267.0;1576518607;96.41;17.13907568022073;0.4967848023252386;-0.4345703125;
17:50:07;268.0;1576518608;96.16;17.13907568022073;0.4967848023252386;-0.4345703125;
17:50:08;269.0;1576518609;96.076;17.13907568022073;0.4967848023252386;-0.4345703125;
17:50:09;270.0;1576518610;96.243;17.13907568022073;0.4967848023252386;-0.4345703125;
17:50:10;271.0;1576518611;96.201;17.13907568022073;0.4967848023252386;-0.4345703125;
17:50:11;272.0;1576518612;96.243;17.13907568022073;0.4967848023252386;-0.4345703125;
17:50:12;273.0;1576518613;96.348;17.13907568022073;0.4967848023252386;-0.4345703125;
17:50:13;274.0;1576518614;96.41;17.13907568022073;0.4967848023252386;-0.4345703125;
17:50:14;275.0;1576518615;96.452;17.13907568022073;0.4967848023252386;-0.4345703125;
17:50:15;276.0;1576518616;96.452;17.13907568022073;0.4967848023252386;-0.4345703125;
17:50:16;277.0;1576518617;96.076;17.13907568022073;0.4967848023252386;-0.4345703125;
17:50:17;278.0;1576518618;96.243;17.13907568022073;0.4967848023252386;-0.4345703125;
17:50:18;279.0;1576518619;96.578;17.13907568022073;0.4967848023252386;-0.4345703125;
17:50:19;280.0;1576518620;96.977;17.13907568022073;0.4967848023252386;-0.4345703125;
17:50:20;281.0;1576518621;97.188;17.13907568022073;0.4967848023252386;-0.4345703125;
17:50:21;282.0;1576518622;96.872;17.13907568022073;0.4967848023252386;-0.4345703125;
17:50:22;283.0;1576518623;96.746;17.13907568022073;0.4967848023252386;-0.4345703125;
17:50:23;284.0;1576518624;96.746;17.13907568022073;0.4967848023252386;-0.4345703125;
17:50:24;285.0;1576518625;96.557;17.13907568022073;0.4967848023252386;-0.4345703125;
17:50:25;286.0;1576518626;96.704;17.13907568022073;0.4967848023252386;-0.4345703125;
17:50:26;287.0;1576518627;96.893;17.13907568022073;0.4967848023252386;-0.4345703125;
17:50:27;288.0;1576518628;96.494;17.13907568022073;0.4967848023252386;-0.4345703125;
17:50:28;289.0;1576518629;96.683;17.13907568022073;0.4967848023252386;-0.4345703125;
17:50:29;290.0;1576518631;96.704;17.13907568022073;0.4967848023252386;-0.4345703125;
17:50:30;291.0;1576518632;96.264;17.13907568022073;0.4967848023252386;-0.4345703125;
17:50:31;292.0;1576518633;96.683;17.13907568022073;0.4967848023252386;-0.4345703125;
17:50:32;293.0;1576518634;96.893;17.13907568022073;0.4967848023252386;-0.4345703125;
17:50:33;294.0;1576518635;96.872;17.13907568022073;0.4967848023252386;-0.4345703125;
17:50:34;295.0;1576518636;96.872;17.13907568022073;0.4967848023252386;-0.4345703125;
17:50:35;296.0;1576518637;96.62;17.13907568022073;0.4967848023252386;-0.4345703125;
17:50:36;297.0;1576518638;96.431;17.13907568022073;0.4967848023252386;-0.4345703125;
17:50:37;298.0;1576518639;96.599;17.13907568022073;0.4967848023252386;-0.4345703125;
17:50:38;299.0;1576518640;96.641;17.13907568022073;0.4967848023252386;-0.4345703125;
17:50:39;300.0;1576518641;96.851;17.13907568022073;0.4967848023252386;-0.4345703125;
17:50:40;301.0;1576518642;97.041;17.13907568022073;0.4967848023252386;-0.4345703125;
17:50:41;302.0;1576518643;96.662;17.13907568022073;0.4967848023252386;-0.4345703125;
17:50:43;304.0;1576518644;96.557;17.13907568022073;0.4967848023252386;-0.4345703125;
17:50:44;305.0;1576518645;96.536;17.13907568022073;0.4967848023252386;-0.4345703125;
17:50:45;306.0;1576518646;96.935;17.13907568022073;0.4967848023252386;-0.4345703125;
17:50:46;307.0;1576518647;97.041;17.13907568022073;0.4967848023252386;-0.4345703125;
17:50:47;308.0;1576518648;96.83;17.13907568022073;0.4967848023252386;-0.4345703125;
17:50:48;309.0;1576518649;96.62;17.13907568022073;0.4967848023252386;-0.4345703125;
17:50:49;310.0;1576518650;96.39;17.13907568022073;0.4967848023252386;-0.4345703125;
17:50:50;311.0;1576518651;96.641;17.13907568022073;0.4967848023252386;-0.4345703125;
17:50:51;312.0;1576518652;96.767;17.13907568022073;0.4967848023252386;-0.4345703125;
17:50:52;313.0;1576518653;96.977;17.13907568022073;0.4967848023252386;-0.4345703125;
17:50:53;314.0;1576518654;96.599;17.13907568022073;0.4967848023252386;-0.4345703125;
17:50:54;315.0;1576518655;96.348;17.13907568022073;0.4967848023252386;-0.4345703125;
17:50:55;316.0;1576518657;96.285;17.13907568022073;0.4967848023252386;-0.4345703125;
17:50:56;317.0;1576518658;96.264;17.13907568022073;0.4967848023252386;-0.4345703125;
17:50:58;319.0;1576518659;96.285;17.13907568022073;0.4967848023252386;-0.4345703125;
17:50:59;320.0;1576518660;96.494;17.13907568022073;0.4967848023252386;-0.4345703125;
17:51:00;321.0;1576518661;96.327;17.13907568022073;0.4967848023252386;-0.4345703125;
17:51:01;322.0;1576518662;96.16;17.13907568022073;0.4967848023252386;-0.4345703125;
17:51:02;323.0;1576518663;96.39;17.13907568022073;0.4967848023252386;-0.4345703125;
17:51:03;324.0;1576518664;96.243;17.13907568022073;0.4967848023252386;-0.4345703125;
17:51:04;325.0;1576518665;96.473;17.13907568022073;0.4967848023252386;-0.4345703125;
17:51:05;326.0;1576518666;96.285;17.13907568022073;0.4967848023252386;-0.4345703125;
17:51:06;327.0;1576518667;96.683;17.13907568022073;0.4967848023252386;-0.4345703125;
17:51:07;328.0;1576518668;96.494;17.13907568022073;0.4967848023252386;-0.4345703125;
17:51:08;329.0;1576518669;96.18;17.13907568022073;0.4967848023252386;-0.4345703125;
17:51:09;330.0;1576518670;96.264;17.13907568022073;0.4967848023252386;-0.4345703125;
17:51:10;331.0;1576518671;96.014;17.13907568022073;0.4967848023252386;-0.4345703125;
17:51:11;332.0;1576518672;96.243;17.13907568022073;0.4967848023252386;-0.4345703125;
17:51:12;333.0;1576518673;96.034;17.13907568022073;0.4967848023252386;-0.4345703125;
17:51:13;334.0;1576518674;95.93;17.13907568022073;0.4967848023252386;-0.4345703125;
17:51:14;335.0;1576518675;95.681;17.13907568022073;0.4967848023252386;-0.4345703125;
17:51:15;336.0;1576518676;95.453;17.13907568022073;0.4967848023252386;-0.4345703125;
17:51:16;337.0;1576518677;96.014;17.13907568022073;0.4967848023252386;-0.4345703125;
17:51:17;338.0;1576518678;96.431;17.13907568022073;0.4967848023252386;-0.4345703125;
17:51:18;339.0;1576518679;96.431;17.13907568022073;0.4967848023252386;-0.4345703125;
17:51:19;340.0;1576518680;96.431;17.13907568022073;0.4967848023252386;-0.4345703125;
17:51:20;341.0;1576518681;96.62;17.13907568022073;0.4967848023252386;-0.4345703125;
17:51:21;342.0;1576518682;96.641;17.13907568022073;0.4967848023252386;-0.4345703125;
17:51:22;343.0;1576518683;96.725;17.13907568022073;0.4967848023252386;-0.4345703125;
17:51:23;344.0;1576518684;96.536;17.13907568022073;0.4967848023252386;-0.4345703125;
17:51:24;345.0;1576518685;96.118;17.13907568022073;0.4967848023252386;-0.4345703125;
17:51:25;346.0;1576518686;95.889;17.13907568022073;0.4967848023252386;-0.4345703125;
17:51:26;347.0;1576518687;95.764;17.13907568022073;0.4967848023252386;-0.4345703125;
17:51:27;348.0;1576518688;95.993;17.13907568022073;0.4967848023252386;-0.4345703125;
17:51:28;349.0;1576518689;95.972;17.13907568022073;0.4967848023252386;-0.4345703125;
17:51:29;350.0;1576518690;95.993;17.13907568022073;0.4967848023252386;-0.4345703125;
17:51:30;351.0;1576518691;95.889;17.13907568022073;0.4967848023252386;-0.4345703125;
17:51:31;352.0;1576518692;96.097;17.13907568022073;0.4967848023252386;-0.4345703125;
17:51:32;353.0;1576518693;96.097;17.13907568022073;0.4967848023252386;-0.4345703125;
17:51:33;354.0;1576518694;96.055;17.13907568022073;0.4967848023252386;-0.4345703125;
17:51:34;355.0;1576518695;96.243;17.13907568022073;0.4967848023252386;-0.4345703125;
17:51:35;356.0;1576518696;95.826;17.13907568022073;0.4967848023252386;-0.4345703125;
17:51:36;357.0;1576518697;96.285;17.13907568022073;0.4967848023252386;-0.4345703125;
17:51:37;358.0;1576518698;96.662;17.13907568022073;0.4967848023252386;-0.4345703125;
17:51:38;359.0;1576518699;96.62;17.13907568022073;0.4967848023252386;-0.4345703125;
17:51:39;360.0;1576518700;96.809;17.13907568022073;0.4967848023252386;-0.4345703125;
17:51:40;361.0;1576518701;96.369;17.13907568022073;0.4967848023252386;-0.4345703125;
17:51:41;362.0;1576518702;95.972;17.13907568022073;0.4967848023252386;-0.4345703125;
17:51:42;363.0;1576518703;95.806;17.13907568022073;0.4967848023252386;-0.4345703125;
17:51:43;364.0;1576518704;95.806;17.13907568022073;0.4967848023252386;-0.4345703125;
17:51:44;365.0;1576518705;96.014;17.13907568022073;0.4967848023252386;-0.4345703125;
17:51:45;366.0;1576518706;96.222;17.13907568022073;0.4967848023252386;-0.4345703125;
17:51:46;367.0;1576518707;96.327;17.13907568022073;0.4967848023252386;-0.4345703125;
17:51:47;368.0;1576518708;96.306;17.13907568022073;0.4967848023252386;-0.4345703125;
17:51:48;369.0;1576518709;95.951;17.13907568022073;0.4967848023252386;-0.4345703125;
17:51:49;370.0;1576518710;95.598;17.13907568022073;0.4967848023252386;-0.4345703125;
17:51:50;371.0;1576518711;95.889;17.13907568022073;0.4967848023252386;-0.4345703125;
17:51:51;372.0;1576518712;95.681;17.13907568022073;0.4967848023252386;-0.4345703125;
17:51:52;373.0;1576518713;95.826;17.13907568022073;0.4967848023252386;-0.4345703125;
17:51:53;374.0;1576518714;96.201;17.13907568022073;0.4967848023252386;-0.4345703125;
17:51:54;375.0;1576518716;95.868;17.13907568022073;0.4967848023252386;-0.4345703125;
17:51:55;376.0;1576518716;96.097;17.13907568022073;0.4967848023252386;-0.4345703125;
17:51:56;377.0;1576518717;96.118;17.13907568022073;0.4967848023252386;-0.4345703125;
17:51:57;378.0;1576518718;95.806;17.13907568022073;0.4967848023252386;-0.4345703125;
17:51:58;379.0;1576518719;96.014;17.13907568022073;0.4967848023252386;-0.4345703125;
17:51:59;380.0;1576518720;95.806;17.13907568022073;0.4967848023252386;-0.4345703125;
17:52:00;381.0;1576518722;95.826;17.13907568022073;0.4967848023252386;-0.4345703125;
17:52:02;383.0;1576518723;95.993;17.13907568022073;0.4967848023252386;-0.4345703125;
17:52:03;384.0;1576518724;95.743;17.13907568022073;0.4967848023252386;-0.4345703125;
17:52:04;385.0;1576518725;95.951;17.13907568022073;0.4967848023252386;-0.4345703125;
17:52:05;386.0;1576518726;95.972;17.13907568022073;0.4967848023252386;-0.4345703125;
17:52:06;387.0;1576518727;95.951;17.13907568022073;0.4967848023252386;-0.4345703125;
17:52:07;388.0;1576518728;96.348;17.13907568022073;0.4967848023252386;-0.4345703125;
17:52:08;389.0;1576518729;96.18;17.13907568022073;0.4967848023252386;-0.4345703125;
17:52:09;390.0;1576518730;96.16;17.13907568022073;0.4967848023252386;-0.4345703125;
17:52:10;391.0;1576518731;96.515;17.13907568022073;0.4967848023252386;-0.4345703125;
17:52:11;392.0;1576518732;96.515;17.13907568022073;0.4967848023252386;-0.4345703125;
17:52:12;393.0;1576518733;96.494;17.13907568022073;0.4967848023252386;-0.4345703125;
17:52:13;394.0;1576518734;96.348;17.13907568022073;0.4967848023252386;-0.4345703125;
17:52:14;395.0;1576518735;96.097;17.13907568022073;0.4967848023252386;-0.4345703125;
17:52:15;396.0;1576518736;95.889;17.13907568022073;0.4967848023252386;-0.4345703125;
17:52:16;397.0;1576518737;96.243;17.13907568022073;0.4967848023252386;-0.4345703125;
17:52:17;398.0;1576518738;96.201;17.13907568022073;0.4967848023252386;-0.4345703125;
17:52:18;399.0;1576518739;96.097;17.13907568022073;0.4967848023252386;-0.4345703125;
17:52:19;400.0;1576518740;96.222;17.13907568022073;0.4967848023252386;-0.4345703125;
17:52:20;401.0;1576518741;96.076;17.13907568022073;0.4967848023252386;-0.4345703125;
17:52:21;402.0;1576518742;96.076;17.13907568022073;0.4967848023252386;-0.4345703125;
17:52:22;403.0;1576518743;96.41;17.13907568022073;0.4967848023252386;-0.4345703125;
17:52:23;404.0;1576518744;96.327;17.13907568022073;0.4967848023252386;-0.4345703125;
17:52:24;405.0;1576518745;96.139;17.13907568022073;0.4967848023252386;-0.4345703125;
17:52:25;406.0;1576518746;96.452;17.13907568022073;0.4967848023252386;-0.4345703125;
17:52:26;407.0;1576518747;96.222;17.13907568022073;0.4967848023252386;-0.4345703125;
17:52:27;408.0;1576518748;96.18;17.13907568022073;0.4967848023252386;-0.4345703125;
17:52:28;409.0;1576518749;96.139;17.13907568022073;0.4967848023252386;-0.4345703125;
17:52:29;410.0;1576518750;95.847;17.13907568022073;0.4967848023252386;-0.4345703125;
17:52:30;411.0;1576518751;95.743;17.13907568022073;0.4967848023252386;-0.4345703125;
17:52:31;412.0;1576518752;95.743;17.13907568022073;0.4967848023252386;-0.4345703125;
17:52:32;413.0;1576518753;95.93;17.13907568022073;0.4967848023252386;-0.4345703125;
17:52:33;414.0;1576518754;96.118;17.13907568022073;0.4967848023252386;-0.4345703125;
17:52:34;415.0;1576518755;95.909;17.13907568022073;0.4967848023252386;-0.4345703125;
17:52:35;416.0;1576518756;95.743;17.13907568022073;0.4967848023252386;-0.4345703125;
17:52:36;417.0;1576518757;95.598;17.13907568022073;0.4967848023252386;-0.4345703125;
17:52:37;418.0;1576518758;95.577;17.13907568022073;0.4967848023252386;-0.4345703125;
17:52:38;419.0;1576518760;95.556;17.13907568022073;0.4967848023252386;-0.4345703125;
17:52:39;420.0;1576518761;95.494;17.13907568022073;0.4967848023252386;-0.4345703125;
17:52:40;421.0;1576518762;95.453;17.13907568022073;0.4967848023252386;-0.4345703125;
17:52:41;422.0;1576518763;95.432;17.13907568022073;0.4967848023252386;-0.4345703125;
17:52:42;423.0;1576518763;95.66;17.13907568022073;0.4967848023252386;-0.4345703125;
17:52:43;424.0;1576518765;95.722;17.13907568022073;0.4967848023252386;-0.4345703125;
17:52:44;425.0;1576518766;95.909;17.13907568022073;0.4967848023252386;-0.4345703125;
17:52:45;426.0;1576518767;95.93;17.13907568022073;0.4967848023252386;-0.4345703125;
17:52:46;427.0;1576518768;95.702;17.13907568022073;0.4967848023252386;-0.4345703125;
17:52:47;428.0;1576518769;95.681;17.13907568022073;0.4967848023252386;-0.4345703125;
17:52:48;429.0;1576518770;95.453;17.13907568022073;0.4967848023252386;-0.4345703125;
17:52:49;430.0;1576518771;95.37;17.13907568022073;0.4967848023252386;-0.4345703125;
17:52:50;431.0;1576518772;95.411;17.13907568022073;0.4967848023252386;-0.4345703125;
17:52:51;432.0;1576518773;95.453;17.13907568022073;0.4967848023252386;-0.4345703125;
17:52:52;433.0;1576518774;95.639;17.13907568022073;0.4967848023252386;-0.4345703125;
17:52:53;434.0;1576518775;95.536;17.13907568022073;0.4967848023252386;-0.4345703125;
17:52:54;435.0;1576518776;95.308;17.13907568022073;0.4967848023252386;-0.4345703125;
17:52:55;436.0;1576518777;95.494;17.13907568022073;0.4967848023252386;-0.4345703125;
17:52:56;437.0;1576518777;95.37;17.13907568022073;0.4967848023252386;-0.4345703125;
17:52:57;438.0;1576518778;95.743;17.13907568022073;0.4967848023252386;-0.4345703125;
17:52:58;439.0;1576518779;96.139;17.13907568022073;0.4967848023252386;-0.4345703125;
17:52:59;440.0;1576518780;96.034;17.13907568022073;0.4967848023252386;-0.4345703125;
17:53:00;441.0;1576518781;96.034;17.13907568022073;0.4967848023252386;-0.4345703125;
17:53:01;442.0;1576518782;95.598;17.13907568022073;0.4967848023252386;-0.4345703125;
17:53:02;443.0;1576518783;95.432;17.13907568022073;0.4967848023252386;-0.4345703125;
17:53:03;444.0;1576518785;95.287;17.13907568022073;0.4967848023252386;-0.4345703125;
17:53:04;445.0;1576518786;95.164;17.13907568022073;0.4967848023252386;-0.4345703125;
17:53:05;446.0;1576518787;95.164;17.13907568022073;0.4967848023252386;-0.4345703125;
17:53:07;448.0;1576518788;95.143;17.13907568022073;0.4967848023252386;-0.4345703125;
17:53:08;449.0;1576518789;95.536;17.13907568022073;0.4967848023252386;-0.4345703125;
17:53:09;450.0;1576518790;95.639;17.13907568022073;0.4967848023252386;-0.4345703125;
17:53:10;451.0;1576518791;95.639;17.13907568022073;0.4967848023252386;-0.4345703125;
17:53:11;452.0;1576518792;95.432;17.13907568022073;0.4967848023252386;-0.4345703125;
17:53:12;453.0;1576518793;95.04;17.13907568022073;0.4967848023252386;-0.4345703125;
17:53:13;454.0;1576518794;95.04;17.13907568022073;0.4967848023252386;-0.4345703125;
17:53:14;455.0;1576518795;95.081;17.13907568022073;0.4967848023252386;-0.4345703125;
17:53:15;456.0;1576518796;95.267;17.13907568022073;0.4967848023252386;-0.4345703125;
17:53:16;457.0;1576518797;95.556;17.13907568022073;0.4967848023252386;-0.4345703125;
17:53:17;458.0;1576518798;95.722;17.13907568022073;0.4967848023252386;-0.4345703125;
17:53:18;459.0;1576518799;95.743;17.13907568022073;0.4967848023252386;-0.4345703125;
17:53:19;460.0;1576518800;95.972;17.13907568022073;0.4967848023252386;-0.4345703125;
17:53:20;461.0;1576518801;95.743;17.13907568022073;0.4967848023252386;-0.4345703125;
17:53:21;462.0;1576518802;95.598;17.13907568022073;0.4967848023252386;-0.4345703125;
17:53:22;463.0;1576518803;95.619;17.13907568022073;0.4967848023252386;-0.4345703125;
17:53:23;464.0;1576518804;95.598;17.13907568022073;0.4967848023252386;-0.4345703125;
17:53:24;465.0;1576518805;95.639;17.13907568022073;0.4967848023252386;-0.4345703125;
17:53:25;466.0;1576518806;95.598;17.13907568022073;0.4967848023252386;-0.4345703125;
17:53:26;467.0;1576518807;95.536;17.13907568022073;0.4967848023252386;-0.4345703125;
17:53:27;468.0;1576518808;95.536;17.13907568022073;0.4967848023252386;-0.4345703125;
17:53:28;469.0;1576518809;95.453;17.13907568022073;0.4967848023252386;-0.4345703125;
17:53:29;470.0;1576518810;95.494;17.13907568022073;0.4967848023252386;-0.4345703125;
17:53:30;471.0;1576518811;95.889;17.13907568022073;0.4967848023252386;-0.4345703125;
17:53:31;472.0;1576518812;95.66;17.13907568022073;0.4967848023252386;-0.4345703125;
17:53:32;473.0;1576518813;95.681;17.13907568022073;0.4967848023252386;-0.4345703125;
17:53:33;474.0;1576518814;95.909;17.13907568022073;0.4967848023252386;-0.4345703125;
17:53:34;475.0;1576518815;95.494;17.13907568022073;0.4967848023252386;-0.4345703125;
17:53:35;476.0;1576518816;95.536;17.13907568022073;0.4967848023252386;-0.4345703125;
17:53:36;477.0;1576518817;95.515;17.13907568022073;0.4967848023252386;-0.4345703125;
17:53:37;478.0;1576518818;95.287;17.13907568022073;0.4967848023252386;-0.4345703125;
17:53:38;479.0;1576518819;95.122;17.13907568022073;0.4967848023252386;-0.4345703125;
17:53:39;480.0;1576518820;95.184;17.13907568022073;0.4967848023252386;-0.4345703125;
17:53:40;481.0;1576518821;95.267;17.13907568022073;0.4967848023252386;-0.4345703125;
17:53:41;482.0;1576518822;95.225;17.13907568022073;0.4967848023252386;-0.4345703125;
17:53:42;483.0;1576518823;95.619;17.13907568022073;0.4967848023252386;-0.4345703125;
17:53:43;484.0;1576518824;95.702;17.13907568022073;0.4967848023252386;-0.4345703125;
17:53:44;485.0;1576518825;96.034;17.13907568022073;0.4967848023252386;-0.4345703125;
17:53:45;486.0;1576518826;96.076;17.13907568022073;0.4967848023252386;-0.4345703125;
17:53:46;487.0;1576518827;95.889;17.13907568022073;0.4967848023252386;-0.4345703125;
17:53:47;488.0;1576518828;95.702;17.13907568022073;0.4967848023252386;-0.4345703125;
17:53:48;489.0;1576518829;95.329;17.13907568022073;0.4967848023252386;-0.4345703125;
17:53:49;490.0;1576518830;95.453;17.13907568022073;0.4967848023252386;-0.4345703125;
17:53:50;491.0;1576518831;95.267;17.13907568022073;0.4967848023252386;-0.4345703125;
17:53:51;492.0;1576518832;94.937;17.13907568022073;0.4967848023252386;-0.4345703125;
17:53:52;493.0;1576518833;94.731;17.13907568022073;0.4967848023252386;-0.4345703125;
17:53:53;494.0;1576518835;94.424;17.13907568022073;0.4967848023252386;-0.4345703125;
17:53:54;495.0;1576518836;94.649;17.13907568022073;0.4967848023252386;-0.4345703125;
17:53:55;496.0;1576518837;95.184;17.13907568022073;0.4967848023252386;-0.4345703125;
17:53:56;497.0;1576518838;95.37;17.13907568022073;0.4967848023252386;-0.4345703125;
17:53:57;498.0;1576518839;95.349;17.13907568022073;0.4967848023252386;-0.4345703125;
17:53:58;499.0;1576518840;95.329;17.13907568022073;0.4967848023252386;-0.4345703125;
17:53:59;500.0;1576518841;95.205;17.13907568022073;0.4967848023252386;-0.4345703125;
17:54:00;501.0;1576518842;95.267;17.13907568022073;0.4967848023252386;-0.4345703125;
17:54:01;502.0;1576518843;95.432;17.13907568022073;0.4967848023252386;-0.4345703125;
17:54:02;503.0;1576518844;95.225;17.13907568022073;0.4967848023252386;-0.4345703125;
17:54:03;504.0;1576518845;95.143;17.13907568022073;0.4967848023252386;-0.4345703125;
17:54:04;505.0;1576518846;95.04;17.13907568022073;0.4967848023252386;-0.4345703125;
17:54:05;506.0;1576518847;94.896;17.13907568022073;0.4967848023252386;-0.4345703125;
17:54:06;507.0;1576518848;95.122;17.13907568022073;0.4967848023252386;-0.4345703125;
17:54:07;508.0;1576518849;95.349;17.13907568022073;0.4967848023252386;-0.4345703125;
17:54:08;509.0;1576518850;95.205;17.13907568022073;0.4967848023252386;-0.4345703125;
17:54:10;511.0;1576518851;95.536;17.13907568022073;0.4967848023252386;-0.4345703125;
17:54:11;512.0;1576518852;95.515;17.13907568022073;0.4967848023252386;-0.4345703125;
17:54:12;513.0;1576518853;95.349;17.13907568022073;0.4967848023252386;-0.4345703125;
17:54:13;514.0;1576518854;95.764;17.13907568022073;0.4967848023252386;-0.4345703125;
17:54:14;515.0;1576518855;95.619;17.13907568022073;0.4967848023252386;-0.4345703125;
17:54:15;516.0;1576518856;95.785;17.13907568022073;0.4967848023252386;-0.4345703125;
17:54:16;517.0;1576518857;95.764;17.13907568022073;0.4967848023252386;-0.4345703125;
17:54:17;518.0;1576518858;95.329;17.13907568022073;0.4967848023252386;-0.4345703125;
17:54:18;519.0;1576518859;95.515;17.13907568022073;0.4967848023252386;-0.4345703125;
17:54:19;520.0;1576518860;95.184;17.13907568022073;0.4967848023252386;-0.4345703125;
17:54:20;521.0;1576518861;95.308;17.13907568022073;0.4967848023252386;-0.4345703125;
17:54:21;522.0;1576518862;95.598;17.13907568022073;0.4967848023252386;-0.4345703125;
17:54:22;523.0;1576518863;95.184;17.13907568022073;0.4967848023252386;-0.4345703125;
17:54:23;524.0;1576518864;95.391;17.13907568022073;0.4967848023252386;-0.4345703125;
17:54:24;525.0;1576518865;95.102;17.13907568022073;0.4967848023252386;-0.4345703125;
17:54:25;526.0;1576518866;94.855;17.13907568022073;0.4967848023252386;-0.4345703125;
17:54:26;527.0;1576518867;94.731;17.13907568022073;0.4967848023252386;-0.4345703125;
17:54:27;528.0;1576518868;94.485;17.13907568022073;0.4967848023252386;-0.4345703125;
17:54:28;529.0;1576518869;94.567;17.13907568022073;0.4967848023252386;-0.4345703125;
17:54:29;530.0;1576518870;94.711;17.13907568022073;0.4967848023252386;-0.4345703125;
17:54:30;531.0;1576518871;94.731;17.13907568022073;0.4967848023252386;-0.4345703125;
17:54:31;532.0;1576518872;94.567;17.13907568022073;0.4967848023252386;-0.4345703125;
17:54:32;533.0;1576518873;94.67;17.13907568022073;0.4967848023252386;-0.4345703125;
17:54:33;534.0;1576518874;94.916;17.13907568022073;0.4967848023252386;-0.4345703125;
17:54:34;535.0;1576518875;94.916;17.13907568022073;0.4967848023252386;-0.4345703125;
17:54:35;536.0;1576518876;95.287;17.13907568022073;0.4967848023252386;-0.4345703125;
17:54:36;537.0;1576518877;95.494;17.13907568022073;0.4967848023252386;-0.4345703125;
17:54:37;538.0;1576518878;95.308;17.13907568022073;0.4967848023252386;-0.4345703125;
17:54:38;539.0;1576518879;95.453;17.13907568022073;0.4967848023252386;-0.4345703125;
17:54:39;540.0;1576518880;95.246;17.13907568022073;0.4967848023252386;-0.4345703125;
17:54:40;541.0;1576518881;95.102;17.13907568022073;0.4967848023252386;-0.4345703125;
17:54:41;542.0;1576518882;94.855;17.13907568022073;0.4967848023252386;-0.4345703125;
17:54:42;543.0;1576518883;94.813;17.13907568022073;0.4967848023252386;-0.4345703125;
17:54:43;544.0;1576518884;94.834;17.13907568022073;0.4967848023252386;-0.4345703125;
17:54:44;545.0;1576518885;94.999;17.13907568022073;0.4967848023252386;-0.4345703125;
17:54:45;546.0;1576518886;94.916;17.13907568022073;0.4967848023252386;-0.4345703125;
17:54:46;547.0;1576518887;94.711;17.13907568022073;0.4967848023252386;-0.4345703125;
17:54:47;548.0;1576518888;94.875;17.13907568022073;0.4967848023252386;-0.4345703125;
17:54:48;549.0;1576518889;94.526;17.13907568022073;0.4967848023252386;-0.4345703125;
17:54:49;550.0;1576518890;94.424;17.13907568022073;0.4967848023252386;-0.4345703125;
17:54:50;551.0;1576518891;94.813;17.13907568022073;0.4967848023252386;-0.4345703125;
17:54:51;552.0;1576518892;94.608;17.13907568022073;0.4967848023252386;-0.4345703125;
17:54:52;553.0;1576518893;94.69;17.13907568022073;0.4967848023252386;-0.4345703125;
17:54:53;554.0;1576518894;95.122;17.13907568022073;0.4967848023252386;-0.4345703125;
17:54:54;555.0;1576518895;95.143;17.13907568022073;0.4967848023252386;-0.4345703125;
17:54:55;556.0;1576518896;95.37;17.13907568022073;0.4967848023252386;-0.4345703125;
17:54:56;557.0;1576518897;95.225;17.13907568022073;0.4967848023252386;-0.4345703125;
17:54:57;558.0;1576518898;94.813;17.13907568022073;0.4967848023252386;-0.4345703125;
17:54:58;559.0;1576518899;95.04;17.13907568022073;0.4967848023252386;-0.4345703125;
17:54:59;560.0;1576518900;94.999;17.13907568022073;0.4967848023252386;-0.4345703125;
17:55:00;561.0;1576518901;95.164;17.13907568022073;0.4967848023252386;-0.4345703125;
17:55:01;562.0;1576518902;95.37;17.13907568022073;0.4967848023252386;-0.4345703125;
17:55:02;563.0;1576518903;95.102;17.13907568022073;0.4967848023252386;-0.4345703125;
17:55:03;564.0;1576518905;95.287;17.13907568022073;0.4967848023252386;-0.4345703125;
17:55:04;565.0;1576518906;95.102;17.13907568022073;0.4967848023252386;-0.4345703125;
17:55:05;566.0;1576518907;95.287;17.13907568022073;0.4967848023252386;-0.4345703125;
17:55:06;567.0;1576518908;94.752;17.13907568022073;0.4967848023252386;-0.4345703125;
17:55:07;568.0;1576518909;94.567;17.13907568022073;0.4967848023252386;-0.4345703125;
17:55:08;569.0;1576518910;94.444;17.13907568022073;0.4967848023252386;-0.4345703125;
17:55:09;570.0;1576518911;94.485;17.13907568022073;0.4967848023252386;-0.4345703125;
17:55:10;571.0;1576518912;94.875;17.13907568022073;0.4967848023252386;-0.4345703125;
17:55:11;572.0;1576518913;94.916;17.13907568022073;0.4967848023252386;-0.4345703125;
17:55:12;573.0;1576518914;95.225;17.13907568022073;0.4967848023252386;-0.4345703125;
17:55:13;574.0;1576518915;95.349;17.13907568022073;0.4967848023252386;-0.4345703125;
17:55:15;576.0;1576518916;95.619;17.13907568022073;0.4967848023252386;-0.4345703125;
17:55:16;577.0;1576518917;95.619;17.13907568022073;0.4967848023252386;-0.4345703125;
17:55:17;578.0;1576518918;95.847;17.13907568022073;0.4967848023252386;-0.4345703125;
17:55:18;579.0;1576518919;95.474;17.13907568022073;0.4967848023252386;-0.4345703125;
17:55:19;580.0;1576518920;95.019;17.13907568022073;0.4967848023252386;-0.4345703125;
17:55:20;581.0;1576518921;95.184;17.13907568022073;0.4967848023252386;-0.4345703125;
17:55:21;582.0;1576518922;94.916;17.13907568022073;0.4967848023252386;-0.4345703125;
17:55:22;583.0;1576518923;94.793;17.13907568022073;0.4967848023252386;-0.4345703125;
17:55:23;584.0;1576518924;94.978;17.13907568022073;0.4967848023252386;-0.4345703125;
17:55:24;585.0;1576518925;94.649;17.13907568022073;0.4967848023252386;-0.4345703125;
17:55:25;586.0;1576518926;94.526;17.13907568022073;0.4967848023252386;-0.4345703125;
17:55:26;587.0;1576518927;94.649;17.13907568022073;0.4967848023252386;-0.4345703125;
17:55:27;588.0;1576518928;94.629;17.13907568022073;0.4967848023252386;-0.4345703125;
17:55:28;589.0;1576518929;94.752;17.13907568022073;0.4967848023252386;-0.4345703125;
17:55:29;590.0;1576518930;94.731;17.13907568022073;0.4967848023252386;-0.4345703125;
17:55:30;591.0;1576518931;94.526;17.13907568022073;0.4967848023252386;-0.4345703125;
17:55:31;592.0;1576518932;94.588;17.13907568022073;0.4967848023252386;-0.4345703125;
17:55:32;593.0;1576518933;94.629;17.13907568022073;0.4967848023252386;-0.4345703125;
17:55:33;594.0;1576518934;94.67;17.13907568022073;0.4967848023252386;-0.4345703125;
17:55:34;595.0;1576518935;94.855;17.13907568022073;0.4967848023252386;-0.4345703125;
17:55:35;596.0;1576518936;94.649;17.13907568022073;0.4967848023252386;-0.4345703125;
17:55:36;597.0;1576518937;94.444;17.13907568022073;0.4967848023252386;-0.4345703125;
17:55:37;598.0;1576518938;94.567;17.13907568022073;0.4967848023252386;-0.4345703125;
17:55:38;599.0;1576518939;94.588;17.13907568022073;0.4967848023252386;-0.4345703125;
17:55:39;600.0;1576518940;94.567;17.13907568022073;0.4967848023252386;-0.4345703125;
17:55:40;601.0;1576518941;94.588;17.13907568022073;0.4967848023252386;-0.4345703125;
17:55:41;602.0;1576518942;94.608;17.13907568022073;0.4967848023252386;-0.4345703125;
17:55:42;603.0;1576518943;94.629;17.13907568022073;0.4967848023252386;-0.4345703125;
17:55:43;604.0;1576518944;94.813;17.13907568022073;0.4967848023252386;-0.4345703125;
17:55:44;605.0;1576518945;94.916;17.13907568022073;0.4967848023252386;-0.4345703125;
17:55:45;606.0;1576518946;94.752;17.13907568022073;0.4967848023252386;-0.4345703125;
17:55:46;607.0;1576518947;94.752;17.13907568022073;0.4967848023252386;-0.4345703125;
17:55:47;608.0;1576518948;94.957;17.13907568022073;0.4967848023252386;-0.4345703125;
17:55:48;609.0;1576518949;95.019;17.13907568022073;0.4967848023252386;-0.4345703125;
17:55:49;610.0;1576518950;95.019;17.13907568022073;0.4967848023252386;-0.4345703125;
17:55:50;611.0;1576518951;94.834;17.13907568022073;0.4967848023252386;-0.4345703125;
17:55:51;612.0;1576518952;95.019;17.13907568022073;0.4967848023252386;-0.4345703125;
17:55:52;613.0;1576518953;95.04;17.13907568022073;0.4967848023252386;-0.4345703125;
17:55:53;614.0;1576518954;95.019;17.13907568022073;0.4967848023252386;-0.4345703125;
17:55:54;615.0;1576518955;95.432;17.13907568022073;0.4967848023252386;-0.4345703125;
17:55:55;616.0;1576518957;94.855;17.13907568022073;0.4967848023252386;-0.4345703125;
17:55:56;617.0;1576518958;94.69;17.13907568022073;0.4967848023252386;-0.4345703125;
17:55:57;618.0;1576518959;94.547;17.13907568022073;0.4967848023252386;-0.4345703125;
17:55:58;619.0;1576518960;94.485;17.13907568022073;0.4967848023252386;-0.4345703125;
17:55:59;620.0;1576518961;94.69;17.13907568022073;0.4967848023252386;-0.4345703125;
17:56:00;621.0;1576518962;94.69;17.13907568022073;0.4967848023252386;-0.4345703125;
17:56:01;622.0;1576518963;94.67;17.13907568022073;0.4967848023252386;-0.4345703125;
17:56:02;623.0;1576518964;94.444;17.13907568022073;0.4967848023252386;-0.4345703125;
17:56:03;624.0;1576518965;94.485;17.13907568022073;0.4967848023252386;-0.4345703125;
17:56:04;625.0;1576518966;94.301;17.13907568022073;0.4967848023252386;-0.4345703125;
17:56:05;626.0;1576518967;94.485;17.13907568022073;0.4967848023252386;-0.4345703125;
17:56:06;627.0;1576518968;94.731;17.13907568022073;0.4967848023252386;-0.4345703125;
17:56:07;628.0;1576518969;94.465;17.13907568022073;0.4967848023252386;-0.4345703125;
17:56:08;629.0;1576518970;94.875;17.13907568022073;0.4967848023252386;-0.4345703125;
17:56:09;630.0;1576518971;94.896;17.13907568022073;0.4967848023252386;-0.4345703125;
17:56:10;631.0;1576518972;94.547;17.13907568022073;0.4967848023252386;-0.4345703125;
17:56:11;632.0;1576518973;94.752;17.13907568022073;0.4967848023252386;-0.4345703125;
17:56:12;633.0;1576518974;94.465;17.13907568022073;0.4967848023252386;-0.4345703125;
17:56:13;634.0;1576518974;94.465;17.13907568022073;0.4967848023252386;-0.4345703125;
17:56:14;635.0;1576518975;94.608;17.13907568022073;0.4967848023252386;-0.4345703125;
17:56:15;636.0;1576518976;94.649;17.13907568022073;0.4967848023252386;-0.4345703125;
17:56:16;637.0;1576518978;94.711;17.13907568022073;0.4967848023252386;-0.4345703125;
17:56:17;638.0;1576518979;94.67;17.13907568022073;0.4967848023252386;-0.4345703125;
17:56:19;640.0;1576518980;94.649;17.13907568022073;0.4967848023252386;-0.4345703125;
17:56:20;641.0;1576518981;94.588;17.13907568022073;0.4967848023252386;-0.4345703125;
17:56:21;642.0;1576518982;94.526;17.13907568022073;0.4967848023252386;-0.4345703125;
17:56:22;643.0;1576518983;94.506;17.13907568022073;0.4967848023252386;-0.4345703125;
17:56:23;644.0;1576518984;94.138;17.13907568022073;0.4967848023252386;-0.4345703125;
17:56:24;645.0;1576518985;94.158;17.13907568022073;0.4967848023252386;-0.4345703125;
17:56:25;646.0;1576518986;94.158;17.13907568022073;0.4967848023252386;-0.4345703125;
17:56:26;647.0;1576518987;94.179;17.13907568022073;0.4967848023252386;-0.4345703125;
17:56:27;648.0;1576518988;94.424;17.13907568022073;0.4967848023252386;-0.4345703125;
17:56:28;649.0;1576518989;94.506;17.13907568022073;0.4967848023252386;-0.4345703125;
17:56:29;650.0;1576518990;94.383;17.13907568022073;0.4967848023252386;-0.4345703125;
17:56:30;651.0;1576518991;94.404;17.13907568022073;0.4967848023252386;-0.4345703125;
17:56:31;652.0;1576518992;94.567;17.13907568022073;0.4967848023252386;-0.4345703125;
17:56:32;653.0;1576518993;94.485;17.13907568022073;0.4967848023252386;-0.4345703125;
17:56:33;654.0;1576518994;94.813;17.13907568022073;0.4967848023252386;-0.4345703125;
17:56:34;655.0;1576518995;94.649;17.13907568022073;0.4967848023252386;-0.4345703125;
17:56:35;656.0;1576518996;94.404;17.13907568022073;0.4967848023252386;-0.4345703125;
17:56:36;657.0;1576518997;94.383;17.13907568022073;0.4967848023252386;-0.4345703125;
17:56:37;658.0;1576518998;94.24;17.13907568022073;0.4967848023252386;-0.4345703125;
17:56:38;659.0;1576518999;94.24;17.13907568022073;0.4967848023252386;-0.4345703125;
17:56:39;660.0;1576519000;94.281;17.13907568022073;0.4967848023252386;-0.4345703125;
17:56:40;661.0;1576519001;94.158;17.13907568022073;0.4967848023252386;-0.4345703125;
17:56:41;662.0;1576519002;93.955;17.13907568022073;0.4967848023252386;-0.4345703125;
17:56:42;663.0;1576519003;94.097;17.13907568022073;0.4967848023252386;-0.4345703125;
17:56:43;664.0;1576519004;94.097;17.13907568022073;0.4967848023252386;-0.4345703125;
17:56:44;665.0;1576519005;94.057;17.13907568022073;0.4967848023252386;-0.4345703125;
17:56:45;666.0;1576519006;93.914;17.13907568022073;0.4967848023252386;-0.4345703125;
17:56:46;667.0;1576519007;93.914;17.13907568022073;0.4967848023252386;-0.4345703125;
17:56:47;668.0;1576519008;94.138;17.13907568022073;0.4967848023252386;-0.4345703125;
17:56:48;669.0;1576519009;94.342;17.13907568022073;0.4967848023252386;-0.4345703125;
17:56:49;670.0;1576519010;94.506;17.13907568022073;0.4967848023252386;-0.4345703125;
17:56:50;671.0;1576519011;94.485;17.13907568022073;0.4967848023252386;-0.4345703125;
17:56:51;672.0;1576519012;94.383;17.13907568022073;0.4967848023252386;-0.4345703125;
17:56:52;673.0;1576519013;93.996;17.13907568022073;0.4967848023252386;-0.4345703125;
17:56:53;674.0;1576519014;94.138;17.13907568022073;0.4967848023252386;-0.4345703125;
17:56:54;675.0;1576519015;93.996;17.13907568022073;0.4967848023252386;-0.4345703125;
17:56:55;676.0;1576519016;94.077;17.13907568022073;0.4967848023252386;-0.4345703125;
17:56:56;677.0;1576519017;94.24;17.13907568022073;0.4967848023252386;-0.4345703125;
17:56:57;678.0;1576519018;94.322;17.13907568022073;0.4967848023252386;-0.4345703125;
17:56:58;679.0;1576519019;94.485;17.13907568022073;0.4967848023252386;-0.4345703125;
17:56:59;680.0;1576519021;94.342;17.13907568022073;0.4967848023252386;-0.4345703125;
17:57:00;681.0;1576519022;94.711;17.13907568022073;0.4967848023252386;-0.4345703125;
17:57:01;682.0;1576519023;94.875;17.13907568022073;0.4967848023252386;-0.4345703125;
17:57:02;683.0;1576519023;94.67;17.13907568022073;0.4967848023252386;-0.4345703125;
17:57:03;684.0;1576519024;94.629;17.13907568022073;0.4967848023252386;-0.4345703125;
17:57:04;685.0;1576519025;94.485;17.13907568022073;0.4967848023252386;-0.4345703125;
17:57:05;686.0;1576519026;94.22;17.13907568022073;0.4967848023252386;-0.4345703125;
17:57:06;687.0;1576519027;94.322;17.13907568022073;0.4967848023252386;-0.4345703125;
17:57:07;688.0;1576519028;94.67;17.13907568022073;0.4967848023252386;-0.4345703125;
17:57:08;689.0;1576519029;94.649;17.13907568022073;0.4967848023252386;-0.4345703125;
17:57:09;690.0;1576519030;94.485;17.13907568022073;0.4967848023252386;-0.4345703125;
17:57:10;691.0;1576519031;94.404;17.13907568022073;0.4967848023252386;-0.4345703125;
17:57:11;692.0;1576519032;94.24;17.13907568022073;0.4967848023252386;-0.4345703125;
17:57:12;693.0;1576519033;94.26;17.13907568022073;0.4967848023252386;-0.4345703125;
17:57:13;694.0;1576519034;94.301;17.13907568022073;0.4967848023252386;-0.4345703125;
17:57:14;695.0;1576519035;94.301;17.13907568022073;0.4967848023252386;-0.4345703125;
17:57:15;696.0;1576519036;94.342;17.13907568022073;0.4967848023252386;-0.4345703125;
17:57:16;697.0;1576519037;94.179;17.13907568022073;0.4967848023252386;-0.4345703125;
17:57:17;698.0;1576519038;94.301;17.13907568022073;0.4967848023252386;-0.4345703125;
17:57:18;699.0;1576519039;94.138;17.13907568022073;0.4967848023252386;-0.4345703125;
17:57:19;700.0;1576519040;93.772;17.13907568022073;0.4967848023252386;-0.4345703125;
17:57:20;701.0;1576519042;94.077;17.13907568022073;0.4967848023252386;-0.4345703125;
17:57:21;702.0;1576519043;93.914;17.13907568022073;0.4967848023252386;-0.4345703125;
17:57:23;704.0;1576519044;93.894;17.13907568022073;0.4967848023252386;-0.4345703125;
17:57:24;705.0;1576519045;94.179;17.13907568022073;0.4967848023252386;-0.4345703125;
17:57:25;706.0;1576519046;94.016;17.13907568022073;0.4967848023252386;-0.4345703125;
17:57:26;707.0;1576519047;93.873;17.13907568022073;0.4967848023252386;-0.4345703125;
17:57:27;708.0;1576519048;94.016;17.13907568022073;0.4967848023252386;-0.4345703125;
17:57:28;709.0;1576519049;93.63;17.13907568022073;0.4967848023252386;-0.4345703125;
17:57:29;710.0;1576519050;93.63;17.13907568022073;0.4967848023252386;-0.4345703125;
17:57:30;711.0;1576519051;93.65;17.13907568022073;0.4967848023252386;-0.4345703125;
17:57:31;712.0;1576519052;93.752;17.13907568022073;0.4967848023252386;-0.4345703125;
17:57:32;713.0;1576519053;94.22;17.13907568022073;0.4967848023252386;-0.4345703125;
17:57:33;714.0;1576519054;93.711;17.13907568022073;0.4967848023252386;-0.4345703125;
17:57:34;715.0;1576519055;93.589;17.13907568022073;0.4967848023252386;-0.4345703125;
17:57:35;716.0;1576519056;93.488;17.13907568022073;0.4967848023252386;-0.4345703125;
17:57:36;717.0;1576519057;93.246;17.13907568022073;0.4967848023252386;-0.4345703125;
17:57:37;718.0;1576519058;93.772;17.13907568022073;0.4967848023252386;-0.4345703125;
17:57:38;719.0;1576519059;94.26;17.13907568022073;0.4967848023252386;-0.4345703125;
17:57:39;720.0;1576519060;94.383;17.13907568022073;0.4967848023252386;-0.4345703125;
17:57:40;721.0;1576519061;94.465;17.13907568022073;0.4967848023252386;-0.4345703125;
17:57:41;722.0;1576519062;94.24;17.13907568022073;0.4967848023252386;-0.4345703125;
17:57:42;723.0;1576519063;94.077;17.13907568022073;0.4967848023252386;-0.4345703125;
17:57:43;724.0;1576519064;93.873;17.13907568022073;0.4967848023252386;-0.4345703125;
17:57:44;725.0;1576519065;93.813;17.13907568022073;0.4967848023252386;-0.4345703125;
17:57:45;726.0;1576519066;93.833;17.13907568022073;0.4967848023252386;-0.4345703125;
17:57:46;727.0;1576519067;93.549;17.13907568022073;0.4967848023252386;-0.4345703125;
17:57:47;728.0;1576519068;93.894;17.13907568022073;0.4967848023252386;-0.4345703125;
17:57:48;729.0;1576519069;93.914;17.13907568022073;0.4967848023252386;-0.4345703125;
17:57:49;730.0;1576519070;93.975;17.13907568022073;0.4967848023252386;-0.4345703125;
17:57:50;731.0;1576519071;94.424;17.13907568022073;0.4967848023252386;-0.4345703125;
17:57:51;732.0;1576519072;94.24;17.13907568022073;0.4967848023252386;-0.4345703125;
17:57:52;733.0;1576519073;94.077;17.13907568022073;0.4967848023252386;-0.4345703125;
17:57:53;734.0;1576519074;94.424;17.13907568022073;0.4967848023252386;-0.4345703125;
17:57:54;735.0;1576519075;94.26;17.13907568022073;0.4967848023252386;-0.4345703125;
17:57:55;736.0;1576519076;94.301;17.13907568022073;0.4967848023252386;-0.4345703125;
17:57:56;737.0;1576519077;94.444;17.13907568022073;0.4967848023252386;-0.4345703125;
17:57:57;738.0;1576519078;94.097;17.13907568022073;0.4967848023252386;-0.4345703125;
17:57:58;739.0;1576519079;94.199;17.13907568022073;0.4967848023252386;-0.4345703125;
17:57:59;740.0;1576519080;94.138;17.13907568022073;0.4967848023252386;-0.4345703125;
17:58:00;741.0;1576519081;93.792;17.13907568022073;0.4967848023252386;-0.4345703125;
17:58:01;742.0;1576519082;93.752;17.13907568022073;0.4967848023252386;-0.4345703125;
17:58:02;743.0;1576519083;93.589;17.13907568022073;0.4967848023252386;-0.4345703125;
17:58:03;744.0;1576519084;93.387;17.13907568022073;0.4967848023252386;-0.4345703125;
17:58:04;745.0;1576519085;93.529;17.13907568022073;0.4967848023252386;-0.4345703125;
17:58:05;746.0;1576519086;93.508;17.13907568022073;0.4967848023252386;-0.4345703125;
17:58:06;747.0;1576519087;93.671;17.13907568022073;0.4967848023252386;-0.4345703125;
17:58:07;748.0;1576519088;93.894;17.13907568022073;0.4967848023252386;-0.4345703125;
17:58:08;749.0;1576519089;94.077;17.13907568022073;0.4967848023252386;-0.4345703125;
17:58:09;750.0;1576519090;94.097;17.13907568022073;0.4967848023252386;-0.4345703125;
17:58:10;751.0;1576519091;94.138;17.13907568022073;0.4967848023252386;-0.4345703125;
17:58:11;752.0;1576519093;94.138;17.13907568022073;0.4967848023252386;-0.4345703125;
17:58:12;753.0;1576519094;94.322;17.13907568022073;0.4967848023252386;-0.4345703125;
17:58:13;754.0;1576519095;94.322;17.13907568022073;0.4967848023252386;-0.4345703125;
17:58:14;755.0;1576519096;94.077;17.13907568022073;0.4967848023252386;-0.4345703125;
17:58:15;756.0;1576519097;94.26;17.13907568022073;0.4967848023252386;-0.4345703125;
17:58:16;757.0;1576519098;94.301;17.13907568022073;0.4967848023252386;-0.4345703125;
17:58:17;758.0;1576519099;94.301;17.13907568022073;0.4967848023252386;-0.4345703125;
17:58:18;759.0;1576519099;94.506;17.13907568022073;0.4967848023252386;-0.4345703125;
17:58:19;760.0;1576519100;94.301;17.13907568022073;0.4967848023252386;-0.4345703125;
17:58:20;761.0;1576519101;94.097;17.13907568022073;0.4967848023252386;-0.4345703125;
17:58:21;762.0;1576519102;94.097;17.13907568022073;0.4967848023252386;-0.4345703125;
17:58:22;763.0;1576519103;93.914;17.13907568022073;0.4967848023252386;-0.4345703125;
17:58:23;764.0;1576519104;93.934;17.13907568022073;0.4967848023252386;-0.4345703125;
17:58:24;765.0;1576519106;94.138;17.13907568022073;0.4967848023252386;-0.4345703125;
17:58:25;766.0;1576519107;94.301;17.13907568022073;0.4967848023252386;-0.4345703125;
17:58:27;768.0;1576519108;94.322;17.13907568022073;0.4967848023252386;-0.4345703125;
17:58:28;769.0;1576519109;94.138;17.13907568022073;0.4967848023252386;-0.4345703125;
17:58:29;770.0;1576519110;93.955;17.13907568022073;0.4967848023252386;-0.4345703125;
17:58:30;771.0;1576519111;93.752;17.13907568022073;0.4967848023252386;-0.4345703125;
17:58:31;772.0;1576519112;93.569;17.13907568022073;0.4967848023252386;-0.4345703125;
17:58:32;773.0;1576519113;93.752;17.13907568022073;0.4967848023252386;-0.4345703125;
17:58:33;774.0;1576519114;93.731;17.13907568022073;0.4967848023252386;-0.4345703125;
17:58:34;775.0;1576519115;93.569;17.13907568022073;0.4967848023252386;-0.4345703125;
17:58:35;776.0;1576519116;93.772;17.13907568022073;0.4967848023252386;-0.4345703125;
17:58:36;777.0;1576519117;93.752;17.13907568022073;0.4967848023252386;-0.4345703125;
17:58:37;778.0;1576519118;93.934;17.13907568022073;0.4967848023252386;-0.4345703125;
17:58:38;779.0;1576519119;93.853;17.13907568022073;0.4967848023252386;-0.4345703125;
17:58:39;780.0;1576519120;93.65;17.13907568022073;0.4967848023252386;-0.4345703125;
17:58:40;781.0;1576519120;93.508;17.13907568022073;0.4967848023252386;-0.4345703125;
17:58:41;782.0;1576519122;93.125;17.13907568022073;0.4967848023252386;-0.4345703125;
17:58:42;783.0;1576519123;93.205;17.13907568022073;0.4967848023252386;-0.4345703125;
17:58:43;784.0;1576519124;93.024;17.13907568022073;0.4967848023252386;-0.4345703125;
17:58:44;785.0;1576519125;93.226;17.13907568022073;0.4967848023252386;-0.4345703125;
17:58:45;786.0;1576519126;93.286;17.13907568022073;0.4967848023252386;-0.4345703125;
17:58:46;787.0;1576519127;93.508;17.13907568022073;0.4967848023252386;-0.4345703125;
17:58:47;788.0;1576519128;93.873;17.13907568022073;0.4967848023252386;-0.4345703125;
17:58:48;789.0;1576519129;93.65;17.13907568022073;0.4967848023252386;-0.4345703125;
17:58:49;790.0;1576519130;93.711;17.13907568022073;0.4967848023252386;-0.4345703125;
17:58:50;791.0;1576519131;93.61;17.13907568022073;0.4967848023252386;-0.4345703125;
17:58:51;792.0;1576519132;93.65;17.13907568022073;0.4967848023252386;-0.4345703125;
17:58:52;793.0;1576519133;93.813;17.13907568022073;0.4967848023252386;-0.4345703125;
17:58:53;794.0;1576519134;93.731;17.13907568022073;0.4967848023252386;-0.4345703125;
17:58:54;795.0;1576519135;93.833;17.13907568022073;0.4967848023252386;-0.4345703125;
17:58:55;796.0;1576519136;93.63;17.13907568022073;0.4967848023252386;-0.4345703125;
17:58:56;797.0;1576519137;93.63;17.13907568022073;0.4967848023252386;-0.4345703125;
17:58:57;798.0;1576519138;93.792;17.13907568022073;0.4967848023252386;-0.4345703125;
17:58:58;799.0;1576519140;93.63;17.13907568022073;0.4967848023252386;-0.4345703125;
17:58:59;800.0;1576519140;93.488;17.13907568022073;0.4967848023252386;-0.4345703125;
17:59:00;801.0;1576519141;93.367;17.13907568022073;0.4967848023252386;-0.4345703125;
17:59:01;802.0;1576519142;93.387;17.13907568022073;0.4967848023252386;-0.4345703125;
17:59:02;803.0;1576519143;93.752;17.13907568022073;0.4967848023252386;-0.4345703125;
17:59:03;804.0;1576519144;93.914;17.13907568022073;0.4967848023252386;-0.4345703125;
17:59:04;805.0;1576519145;93.894;17.13907568022073;0.4967848023252386;-0.4345703125;
17:59:05;806.0;1576519146;93.894;17.13907568022073;0.4967848023252386;-0.4345703125;
17:59:06;807.0;1576519147;93.813;17.13907568022073;0.4967848023252386;-0.4345703125;
17:59:07;808.0;1576519148;93.589;17.13907568022073;0.4967848023252386;-0.4345703125;
17:59:08;809.0;1576519149;93.589;17.13907568022073;0.4967848023252386;-0.4345703125;
17:59:09;810.0;1576519151;93.226;17.13907568022073;0.4967848023252386;-0.4345703125;
17:59:10;811.0;1576519151;93.205;17.13907568022073;0.4967848023252386;-0.4345703125;
17:59:11;812.0;1576519152;93.367;17.13907568022073;0.4967848023252386;-0.4345703125;
17:59:12;813.0;1576519153;93.347;17.13907568022073;0.4967848023252386;-0.4345703125;
17:59:13;814.0;1576519154;93.711;17.13907568022073;0.4967848023252386;-0.4345703125;
17:59:14;815.0;1576519155;93.61;17.13907568022073;0.4967848023252386;-0.4345703125;
17:59:15;816.0;1576519156;93.65;17.13907568022073;0.4967848023252386;-0.4345703125;
17:59:16;817.0;1576519157;93.448;17.13907568022073;0.4967848023252386;-0.4345703125;
17:59:17;818.0;1576519158;93.226;17.13907568022073;0.4967848023252386;-0.4345703125;
17:59:18;819.0;1576519159;92.863;17.13907568022073;0.4967848023252386;-0.4345703125;
17:59:19;820.0;1576519160;92.883;17.13907568022073;0.4967848023252386;-0.4345703125;
17:59:20;821.0;1576519161;93.085;17.13907568022073;0.4967848023252386;-0.4345703125;
17:59:21;822.0;1576519162;93.145;17.13907568022073;0.4967848023252386;-0.4345703125;
17:59:22;823.0;1576519163;93.569;17.13907568022073;0.4967848023252386;-0.4345703125;
17:59:23;824.0;1576519164;93.367;17.13907568022073;0.4967848023252386;-0.4345703125;
17:59:24;825.0;1576519165;93.165;17.13907568022073;0.4967848023252386;-0.4345703125;
17:59:25;826.0;1576519166;93.105;17.13907568022073;0.4967848023252386;-0.4345703125;
17:59:26;827.0;1576519167;92.823;17.13907568022073;0.4967848023252386;-0.4345703125;
17:59:27;828.0;1576519169;92.984;17.13907568022073;0.4967848023252386;-0.4345703125;
17:59:28;829.0;1576519170;93.205;17.13907568022073;0.4967848023252386;-0.4345703125;
17:59:29;830.0;1576519171;93.428;17.13907568022073;0.4967848023252386;-0.4345703125;
17:59:30;831.0;1576519172;93.671;17.13907568022073;0.4967848023252386;-0.4345703125;
17:59:32;833.0;1576519173;93.65;17.13907568022073;0.4967848023252386;-0.4345703125;
17:59:33;834.0;1576519174;93.975;17.13907568022073;0.4967848023252386;-0.4345703125;
17:59:34;835.0;1576519175;93.813;17.13907568022073;0.4967848023252386;-0.4345703125;
17:59:35;836.0;1576519176;93.792;17.13907568022073;0.4967848023252386;-0.4345703125;
17:59:36;837.0;1576519177;93.792;17.13907568022073;0.4967848023252386;-0.4345703125;
17:59:37;838.0;1576519178;93.61;17.13907568022073;0.4967848023252386;-0.4345703125;
17:59:38;839.0;1576519179;93.65;17.13907568022073;0.4967848023252386;-0.4345703125;
17:59:39;840.0;1576519180;93.488;17.13907568022073;0.4967848023252386;-0.4345703125;
17:59:40;841.0;1576519181;93.488;17.13907568022073;0.4967848023252386;-0.4345703125;
17:59:41;842.0;1576519182;93.488;17.13907568022073;0.4967848023252386;-0.4345703125;
17:59:42;843.0;1576519183;93.569;17.13907568022073;0.4967848023252386;-0.4345703125;
17:59:43;844.0;1576519184;93.387;17.13907568022073;0.4967848023252386;-0.4345703125;
17:59:44;845.0;1576519185;93.205;17.13907568022073;0.4967848023252386;-0.4345703125;
17:59:45;846.0;1576519186;92.843;17.13907568022073;0.4967848023252386;-0.4345703125;
17:59:46;847.0;1576519187;92.883;17.13907568022073;0.4967848023252386;-0.4345703125;
17:59:47;848.0;1576519188;93.205;17.13907568022073;0.4967848023252386;-0.4345703125;
17:59:48;849.0;1576519189;93.246;17.13907568022073;0.4967848023252386;-0.4345703125;
17:59:49;850.0;1576519190;93.428;17.13907568022073;0.4967848023252386;-0.4345703125;
17:59:50;851.0;1576519191;93.61;17.13907568022073;0.4967848023252386;-0.4345703125;
17:59:51;852.0;1576519192;93.226;17.13907568022073;0.4967848023252386;-0.4345703125;
17:59:52;853.0;1576519193;93.549;17.13907568022073;0.4967848023252386;-0.4345703125;
17:59:53;854.0;1576519194;93.327;17.13907568022073;0.4967848023252386;-0.4345703125;
17:59:54;855.0;1576519195;92.964;17.13907568022073;0.4967848023252386;-0.4345703125;
17:59:55;856.0;1576519196;93.185;17.13907568022073;0.4967848023252386;-0.4345703125;
17:59:56;857.0;1576519197;93.024;17.13907568022073;0.4967848023252386;-0.4345703125;
17:59:57;858.0;1576519198;93.125;17.13907568022073;0.4967848023252386;-0.4345703125;
17:59:58;859.0;1576519199;92.944;17.13907568022073;0.4967848023252386;-0.4345703125;
17:59:59;860.0;1576519200;92.883;17.13907568022073;0.4967848023252386;-0.4345703125;
18:00:00;861.0;1576519201;93.105;17.13907568022073;0.4967848023252386;-0.4345703125;
18:00:01;862.0;1576519202;93.488;17.13907568022073;0.4967848023252386;-0.4345703125;
18:00:02;863.0;1576519203;93.833;17.13907568022073;0.4967848023252386;-0.4345703125;
18:00:03;864.0;1576519204;94.118;17.13907568022073;0.4967848023252386;-0.4345703125;
18:00:04;865.0;1576519205;93.955;17.13907568022073;0.4967848023252386;-0.4345703125;
18:00:05;866.0;1576519206;93.833;17.13907568022073;0.4967848023252386;-0.4345703125;
18:00:06;867.0;1576519207;93.671;17.13907568022073;0.4967848023252386;-0.4345703125;
18:00:07;868.0;1576519208;93.65;17.13907568022073;0.4967848023252386;-0.4345703125;
