Time;Seconds from start for linreg;Unix Time;ch1 po2;Uc;Ubl;Vc;
23:10:37;-2.0;1576537839;97.591;17.010270955733272;0.49305133205023977;-0.43212890625;
23:10:38;-1.0;1576537840;97.442;17.267880404708198;0.5005182726002376;-0.43701171875;
23:10:39;0.0;1576537841;97.442;17.525489853683126;0.5079852131502356;-0.44189453125;
23:10:40;1.0;1576537842;97.888;17.39668512919566;0.5042517428752366;-0.439453125;
23:10:41;2.0;1576537843;98.08;16.881466231245806;0.4893178617752408;-0.4296875;
23:10:43;4.0;1576537844;98.123;17.78309930265805;0.5154521537002333;-0.44677734375;
23:10:44;5.0;1576537845;97.952;16.752661506758344;0.48558439150024185;-0.42724609375;
23:10:45;6.0;1576537846;97.973;16.752661506758344;0.48558439150024185;-0.42724609375;
23:10:46;7.0;1576537847;97.952;16.752661506758344;0.48558439150024185;-0.42724609375;
23:10:47;8.0;1576537848;98.08;17.525489853683126;0.5079852131502356;-0.44189453125;
23:10:48;9.0;1576537849;98.08;14.820590639446388;0.42958233737525764;-0.390625;
23:10:49;10.0;1576537850;97.846;17.267880404708198;0.5005182726002376;-0.43701171875;
23:10:50;11.0;1576537851;97.867;17.267880404708198;0.5005182726002376;-0.43701171875;
23:10:51;12.0;1576537852;97.697;17.525489853683126;0.5079852131502356;-0.44189453125;
23:10:52;13.0;1576537853;97.654;17.010270955733272;0.49305133205023977;-0.43212890625;
23:10:53;14.0;1576537854;97.824;16.881466231245806;0.4893178617752408;-0.4296875;
23:10:54;15.0;1576537855;97.846;18.16951347612044;0.5266525645252301;-0.4541015625;
23:10:55;16.0;1576537856;97.846;18.04070875163298;0.5229190942502313;-0.45166015625;
23:10:56;17.0;1576537857;97.697;17.267880404708198;0.5005182726002376;-0.43701171875;
23:10:57;18.0;1576537858;97.569;17.13907568022073;0.4967848023252386;-0.4345703125;
23:10:58;19.0;1576537859;97.548;17.13907568022073;0.4967848023252386;-0.4345703125;
23:10:59;20.0;1576537860;97.952;17.39668512919566;0.5042517428752366;-0.439453125;
23:11:00;21.0;1576537861;98.315;17.010270955733272;0.49305133205023977;-0.43212890625;
23:11:01;22.0;1576537862;98.294;17.39668512919566;0.5042517428752366;-0.439453125;
23:11:02;23.0;1576537863;97.846;16.495052057783415;0.4781174509502439;-0.42236328125;
23:11:03;24.0;1576537864;97.463;17.010270955733272;0.49305133205023977;-0.43212890625;
23:11:04;25.0;1576537865;97.21;17.010270955733272;0.49305133205023977;-0.43212890625;
23:11:05;26.0;1576537866;96.809;17.267880404708198;0.5005182726002376;-0.43701171875;
23:11:06;27.0;1576537867;97.273;17.010270955733272;0.49305133205023977;-0.43212890625;
23:11:07;28.0;1576537868;97.442;17.13907568022073;0.4967848023252386;-0.4345703125;
23:11:08;29.0;1576537869;97.697;17.39668512919566;0.5042517428752366;-0.439453125;
23:11:09;30.0;1576537870;98.23;17.267880404708198;0.5005182726002376;-0.43701171875;
23:11:10;31.0;1576537871;97.995;17.39668512919566;0.5042517428752366;-0.439453125;
23:11:11;32.0;1576537872;98.144;17.267880404708198;0.5005182726002376;-0.43701171875;
23:11:12;33.0;1576537873;97.952;18.298318200607905;0.5303860348002292;-0.45654296875;
23:11:13;34.0;1576537874;98.059;17.13907568022073;0.4967848023252386;-0.4345703125;
23:11:14;35.0;1576537875;98.101;17.911904027145514;0.5191856239752323;-0.44921875;
23:11:15;36.0;1576537876;97.761;17.267880404708198;0.5005182726002376;-0.43701171875;
23:11:16;37.0;1576537877;97.952;17.39668512919566;0.5042517428752366;-0.439453125;
23:11:17;38.0;1576537878;97.633;17.654294578170585;0.5117186834252344;-0.4443359375;
23:11:18;39.0;1576537879;97.952;17.267880404708198;0.5005182726002376;-0.43701171875;
23:11:19;40.0;1576537880;98.144;18.684732374070293;0.5415864456252258;-0.4638671875;
23:11:20;41.0;1576537881;98.187;17.267880404708198;0.5005182726002376;-0.43701171875;
23:11:21;42.0;1576537882;98.337;17.39668512919566;0.5042517428752366;-0.439453125;
23:11:22;43.0;1576537883;98.401;17.267880404708198;0.5005182726002376;-0.43701171875;
23:11:23;44.0;1576537884;98.422;17.525489853683126;0.5079852131502356;-0.44189453125;
23:11:24;45.0;1576537885;98.615;17.267880404708198;0.5005182726002376;-0.43701171875;
23:11:25;46.0;1576537886;98.337;18.04070875163298;0.5229190942502313;-0.45166015625;
23:11:26;47.0;1576537887;97.952;17.267880404708198;0.5005182726002376;-0.43701171875;
23:11:27;48.0;1576537888;97.931;17.13907568022073;0.4967848023252386;-0.4345703125;
23:11:28;49.0;1576537889;97.718;17.267880404708198;0.5005182726002376;-0.43701171875;
23:11:29;50.0;1576537890;97.718;15.851028435346096;0.4594500995752492;-0.41015625;
23:11:30;51.0;1576537891;97.697;17.13907568022073;0.4967848023252386;-0.4345703125;
23:11:31;52.0;1576537892;97.463;17.010270955733272;0.49305133205023977;-0.43212890625;
23:11:32;53.0;1576537893;97.252;17.267880404708198;0.5005182726002376;-0.43701171875;
23:11:33;54.0;1576537894;97.379;14.949395363933855;0.4333158076502567;-0.39306640625;
23:11:34;55.0;1576537895;97.188;17.267880404708198;0.5005182726002376;-0.43701171875;
23:11:35;56.0;1576537897;97.02;17.39668512919566;0.5042517428752366;-0.439453125;
23:11:36;57.0;1576537898;97.02;17.267880404708198;0.5005182726002376;-0.43701171875;
23:11:37;58.0;1576537899;97.273;17.525489853683126;0.5079852131502356;-0.44189453125;
23:11:38;59.0;1576537900;97.463;17.267880404708198;0.5005182726002376;-0.43701171875;
23:11:39;60.0;1576537901;97.633;17.267880404708198;0.5005182726002376;-0.43701171875;
23:11:40;61.0;1576537902;98.016;17.010270955733272;0.49305133205023977;-0.43212890625;
23:11:41;62.0;1576537903;97.995;17.267880404708198;0.5005182726002376;-0.43701171875;
23:11:42;63.0;1576537904;98.101;17.267880404708198;0.5005182726002376;-0.43701171875;
23:11:43;64.0;1576537905;98.272;17.267880404708198;0.5005182726002376;-0.43701171875;
23:11:44;65.0;1576537906;97.676;16.623856782270877;0.4818509212252428;-0.4248046875;
23:11:45;66.0;1576537907;97.294;16.881466231245806;0.4893178617752408;-0.4296875;
23:11:47;68.0;1576537908;97.167;17.010270955733272;0.49305133205023977;-0.43212890625;
23:11:48;69.0;1576537909;97.252;17.525489853683126;0.5079852131502356;-0.44189453125;
23:11:49;70.0;1576537910;97.463;17.267880404708198;0.5005182726002376;-0.43701171875;
23:11:50;71.0;1576537911;97.421;17.13907568022073;0.4967848023252386;-0.4345703125;
23:11:51;72.0;1576537912;97.231;17.13907568022073;0.4967848023252386;-0.4345703125;
23:11:52;73.0;1576537913;97.167;14.949395363933855;0.4333158076502567;-0.39306640625;
23:11:53;74.0;1576537914;97.336;17.267880404708198;0.5005182726002376;-0.43701171875;
23:11:54;75.0;1576537915;97.633;17.267880404708198;0.5005182726002376;-0.43701171875;
23:11:55;76.0;1576537916;97.803;17.525489853683126;0.5079852131502356;-0.44189453125;
23:11:56;77.0;1576537917;97.654;18.04070875163298;0.5229190942502313;-0.45166015625;
23:11:57;78.0;1576537918;97.676;17.525489853683126;0.5079852131502356;-0.44189453125;
23:11:58;79.0;1576537919;97.463;17.010270955733272;0.49305133205023977;-0.43212890625;
23:11:59;80.0;1576537920;97.485;17.525489853683126;0.5079852131502356;-0.44189453125;
23:12:00;81.0;1576537921;97.273;16.495052057783415;0.4781174509502439;-0.42236328125;
23:12:01;82.0;1576537922;97.336;18.298318200607905;0.5303860348002292;-0.45654296875;
23:12:02;83.0;1576537923;97.485;20.35919379240732;0.5901215592002123;-0.49560546875;
23:12:03;84.0;1576537924;97.739;17.39668512919566;0.5042517428752366;-0.439453125;
23:12:04;85.0;1576537925;98.123;17.267880404708198;0.5005182726002376;-0.43701171875;
23:12:06;87.0;1576537926;98.123;16.623856782270877;0.4818509212252428;-0.4248046875;
23:12:07;88.0;1576537928;97.739;17.13907568022073;0.4967848023252386;-0.4345703125;
23:12:08;89.0;1576537929;97.358;17.010270955733272;0.49305133205023977;-0.43212890625;
23:12:09;90.0;1576537930;97.527;17.13907568022073;0.4967848023252386;-0.4345703125;
23:12:10;91.0;1576537931;97.294;17.267880404708198;0.5005182726002376;-0.43701171875;
23:12:11;92.0;1576537932;97.421;17.267880404708198;0.5005182726002376;-0.43701171875;
23:12:12;93.0;1576537933;97.421;17.911904027145514;0.5191856239752323;-0.44921875;
23:12:13;94.0;1576537934;97.188;17.13907568022073;0.4967848023252386;-0.4345703125;
23:12:14;95.0;1576537935;97.273;17.525489853683126;0.5079852131502356;-0.44189453125;
23:12:15;96.0;1576537936;97.104;17.267880404708198;0.5005182726002376;-0.43701171875;
23:12:16;97.0;1576537937;97.315;17.010270955733272;0.49305133205023977;-0.43212890625;
23:12:17;98.0;1576537938;97.188;17.010270955733272;0.49305133205023977;-0.43212890625;
23:12:18;99.0;1576537940;97.146;13.66134811905922;0.3959811049002672;-0.36865234375;
23:12:19;100.0;1576537941;97.273;16.366247333295952;0.474383980675245;-0.419921875;
23:12:20;101.0;1576537942;97.315;16.881466231245806;0.4893178617752408;-0.4296875;
23:12:21;102.0;1576537943;97.463;17.13907568022073;0.4967848023252386;-0.4345703125;
23:12:22;103.0;1576537944;97.231;17.13907568022073;0.4967848023252386;-0.4345703125;
23:12:23;104.0;1576537945;97.104;17.010270955733272;0.49305133205023977;-0.43212890625;
23:12:24;105.0;1576537946;96.851;17.525489853683126;0.5079852131502356;-0.44189453125;
23:12:25;106.0;1576537947;96.872;17.525489853683126;0.5079852131502356;-0.44189453125;
23:12:26;107.0;1576537948;97.062;17.525489853683126;0.5079852131502356;-0.44189453125;
23:12:27;108.0;1576537949;97.442;17.010270955733272;0.49305133205023977;-0.43212890625;
23:12:28;109.0;1576537950;97.252;17.13907568022073;0.4967848023252386;-0.4345703125;
23:12:29;110.0;1576537951;97.252;17.267880404708198;0.5005182726002376;-0.43701171875;
23:12:30;111.0;1576537952;97.315;17.39668512919566;0.5042517428752366;-0.439453125;
23:12:31;112.0;1576537953;96.893;18.298318200607905;0.5303860348002292;-0.45654296875;
23:12:32;113.0;1576537954;97.506;16.881466231245806;0.4893178617752408;-0.4296875;
23:12:33;114.0;1576537955;97.442;17.525489853683126;0.5079852131502356;-0.44189453125;
23:12:34;115.0;1576537956;97.569;17.010270955733272;0.49305133205023977;-0.43212890625;
23:12:35;116.0;1576537957;97.803;17.267880404708198;0.5005182726002376;-0.43701171875;
23:12:36;117.0;1576537958;97.485;17.39668512919566;0.5042517428752366;-0.439453125;
23:12:37;118.0;1576537959;97.91;17.525489853683126;0.5079852131502356;-0.44189453125;
23:12:38;119.0;1576537960;97.761;15.722223710858636;0.4557166293002503;-0.40771484375;
23:12:39;120.0;1576537961;97.548;18.427122925095368;0.5341195050752281;-0.458984375;
23:12:40;121.0;1576537962;97.442;17.525489853683126;0.5079852131502356;-0.44189453125;
23:12:41;122.0;1576537963;97.083;17.267880404708198;0.5005182726002376;-0.43701171875;
23:12:42;123.0;1576537964;96.809;17.525489853683126;0.5079852131502356;-0.44189453125;
23:12:43;124.0;1576537965;96.977;17.525489853683126;0.5079852131502356;-0.44189453125;
23:12:44;125.0;1576537966;97.21;17.39668512919566;0.5042517428752366;-0.439453125;
23:12:45;126.0;1576537967;97.463;17.39668512919566;0.5042517428752366;-0.439453125;
23:12:46;127.0;1576537968;97.527;17.39668512919566;0.5042517428752366;-0.439453125;
23:12:47;128.0;1576537969;97.591;17.13907568022073;0.4967848023252386;-0.4345703125;
23:12:48;129.0;1576537970;97.4;17.267880404708198;0.5005182726002376;-0.43701171875;
23:12:49;130.0;1576537971;96.956;17.525489853683126;0.5079852131502356;-0.44189453125;
23:12:51;132.0;1576537972;97.336;17.525489853683126;0.5079852131502356;-0.44189453125;
23:12:52;133.0;1576537973;96.872;17.267880404708198;0.5005182726002376;-0.43701171875;
23:12:53;134.0;1576537974;96.893;17.13907568022073;0.4967848023252386;-0.4345703125;
23:12:54;135.0;1576537975;97.041;17.010270955733272;0.49305133205023977;-0.43212890625;
23:12:55;136.0;1576537976;96.473;17.911904027145514;0.5191856239752323;-0.44921875;
23:12:56;137.0;1576537977;96.683;17.39668512919566;0.5042517428752366;-0.439453125;
23:12:57;138.0;1576537978;96.725;17.13907568022073;0.4967848023252386;-0.4345703125;
23:12:58;139.0;1576537979;96.536;17.39668512919566;0.5042517428752366;-0.439453125;
23:12:59;140.0;1576537980;96.872;17.78309930265805;0.5154521537002333;-0.44677734375;
23:13:00;141.0;1576537981;96.746;17.267880404708198;0.5005182726002376;-0.43701171875;
23:13:01;142.0;1576537982;96.662;17.267880404708198;0.5005182726002376;-0.43701171875;
23:13:02;143.0;1576537983;96.641;17.010270955733272;0.49305133205023977;-0.43212890625;
23:13:03;144.0;1576537984;96.536;17.267880404708198;0.5005182726002376;-0.43701171875;
23:13:05;146.0;1576537985;97.146;17.39668512919566;0.5042517428752366;-0.439453125;
23:13:06;147.0;1576537987;97.4;16.623856782270877;0.4818509212252428;-0.4248046875;
23:13:07;148.0;1576537988;97.485;17.267880404708198;0.5005182726002376;-0.43701171875;
23:13:08;149.0;1576537989;97.273;17.525489853683126;0.5079852131502356;-0.44189453125;
23:13:09;150.0;1576537990;97.442;17.267880404708198;0.5005182726002376;-0.43701171875;
23:13:10;151.0;1576537991;97.442;17.13907568022073;0.4967848023252386;-0.4345703125;
23:13:11;152.0;1576537992;97.506;17.13907568022073;0.4967848023252386;-0.4345703125;
23:13:12;153.0;1576537993;97.676;17.39668512919566;0.5042517428752366;-0.439453125;
23:13:13;154.0;1576537994;97.21;17.13907568022073;0.4967848023252386;-0.4345703125;
23:13:14;155.0;1576537995;97.21;17.010270955733272;0.49305133205023977;-0.43212890625;
23:13:15;156.0;1576537996;97.041;17.267880404708198;0.5005182726002376;-0.43701171875;
23:13:16;157.0;1576537997;96.662;17.39668512919566;0.5042517428752366;-0.439453125;
23:13:17;158.0;1576537998;96.515;17.39668512919566;0.5042517428752366;-0.439453125;
23:13:18;159.0;1576537999;96.369;18.298318200607905;0.5303860348002292;-0.45654296875;
23:13:19;160.0;1576538000;96.557;17.39668512919566;0.5042517428752366;-0.439453125;
23:13:20;161.0;1576538001;96.935;18.555927649582834;0.537852975350227;-0.46142578125;
23:13:21;162.0;1576538002;97.294;17.13907568022073;0.4967848023252386;-0.4345703125;
23:13:22;163.0;1576538003;97.231;17.39668512919566;0.5042517428752366;-0.439453125;
23:13:23;164.0;1576538004;97.231;17.267880404708198;0.5005182726002376;-0.43701171875;
23:13:24;165.0;1576538005;97.02;17.13907568022073;0.4967848023252386;-0.4345703125;
23:13:25;166.0;1576538006;96.914;17.267880404708198;0.5005182726002376;-0.43701171875;
23:13:26;167.0;1576538007;96.914;17.13907568022073;0.4967848023252386;-0.4345703125;
23:13:27;168.0;1576538008;96.914;17.13907568022073;0.4967848023252386;-0.4345703125;
23:13:28;169.0;1576538009;97.379;20.101584343432396;0.5826546186502144;-0.49072265625;
23:13:29;170.0;1576538010;97.548;16.752661506758344;0.48558439150024185;-0.42724609375;
23:13:30;171.0;1576538011;97.973;17.654294578170585;0.5117186834252344;-0.4443359375;
23:13:31;172.0;1576538012;97.782;17.010270955733272;0.49305133205023977;-0.43212890625;
23:13:32;173.0;1576538013;97.379;17.39668512919566;0.5042517428752366;-0.439453125;
23:13:33;174.0;1576538014;97.548;17.13907568022073;0.4967848023252386;-0.4345703125;
23:13:34;175.0;1576538015;97.569;16.623856782270877;0.4818509212252428;-0.4248046875;
23:13:35;176.0;1576538016;97.506;17.267880404708198;0.5005182726002376;-0.43701171875;
23:13:36;177.0;1576538017;97.463;20.101584343432396;0.5826546186502144;-0.49072265625;
23:13:37;178.0;1576538018;97.294;17.13907568022073;0.4967848023252386;-0.4345703125;
23:13:38;179.0;1576538019;97.21;16.881466231245806;0.4893178617752408;-0.4296875;
23:13:39;180.0;1576538020;97.294;17.267880404708198;0.5005182726002376;-0.43701171875;
23:13:40;181.0;1576538021;97.442;17.13907568022073;0.4967848023252386;-0.4345703125;
23:13:41;182.0;1576538022;97.188;17.525489853683126;0.5079852131502356;-0.44189453125;
23:13:42;183.0;1576538023;96.683;16.881466231245806;0.4893178617752408;-0.4296875;
23:13:43;184.0;1576538024;96.83;17.39668512919566;0.5042517428752366;-0.439453125;
23:13:44;185.0;1576538026;96.683;17.39668512919566;0.5042517428752366;-0.439453125;
23:13:45;186.0;1576538027;96.746;18.298318200607905;0.5303860348002292;-0.45654296875;
23:13:46;187.0;1576538028;96.725;17.010270955733272;0.49305133205023977;-0.43212890625;
23:13:47;188.0;1576538029;96.746;17.267880404708198;0.5005182726002376;-0.43701171875;
23:13:48;189.0;1576538030;96.788;17.654294578170585;0.5117186834252344;-0.4443359375;
23:13:49;190.0;1576538031;96.725;17.654294578170585;0.5117186834252344;-0.4443359375;
23:13:50;191.0;1576538032;96.872;17.13907568022073;0.4967848023252386;-0.4345703125;
23:13:51;192.0;1576538033;96.872;17.010270955733272;0.49305133205023977;-0.43212890625;
23:13:52;193.0;1576538034;97.167;15.979833159833563;0.46318356985024817;-0.41259765625;
23:13:53;194.0;1576538035;97.4;17.267880404708198;0.5005182726002376;-0.43701171875;
23:13:54;195.0;1576538036;97.803;17.267880404708198;0.5005182726002376;-0.43701171875;
23:13:56;197.0;1576538037;97.569;16.366247333295952;0.474383980675245;-0.419921875;
23:13:57;198.0;1576538038;97.231;17.267880404708198;0.5005182726002376;-0.43701171875;
23:13:58;199.0;1576538039;96.872;18.16951347612044;0.5266525645252301;-0.4541015625;
23:13:59;200.0;1576538040;96.872;20.230389067919855;0.5863880889252132;-0.4931640625;
23:14:00;201.0;1576538041;97.041;17.13907568022073;0.4967848023252386;-0.4345703125;
23:14:01;202.0;1576538042;96.872;17.525489853683126;0.5079852131502356;-0.44189453125;
23:14:02;203.0;1576538043;97.273;20.101584343432396;0.5826546186502144;-0.49072265625;
23:14:04;205.0;1576538044;96.872;17.010270955733272;0.49305133205023977;-0.43212890625;
23:14:05;206.0;1576538046;97.062;17.267880404708198;0.5005182726002376;-0.43701171875;
23:14:06;207.0;1576538047;96.662;17.13907568022073;0.4967848023252386;-0.4345703125;
23:14:07;208.0;1576538048;96.977;17.13907568022073;0.4967848023252386;-0.4345703125;
23:14:08;209.0;1576538049;97.273;16.108637884321023;0.46691704012524704;-0.4150390625;
23:14:09;210.0;1576538050;97.273;17.267880404708198;0.5005182726002376;-0.43701171875;
23:14:10;211.0;1576538051;97.591;16.752661506758344;0.48558439150024185;-0.42724609375;
23:14:11;212.0;1576538052;97.273;17.13907568022073;0.4967848023252386;-0.4345703125;
23:14:12;213.0;1576538053;96.893;17.39668512919566;0.5042517428752366;-0.439453125;
23:14:13;214.0;1576538054;96.956;21.647241037281955;0.6274562619502015;-0.52001953125;
23:14:14;215.0;1576538055;96.956;17.13907568022073;0.4967848023252386;-0.4345703125;
23:14:15;216.0;1576538056;96.809;17.010270955733272;0.49305133205023977;-0.43212890625;
23:14:16;217.0;1576538057;96.473;17.654294578170585;0.5117186834252344;-0.4443359375;
23:14:17;218.0;1576538058;96.39;17.13907568022073;0.4967848023252386;-0.4345703125;
23:14:18;219.0;1576538059;96.473;17.13907568022073;0.4967848023252386;-0.4345703125;
23:14:19;220.0;1576538060;96.557;17.525489853683126;0.5079852131502356;-0.44189453125;
23:14:20;221.0;1576538061;97.104;15.335809537396242;0.4445162184752534;-0.400390625;
23:14:21;222.0;1576538062;96.935;17.267880404708198;0.5005182726002376;-0.43701171875;
23:14:22;223.0;1576538063;96.83;17.13907568022073;0.4967848023252386;-0.4345703125;
23:14:23;224.0;1576538064;97.083;17.267880404708198;0.5005182726002376;-0.43701171875;
23:14:24;225.0;1576538065;96.872;17.267880404708198;0.5005182726002376;-0.43701171875;
23:14:25;226.0;1576538066;97.083;17.267880404708198;0.5005182726002376;-0.43701171875;
23:14:26;227.0;1576538067;96.725;16.752661506758344;0.48558439150024185;-0.42724609375;
23:14:27;228.0;1576538069;96.557;19.71517016997;0.5714542078252174;-0.4833984375;
23:14:28;229.0;1576538070;96.914;17.39668512919566;0.5042517428752366;-0.439453125;
23:14:29;230.0;1576538071;96.893;18.04070875163298;0.5229190942502313;-0.45166015625;
23:14:30;231.0;1576538072;97.315;17.010270955733272;0.49305133205023977;-0.43212890625;
23:14:31;232.0;1576538073;97.315;17.39668512919566;0.5042517428752366;-0.439453125;
23:14:32;233.0;1576538074;97.041;17.267880404708198;0.5005182726002376;-0.43701171875;
23:14:33;234.0;1576538075;97.21;17.39668512919566;0.5042517428752366;-0.439453125;
23:14:34;235.0;1576538076;97.231;17.010270955733272;0.49305133205023977;-0.43212890625;
23:14:35;236.0;1576538077;97.379;17.010270955733272;0.49305133205023977;-0.43212890625;
23:14:36;237.0;1576538078;97.336;17.267880404708198;0.5005182726002376;-0.43701171875;
23:14:37;238.0;1576538079;97.21;17.13907568022073;0.4967848023252386;-0.4345703125;
23:14:38;239.0;1576538080;97.167;16.881466231245806;0.4893178617752408;-0.4296875;
23:14:39;240.0;1576538081;96.788;17.267880404708198;0.5005182726002376;-0.43701171875;
23:14:40;241.0;1576538082;96.809;17.13907568022073;0.4967848023252386;-0.4345703125;
23:14:41;242.0;1576538083;96.767;17.13907568022073;0.4967848023252386;-0.4345703125;
23:14:42;243.0;1576538084;96.599;17.13907568022073;0.4967848023252386;-0.4345703125;
23:14:43;244.0;1576538085;96.935;17.267880404708198;0.5005182726002376;-0.43701171875;
23:14:44;245.0;1576538086;96.83;17.525489853683126;0.5079852131502356;-0.44189453125;
23:14:45;246.0;1576538087;96.599;17.267880404708198;0.5005182726002376;-0.43701171875;
23:14:46;247.0;1576538088;96.369;15.335809537396242;0.4445162184752534;-0.400390625;
23:14:47;248.0;1576538089;96.055;17.525489853683126;0.5079852131502356;-0.44189453125;
23:14:48;249.0;1576538090;96.306;17.13907568022073;0.4967848023252386;-0.4345703125;
23:14:49;250.0;1576538091;96.16;17.78309930265805;0.5154521537002333;-0.44677734375;
23:14:50;251.0;1576538092;96.201;17.525489853683126;0.5079852131502356;-0.44189453125;
23:14:51;252.0;1576538093;96.536;17.654294578170585;0.5117186834252344;-0.4443359375;
23:14:52;253.0;1576538094;96.369;17.13907568022073;0.4967848023252386;-0.4345703125;
23:14:53;254.0;1576538095;96.893;17.010270955733272;0.49305133205023977;-0.43212890625;
23:14:54;255.0;1576538096;97.083;17.267880404708198;0.5005182726002376;-0.43701171875;
23:14:55;256.0;1576538097;97.062;16.881466231245806;0.4893178617752408;-0.4296875;
23:14:56;257.0;1576538098;97.041;17.13907568022073;0.4967848023252386;-0.4345703125;
23:14:57;258.0;1576538099;97.231;16.881466231245806;0.4893178617752408;-0.4296875;
23:14:58;259.0;1576538100;97.188;17.267880404708198;0.5005182726002376;-0.43701171875;
23:15:00;261.0;1576538101;97.062;16.752661506758344;0.48558439150024185;-0.42724609375;
23:15:01;262.0;1576538102;97.041;17.267880404708198;0.5005182726002376;-0.43701171875;
23:15:02;263.0;1576538103;96.767;17.267880404708198;0.5005182726002376;-0.43701171875;
23:15:03;264.0;1576538103;96.977;17.525489853683126;0.5079852131502356;-0.44189453125;
23:15:04;265.0;1576538105;96.999;17.39668512919566;0.5042517428752366;-0.439453125;
23:15:05;266.0;1576538106;96.809;17.267880404708198;0.5005182726002376;-0.43701171875;
23:15:06;267.0;1576538107;96.62;17.39668512919566;0.5042517428752366;-0.439453125;
23:15:07;268.0;1576538108;96.264;17.13907568022073;0.4967848023252386;-0.4345703125;
23:15:08;269.0;1576538109;96.014;16.623856782270877;0.4818509212252428;-0.4248046875;
23:15:09;270.0;1576538110;96.014;17.13907568022073;0.4967848023252386;-0.4345703125;
23:15:10;271.0;1576538111;96.097;17.13907568022073;0.4967848023252386;-0.4345703125;
23:15:11;272.0;1576538112;96.055;17.267880404708198;0.5005182726002376;-0.43701171875;
23:15:12;273.0;1576538113;96.327;19.586365445482542;0.5677207375502186;-0.48095703125;
23:15:13;274.0;1576538114;96.306;17.267880404708198;0.5005182726002376;-0.43701171875;
23:15:14;275.0;1576538115;96.16;17.39668512919566;0.5042517428752366;-0.439453125;
23:15:15;276.0;1576538116;96.369;17.654294578170585;0.5117186834252344;-0.4443359375;
23:15:16;277.0;1576538117;96.515;17.267880404708198;0.5005182726002376;-0.43701171875;
23:15:17;278.0;1576538118;96.536;17.267880404708198;0.5005182726002376;-0.43701171875;
23:15:18;279.0;1576538119;96.494;17.525489853683126;0.5079852131502356;-0.44189453125;
23:15:19;280.0;1576538120;96.557;17.13907568022073;0.4967848023252386;-0.4345703125;
23:15:20;281.0;1576538121;96.536;17.267880404708198;0.5005182726002376;-0.43701171875;
23:15:21;282.0;1576538122;96.536;16.495052057783415;0.4781174509502439;-0.42236328125;
23:15:22;283.0;1576538123;96.536;17.39668512919566;0.5042517428752366;-0.439453125;
23:15:23;284.0;1576538124;96.662;17.525489853683126;0.5079852131502356;-0.44189453125;
23:15:24;285.0;1576538125;96.473;15.464614261883709;0.4482496887502524;-0.40283203125;
23:15:25;286.0;1576538126;96.641;17.267880404708198;0.5005182726002376;-0.43701171875;
23:15:26;287.0;1576538127;96.83;17.267880404708198;0.5005182726002376;-0.43701171875;
23:15:27;288.0;1576538128;96.662;17.13907568022073;0.4967848023252386;-0.4345703125;
23:15:28;289.0;1576538129;96.662;18.16951347612044;0.5266525645252301;-0.4541015625;
23:15:29;290.0;1576538130;96.536;17.13907568022073;0.4967848023252386;-0.4345703125;
23:15:30;291.0;1576538131;96.39;17.525489853683126;0.5079852131502356;-0.44189453125;
23:15:31;292.0;1576538132;96.201;17.13907568022073;0.4967848023252386;-0.4345703125;
23:15:32;293.0;1576538133;95.993;16.108637884321023;0.46691704012524704;-0.4150390625;
23:15:33;294.0;1576538134;95.951;17.267880404708198;0.5005182726002376;-0.43701171875;
23:15:34;295.0;1576538135;96.16;17.010270955733272;0.49305133205023977;-0.43212890625;
23:15:35;296.0;1576538136;96.369;17.267880404708198;0.5005182726002376;-0.43701171875;
23:15:36;297.0;1576538137;96.767;17.267880404708198;0.5005182726002376;-0.43701171875;
23:15:37;298.0;1576538138;96.809;17.525489853683126;0.5079852131502356;-0.44189453125;
23:15:38;299.0;1576538139;96.767;17.39668512919566;0.5042517428752366;-0.439453125;
23:15:39;300.0;1576538140;96.578;15.207004812908782;0.44078274820025454;-0.39794921875;
23:15:40;301.0;1576538141;96.369;17.39668512919566;0.5042517428752366;-0.439453125;
23:15:41;302.0;1576538142;96.557;17.13907568022073;0.4967848023252386;-0.4345703125;
23:15:42;303.0;1576538143;96.557;17.13907568022073;0.4967848023252386;-0.4345703125;
23:15:43;304.0;1576538144;96.851;16.881466231245806;0.4893178617752408;-0.4296875;
23:15:44;305.0;1576538145;96.662;17.39668512919566;0.5042517428752366;-0.439453125;
23:15:45;306.0;1576538146;96.683;17.267880404708198;0.5005182726002376;-0.43701171875;
23:15:46;307.0;1576538147;96.746;17.267880404708198;0.5005182726002376;-0.43701171875;
23:15:47;308.0;1576538148;96.83;16.366247333295952;0.474383980675245;-0.419921875;
23:15:48;309.0;1576538149;97.379;17.39668512919566;0.5042517428752366;-0.439453125;
23:15:49;310.0;1576538150;97.252;20.616803241382243;0.5975884997502099;-0.50048828125;
23:15:50;311.0;1576538151;96.809;17.010270955733272;0.49305133205023977;-0.43212890625;
23:15:51;312.0;1576538152;96.41;17.39668512919566;0.5042517428752366;-0.439453125;
23:15:52;313.0;1576538153;96.222;18.555927649582834;0.537852975350227;-0.46142578125;
23:15:53;314.0;1576538154;96.306;17.13907568022073;0.4967848023252386;-0.4345703125;
23:15:54;315.0;1576538156;96.704;17.39668512919566;0.5042517428752366;-0.439453125;
23:15:55;316.0;1576538157;96.536;17.13907568022073;0.4967848023252386;-0.4345703125;
23:15:56;317.0;1576538158;96.201;17.13907568022073;0.4967848023252386;-0.4345703125;
23:15:57;318.0;1576538159;96.18;17.911904027145514;0.5191856239752323;-0.44921875;
23:15:58;319.0;1576538160;95.889;17.267880404708198;0.5005182726002376;-0.43701171875;
23:15:59;320.0;1576538161;96.222;17.525489853683126;0.5079852131502356;-0.44189453125;
23:16:01;322.0;1576538162;96.243;17.267880404708198;0.5005182726002376;-0.43701171875;
23:16:02;323.0;1576538164;96.39;17.267880404708198;0.5005182726002376;-0.43701171875;
23:16:04;325.0;1576538165;96.243;17.13907568022073;0.4967848023252386;-0.4345703125;
23:16:05;326.0;1576538166;96.014;17.525489853683126;0.5079852131502356;-0.44189453125;
23:16:06;327.0;1576538167;96.055;17.911904027145514;0.5191856239752323;-0.44921875;
23:16:07;328.0;1576538168;96.264;17.13907568022073;0.4967848023252386;-0.4345703125;
23:16:08;329.0;1576538169;96.452;17.267880404708198;0.5005182726002376;-0.43701171875;
23:16:09;330.0;1576538170;96.473;17.13907568022073;0.4967848023252386;-0.4345703125;
23:16:10;331.0;1576538171;96.599;17.267880404708198;0.5005182726002376;-0.43701171875;
23:16:11;332.0;1576538172;96.39;18.298318200607905;0.5303860348002292;-0.45654296875;
23:16:12;333.0;1576538173;96.222;17.911904027145514;0.5191856239752323;-0.44921875;
23:16:13;334.0;1576538174;96.201;17.525489853683126;0.5079852131502356;-0.44189453125;
23:16:14;335.0;1576538175;96.076;17.267880404708198;0.5005182726002376;-0.43701171875;
23:16:15;336.0;1576538176;96.034;16.881466231245806;0.4893178617752408;-0.4296875;
23:16:16;337.0;1576538177;96.034;17.267880404708198;0.5005182726002376;-0.43701171875;
23:16:17;338.0;1576538178;96.034;17.010270955733272;0.49305133205023977;-0.43212890625;
23:16:18;339.0;1576538179;95.993;17.010270955733272;0.49305133205023977;-0.43212890625;
23:16:19;340.0;1576538180;96.18;17.267880404708198;0.5005182726002376;-0.43701171875;
23:16:20;341.0;1576538181;96.18;17.267880404708198;0.5005182726002376;-0.43701171875;
23:16:21;342.0;1576538182;95.993;17.267880404708198;0.5005182726002376;-0.43701171875;
23:16:22;343.0;1576538183;96.034;17.13907568022073;0.4967848023252386;-0.4345703125;
23:16:23;344.0;1576538184;96.034;17.267880404708198;0.5005182726002376;-0.43701171875;
23:16:24;345.0;1576538185;95.909;17.39668512919566;0.5042517428752366;-0.439453125;
23:16:25;346.0;1576538186;96.139;17.010270955733272;0.49305133205023977;-0.43212890625;
23:16:26;347.0;1576538187;96.097;17.13907568022073;0.4967848023252386;-0.4345703125;
23:16:27;348.0;1576538188;96.118;17.525489853683126;0.5079852131502356;-0.44189453125;
23:16:28;349.0;1576538189;96.41;17.010270955733272;0.49305133205023977;-0.43212890625;
23:16:29;350.0;1576538190;96.578;17.010270955733272;0.49305133205023977;-0.43212890625;
23:16:30;351.0;1576538191;96.578;17.39668512919566;0.5042517428752366;-0.439453125;
23:16:31;352.0;1576538192;96.536;16.623856782270877;0.4818509212252428;-0.4248046875;
23:16:32;353.0;1576538193;96.139;17.13907568022073;0.4967848023252386;-0.4345703125;
23:16:33;354.0;1576538194;95.743;17.525489853683126;0.5079852131502356;-0.44189453125;
23:16:34;355.0;1576538195;95.764;17.267880404708198;0.5005182726002376;-0.43701171875;
23:16:35;356.0;1576538196;95.619;17.654294578170585;0.5117186834252344;-0.4443359375;
23:16:36;357.0;1576538197;95.972;17.13907568022073;0.4967848023252386;-0.4345703125;
23:16:37;358.0;1576538199;96.369;17.525489853683126;0.5079852131502356;-0.44189453125;
23:16:38;359.0;1576538200;96.578;15.464614261883709;0.4482496887502524;-0.40283203125;
23:16:39;360.0;1576538201;96.578;17.13907568022073;0.4967848023252386;-0.4345703125;
23:16:40;361.0;1576538202;96.452;17.267880404708198;0.5005182726002376;-0.43701171875;
23:16:41;362.0;1576538203;96.327;17.525489853683126;0.5079852131502356;-0.44189453125;
23:16:42;363.0;1576538204;96.097;16.881466231245806;0.4893178617752408;-0.4296875;
23:16:43;364.0;1576538205;96.014;17.39668512919566;0.5042517428752366;-0.439453125;
23:16:44;365.0;1576538206;96.014;17.525489853683126;0.5079852131502356;-0.44189453125;
23:16:45;366.0;1576538207;96.014;17.267880404708198;0.5005182726002376;-0.43701171875;
23:16:46;367.0;1576538208;96.055;17.010270955733272;0.49305133205023977;-0.43212890625;
23:16:47;368.0;1576538209;96.139;17.13907568022073;0.4967848023252386;-0.4345703125;
23:16:48;369.0;1576538210;96.306;17.13907568022073;0.4967848023252386;-0.4345703125;
23:16:49;370.0;1576538211;96.076;17.13907568022073;0.4967848023252386;-0.4345703125;
23:16:50;371.0;1576538212;96.034;17.13907568022073;0.4967848023252386;-0.4345703125;
23:16:51;372.0;1576538213;96.118;17.010270955733272;0.49305133205023977;-0.43212890625;
23:16:52;373.0;1576538214;95.764;17.13907568022073;0.4967848023252386;-0.4345703125;
23:16:53;374.0;1576538215;95.764;17.267880404708198;0.5005182726002376;-0.43701171875;
23:16:54;375.0;1576538216;95.66;18.16951347612044;0.5266525645252301;-0.4541015625;
23:16:55;376.0;1576538217;95.598;17.525489853683126;0.5079852131502356;-0.44189453125;
23:16:56;377.0;1576538218;95.577;17.13907568022073;0.4967848023252386;-0.4345703125;
23:16:57;378.0;1576538219;95.722;17.13907568022073;0.4967848023252386;-0.4345703125;
23:16:58;379.0;1576538220;96.076;17.13907568022073;0.4967848023252386;-0.4345703125;
23:16:59;380.0;1576538221;96.243;17.525489853683126;0.5079852131502356;-0.44189453125;
23:17:00;381.0;1576538221;96.41;17.39668512919566;0.5042517428752366;-0.439453125;
23:17:01;382.0;1576538223;96.41;17.010270955733272;0.49305133205023977;-0.43212890625;
23:17:02;383.0;1576538224;96.014;17.267880404708198;0.5005182726002376;-0.43701171875;
23:17:03;384.0;1576538225;96.014;17.525489853683126;0.5079852131502356;-0.44189453125;
23:17:04;385.0;1576538226;95.868;17.39668512919566;0.5042517428752366;-0.439453125;
23:17:05;386.0;1576538227;95.889;20.616803241382243;0.5975884997502099;-0.50048828125;
23:17:06;387.0;1576538228;96.369;17.78309930265805;0.5154521537002333;-0.44677734375;
23:17:08;389.0;1576538229;95.951;17.010270955733272;0.49305133205023977;-0.43212890625;
23:17:09;390.0;1576538230;96.327;18.04070875163298;0.5229190942502313;-0.45166015625;
23:17:10;391.0;1576538231;96.16;18.555927649582834;0.537852975350227;-0.46142578125;
23:17:11;392.0;1576538232;95.681;17.13907568022073;0.4967848023252386;-0.4345703125;
23:17:12;393.0;1576538233;96.118;17.267880404708198;0.5005182726002376;-0.43701171875;
23:17:13;394.0;1576538234;96.097;17.78309930265805;0.5154521537002333;-0.44677734375;
23:17:14;395.0;1576538235;96.285;17.39668512919566;0.5042517428752366;-0.439453125;
23:17:15;396.0;1576538236;96.39;17.267880404708198;0.5005182726002376;-0.43701171875;
23:17:16;397.0;1576538237;96.348;17.267880404708198;0.5005182726002376;-0.43701171875;
23:17:17;398.0;1576538238;96.139;17.654294578170585;0.5117186834252344;-0.4443359375;
23:17:18;399.0;1576538239;96.243;17.39668512919566;0.5042517428752366;-0.439453125;
23:17:19;400.0;1576538240;96.097;16.23744260880849;0.4706505104002461;-0.41748046875;
23:17:20;401.0;1576538241;95.909;16.881466231245806;0.4893178617752408;-0.4296875;
23:17:21;402.0;1576538242;95.889;17.267880404708198;0.5005182726002376;-0.43701171875;
23:17:22;403.0;1576538243;95.785;17.525489853683126;0.5079852131502356;-0.44189453125;
23:17:23;404.0;1576538244;95.93;17.267880404708198;0.5005182726002376;-0.43701171875;
23:17:24;405.0;1576538245;95.764;17.13907568022073;0.4967848023252386;-0.4345703125;
23:17:25;406.0;1576538246;95.639;17.39668512919566;0.5042517428752366;-0.439453125;
23:17:26;407.0;1576538247;95.411;17.010270955733272;0.49305133205023977;-0.43212890625;
23:17:27;408.0;1576538248;95.287;17.525489853683126;0.5079852131502356;-0.44189453125;
23:17:28;409.0;1576538249;95.577;17.13907568022073;0.4967848023252386;-0.4345703125;
23:17:29;410.0;1576538250;95.681;17.78309930265805;0.5154521537002333;-0.44677734375;
23:17:30;411.0;1576538251;95.847;16.752661506758344;0.48558439150024185;-0.42724609375;
23:17:31;412.0;1576538252;95.889;17.010270955733272;0.49305133205023977;-0.43212890625;
23:17:32;413.0;1576538253;95.785;17.39668512919566;0.5042517428752366;-0.439453125;
23:17:33;414.0;1576538254;95.453;17.267880404708198;0.5005182726002376;-0.43701171875;
23:17:34;415.0;1576538255;95.494;17.13907568022073;0.4967848023252386;-0.4345703125;
23:17:35;416.0;1576538256;95.619;17.267880404708198;0.5005182726002376;-0.43701171875;
23:17:36;417.0;1576538257;95.453;17.010270955733272;0.49305133205023977;-0.43212890625;
23:17:37;418.0;1576538258;95.806;16.495052057783415;0.4781174509502439;-0.42236328125;
23:17:38;419.0;1576538259;95.598;17.010270955733272;0.49305133205023977;-0.43212890625;
23:17:39;420.0;1576538260;95.639;17.39668512919566;0.5042517428752366;-0.439453125;
23:17:40;421.0;1576538261;95.764;16.881466231245806;0.4893178617752408;-0.4296875;
23:17:41;422.0;1576538262;96.014;17.267880404708198;0.5005182726002376;-0.43701171875;
23:17:42;423.0;1576538263;96.222;17.13907568022073;0.4967848023252386;-0.4345703125;
23:17:43;424.0;1576538264;95.826;17.39668512919566;0.5042517428752366;-0.439453125;
23:17:44;425.0;1576538265;95.66;16.881466231245806;0.4893178617752408;-0.4296875;
23:17:45;426.0;1576538266;95.287;17.267880404708198;0.5005182726002376;-0.43701171875;
23:17:46;427.0;1576538267;94.875;17.13907568022073;0.4967848023252386;-0.4345703125;
23:17:47;428.0;1576538268;94.999;17.13907568022073;0.4967848023252386;-0.4345703125;
23:17:48;429.0;1576538269;95.04;17.654294578170585;0.5117186834252344;-0.4443359375;
23:17:49;430.0;1576538270;94.978;17.13907568022073;0.4967848023252386;-0.4345703125;
23:17:50;431.0;1576538271;95.246;17.13907568022073;0.4967848023252386;-0.4345703125;
23:17:51;432.0;1576538272;95.225;16.752661506758344;0.48558439150024185;-0.42724609375;
23:17:52;433.0;1576538273;95.349;17.654294578170585;0.5117186834252344;-0.4443359375;
23:17:53;434.0;1576538274;95.66;18.427122925095368;0.5341195050752281;-0.458984375;
23:17:54;435.0;1576538275;95.577;17.39668512919566;0.5042517428752366;-0.439453125;
23:17:55;436.0;1576538276;95.806;17.39668512919566;0.5042517428752366;-0.439453125;
23:17:56;437.0;1576538277;95.681;17.010270955733272;0.49305133205023977;-0.43212890625;
23:17:57;438.0;1576538278;95.598;17.267880404708198;0.5005182726002376;-0.43701171875;
23:17:58;439.0;1576538279;95.806;17.267880404708198;0.5005182726002376;-0.43701171875;
23:17:59;440.0;1576538280;95.681;17.267880404708198;0.5005182726002376;-0.43701171875;
23:18:00;441.0;1576538281;96.014;17.267880404708198;0.5005182726002376;-0.43701171875;
23:18:01;442.0;1576538282;95.598;17.267880404708198;0.5005182726002376;-0.43701171875;
23:18:02;443.0;1576538283;95.411;17.13907568022073;0.4967848023252386;-0.4345703125;
23:18:03;444.0;1576538285;95.391;17.525489853683126;0.5079852131502356;-0.44189453125;
23:18:04;445.0;1576538286;95.04;17.010270955733272;0.49305133205023977;-0.43212890625;
23:18:05;446.0;1576538287;95.06;17.010270955733272;0.49305133205023977;-0.43212890625;
23:18:06;447.0;1576538288;95.122;17.267880404708198;0.5005182726002376;-0.43701171875;
23:18:07;448.0;1576538289;95.287;17.267880404708198;0.5005182726002376;-0.43701171875;
23:18:08;449.0;1576538290;95.267;17.010270955733272;0.49305133205023977;-0.43212890625;
23:18:09;450.0;1576538291;95.577;17.525489853683126;0.5079852131502356;-0.44189453125;
23:18:10;451.0;1576538292;95.349;17.39668512919566;0.5042517428752366;-0.439453125;
23:18:12;453.0;1576538293;95.598;18.427122925095368;0.5341195050752281;-0.458984375;
23:18:13;454.0;1576538294;95.577;17.13907568022073;0.4967848023252386;-0.4345703125;
23:18:14;455.0;1576538295;95.764;17.39668512919566;0.5042517428752366;-0.439453125;
23:18:15;456.0;1576538296;96.18;17.13907568022073;0.4967848023252386;-0.4345703125;
23:18:16;457.0;1576538297;95.743;17.13907568022073;0.4967848023252386;-0.4345703125;
23:18:17;458.0;1576538298;95.909;17.267880404708198;0.5005182726002376;-0.43701171875;
23:18:18;459.0;1576538299;95.764;16.366247333295952;0.474383980675245;-0.419921875;
23:18:19;460.0;1576538300;95.329;17.13907568022073;0.4967848023252386;-0.4345703125;
23:18:20;461.0;1576538301;95.474;16.752661506758344;0.48558439150024185;-0.42724609375;
23:18:21;462.0;1576538302;95.164;17.525489853683126;0.5079852131502356;-0.44189453125;
23:18:22;463.0;1576538303;95.225;17.010270955733272;0.49305133205023977;-0.43212890625;
23:18:23;464.0;1576538304;95.453;16.881466231245806;0.4893178617752408;-0.4296875;
23:18:24;465.0;1576538305;95.515;17.267880404708198;0.5005182726002376;-0.43701171875;
23:18:25;466.0;1576538306;96.014;17.267880404708198;0.5005182726002376;-0.43701171875;
23:18:26;467.0;1576538307;95.639;17.13907568022073;0.4967848023252386;-0.4345703125;
23:18:27;468.0;1576538308;95.453;17.010270955733272;0.49305133205023977;-0.43212890625;
23:18:28;469.0;1576538309;95.453;17.13907568022073;0.4967848023252386;-0.4345703125;
23:18:29;470.0;1576538310;95.287;17.267880404708198;0.5005182726002376;-0.43701171875;
23:18:30;471.0;1576538311;95.246;17.010270955733272;0.49305133205023977;-0.43212890625;
23:18:31;472.0;1576538312;95.205;17.39668512919566;0.5042517428752366;-0.439453125;
23:18:32;473.0;1576538313;95.081;17.010270955733272;0.49305133205023977;-0.43212890625;
23:18:33;474.0;1576538314;95.102;15.59341898637117;0.45198315902525127;-0.4052734375;
23:18:34;475.0;1576538315;95.494;17.78309930265805;0.5154521537002333;-0.44677734375;
23:18:35;476.0;1576538316;95.702;17.267880404708198;0.5005182726002376;-0.43701171875;
23:18:36;477.0;1576538317;95.639;15.335809537396242;0.4445162184752534;-0.400390625;
23:18:37;478.0;1576538318;95.868;17.13907568022073;0.4967848023252386;-0.4345703125;
23:18:38;479.0;1576538319;95.847;16.752661506758344;0.48558439150024185;-0.42724609375;
23:18:39;480.0;1576538320;95.474;17.267880404708198;0.5005182726002376;-0.43701171875;
23:18:40;481.0;1576538321;95.536;16.752661506758344;0.48558439150024185;-0.42724609375;
23:18:41;482.0;1576538322;95.391;16.752661506758344;0.48558439150024185;-0.42724609375;
23:18:42;483.0;1576538323;95.246;17.267880404708198;0.5005182726002376;-0.43701171875;
23:18:43;484.0;1576538324;96.014;17.39668512919566;0.5042517428752366;-0.439453125;
23:18:44;485.0;1576538325;96.327;17.13907568022073;0.4967848023252386;-0.4345703125;
23:18:45;486.0;1576538326;96.222;17.39668512919566;0.5042517428752366;-0.439453125;
23:18:46;487.0;1576538327;96.18;17.13907568022073;0.4967848023252386;-0.4345703125;
23:18:47;488.0;1576538329;95.909;17.13907568022073;0.4967848023252386;-0.4345703125;
23:18:48;489.0;1576538330;95.556;19.199951272020147;0.5565203267252217;-0.4736328125;
23:18:49;490.0;1576538331;95.329;17.267880404708198;0.5005182726002376;-0.43701171875;
23:18:50;491.0;1576538332;95.308;17.010270955733272;0.49305133205023977;-0.43212890625;
23:18:51;492.0;1576538333;95.349;17.654294578170585;0.5117186834252344;-0.4443359375;
23:18:52;493.0;1576538334;95.143;18.16951347612044;0.5266525645252301;-0.4541015625;
23:18:53;494.0;1576538335;95.205;17.267880404708198;0.5005182726002376;-0.43701171875;
23:18:54;495.0;1576538336;95.06;16.881466231245806;0.4893178617752408;-0.4296875;
23:18:55;496.0;1576538337;94.67;17.525489853683126;0.5079852131502356;-0.44189453125;
23:18:56;497.0;1576538338;95.122;17.654294578170585;0.5117186834252344;-0.4443359375;
23:18:57;498.0;1576538339;95.349;17.13907568022073;0.4967848023252386;-0.4345703125;
23:18:58;499.0;1576538339;95.474;16.623856782270877;0.4818509212252428;-0.4248046875;
23:18:59;500.0;1576538341;95.847;17.13907568022073;0.4967848023252386;-0.4345703125;
23:19:00;501.0;1576538342;95.764;17.39668512919566;0.5042517428752366;-0.439453125;
23:19:01;502.0;1576538343;95.536;16.881466231245806;0.4893178617752408;-0.4296875;
23:19:02;503.0;1576538344;95.785;17.13907568022073;0.4967848023252386;-0.4345703125;
23:19:03;504.0;1576538345;95.868;17.525489853683126;0.5079852131502356;-0.44189453125;
23:19:04;505.0;1576538346;95.702;17.13907568022073;0.4967848023252386;-0.4345703125;
23:19:05;506.0;1576538347;95.66;17.13907568022073;0.4967848023252386;-0.4345703125;
23:19:06;507.0;1576538348;95.536;17.654294578170585;0.5117186834252344;-0.4443359375;
23:19:07;508.0;1576538349;95.143;22.033655210744346;0.6386566727751984;-0.52734375;
23:19:08;509.0;1576538350;94.916;16.881466231245806;0.4893178617752408;-0.4296875;
23:19:09;510.0;1576538351;94.999;16.881466231245806;0.4893178617752408;-0.4296875;
23:19:10;511.0;1576538352;94.896;17.39668512919566;0.5042517428752366;-0.439453125;
23:19:11;512.0;1576538353;95.019;17.010270955733272;0.49305133205023977;-0.43212890625;
23:19:12;513.0;1576538354;95.225;17.654294578170585;0.5117186834252344;-0.4443359375;
23:19:13;514.0;1576538355;95.04;16.752661506758344;0.48558439150024185;-0.42724609375;
23:19:14;515.0;1576538356;95.267;17.267880404708198;0.5005182726002376;-0.43701171875;
23:19:16;517.0;1576538357;95.474;17.39668512919566;0.5042517428752366;-0.439453125;
23:19:17;518.0;1576538358;95.494;17.13907568022073;0.4967848023252386;-0.4345703125;
23:19:18;519.0;1576538359;95.826;17.39668512919566;0.5042517428752366;-0.439453125;
23:19:19;520.0;1576538360;95.681;17.267880404708198;0.5005182726002376;-0.43701171875;
23:19:20;521.0;1576538361;95.411;17.267880404708198;0.5005182726002376;-0.43701171875;
23:19:21;522.0;1576538362;95.411;17.525489853683126;0.5079852131502356;-0.44189453125;
23:19:22;523.0;1576538363;95.267;17.13907568022073;0.4967848023252386;-0.4345703125;
23:19:23;524.0;1576538364;95.04;17.13907568022073;0.4967848023252386;-0.4345703125;
23:19:24;525.0;1576538365;95.143;17.525489853683126;0.5079852131502356;-0.44189453125;
23:19:25;526.0;1576538366;95.267;17.010270955733272;0.49305133205023977;-0.43212890625;
23:19:26;527.0;1576538367;95.081;17.39668512919566;0.5042517428752366;-0.439453125;
23:19:27;528.0;1576538368;95.287;17.39668512919566;0.5042517428752366;-0.439453125;
23:19:28;529.0;1576538369;95.494;17.010270955733272;0.49305133205023977;-0.43212890625;
23:19:29;530.0;1576538370;95.164;17.525489853683126;0.5079852131502356;-0.44189453125;
23:19:30;531.0;1576538371;95.329;17.13907568022073;0.4967848023252386;-0.4345703125;
23:19:31;532.0;1576538372;95.329;17.654294578170585;0.5117186834252344;-0.4443359375;
23:19:32;533.0;1576538373;95.122;17.13907568022073;0.4967848023252386;-0.4345703125;
23:19:33;534.0;1576538374;95.494;16.881466231245806;0.4893178617752408;-0.4296875;
23:19:34;535.0;1576538375;95.494;17.267880404708198;0.5005182726002376;-0.43701171875;
23:19:35;536.0;1576538376;95.453;17.267880404708198;0.5005182726002376;-0.43701171875;
23:19:36;537.0;1576538377;95.432;17.010270955733272;0.49305133205023977;-0.43212890625;
23:19:37;538.0;1576538378;95.246;17.39668512919566;0.5042517428752366;-0.439453125;
23:19:38;539.0;1576538379;95.246;17.010270955733272;0.49305133205023977;-0.43212890625;
23:19:39;540.0;1576538380;95.411;17.13907568022073;0.4967848023252386;-0.4345703125;
23:19:40;541.0;1576538381;95.225;17.267880404708198;0.5005182726002376;-0.43701171875;
23:19:41;542.0;1576538382;95.06;17.010270955733272;0.49305133205023977;-0.43212890625;
23:19:42;543.0;1576538383;95.102;17.267880404708198;0.5005182726002376;-0.43701171875;
23:19:43;544.0;1576538384;94.937;17.525489853683126;0.5079852131502356;-0.44189453125;
23:19:44;545.0;1576538385;95.329;18.16951347612044;0.5266525645252301;-0.4541015625;
23:19:45;546.0;1576538386;95.515;17.010270955733272;0.49305133205023977;-0.43212890625;
23:19:46;547.0;1576538387;95.411;17.525489853683126;0.5079852131502356;-0.44189453125;
23:19:47;548.0;1576538388;95.225;17.010270955733272;0.49305133205023977;-0.43212890625;
23:19:48;549.0;1576538389;95.205;17.39668512919566;0.5042517428752366;-0.439453125;
23:19:49;550.0;1576538390;94.999;17.525489853683126;0.5079852131502356;-0.44189453125;
23:19:50;551.0;1576538391;94.67;17.39668512919566;0.5042517428752366;-0.439453125;
23:19:51;552.0;1576538392;94.711;17.267880404708198;0.5005182726002376;-0.43701171875;
23:19:52;553.0;1576538393;94.404;17.267880404708198;0.5005182726002376;-0.43701171875;
23:19:53;554.0;1576538394;94.301;17.010270955733272;0.49305133205023977;-0.43212890625;
23:19:54;555.0;1576538395;94.896;17.267880404708198;0.5005182726002376;-0.43701171875;
23:19:55;556.0;1576538396;95.081;17.39668512919566;0.5042517428752366;-0.439453125;
23:19:56;557.0;1576538397;95.081;14.820590639446388;0.42958233737525764;-0.390625;
23:19:57;558.0;1576538398;95.391;17.525489853683126;0.5079852131502356;-0.44189453125;
23:19:58;559.0;1576538399;94.957;17.267880404708198;0.5005182726002376;-0.43701171875;
23:19:59;560.0;1576538400;94.526;17.525489853683126;0.5079852131502356;-0.44189453125;
23:20:00;561.0;1576538401;94.465;18.298318200607905;0.5303860348002292;-0.45654296875;
23:20:01;562.0;1576538402;94.506;17.13907568022073;0.4967848023252386;-0.4345703125;
23:20:02;563.0;1576538403;94.711;17.010270955733272;0.49305133205023977;-0.43212890625;
23:20:03;564.0;1576538404;95.102;17.267880404708198;0.5005182726002376;-0.43701171875;
23:20:04;565.0;1576538405;95.349;13.532543394571757;0.3922476346252683;-0.3662109375;
23:20:05;566.0;1576538406;95.164;17.525489853683126;0.5079852131502356;-0.44189453125;
23:20:06;567.0;1576538407;94.813;17.39668512919566;0.5042517428752366;-0.439453125;
23:20:07;568.0;1576538408;94.588;17.78309930265805;0.5154521537002333;-0.44677734375;
23:20:08;569.0;1576538409;94.588;17.010270955733272;0.49305133205023977;-0.43212890625;
23:20:09;570.0;1576538410;94.896;17.525489853683126;0.5079852131502356;-0.44189453125;
23:20:10;571.0;1576538411;95.06;17.39668512919566;0.5042517428752366;-0.439453125;
23:20:11;572.0;1576538412;95.267;17.39668512919566;0.5042517428752366;-0.439453125;
23:20:12;573.0;1576538413;95.102;17.267880404708198;0.5005182726002376;-0.43701171875;
23:20:13;574.0;1576538415;94.731;17.010270955733272;0.49305133205023977;-0.43212890625;
23:20:14;575.0;1576538416;94.752;17.13907568022073;0.4967848023252386;-0.4345703125;
23:20:15;576.0;1576538417;94.793;17.267880404708198;0.5005182726002376;-0.43701171875;
23:20:16;577.0;1576538418;94.793;17.267880404708198;0.5005182726002376;-0.43701171875;
23:20:17;578.0;1576538419;95.143;17.525489853683126;0.5079852131502356;-0.44189453125;
23:20:18;579.0;1576538420;94.957;17.525489853683126;0.5079852131502356;-0.44189453125;
23:20:19;580.0;1576538421;94.772;17.13907568022073;0.4967848023252386;-0.4345703125;
23:20:21;582.0;1576538422;94.855;17.39668512919566;0.5042517428752366;-0.439453125;
23:20:22;583.0;1576538423;94.67;17.13907568022073;0.4967848023252386;-0.4345703125;
23:20:23;584.0;1576538424;94.999;17.267880404708198;0.5005182726002376;-0.43701171875;
23:20:24;585.0;1576538425;95.102;17.010270955733272;0.49305133205023977;-0.43212890625;
23:20:25;586.0;1576538426;94.999;17.267880404708198;0.5005182726002376;-0.43701171875;
23:20:26;587.0;1576538427;94.793;17.267880404708198;0.5005182726002376;-0.43701171875;
23:20:27;588.0;1576538428;94.834;17.010270955733272;0.49305133205023977;-0.43212890625;
23:20:28;589.0;1576538429;94.711;17.39668512919566;0.5042517428752366;-0.439453125;
23:20:29;590.0;1576538430;94.875;17.13907568022073;0.4967848023252386;-0.4345703125;
23:20:30;591.0;1576538431;95.143;17.13907568022073;0.4967848023252386;-0.4345703125;
23:20:31;592.0;1576538432;95.102;17.39668512919566;0.5042517428752366;-0.439453125;
23:20:32;593.0;1576538433;95.308;17.39668512919566;0.5042517428752366;-0.439453125;
23:20:33;594.0;1576538434;95.143;16.752661506758344;0.48558439150024185;-0.42724609375;
23:20:34;595.0;1576538435;95.329;17.525489853683126;0.5079852131502356;-0.44189453125;
23:20:35;596.0;1576538436;95.556;17.010270955733272;0.49305133205023977;-0.43212890625;
23:20:36;597.0;1576538437;95.556;17.13907568022073;0.4967848023252386;-0.4345703125;
23:20:37;598.0;1576538438;95.764;17.010270955733272;0.49305133205023977;-0.43212890625;
23:20:38;599.0;1576538439;95.184;17.39668512919566;0.5042517428752366;-0.439453125;
23:20:39;600.0;1576538440;94.813;17.911904027145514;0.5191856239752323;-0.44921875;
23:20:40;601.0;1576538441;94.813;17.13907568022073;0.4967848023252386;-0.4345703125;
23:20:41;602.0;1576538442;94.363;17.010270955733272;0.49305133205023977;-0.43212890625;
23:20:42;603.0;1576538443;94.752;17.267880404708198;0.5005182726002376;-0.43701171875;
23:20:43;604.0;1576538444;94.731;16.623856782270877;0.4818509212252428;-0.4248046875;
23:20:44;605.0;1576538445;94.526;17.39668512919566;0.5042517428752366;-0.439453125;
23:20:45;606.0;1576538446;94.567;17.525489853683126;0.5079852131502356;-0.44189453125;
23:20:46;607.0;1576538447;94.383;16.623856782270877;0.4818509212252428;-0.4248046875;
23:20:47;608.0;1576538448;94.22;17.13907568022073;0.4967848023252386;-0.4345703125;
23:20:48;609.0;1576538449;94.26;17.267880404708198;0.5005182726002376;-0.43701171875;
23:20:49;610.0;1576538450;94.444;17.010270955733272;0.49305133205023977;-0.43212890625;
23:20:50;611.0;1576538451;94.547;18.427122925095368;0.5341195050752281;-0.458984375;
23:20:51;612.0;1576538452;94.649;17.525489853683126;0.5079852131502356;-0.44189453125;
23:20:52;613.0;1576538453;94.629;17.525489853683126;0.5079852131502356;-0.44189453125;
23:20:53;614.0;1576538454;94.793;18.427122925095368;0.5341195050752281;-0.458984375;
23:20:54;615.0;1576538455;94.649;17.911904027145514;0.5191856239752323;-0.44921875;
23:20:55;616.0;1576538456;94.608;17.267880404708198;0.5005182726002376;-0.43701171875;
23:20:56;617.0;1576538457;94.588;17.78309930265805;0.5154521537002333;-0.44677734375;
23:20:57;618.0;1576538459;94.424;17.267880404708198;0.5005182726002376;-0.43701171875;
23:20:58;619.0;1576538460;94.301;17.39668512919566;0.5042517428752366;-0.439453125;
23:20:59;620.0;1576538461;94.22;17.13907568022073;0.4967848023252386;-0.4345703125;
23:21:00;621.0;1576538462;94.465;17.39668512919566;0.5042517428752366;-0.439453125;
23:21:01;622.0;1576538463;94.444;17.13907568022073;0.4967848023252386;-0.4345703125;
23:21:02;623.0;1576538464;94.772;16.366247333295952;0.474383980675245;-0.419921875;
23:21:03;624.0;1576538465;94.813;16.495052057783415;0.4781174509502439;-0.42236328125;
23:21:04;625.0;1576538466;94.937;17.267880404708198;0.5005182726002376;-0.43701171875;
23:21:05;626.0;1576538467;94.999;18.04070875163298;0.5229190942502313;-0.45166015625;
23:21:06;627.0;1576538468;94.772;17.010270955733272;0.49305133205023977;-0.43212890625;
23:21:07;628.0;1576538469;94.752;17.525489853683126;0.5079852131502356;-0.44189453125;
23:21:08;629.0;1576538470;94.363;16.752661506758344;0.48558439150024185;-0.42724609375;
23:21:09;630.0;1576538471;94.342;17.010270955733272;0.49305133205023977;-0.43212890625;
23:21:10;631.0;1576538472;94.057;17.39668512919566;0.5042517428752366;-0.439453125;
23:21:11;632.0;1576538473;94.26;17.13907568022073;0.4967848023252386;-0.4345703125;
23:21:12;633.0;1576538474;94.26;17.13907568022073;0.4967848023252386;-0.4345703125;
23:21:13;634.0;1576538475;94.097;17.13907568022073;0.4967848023252386;-0.4345703125;
23:21:14;635.0;1576538476;94.424;17.654294578170585;0.5117186834252344;-0.4443359375;
23:21:15;636.0;1576538477;94.363;17.13907568022073;0.4967848023252386;-0.4345703125;
23:21:16;637.0;1576538478;94.588;16.623856782270877;0.4818509212252428;-0.4248046875;
23:21:17;638.0;1576538479;94.896;17.525489853683126;0.5079852131502356;-0.44189453125;
23:21:18;639.0;1576538480;95.04;17.267880404708198;0.5005182726002376;-0.43701171875;
23:21:19;640.0;1576538481;95.122;17.010270955733272;0.49305133205023977;-0.43212890625;
23:21:20;641.0;1576538482;95.164;17.010270955733272;0.49305133205023977;-0.43212890625;
23:21:21;642.0;1576538483;94.957;16.623856782270877;0.4818509212252428;-0.4248046875;
23:21:22;643.0;1576538484;94.608;17.010270955733272;0.49305133205023977;-0.43212890625;
23:21:23;644.0;1576538485;94.629;17.267880404708198;0.5005182726002376;-0.43701171875;
23:21:25;646.0;1576538486;94.567;17.13907568022073;0.4967848023252386;-0.4345703125;
23:21:26;647.0;1576538487;95.143;16.881466231245806;0.4893178617752408;-0.4296875;
23:21:27;648.0;1576538488;95.37;17.267880404708198;0.5005182726002376;-0.43701171875;
23:21:28;649.0;1576538489;95.102;17.39668512919566;0.5042517428752366;-0.439453125;
23:21:29;650.0;1576538490;94.937;16.881466231245806;0.4893178617752408;-0.4296875;
23:21:30;651.0;1576538491;94.199;17.267880404708198;0.5005182726002376;-0.43701171875;
23:21:31;652.0;1576538492;93.996;16.881466231245806;0.4893178617752408;-0.4296875;
23:21:32;653.0;1576538493;94.22;17.13907568022073;0.4967848023252386;-0.4345703125;
23:21:33;654.0;1576538494;94.199;17.39668512919566;0.5042517428752366;-0.439453125;
23:21:34;655.0;1576538495;94.649;17.13907568022073;0.4967848023252386;-0.4345703125;
23:21:35;656.0;1576538496;94.629;17.654294578170585;0.5117186834252344;-0.4443359375;
23:21:36;657.0;1576538497;94.629;14.820590639446388;0.42958233737525764;-0.390625;
23:21:37;658.0;1576538498;94.793;17.39668512919566;0.5042517428752366;-0.439453125;
23:21:38;659.0;1576538499;94.547;17.525489853683126;0.5079852131502356;-0.44189453125;
23:21:39;660.0;1576538500;94.752;17.13907568022073;0.4967848023252386;-0.4345703125;
23:21:40;661.0;1576538501;94.752;16.881466231245806;0.4893178617752408;-0.4296875;
23:21:41;662.0;1576538502;94.608;17.525489853683126;0.5079852131502356;-0.44189453125;
23:21:42;663.0;1576538503;94.629;17.13907568022073;0.4967848023252386;-0.4345703125;
23:21:43;664.0;1576538504;94.424;17.010270955733272;0.49305133205023977;-0.43212890625;
23:21:44;665.0;1576538505;94.485;17.267880404708198;0.5005182726002376;-0.43701171875;
23:21:45;666.0;1576538506;94.444;17.267880404708198;0.5005182726002376;-0.43701171875;
23:21:46;667.0;1576538507;94.465;17.13907568022073;0.4967848023252386;-0.4345703125;
23:21:47;668.0;1576538508;94.506;17.39668512919566;0.5042517428752366;-0.439453125;
23:21:48;669.0;1576538509;94.567;17.13907568022073;0.4967848023252386;-0.4345703125;
23:21:49;670.0;1576538510;94.629;17.13907568022073;0.4967848023252386;-0.4345703125;
23:21:50;671.0;1576538511;94.608;17.525489853683126;0.5079852131502356;-0.44189453125;
23:21:51;672.0;1576538512;94.957;17.13907568022073;0.4967848023252386;-0.4345703125;
23:21:52;673.0;1576538513;94.855;17.39668512919566;0.5042517428752366;-0.439453125;
23:21:53;674.0;1576538514;94.772;18.04070875163298;0.5229190942502313;-0.45166015625;
23:21:54;675.0;1576538515;94.772;17.13907568022073;0.4967848023252386;-0.4345703125;
23:21:55;676.0;1576538516;94.588;15.979833159833563;0.46318356985024817;-0.41259765625;
23:21:56;677.0;1576538517;94.711;18.555927649582834;0.537852975350227;-0.46142578125;
23:21:57;678.0;1576538518;94.752;17.13907568022073;0.4967848023252386;-0.4345703125;
23:21:58;679.0;1576538519;94.526;17.010270955733272;0.49305133205023977;-0.43212890625;
23:21:59;680.0;1576538520;94.547;16.752661506758344;0.48558439150024185;-0.42724609375;
23:22:00;681.0;1576538521;94.424;17.267880404708198;0.5005182726002376;-0.43701171875;
23:22:01;682.0;1576538522;94.26;17.13907568022073;0.4967848023252386;-0.4345703125;
23:22:02;683.0;1576538523;94.26;17.39668512919566;0.5042517428752366;-0.439453125;
23:22:03;684.0;1576538524;94.24;16.881466231245806;0.4893178617752408;-0.4296875;
23:22:04;685.0;1576538525;94.342;17.13907568022073;0.4967848023252386;-0.4345703125;
23:22:05;686.0;1576538526;94.731;17.39668512919566;0.5042517428752366;-0.439453125;
23:22:06;687.0;1576538527;94.752;17.010270955733272;0.49305133205023977;-0.43212890625;
23:22:07;688.0;1576538528;94.896;17.39668512919566;0.5042517428752366;-0.439453125;
23:22:08;689.0;1576538529;94.588;17.525489853683126;0.5079852131502356;-0.44189453125;
23:22:09;690.0;1576538530;94.26;17.267880404708198;0.5005182726002376;-0.43701171875;
23:22:10;691.0;1576538531;94.097;17.13907568022073;0.4967848023252386;-0.4345703125;
23:22:11;692.0;1576538532;93.934;17.13907568022073;0.4967848023252386;-0.4345703125;
23:22:12;693.0;1576538533;94.138;17.267880404708198;0.5005182726002376;-0.43701171875;
23:22:13;694.0;1576538534;94.097;17.267880404708198;0.5005182726002376;-0.43701171875;
23:22:14;695.0;1576538535;94.649;17.13907568022073;0.4967848023252386;-0.4345703125;
23:22:15;696.0;1576538536;94.69;17.010270955733272;0.49305133205023977;-0.43212890625;
23:22:16;697.0;1576538537;94.485;17.525489853683126;0.5079852131502356;-0.44189453125;
23:22:17;698.0;1576538538;94.834;17.010270955733272;0.49305133205023977;-0.43212890625;
23:22:18;699.0;1576538539;94.444;18.684732374070293;0.5415864456252258;-0.4638671875;
23:22:19;700.0;1576538540;94.404;17.13907568022073;0.4967848023252386;-0.4345703125;
23:22:20;701.0;1576538541;94.22;17.267880404708198;0.5005182726002376;-0.43701171875;
23:22:21;702.0;1576538542;93.833;17.13907568022073;0.4967848023252386;-0.4345703125;
23:22:22;703.0;1576538544;93.833;17.13907568022073;0.4967848023252386;-0.4345703125;
23:22:23;704.0;1576538545;93.873;17.267880404708198;0.5005182726002376;-0.43701171875;
23:22:24;705.0;1576538546;93.934;17.525489853683126;0.5079852131502356;-0.44189453125;
23:22:25;706.0;1576538547;94.199;17.267880404708198;0.5005182726002376;-0.43701171875;
23:22:26;707.0;1576538548;94.179;17.13907568022073;0.4967848023252386;-0.4345703125;
23:22:27;708.0;1576538549;93.813;17.654294578170585;0.5117186834252344;-0.4443359375;
23:22:29;710.0;1576538550;93.873;17.010270955733272;0.49305133205023977;-0.43212890625;
23:22:30;711.0;1576538551;93.975;17.13907568022073;0.4967848023252386;-0.4345703125;
23:22:31;712.0;1576538552;93.975;17.39668512919566;0.5042517428752366;-0.439453125;
23:22:32;713.0;1576538553;94.138;17.525489853683126;0.5079852131502356;-0.44189453125;
23:22:33;714.0;1576538554;94.342;16.881466231245806;0.4893178617752408;-0.4296875;
23:22:34;715.0;1576538555;93.792;17.525489853683126;0.5079852131502356;-0.44189453125;
23:22:35;716.0;1576538556;93.996;17.13907568022073;0.4967848023252386;-0.4345703125;
23:22:36;717.0;1576538557;94.158;17.13907568022073;0.4967848023252386;-0.4345703125;
23:22:37;718.0;1576538558;94.158;17.010270955733272;0.49305133205023977;-0.43212890625;
23:22:38;719.0;1576538559;94.342;17.39668512919566;0.5042517428752366;-0.439453125;
23:22:39;720.0;1576538560;94.138;16.623856782270877;0.4818509212252428;-0.4248046875;
23:22:40;721.0;1576538561;93.772;17.39668512919566;0.5042517428752366;-0.439453125;
23:22:41;722.0;1576538562;93.752;17.010270955733272;0.49305133205023977;-0.43212890625;
23:22:42;723.0;1576538563;93.772;16.752661506758344;0.48558439150024185;-0.42724609375;
23:22:43;724.0;1576538564;93.63;17.13907568022073;0.4967848023252386;-0.4345703125;
23:22:44;725.0;1576538565;93.833;17.13907568022073;0.4967848023252386;-0.4345703125;
23:22:45;726.0;1576538566;93.731;17.13907568022073;0.4967848023252386;-0.4345703125;
23:22:46;727.0;1576538567;93.691;17.13907568022073;0.4967848023252386;-0.4345703125;
23:22:47;728.0;1576538568;94.036;15.59341898637117;0.45198315902525127;-0.4052734375;
23:22:48;729.0;1576538569;94.199;17.267880404708198;0.5005182726002376;-0.43701171875;
23:22:49;730.0;1576538570;94.342;17.13907568022073;0.4967848023252386;-0.4345703125;
23:22:50;731.0;1576538571;94.342;17.267880404708198;0.5005182726002376;-0.43701171875;
23:22:51;732.0;1576538572;94.199;16.752661506758344;0.48558439150024185;-0.42724609375;
23:22:52;733.0;1576538573;94.22;17.13907568022073;0.4967848023252386;-0.4345703125;
23:22:53;734.0;1576538574;94.036;17.267880404708198;0.5005182726002376;-0.43701171875;
23:22:54;735.0;1576538575;94.26;17.267880404708198;0.5005182726002376;-0.43701171875;
23:22:55;736.0;1576538576;94.588;17.13907568022073;0.4967848023252386;-0.4345703125;
23:22:56;737.0;1576538577;94.424;17.267880404708198;0.5005182726002376;-0.43701171875;
23:22:57;738.0;1576538578;94.649;17.13907568022073;0.4967848023252386;-0.4345703125;
23:22:58;739.0;1576538579;94.485;17.525489853683126;0.5079852131502356;-0.44189453125;
23:22:59;740.0;1576538580;94.322;17.267880404708198;0.5005182726002376;-0.43701171875;
23:23:00;741.0;1576538581;94.342;17.654294578170585;0.5117186834252344;-0.4443359375;
23:23:01;742.0;1576538582;94.118;17.010270955733272;0.49305133205023977;-0.43212890625;
23:23:02;743.0;1576538583;94.24;17.267880404708198;0.5005182726002376;-0.43701171875;
23:23:03;744.0;1576538584;93.996;17.13907568022073;0.4967848023252386;-0.4345703125;
23:23:04;745.0;1576538585;93.934;17.267880404708198;0.5005182726002376;-0.43701171875;
23:23:05;746.0;1576538587;93.894;17.13907568022073;0.4967848023252386;-0.4345703125;
23:23:06;747.0;1576538588;93.691;17.267880404708198;0.5005182726002376;-0.43701171875;
23:23:07;748.0;1576538589;93.752;17.267880404708198;0.5005182726002376;-0.43701171875;
23:23:08;749.0;1576538590;94.097;16.881466231245806;0.4893178617752408;-0.4296875;
23:23:09;750.0;1576538591;94.179;17.267880404708198;0.5005182726002376;-0.43701171875;
23:23:10;751.0;1576538592;94.281;17.267880404708198;0.5005182726002376;-0.43701171875;
23:23:11;752.0;1576538593;94.301;17.267880404708198;0.5005182726002376;-0.43701171875;
23:23:12;753.0;1576538594;94.322;15.59341898637117;0.45198315902525127;-0.4052734375;
23:23:13;754.0;1576538595;94.322;17.39668512919566;0.5042517428752366;-0.439453125;
23:23:14;755.0;1576538596;94.444;17.525489853683126;0.5079852131502356;-0.44189453125;
23:23:15;756.0;1576538597;94.199;17.525489853683126;0.5079852131502356;-0.44189453125;
23:23:16;757.0;1576538598;93.873;17.267880404708198;0.5005182726002376;-0.43701171875;
23:23:17;758.0;1576538599;94.077;16.752661506758344;0.48558439150024185;-0.42724609375;
23:23:18;759.0;1576538600;94.097;17.13907568022073;0.4967848023252386;-0.4345703125;
23:23:19;760.0;1576538601;94.077;17.13907568022073;0.4967848023252386;-0.4345703125;
23:23:20;761.0;1576538602;94.097;17.267880404708198;0.5005182726002376;-0.43701171875;
23:23:21;762.0;1576538603;93.873;17.267880404708198;0.5005182726002376;-0.43701171875;
23:23:22;763.0;1576538604;93.691;17.010270955733272;0.49305133205023977;-0.43212890625;
23:23:23;764.0;1576538605;93.894;17.13907568022073;0.4967848023252386;-0.4345703125;
23:23:24;765.0;1576538606;93.711;17.267880404708198;0.5005182726002376;-0.43701171875;
23:23:25;766.0;1576538607;93.569;16.881466231245806;0.4893178617752408;-0.4296875;
23:23:26;767.0;1576538608;93.772;16.881466231245806;0.4893178617752408;-0.4296875;
23:23:27;768.0;1576538609;93.833;17.39668512919566;0.5042517428752366;-0.439453125;
23:23:28;769.0;1576538610;94.22;17.13907568022073;0.4967848023252386;-0.4345703125;
23:23:29;770.0;1576538611;93.914;17.525489853683126;0.5079852131502356;-0.44189453125;
23:23:30;771.0;1576538612;93.853;16.23744260880849;0.4706505104002461;-0.41748046875;
23:23:31;772.0;1576538613;93.772;17.78309930265805;0.5154521537002333;-0.44677734375;
23:23:33;774.0;1576538614;93.529;16.881466231245806;0.4893178617752408;-0.4296875;
23:23:34;775.0;1576538615;93.996;17.010270955733272;0.49305133205023977;-0.43212890625;
23:23:35;776.0;1576538616;93.813;17.13907568022073;0.4967848023252386;-0.4345703125;
23:23:36;777.0;1576538617;93.691;17.39668512919566;0.5042517428752366;-0.439453125;
23:23:37;778.0;1576538618;93.529;17.39668512919566;0.5042517428752366;-0.439453125;
23:23:38;779.0;1576538619;93.549;17.010270955733272;0.49305133205023977;-0.43212890625;
23:23:39;780.0;1576538620;93.428;17.267880404708198;0.5005182726002376;-0.43701171875;
23:23:40;781.0;1576538621;93.61;18.04070875163298;0.5229190942502313;-0.45166015625;
23:23:41;782.0;1576538622;93.772;17.13907568022073;0.4967848023252386;-0.4345703125;
23:23:42;783.0;1576538623;93.347;17.654294578170585;0.5117186834252344;-0.4443359375;
23:23:43;784.0;1576538624;93.327;17.267880404708198;0.5005182726002376;-0.43701171875;
23:23:44;785.0;1576538625;93.145;17.267880404708198;0.5005182726002376;-0.43701171875;
23:23:45;786.0;1576538626;93.165;17.13907568022073;0.4967848023252386;-0.4345703125;
23:23:46;787.0;1576538627;93.529;16.623856782270877;0.4818509212252428;-0.4248046875;
23:23:47;788.0;1576538628;93.529;17.010270955733272;0.49305133205023977;-0.43212890625;
23:23:48;789.0;1576538629;93.691;17.267880404708198;0.5005182726002376;-0.43701171875;
23:23:49;790.0;1576538630;93.853;17.267880404708198;0.5005182726002376;-0.43701171875;
23:23:50;791.0;1576538631;93.894;17.525489853683126;0.5079852131502356;-0.44189453125;
23:23:51;792.0;1576538632;93.873;17.39668512919566;0.5042517428752366;-0.439453125;
23:23:52;793.0;1576538633;93.731;15.979833159833563;0.46318356985024817;-0.41259765625;
23:23:53;794.0;1576538634;93.367;17.39668512919566;0.5042517428752366;-0.439453125;
23:23:54;795.0;1576538635;93.367;17.39668512919566;0.5042517428752366;-0.439453125;
23:23:55;796.0;1576538636;93.407;17.654294578170585;0.5117186834252344;-0.4443359375;
23:23:56;797.0;1576538637;93.549;17.267880404708198;0.5005182726002376;-0.43701171875;
23:23:57;798.0;1576538638;93.61;16.752661506758344;0.48558439150024185;-0.42724609375;
23:23:58;799.0;1576538639;93.589;17.13907568022073;0.4967848023252386;-0.4345703125;
23:23:59;800.0;1576538640;93.792;16.881466231245806;0.4893178617752408;-0.4296875;
23:24:00;801.0;1576538641;93.853;17.267880404708198;0.5005182726002376;-0.43701171875;
23:24:01;802.0;1576538642;94.199;18.684732374070293;0.5415864456252258;-0.4638671875;
23:24:02;803.0;1576538643;94.383;17.13907568022073;0.4967848023252386;-0.4345703125;
23:24:03;804.0;1576538644;94.506;17.267880404708198;0.5005182726002376;-0.43701171875;
23:24:04;805.0;1576538645;94.301;16.752661506758344;0.48558439150024185;-0.42724609375;
23:24:05;806.0;1576538646;94.057;17.13907568022073;0.4967848023252386;-0.4345703125;
23:24:06;807.0;1576538647;94.057;17.78309930265805;0.5154521537002333;-0.44677734375;
23:24:07;808.0;1576538648;93.833;17.39668512919566;0.5042517428752366;-0.439453125;
23:24:08;809.0;1576538649;93.488;17.13907568022073;0.4967848023252386;-0.4345703125;
23:24:09;810.0;1576538650;92.964;16.881466231245806;0.4893178617752408;-0.4296875;
23:24:10;811.0;1576538651;92.944;17.267880404708198;0.5005182726002376;-0.43701171875;
23:24:11;812.0;1576538652;93.185;15.722223710858636;0.4557166293002503;-0.40771484375;
23:24:12;813.0;1576538653;93.448;17.13907568022073;0.4967848023252386;-0.4345703125;
23:24:13;814.0;1576538654;94.016;16.752661506758344;0.48558439150024185;-0.42724609375;
23:24:14;815.0;1576538655;93.691;17.13907568022073;0.4967848023252386;-0.4345703125;
23:24:15;816.0;1576538656;93.529;16.495052057783415;0.4781174509502439;-0.42236328125;
23:24:16;817.0;1576538657;93.529;17.39668512919566;0.5042517428752366;-0.439453125;
23:24:17;818.0;1576538658;93.549;16.881466231245806;0.4893178617752408;-0.4296875;
23:24:18;819.0;1576538659;93.65;17.13907568022073;0.4967848023252386;-0.4345703125;
23:24:19;820.0;1576538660;93.63;17.267880404708198;0.5005182726002376;-0.43701171875;
23:24:20;821.0;1576538661;93.731;17.13907568022073;0.4967848023252386;-0.4345703125;
23:24:21;822.0;1576538662;93.529;17.010270955733272;0.49305133205023977;-0.43212890625;
23:24:22;823.0;1576538663;93.569;17.267880404708198;0.5005182726002376;-0.43701171875;
23:24:23;824.0;1576538664;93.589;17.654294578170585;0.5117186834252344;-0.4443359375;
23:24:24;825.0;1576538665;93.671;17.010270955733272;0.49305133205023977;-0.43212890625;
23:24:25;826.0;1576538666;93.711;17.13907568022073;0.4967848023252386;-0.4345703125;
23:24:26;827.0;1576538667;93.752;17.010270955733272;0.49305133205023977;-0.43212890625;
23:24:27;828.0;1576538668;93.975;17.010270955733272;0.49305133205023977;-0.43212890625;
23:24:28;829.0;1576538669;93.833;17.13907568022073;0.4967848023252386;-0.4345703125;
23:24:29;830.0;1576538670;93.996;17.13907568022073;0.4967848023252386;-0.4345703125;
23:24:30;831.0;1576538671;93.975;17.39668512919566;0.5042517428752366;-0.439453125;
23:24:31;832.0;1576538673;93.589;17.267880404708198;0.5005182726002376;-0.43701171875;
23:24:32;833.0;1576538674;93.428;17.267880404708198;0.5005182726002376;-0.43701171875;
23:24:33;834.0;1576538675;93.387;18.298318200607905;0.5303860348002292;-0.45654296875;
23:24:34;835.0;1576538676;92.843;17.267880404708198;0.5005182726002376;-0.43701171875;
23:24:35;836.0;1576538677;93.004;17.010270955733272;0.49305133205023977;-0.43212890625;
23:24:37;838.0;1576538678;93.105;17.13907568022073;0.4967848023252386;-0.4345703125;
23:24:38;839.0;1576538679;93.145;17.13907568022073;0.4967848023252386;-0.4345703125;
23:24:39;840.0;1576538680;93.731;17.13907568022073;0.4967848023252386;-0.4345703125;
23:24:40;841.0;1576538681;93.914;17.39668512919566;0.5042517428752366;-0.439453125;
23:24:41;842.0;1576538682;94.363;17.13907568022073;0.4967848023252386;-0.4345703125;
23:24:42;843.0;1576538683;94.547;17.39668512919566;0.5042517428752366;-0.439453125;
23:24:43;844.0;1576538684;94.506;17.911904027145514;0.5191856239752323;-0.44921875;
23:24:44;845.0;1576538685;94.342;17.267880404708198;0.5005182726002376;-0.43701171875;
23:24:45;846.0;1576538686;94.199;18.427122925095368;0.5341195050752281;-0.458984375;
23:24:46;847.0;1576538687;93.934;17.267880404708198;0.5005182726002376;-0.43701171875;
23:24:47;848.0;1576538688;93.731;17.267880404708198;0.5005182726002376;-0.43701171875;
23:24:48;849.0;1576538689;93.508;18.298318200607905;0.5303860348002292;-0.45654296875;
23:24:49;850.0;1576538690;93.61;16.623856782270877;0.4818509212252428;-0.4248046875;
23:24:50;851.0;1576538691;93.589;16.752661506758344;0.48558439150024185;-0.42724609375;
23:24:51;852.0;1576538692;93.792;17.13907568022073;0.4967848023252386;-0.4345703125;
23:24:53;854.0;1576538693;93.407;17.525489853683126;0.5079852131502356;-0.44189453125;
23:24:54;855.0;1576538695;93.306;17.010270955733272;0.49305133205023977;-0.43212890625;
23:24:55;856.0;1576538696;93.105;17.654294578170585;0.5117186834252344;-0.4443359375;
23:24:56;857.0;1576538697;93.165;17.267880404708198;0.5005182726002376;-0.43701171875;
23:24:57;858.0;1576538698;93.428;17.13907568022073;0.4967848023252386;-0.4345703125;
23:24:58;859.0;1576538699;93.266;17.267880404708198;0.5005182726002376;-0.43701171875;
23:24:59;860.0;1576538700;93.266;17.267880404708198;0.5005182726002376;-0.43701171875;
23:25:00;861.0;1576538701;93.347;20.487998516894784;0.5938550294752112;-0.498046875;
23:25:01;862.0;1576538702;93.165;17.39668512919566;0.5042517428752366;-0.439453125;
23:25:02;863.0;1576538703;93.306;17.010270955733272;0.49305133205023977;-0.43212890625;
23:25:03;864.0;1576538704;93.367;17.39668512919566;0.5042517428752366;-0.439453125;
23:25:04;865.0;1576538705;93.246;17.010270955733272;0.49305133205023977;-0.43212890625;
23:25:05;866.0;1576538706;93.428;17.010270955733272;0.49305133205023977;-0.43212890625;
23:25:06;867.0;1576538707;93.468;17.525489853683126;0.5079852131502356;-0.44189453125;
23:25:07;868.0;1576538708;93.468;17.010270955733272;0.49305133205023977;-0.43212890625;
