Time;Seconds from start for linreg;Unix Time;ch1 po2;Uc;Ubl;Vc;
18:48:33;-1.0;1573843714;96.295;18.55708334949803;0.5084132424520008;-0.45654296875;
18:48:34;0.0;1573843715;96.191;18.426457136645112;0.504834442099866;-0.4541015625;
18:48:35;1.0;1573843716;96.254;18.426457136645112;0.504834442099866;-0.4541015625;
18:48:36;2.0;1573843717;96.254;18.81833577520386;0.5155708431562701;-0.46142578125;
18:48:37;3.0;1573843718;96.044;18.426457136645112;0.504834442099866;-0.4541015625;
18:48:38;4.0;1573843719;96.128;18.55708334949803;0.5084132424520008;-0.45654296875;
18:48:39;5.0;1573843721;96.107;18.2958309237922;0.5012556417477315;-0.45166015625;
18:48:40;6.0;1573843722;96.295;18.2958309237922;0.5012556417477315;-0.45166015625;
18:48:41;7.0;1573843723;96.358;18.426457136645112;0.504834442099866;-0.4541015625;
18:48:42;8.0;1573843724;96.379;18.948961988056773;0.5191496435084048;-0.4638671875;
18:48:43;9.0;1573843725;96.526;18.2958309237922;0.5012556417477315;-0.45166015625;
18:48:44;10.0;1573843726;96.337;18.2958309237922;0.5012556417477315;-0.45166015625;
18:48:45;11.0;1573843727;96.358;18.426457136645112;0.504834442099866;-0.4541015625;
18:48:46;12.0;1573843728;96.149;18.2958309237922;0.5012556417477315;-0.45166015625;
18:48:47;13.0;1573843729;96.191;18.2958309237922;0.5012556417477315;-0.45166015625;
18:48:48;14.0;1573843730;96.4;18.16520471093928;0.49767684139559665;-0.44921875;
18:48:49;15.0;1573843731;96.547;18.2958309237922;0.5012556417477315;-0.45166015625;
18:48:50;16.0;1573843732;96.547;17.903952285233448;0.49051924069132735;-0.4443359375;
18:48:51;17.0;1573843733;96.358;18.426457136645112;0.504834442099866;-0.4541015625;
18:48:52;18.0;1573843734;96.316;18.426457136645112;0.504834442099866;-0.4541015625;
18:48:53;19.0;1573843735;96.316;16.72831636955721;0.4583100375221153;-0.42236328125;
18:48:54;20.0;1573843736;96.653;18.2958309237922;0.5012556417477315;-0.45166015625;
18:48:55;21.0;1573843737;96.442;21.16960760655634;0.5799892494946942;-0.50537109375;
18:48:56;22.0;1573843738;96.295;18.687709562350943;0.5119920428041355;-0.458984375;
18:48:57;23.0;1573843739;95.898;18.81833577520386;0.5155708431562701;-0.46142578125;
18:48:59;25.0;1573843740;95.794;18.55708334949803;0.5084132424520008;-0.45654296875;
18:49:01;27.0;1573843741;96.337;18.16520471093928;0.49767684139559665;-0.44921875;
18:49:02;28.0;1573843743;96.568;18.16520471093928;0.49767684139559665;-0.44921875;
18:49:03;29.0;1573843744;96.526;18.426457136645112;0.504834442099866;-0.4541015625;
18:49:04;30.0;1573843745;96.547;18.2958309237922;0.5012556417477315;-0.45166015625;
18:49:05;31.0;1573843746;96.337;18.16520471093928;0.49767684139559665;-0.44921875;
18:49:06;32.0;1573843747;96.128;18.687709562350943;0.5119920428041355;-0.458984375;
18:49:07;33.0;1573843748;95.898;18.426457136645112;0.504834442099866;-0.4541015625;
18:49:08;34.0;1573843749;95.877;18.687709562350943;0.5119920428041355;-0.458984375;
18:49:09;35.0;1573843750;95.877;18.426457136645112;0.504834442099866;-0.4541015625;
18:49:10;36.0;1573843751;95.877;17.773326072380534;0.4869404403391927;-0.44189453125;
18:49:11;37.0;1573843752;96.295;18.426457136645112;0.504834442099866;-0.4541015625;
18:49:12;38.0;1573843753;96.463;18.426457136645112;0.504834442099866;-0.4541015625;
18:49:13;39.0;1573843754;96.275;19.07958820090969;0.5227284438605394;-0.46630859375;
18:49:14;40.0;1573843755;96.653;18.426457136645112;0.504834442099866;-0.4541015625;
18:49:15;41.0;1573843756;96.653;18.687709562350943;0.5119920428041355;-0.458984375;
18:49:16;42.0;1573843757;96.547;18.426457136645112;0.504834442099866;-0.4541015625;
18:49:17;43.0;1573843758;96.906;18.948961988056773;0.5191496435084048;-0.4638671875;
18:49:18;44.0;1573843759;96.906;18.687709562350943;0.5119920428041355;-0.458984375;
18:49:19;45.0;1573843760;96.589;18.426457136645112;0.504834442099866;-0.4541015625;
18:49:20;46.0;1573843761;96.568;18.55708334949803;0.5084132424520008;-0.45654296875;
18:49:21;47.0;1573843762;96.611;18.2958309237922;0.5012556417477315;-0.45166015625;
18:49:22;48.0;1573843763;96.442;18.2958309237922;0.5012556417477315;-0.45166015625;
18:49:23;49.0;1573843764;96.568;19.07958820090969;0.5227284438605394;-0.46630859375;
18:49:24;50.0;1573843765;96.589;18.687709562350943;0.5119920428041355;-0.458984375;
18:49:25;51.0;1573843766;96.4;18.55708334949803;0.5084132424520008;-0.45654296875;
18:49:26;52.0;1573843767;96.4;18.426457136645112;0.504834442099866;-0.4541015625;
18:49:27;53.0;1573843768;96.358;18.687709562350943;0.5119920428041355;-0.458984375;
18:49:28;54.0;1573843769;96.17;18.426457136645112;0.504834442099866;-0.4541015625;
18:49:29;55.0;1573843770;96.149;18.687709562350943;0.5119920428041355;-0.458984375;
18:49:30;56.0;1573843771;95.919;18.426457136645112;0.504834442099866;-0.4541015625;
18:49:31;57.0;1573843772;96.337;18.81833577520386;0.5155708431562701;-0.46142578125;
18:49:32;58.0;1573843773;96.547;18.426457136645112;0.504834442099866;-0.4541015625;
18:49:33;59.0;1573843774;96.716;18.16520471093928;0.49767684139559665;-0.44921875;
18:49:34;60.0;1573843776;96.906;18.426457136645112;0.504834442099866;-0.4541015625;
18:49:35;61.0;1573843777;96.4;19.340840626615524;0.5298860445648089;-0.47119140625;
18:49:36;62.0;1573843778;96.107;18.2958309237922;0.5012556417477315;-0.45166015625;
18:49:37;63.0;1573843779;95.961;19.07958820090969;0.5227284438605394;-0.46630859375;
18:49:38;64.0;1573843780;95.982;18.16520471093928;0.49767684139559665;-0.44921875;
18:49:39;65.0;1573843781;95.94;19.340840626615524;0.5298860445648089;-0.47119140625;
18:49:40;66.0;1573843782;95.961;18.55708334949803;0.5084132424520008;-0.45654296875;
18:49:41;67.0;1573843783;96.149;18.55708334949803;0.5084132424520008;-0.45654296875;
18:49:42;68.0;1573843784;96.316;18.55708334949803;0.5084132424520008;-0.45654296875;
18:49:43;69.0;1573843785;96.463;20.12459790373302;0.5513588466776169;-0.48583984375;
18:49:44;70.0;1573843786;96.842;18.948961988056773;0.5191496435084048;-0.4638671875;
18:49:45;71.0;1573843787;96.611;18.81833577520386;0.5155708431562701;-0.46142578125;
18:49:46;72.0;1573843788;96.611;18.426457136645112;0.504834442099866;-0.4541015625;
18:49:47;73.0;1573843789;96.611;18.55708334949803;0.5084132424520008;-0.45654296875;
18:49:48;74.0;1573843790;96.611;18.687709562350943;0.5119920428041355;-0.458984375;
18:49:49;75.0;1573843791;96.653;18.81833577520386;0.5155708431562701;-0.46142578125;
18:49:50;76.0;1573843792;96.674;18.687709562350943;0.5119920428041355;-0.458984375;
18:49:51;77.0;1573843793;96.547;18.687709562350943;0.5119920428041355;-0.458984375;
18:49:52;78.0;1573843794;96.442;18.16520471093928;0.49767684139559665;-0.44921875;
18:49:53;79.0;1573843795;96.589;18.426457136645112;0.504834442099866;-0.4541015625;
18:49:54;80.0;1573843796;96.421;18.55708334949803;0.5084132424520008;-0.45654296875;
18:49:55;81.0;1573843797;96.358;18.55708334949803;0.5084132424520008;-0.45654296875;
18:49:56;82.0;1573843798;96.484;18.55708334949803;0.5084132424520008;-0.45654296875;
18:49:57;83.0;1573843799;96.275;18.55708334949803;0.5084132424520008;-0.45654296875;
18:49:58;84.0;1573843800;96.086;18.55708334949803;0.5084132424520008;-0.45654296875;
18:49:59;85.0;1573843800;96.233;18.2958309237922;0.5012556417477315;-0.45166015625;
18:50:00;86.0;1573843802;96.044;18.55708334949803;0.5084132424520008;-0.45654296875;
18:50:01;87.0;1573843803;95.898;18.55708334949803;0.5084132424520008;-0.45654296875;
18:50:02;88.0;1573843804;96.065;18.81833577520386;0.5155708431562701;-0.46142578125;
18:50:04;90.0;1573843805;96.128;18.2958309237922;0.5012556417477315;-0.45166015625;
18:50:05;91.0;1573843806;96.275;18.81833577520386;0.5155708431562701;-0.46142578125;
18:50:06;92.0;1573843807;96.863;18.426457136645112;0.504834442099866;-0.4541015625;
18:50:07;93.0;1573843808;96.884;18.16520471093928;0.49767684139559665;-0.44921875;
18:50:08;94.0;1573843809;96.906;19.07958820090969;0.5227284438605394;-0.46630859375;
18:50:09;95.0;1573843810;96.589;18.55708334949803;0.5084132424520008;-0.45654296875;
18:50:10;96.0;1573843811;96.023;18.426457136645112;0.504834442099866;-0.4541015625;
18:50:11;97.0;1573843812;96.149;18.81833577520386;0.5155708431562701;-0.46142578125;
18:50:12;98.0;1573843813;95.919;18.55708334949803;0.5084132424520008;-0.45654296875;
18:50:13;99.0;1573843814;96.275;17.773326072380534;0.4869404403391927;-0.44189453125;
18:50:14;100.0;1573843815;96.442;18.426457136645112;0.504834442099866;-0.4541015625;
18:50:15;101.0;1573843816;96.275;18.55708334949803;0.5084132424520008;-0.45654296875;
18:50:16;102.0;1573843817;96.526;18.55708334949803;0.5084132424520008;-0.45654296875;
18:50:17;103.0;1573843818;96.086;18.2958309237922;0.5012556417477315;-0.45166015625;
18:50:18;104.0;1573843819;96.254;20.38585032943885;0.5585164473818863;-0.49072265625;
18:50:19;105.0;1573843820;96.233;18.55708334949803;0.5084132424520008;-0.45654296875;
18:50:20;106.0;1573843821;96.4;18.55708334949803;0.5084132424520008;-0.45654296875;
18:50:21;107.0;1573843822;96.695;18.55708334949803;0.5084132424520008;-0.45654296875;
18:50:22;108.0;1573843823;96.505;23.78213186361465;0.6515652565373877;-0.55419921875;
18:50:23;109.0;1573843824;96.716;18.948961988056773;0.5191496435084048;-0.4638671875;
18:50:24;110.0;1573843825;96.547;16.98956879526304;0.46546763822638465;-0.42724609375;
18:50:25;111.0;1573843826;96.505;18.55708334949803;0.5084132424520008;-0.45654296875;
18:50:26;112.0;1573843827;96.547;19.602093052321354;0.5370436452690782;-0.47607421875;
18:50:27;113.0;1573843828;96.337;18.55708334949803;0.5084132424520008;-0.45654296875;
18:50:28;114.0;1573843829;96.716;18.426457136645112;0.504834442099866;-0.4541015625;
18:50:29;115.0;1573843830;96.526;18.2958309237922;0.5012556417477315;-0.45166015625;
18:50:30;116.0;1573843831;96.674;18.2958309237922;0.5012556417477315;-0.45166015625;
18:50:31;117.0;1573843832;96.526;18.16520471093928;0.49767684139559665;-0.44921875;
18:50:32;118.0;1573843833;96.065;13.462661048234317;0.3688400287187484;-0.361328125;
18:50:33;119.0;1573843834;96.233;18.2958309237922;0.5012556417477315;-0.45166015625;
18:50:34;120.0;1573843835;95.919;18.426457136645112;0.504834442099866;-0.4541015625;
18:50:35;121.0;1573843836;96.065;18.55708334949803;0.5084132424520008;-0.45654296875;
18:50:36;122.0;1573843837;96.107;18.2958309237922;0.5012556417477315;-0.45166015625;
18:50:37;123.0;1573843838;95.94;18.2958309237922;0.5012556417477315;-0.45166015625;
18:50:38;124.0;1573843839;96.002;18.81833577520386;0.5155708431562701;-0.46142578125;
18:50:39;125.0;1573843840;95.982;18.426457136645112;0.504834442099866;-0.4541015625;
18:50:40;126.0;1573843841;96.254;18.426457136645112;0.504834442099866;-0.4541015625;
18:50:41;127.0;1573843842;96.442;18.687709562350943;0.5119920428041355;-0.458984375;
18:50:42;128.0;1573843843;96.358;18.687709562350943;0.5119920428041355;-0.458984375;
18:50:43;129.0;1573843844;96.463;18.426457136645112;0.504834442099866;-0.4541015625;
18:50:44;130.0;1573843845;96.233;17.773326072380534;0.4869404403391927;-0.44189453125;
18:50:45;131.0;1573843846;96.212;18.55708334949803;0.5084132424520008;-0.45654296875;
18:50:46;132.0;1573843847;96.568;18.687709562350943;0.5119920428041355;-0.458984375;
18:50:47;133.0;1573843848;96.149;18.034578498086365;0.49409804104346206;-0.44677734375;
18:50:48;134.0;1573843849;96.107;18.687709562350943;0.5119920428041355;-0.458984375;
18:50:49;135.0;1573843850;96.358;17.773326072380534;0.4869404403391927;-0.44189453125;
18:50:50;136.0;1573843851;96.212;18.687709562350943;0.5119920428041355;-0.458984375;
18:50:51;137.0;1573843852;96.779;18.426457136645112;0.504834442099866;-0.4541015625;
18:50:52;138.0;1573843853;96.421;18.55708334949803;0.5084132424520008;-0.45654296875;
18:50:53;139.0;1573843854;96.4;18.55708334949803;0.5084132424520008;-0.45654296875;
18:50:54;140.0;1573843855;96.17;18.426457136645112;0.504834442099866;-0.4541015625;
18:50:55;141.0;1573843856;95.815;18.16520471093928;0.49767684139559665;-0.44921875;
18:50:56;142.0;1573843857;96.568;18.687709562350943;0.5119920428041355;-0.458984375;
18:50:57;143.0;1573843858;96.4;18.2958309237922;0.5012556417477315;-0.45166015625;
18:50:58;144.0;1573843859;96.4;18.16520471093928;0.49767684139559665;-0.44921875;
18:50:59;145.0;1573843860;96.758;18.426457136645112;0.504834442099866;-0.4541015625;
18:51:00;146.0;1573843861;96.17;18.81833577520386;0.5155708431562701;-0.46142578125;
18:51:01;147.0;1573843862;96.107;19.471466839468437;0.5334648449169435;-0.4736328125;
18:51:02;148.0;1573843863;96.275;18.2958309237922;0.5012556417477315;-0.45166015625;
18:51:03;149.0;1573843864;96.086;19.210214413762603;0.526307244212674;-0.46875;
18:51:04;150.0;1573843865;96.275;18.426457136645112;0.504834442099866;-0.4541015625;
18:51:05;151.0;1573843867;95.898;18.426457136645112;0.504834442099866;-0.4541015625;
18:51:06;152.0;1573843868;95.982;18.81833577520386;0.5155708431562701;-0.46142578125;
18:51:08;154.0;1573843869;96.358;17.903952285233448;0.49051924069132735;-0.4443359375;
18:51:09;155.0;1573843870;96.421;18.55708334949803;0.5084132424520008;-0.45654296875;
18:51:10;156.0;1573843871;96.821;18.687709562350943;0.5119920428041355;-0.458984375;
18:51:11;157.0;1573843872;96.758;18.426457136645112;0.504834442099866;-0.4541015625;
18:51:12;158.0;1573843873;96.254;18.426457136645112;0.504834442099866;-0.4541015625;
18:51:13;159.0;1573843874;96.254;18.55708334949803;0.5084132424520008;-0.45654296875;
18:51:14;160.0;1573843875;96.337;18.426457136645112;0.504834442099866;-0.4541015625;
18:51:15;161.0;1573843876;96.316;18.55708334949803;0.5084132424520008;-0.45654296875;
18:51:16;162.0;1573843877;96.421;18.2958309237922;0.5012556417477315;-0.45166015625;
18:51:17;163.0;1573843878;96.379;18.426457136645112;0.504834442099866;-0.4541015625;
18:51:18;164.0;1573843879;96.086;18.426457136645112;0.504834442099866;-0.4541015625;
18:51:19;165.0;1573843880;96.128;18.426457136645112;0.504834442099866;-0.4541015625;
18:51:20;166.0;1573843881;95.982;18.2958309237922;0.5012556417477315;-0.45166015625;
18:51:21;167.0;1573843882;95.731;18.426457136645112;0.504834442099866;-0.4541015625;
18:51:22;168.0;1573843883;95.94;18.16520471093928;0.49767684139559665;-0.44921875;
18:51:23;169.0;1573843884;95.961;17.903952285233448;0.49051924069132735;-0.4443359375;
18:51:24;170.0;1573843885;96.149;18.55708334949803;0.5084132424520008;-0.45654296875;
18:51:25;171.0;1573843886;96.191;18.55708334949803;0.5084132424520008;-0.45654296875;
18:51:26;172.0;1573843887;96.002;18.426457136645112;0.504834442099866;-0.4541015625;
18:51:27;173.0;1573843888;95.961;18.426457136645112;0.504834442099866;-0.4541015625;
18:51:28;174.0;1573843889;95.794;18.55708334949803;0.5084132424520008;-0.45654296875;
18:51:29;175.0;1573843890;95.752;18.426457136645112;0.504834442099866;-0.4541015625;
18:51:30;176.0;1573843891;96.086;18.55708334949803;0.5084132424520008;-0.45654296875;
18:51:31;177.0;1573843892;96.275;17.903952285233448;0.49051924069132735;-0.4443359375;
18:51:32;178.0;1573843893;96.044;18.426457136645112;0.504834442099866;-0.4541015625;
18:51:33;179.0;1573843894;95.898;18.2958309237922;0.5012556417477315;-0.45166015625;
18:51:34;180.0;1573843895;95.69;18.426457136645112;0.504834442099866;-0.4541015625;
18:51:35;181.0;1573843896;95.316;18.426457136645112;0.504834442099866;-0.4541015625;
18:51:36;182.0;1573843897;95.69;18.2958309237922;0.5012556417477315;-0.45166015625;
18:51:37;183.0;1573843898;96.086;18.55708334949803;0.5084132424520008;-0.45654296875;
18:51:38;184.0;1573843899;96.002;18.55708334949803;0.5084132424520008;-0.45654296875;
18:51:39;185.0;1573843900;96.17;18.426457136645112;0.504834442099866;-0.4541015625;
18:51:40;186.0;1573843901;96.044;18.55708334949803;0.5084132424520008;-0.45654296875;
18:51:41;187.0;1573843902;95.836;18.426457136645112;0.504834442099866;-0.4541015625;
18:51:42;188.0;1573843903;95.648;18.16520471093928;0.49767684139559665;-0.44921875;
18:51:43;189.0;1573843904;95.836;18.55708334949803;0.5084132424520008;-0.45654296875;
18:51:44;190.0;1573843905;95.815;18.2958309237922;0.5012556417477315;-0.45166015625;
18:51:45;191.0;1573843906;95.565;18.687709562350943;0.5119920428041355;-0.458984375;
18:51:46;192.0;1573843907;95.731;18.55708334949803;0.5084132424520008;-0.45654296875;
18:51:47;193.0;1573843908;95.503;18.16520471093928;0.49767684139559665;-0.44921875;
18:51:48;194.0;1573843909;95.482;18.81833577520386;0.5155708431562701;-0.46142578125;
18:51:49;195.0;1573843910;96.128;18.2958309237922;0.5012556417477315;-0.45166015625;
18:51:50;196.0;1573843911;96.128;18.81833577520386;0.5155708431562701;-0.46142578125;
18:51:51;197.0;1573843912;95.982;18.81833577520386;0.5155708431562701;-0.46142578125;
18:51:52;198.0;1573843913;95.94;19.602093052321354;0.5370436452690782;-0.47607421875;
18:51:53;199.0;1573843914;95.544;18.81833577520386;0.5155708431562701;-0.46142578125;
18:51:54;200.0;1573843916;95.295;18.81833577520386;0.5155708431562701;-0.46142578125;
18:51:55;201.0;1573843917;95.357;18.2958309237922;0.5012556417477315;-0.45166015625;
18:51:57;203.0;1573843918;95.399;19.340840626615524;0.5298860445648089;-0.47119140625;
18:51:58;204.0;1573843920;95.44;18.426457136645112;0.504834442099866;-0.4541015625;
18:51:59;205.0;1573843921;95.44;18.55708334949803;0.5084132424520008;-0.45654296875;
18:52:00;206.0;1573843922;95.233;18.81833577520386;0.5155708431562701;-0.46142578125;
18:52:01;207.0;1573843923;95.316;18.948961988056773;0.5191496435084048;-0.4638671875;
18:52:02;208.0;1573843924;95.69;18.426457136645112;0.504834442099866;-0.4541015625;
18:52:03;209.0;1573843925;95.69;18.55708334949803;0.5084132424520008;-0.45654296875;
18:52:04;210.0;1573843926;95.69;18.426457136645112;0.504834442099866;-0.4541015625;
18:52:05;211.0;1573843927;95.523;18.426457136645112;0.504834442099866;-0.4541015625;
18:52:06;212.0;1573843928;94.944;18.426457136645112;0.504834442099866;-0.4541015625;
18:52:07;213.0;1573843929;94.944;18.687709562350943;0.5119920428041355;-0.458984375;
18:52:08;214.0;1573843930;95.129;18.55708334949803;0.5084132424520008;-0.45654296875;
18:52:09;215.0;1573843931;95.233;18.2958309237922;0.5012556417477315;-0.45166015625;
18:52:10;216.0;1573843932;95.565;18.55708334949803;0.5084132424520008;-0.45654296875;
18:52:12;218.0;1573843933;95.565;17.903952285233448;0.49051924069132735;-0.4443359375;
18:52:13;219.0;1573843934;95.544;18.948961988056773;0.5191496435084048;-0.4638671875;
18:52:14;220.0;1573843935;95.731;18.426457136645112;0.504834442099866;-0.4541015625;
18:52:15;221.0;1573843936;95.815;18.16520471093928;0.49767684139559665;-0.44921875;
18:52:16;222.0;1573843937;95.648;18.426457136645112;0.504834442099866;-0.4541015625;
18:52:17;223.0;1573843938;95.606;18.55708334949803;0.5084132424520008;-0.45654296875;
18:52:18;224.0;1573843939;95.274;18.687709562350943;0.5119920428041355;-0.458984375;
18:52:19;225.0;1573843940;95.295;9999.0;9999.0;9999.0;
18:52:20;226.0;1573843941;95.192;18.55708334949803;0.5084132424520008;-0.45654296875;
18:52:21;227.0;1573843942;95.212;18.426457136645112;0.504834442099866;-0.4541015625;
18:52:22;228.0;1573843943;95.067;18.55708334949803;0.5084132424520008;-0.45654296875;
18:52:23;229.0;1573843944;94.82;17.512073646674704;0.4797828396349234;-0.43701171875;
18:52:24;230.0;1573843945;94.861;18.426457136645112;0.504834442099866;-0.4541015625;
18:52:25;231.0;1573843946;95.109;18.2958309237922;0.5012556417477315;-0.45166015625;
18:52:26;232.0;1573843947;95.399;18.687709562350943;0.5119920428041355;-0.458984375;
18:52:27;233.0;1573843948;95.586;18.55708334949803;0.5084132424520008;-0.45654296875;
18:52:28;234.0;1573843949;95.71;20.516476542291763;0.5620952477340209;-0.4931640625;
18:52:29;235.0;1573843950;95.316;18.948961988056773;0.5191496435084048;-0.4638671875;
18:52:30;236.0;1573843951;95.212;18.81833577520386;0.5155708431562701;-0.46142578125;
18:52:31;237.0;1573843952;95.047;18.2958309237922;0.5012556417477315;-0.45166015625;
18:52:32;238.0;1573843953;95.15;18.687709562350943;0.5119920428041355;-0.458984375;
18:52:33;239.0;1573843954;95.482;18.426457136645112;0.504834442099866;-0.4541015625;
18:52:34;240.0;1573843955;95.503;17.773326072380534;0.4869404403391927;-0.44189453125;
18:52:35;241.0;1573843956;95.69;16.467063943851375;0.4511524368178459;-0.41748046875;
18:52:36;242.0;1573843957;95.627;18.426457136645112;0.504834442099866;-0.4541015625;
18:52:37;243.0;1573843958;95.503;18.426457136645112;0.504834442099866;-0.4541015625;
18:52:38;244.0;1573843959;95.648;17.25082122096887;0.472625238930654;-0.43212890625;
18:52:39;245.0;1573843960;95.337;18.687709562350943;0.5119920428041355;-0.458984375;
18:52:40;246.0;1573843961;95.544;18.426457136645112;0.504834442099866;-0.4541015625;
18:52:41;247.0;1573843962;95.316;18.426457136645112;0.504834442099866;-0.4541015625;
18:52:42;248.0;1573843963;95.129;18.55708334949803;0.5084132424520008;-0.45654296875;
18:52:43;249.0;1573843964;95.233;18.426457136645112;0.504834442099866;-0.4541015625;
18:52:44;250.0;1573843965;94.676;18.948961988056773;0.5191496435084048;-0.4638671875;
18:52:45;251.0;1573843966;94.635;18.55708334949803;0.5084132424520008;-0.45654296875;
18:52:46;252.0;1573843968;94.388;18.81833577520386;0.5155708431562701;-0.46142578125;
18:52:47;253.0;1573843969;94.593;18.55708334949803;0.5084132424520008;-0.45654296875;
18:52:48;254.0;1573843970;94.985;20.64710275514468;0.5656740480861556;-0.49560546875;
18:52:49;255.0;1573843971;95.233;18.687709562350943;0.5119920428041355;-0.458984375;
18:52:50;256.0;1573843972;95.44;18.426457136645112;0.504834442099866;-0.4541015625;
18:52:51;257.0;1573843973;95.419;18.034578498086365;0.49409804104346206;-0.44677734375;
18:52:52;258.0;1573843974;95.274;19.07958820090969;0.5227284438605394;-0.46630859375;
18:52:53;259.0;1573843975;95.254;18.2958309237922;0.5012556417477315;-0.45166015625;
18:52:54;260.0;1573843976;95.44;18.426457136645112;0.504834442099866;-0.4541015625;
18:52:55;261.0;1573843977;95.316;18.55708334949803;0.5084132424520008;-0.45654296875;
18:52:56;262.0;1573843977;95.212;18.2958309237922;0.5012556417477315;-0.45166015625;
18:52:57;263.0;1573843979;95.44;18.55708334949803;0.5084132424520008;-0.45654296875;
18:52:58;264.0;1573843980;95.316;18.687709562350943;0.5119920428041355;-0.458984375;
18:52:59;265.0;1573843981;95.337;18.81833577520386;0.5155708431562701;-0.46142578125;
18:53:00;266.0;1573843982;95.399;18.687709562350943;0.5119920428041355;-0.458984375;
18:53:01;267.0;1573843983;94.902;16.597690156704292;0.4547312371699806;-0.419921875;
18:53:02;268.0;1573843984;95.254;18.55708334949803;0.5084132424520008;-0.45654296875;
18:53:03;269.0;1573843985;95.274;18.948961988056773;0.5191496435084048;-0.4638671875;
18:53:04;270.0;1573843986;95.44;18.55708334949803;0.5084132424520008;-0.45654296875;
18:53:05;271.0;1573843987;95.856;18.55708334949803;0.5084132424520008;-0.45654296875;
18:53:06;272.0;1573843988;95.419;18.426457136645112;0.504834442099866;-0.4541015625;
18:53:07;273.0;1573843989;95.378;18.55708334949803;0.5084132424520008;-0.45654296875;
18:53:08;274.0;1573843990;94.964;18.16520471093928;0.49767684139559665;-0.44921875;
18:53:09;275.0;1573843991;94.84;18.426457136645112;0.504834442099866;-0.4541015625;
18:53:10;276.0;1573843992;94.882;18.426457136645112;0.504834442099866;-0.4541015625;
18:53:11;277.0;1573843993;95.233;21.822738670820918;0.5978832512553676;-0.517578125;
18:53:12;278.0;1573843994;95.503;17.903952285233448;0.49051924069132735;-0.4443359375;
18:53:13;279.0;1573843995;95.274;18.687709562350943;0.5119920428041355;-0.458984375;
18:53:14;280.0;1573843996;95.482;18.55708334949803;0.5084132424520008;-0.45654296875;
18:53:16;282.0;1573843997;94.902;18.55708334949803;0.5084132424520008;-0.45654296875;
18:53:17;283.0;1573843998;94.696;18.687709562350943;0.5119920428041355;-0.458984375;
18:53:18;284.0;1573843999;94.532;18.55708334949803;0.5084132424520008;-0.45654296875;
18:53:19;285.0;1573844000;94.511;18.426457136645112;0.504834442099866;-0.4541015625;
18:53:20;286.0;1573844001;94.779;18.687709562350943;0.5119920428041355;-0.458984375;
18:53:21;287.0;1573844002;94.799;18.687709562350943;0.5119920428041355;-0.458984375;
18:53:22;288.0;1573844003;94.985;18.55708334949803;0.5084132424520008;-0.45654296875;
18:53:23;289.0;1573844004;94.737;18.426457136645112;0.504834442099866;-0.4541015625;
18:53:24;290.0;1573844005;94.861;18.55708334949803;0.5084132424520008;-0.45654296875;
18:53:25;291.0;1573844006;95.212;18.16520471093928;0.49767684139559665;-0.44921875;
18:53:26;292.0;1573844007;95.026;18.426457136645112;0.504834442099866;-0.4541015625;
18:53:27;293.0;1573844008;94.882;18.687709562350943;0.5119920428041355;-0.458984375;
18:53:28;294.0;1573844009;94.696;18.2958309237922;0.5012556417477315;-0.45166015625;
18:53:29;295.0;1573844010;94.593;18.687709562350943;0.5119920428041355;-0.458984375;
18:53:30;296.0;1573844011;94.758;18.426457136645112;0.504834442099866;-0.4541015625;
18:53:31;297.0;1573844012;95.192;18.948961988056773;0.5191496435084048;-0.4638671875;
18:53:32;298.0;1573844013;95.337;18.034578498086365;0.49409804104346206;-0.44677734375;
18:53:33;299.0;1573844014;95.254;18.426457136645112;0.504834442099866;-0.4541015625;
18:53:34;300.0;1573844015;95.274;18.55708334949803;0.5084132424520008;-0.45654296875;
18:53:35;301.0;1573844016;95.067;19.993971690880098;0.5477800463254822;-0.4833984375;
18:53:36;302.0;1573844017;95.109;18.55708334949803;0.5084132424520008;-0.45654296875;
18:53:37;303.0;1573844018;94.944;18.687709562350943;0.5119920428041355;-0.458984375;
18:53:38;304.0;1573844019;95.129;18.2958309237922;0.5012556417477315;-0.45166015625;
18:53:39;305.0;1573844020;95.109;18.81833577520386;0.5155708431562701;-0.46142578125;
18:53:40;306.0;1573844021;95.129;18.81833577520386;0.5155708431562701;-0.46142578125;
18:53:41;307.0;1573844022;95.316;18.2958309237922;0.5012556417477315;-0.45166015625;
18:53:42;308.0;1573844023;95.15;18.55708334949803;0.5084132424520008;-0.45654296875;
18:53:43;309.0;1573844024;95.109;18.81833577520386;0.5155708431562701;-0.46142578125;
18:53:44;310.0;1573844025;94.799;18.55708334949803;0.5084132424520008;-0.45654296875;
18:53:45;311.0;1573844026;94.985;18.2958309237922;0.5012556417477315;-0.45166015625;
18:53:46;312.0;1573844027;95.005;18.426457136645112;0.504834442099866;-0.4541015625;
18:53:47;313.0;1573844028;94.882;18.55708334949803;0.5084132424520008;-0.45654296875;
18:53:48;314.0;1573844029;94.84;18.55708334949803;0.5084132424520008;-0.45654296875;
18:53:49;315.0;1573844030;94.861;18.948961988056773;0.5191496435084048;-0.4638671875;
18:53:50;316.0;1573844031;94.655;18.55708334949803;0.5084132424520008;-0.45654296875;
18:53:51;317.0;1573844032;94.84;19.863345478027185;0.5442012459733475;-0.48095703125;
18:53:52;318.0;1573844033;95.419;18.55708334949803;0.5084132424520008;-0.45654296875;
18:53:53;319.0;1573844034;95.047;18.687709562350943;0.5119920428041355;-0.458984375;
18:53:54;320.0;1573844035;95.254;18.55708334949803;0.5084132424520008;-0.45654296875;
18:53:55;321.0;1573844036;95.171;18.55708334949803;0.5084132424520008;-0.45654296875;
18:53:56;322.0;1573844037;94.552;18.2958309237922;0.5012556417477315;-0.45166015625;
18:53:57;323.0;1573844038;94.717;17.903952285233448;0.49051924069132735;-0.4443359375;
18:53:58;324.0;1573844039;94.286;18.55708334949803;0.5084132424520008;-0.45654296875;
18:53:59;325.0;1573844040;94.163;18.948961988056773;0.5191496435084048;-0.4638671875;
18:54:00;326.0;1573844041;94.368;18.687709562350943;0.5119920428041355;-0.458984375;
18:54:01;327.0;1573844042;94.183;18.81833577520386;0.5155708431562701;-0.46142578125;
18:54:02;328.0;1573844043;94.45;18.2958309237922;0.5012556417477315;-0.45166015625;
18:54:03;329.0;1573844044;94.45;18.55708334949803;0.5084132424520008;-0.45654296875;
18:54:04;330.0;1573844045;94.245;18.426457136645112;0.504834442099866;-0.4541015625;
18:54:05;331.0;1573844046;94.614;18.426457136645112;0.504834442099866;-0.4541015625;
18:54:06;332.0;1573844047;94.635;18.55708334949803;0.5084132424520008;-0.45654296875;
18:54:07;333.0;1573844048;94.861;18.81833577520386;0.5155708431562701;-0.46142578125;
18:54:08;334.0;1573844049;95.109;18.948961988056773;0.5191496435084048;-0.4638671875;
18:54:09;335.0;1573844050;94.758;18.55708334949803;0.5084132424520008;-0.45654296875;
18:54:10;336.0;1573844051;94.696;18.55708334949803;0.5084132424520008;-0.45654296875;
18:54:11;337.0;1573844052;94.511;18.2958309237922;0.5012556417477315;-0.45166015625;
18:54:12;338.0;1573844053;94.265;17.773326072380534;0.4869404403391927;-0.44189453125;
18:54:13;339.0;1573844054;94.429;18.16520471093928;0.49767684139559665;-0.44921875;
18:54:14;340.0;1573844055;94.368;18.16520471093928;0.49767684139559665;-0.44921875;
18:54:15;341.0;1573844057;94.491;18.55708334949803;0.5084132424520008;-0.45654296875;
18:54:16;342.0;1573844058;94.491;18.426457136645112;0.504834442099866;-0.4541015625;
18:54:17;343.0;1573844059;94.286;18.81833577520386;0.5155708431562701;-0.46142578125;
18:54:18;344.0;1573844060;94.163;19.863345478027185;0.5442012459733475;-0.48095703125;
18:54:20;346.0;1573844061;94.204;18.55708334949803;0.5084132424520008;-0.45654296875;
18:54:21;347.0;1573844062;94.0;18.81833577520386;0.5155708431562701;-0.46142578125;
18:54:22;348.0;1573844063;94.265;18.948961988056773;0.5191496435084048;-0.4638671875;
18:54:23;349.0;1573844064;94.286;21.95336488367383;0.6014620516075022;-0.52001953125;
18:54:24;350.0;1573844065;94.306;18.2958309237922;0.5012556417477315;-0.45166015625;
18:54:25;351.0;1573844066;94.758;18.81833577520386;0.5155708431562701;-0.46142578125;
18:54:26;352.0;1573844067;94.552;18.2958309237922;0.5012556417477315;-0.45166015625;
18:54:27;353.0;1573844068;94.882;18.426457136645112;0.504834442099866;-0.4541015625;
18:54:28;354.0;1573844069;94.861;18.426457136645112;0.504834442099866;-0.4541015625;
18:54:29;355.0;1573844070;94.635;18.16520471093928;0.49767684139559665;-0.44921875;
18:54:30;356.0;1573844071;94.47;18.2958309237922;0.5012556417477315;-0.45166015625;
18:54:31;357.0;1573844072;94.388;18.687709562350943;0.5119920428041355;-0.458984375;
18:54:32;358.0;1573844073;93.959;16.98956879526304;0.46546763822638465;-0.42724609375;
18:54:33;359.0;1573844074;93.755;18.687709562350943;0.5119920428041355;-0.458984375;
18:54:34;360.0;1573844075;93.694;18.16520471093928;0.49767684139559665;-0.44921875;
18:54:35;361.0;1573844076;93.41;18.687709562350943;0.5119920428041355;-0.458984375;
18:54:36;362.0;1573844077;93.552;18.948961988056773;0.5191496435084048;-0.4638671875;
18:54:37;363.0;1573844078;93.714;18.687709562350943;0.5119920428041355;-0.458984375;
18:54:38;364.0;1573844079;94.122;18.55708334949803;0.5084132424520008;-0.45654296875;
18:54:39;365.0;1573844080;94.491;18.2958309237922;0.5012556417477315;-0.45166015625;
18:54:40;366.0;1573844081;94.614;18.81833577520386;0.5155708431562701;-0.46142578125;
18:54:41;367.0;1573844082;94.47;19.07958820090969;0.5227284438605394;-0.46630859375;
18:54:42;368.0;1573844083;94.491;18.948961988056773;0.5191496435084048;-0.4638671875;
18:54:43;369.0;1573844084;94.368;18.426457136645112;0.504834442099866;-0.4541015625;
18:54:44;370.0;1573844085;94.347;17.903952285233448;0.49051924069132735;-0.4443359375;
18:54:45;371.0;1573844086;94.347;15.552680453880965;0.42610083435290314;-0.400390625;
18:54:46;372.0;1573844087;94.429;18.81833577520386;0.5155708431562701;-0.46142578125;
18:54:47;373.0;1573844088;94.204;18.426457136645112;0.504834442099866;-0.4541015625;
18:54:48;374.0;1573844089;94.04;18.55708334949803;0.5084132424520008;-0.45654296875;
18:54:49;375.0;1573844090;94.265;18.426457136645112;0.504834442099866;-0.4541015625;
18:54:50;376.0;1573844091;93.755;18.55708334949803;0.5084132424520008;-0.45654296875;
18:54:51;377.0;1573844092;94.122;18.55708334949803;0.5084132424520008;-0.45654296875;
18:54:52;378.0;1573844093;94.102;18.16520471093928;0.49767684139559665;-0.44921875;
18:54:53;379.0;1573844094;94.245;19.210214413762603;0.526307244212674;-0.46875;
18:54:54;380.0;1573844095;94.491;18.55708334949803;0.5084132424520008;-0.45654296875;
18:54:55;381.0;1573844096;94.163;18.55708334949803;0.5084132424520008;-0.45654296875;
18:54:56;382.0;1573844097;94.388;18.034578498086365;0.49409804104346206;-0.44677734375;
18:54:57;383.0;1573844098;94.47;18.55708334949803;0.5084132424520008;-0.45654296875;
18:54:58;384.0;1573844099;94.245;18.55708334949803;0.5084132424520008;-0.45654296875;
18:54:59;385.0;1573844100;94.265;18.426457136645112;0.504834442099866;-0.4541015625;
18:55:00;386.0;1573844101;94.081;17.773326072380534;0.4869404403391927;-0.44189453125;
18:55:01;387.0;1573844102;93.471;18.687709562350943;0.5119920428041355;-0.458984375;
18:55:02;388.0;1573844103;93.633;18.81833577520386;0.5155708431562701;-0.46142578125;
18:55:03;389.0;1573844104;93.816;18.426457136645112;0.504834442099866;-0.4541015625;
18:55:04;390.0;1573844106;93.836;18.426457136645112;0.504834442099866;-0.4541015625;
18:55:05;391.0;1573844107;94.04;18.55708334949803;0.5084132424520008;-0.45654296875;
18:55:06;392.0;1573844108;94.081;18.81833577520386;0.5155708431562701;-0.46142578125;
18:55:07;393.0;1573844109;94.04;18.16520471093928;0.49767684139559665;-0.44921875;
18:55:08;394.0;1573844110;94.224;18.687709562350943;0.5119920428041355;-0.458984375;
18:55:09;395.0;1573844111;94.409;21.95336488367383;0.6014620516075022;-0.52001953125;
18:55:10;396.0;1573844112;94.183;18.2958309237922;0.5012556417477315;-0.45166015625;
18:55:11;397.0;1573844113;94.183;18.55708334949803;0.5084132424520008;-0.45654296875;
18:55:12;398.0;1573844114;94.142;18.687709562350943;0.5119920428041355;-0.458984375;
18:55:13;399.0;1573844115;93.959;18.55708334949803;0.5084132424520008;-0.45654296875;
18:55:14;400.0;1573844116;94.163;18.426457136645112;0.504834442099866;-0.4541015625;
18:55:15;401.0;1573844117;94.142;18.55708334949803;0.5084132424520008;-0.45654296875;
18:55:16;402.0;1573844118;93.979;18.81833577520386;0.5155708431562701;-0.46142578125;
18:55:17;403.0;1573844119;94.142;18.2958309237922;0.5012556417477315;-0.45166015625;
18:55:18;404.0;1573844120;93.979;18.2958309237922;0.5012556417477315;-0.45166015625;
18:55:19;405.0;1573844121;94.0;18.687709562350943;0.5119920428041355;-0.458984375;
18:55:20;406.0;1573844122;93.775;18.426457136645112;0.504834442099866;-0.4541015625;
18:55:21;407.0;1573844123;93.592;18.55708334949803;0.5084132424520008;-0.45654296875;
18:55:22;408.0;1573844124;93.572;18.16520471093928;0.49767684139559665;-0.44921875;
18:55:24;410.0;1573844125;93.308;18.81833577520386;0.5155708431562701;-0.46142578125;
18:55:25;411.0;1573844126;93.653;18.81833577520386;0.5155708431562701;-0.46142578125;
18:55:26;412.0;1573844127;93.877;18.55708334949803;0.5084132424520008;-0.45654296875;
18:55:27;413.0;1573844128;94.306;18.81833577520386;0.5155708431562701;-0.46142578125;
18:55:28;414.0;1573844129;94.347;18.55708334949803;0.5084132424520008;-0.45654296875;
18:55:29;415.0;1573844130;94.204;18.81833577520386;0.5155708431562701;-0.46142578125;
18:55:30;416.0;1573844131;94.0;22.606495947938413;0.6193560533681757;-0.5322265625;
18:55:31;417.0;1573844132;93.592;18.687709562350943;0.5119920428041355;-0.458984375;
18:55:32;418.0;1573844133;93.674;13.985165899645981;0.38315523012728714;-0.37109375;
18:55:33;419.0;1573844134;93.735;18.687709562350943;0.5119920428041355;-0.458984375;
18:55:34;420.0;1573844135;93.552;18.426457136645112;0.504834442099866;-0.4541015625;
18:55:35;421.0;1573844136;93.511;18.55708334949803;0.5084132424520008;-0.45654296875;
18:55:36;422.0;1573844137;93.471;18.2958309237922;0.5012556417477315;-0.45166015625;
18:55:37;423.0;1573844138;93.43;18.81833577520386;0.5155708431562701;-0.46142578125;
18:55:38;424.0;1573844139;93.633;18.55708334949803;0.5084132424520008;-0.45654296875;
18:55:39;425.0;1573844140;93.43;18.81833577520386;0.5155708431562701;-0.46142578125;
18:55:40;426.0;1573844141;93.775;18.55708334949803;0.5084132424520008;-0.45654296875;
18:55:41;427.0;1573844142;93.735;18.426457136645112;0.504834442099866;-0.4541015625;
18:55:42;428.0;1573844143;93.938;18.948961988056773;0.5191496435084048;-0.4638671875;
18:55:43;429.0;1573844144;93.979;18.948961988056773;0.5191496435084048;-0.4638671875;
18:55:44;430.0;1573844145;93.836;18.81833577520386;0.5155708431562701;-0.46142578125;
18:55:45;431.0;1573844146;93.877;18.55708334949803;0.5084132424520008;-0.45654296875;
18:55:46;432.0;1573844147;93.979;18.81833577520386;0.5155708431562701;-0.46142578125;
18:55:47;433.0;1573844148;94.02;18.55708334949803;0.5084132424520008;-0.45654296875;
18:55:48;434.0;1573844149;94.02;18.81833577520386;0.5155708431562701;-0.46142578125;
18:55:49;435.0;1573844150;93.898;18.687709562350943;0.5119920428041355;-0.458984375;
18:55:50;436.0;1573844151;93.491;18.55708334949803;0.5084132424520008;-0.45654296875;
18:55:51;437.0;1573844152;93.308;18.426457136645112;0.504834442099866;-0.4541015625;
18:55:52;438.0;1573844153;93.005;18.55708334949803;0.5084132424520008;-0.45654296875;
18:55:53;439.0;1573844154;93.308;18.687709562350943;0.5119920428041355;-0.458984375;
18:55:54;440.0;1573844155;93.592;18.55708334949803;0.5084132424520008;-0.45654296875;
18:55:55;441.0;1573844156;93.898;18.55708334949803;0.5084132424520008;-0.45654296875;
18:55:56;442.0;1573844157;94.183;18.55708334949803;0.5084132424520008;-0.45654296875;
18:55:57;443.0;1573844158;94.02;19.732719265174268;0.5406224456212129;-0.478515625;
18:55:58;444.0;1573844159;93.775;18.55708334949803;0.5084132424520008;-0.45654296875;
18:55:59;445.0;1573844160;93.857;17.773326072380534;0.4869404403391927;-0.44189453125;
18:56:00;446.0;1573844161;93.694;18.16520471093928;0.49767684139559665;-0.44921875;
18:56:01;447.0;1573844163;93.674;18.687709562350943;0.5119920428041355;-0.458984375;
18:56:02;448.0;1573844164;93.714;18.426457136645112;0.504834442099866;-0.4541015625;
18:56:03;449.0;1573844165;93.836;18.426457136645112;0.504834442099866;-0.4541015625;
18:56:04;450.0;1573844166;94.02;18.55708334949803;0.5084132424520008;-0.45654296875;
18:56:05;451.0;1573844167;94.04;18.81833577520386;0.5155708431562701;-0.46142578125;
18:56:06;452.0;1573844168;94.061;18.55708334949803;0.5084132424520008;-0.45654296875;
18:56:07;453.0;1573844169;93.857;18.2958309237922;0.5012556417477315;-0.45166015625;
18:56:08;454.0;1573844170;93.572;18.55708334949803;0.5084132424520008;-0.45654296875;
18:56:09;455.0;1573844171;93.349;18.55708334949803;0.5084132424520008;-0.45654296875;
18:56:10;456.0;1573844172;93.288;18.687709562350943;0.5119920428041355;-0.458984375;
18:56:11;457.0;1573844173;93.207;18.2958309237922;0.5012556417477315;-0.45166015625;
18:56:12;458.0;1573844174;93.106;18.55708334949803;0.5084132424520008;-0.45654296875;
18:56:13;459.0;1573844175;93.106;19.993971690880098;0.5477800463254822;-0.4833984375;
18:56:14;460.0;1573844176;93.288;18.687709562350943;0.5119920428041355;-0.458984375;
18:56:15;461.0;1573844177;93.228;18.2958309237922;0.5012556417477315;-0.45166015625;
18:56:16;462.0;1573844178;93.248;18.55708334949803;0.5084132424520008;-0.45654296875;
18:56:17;463.0;1573844179;93.43;18.55708334949803;0.5084132424520008;-0.45654296875;
18:56:18;464.0;1573844180;93.288;18.55708334949803;0.5084132424520008;-0.45654296875;
18:56:19;465.0;1573844181;93.43;18.55708334949803;0.5084132424520008;-0.45654296875;
18:56:20;466.0;1573844182;93.43;18.687709562350943;0.5119920428041355;-0.458984375;
18:56:21;467.0;1573844183;93.086;18.55708334949803;0.5084132424520008;-0.45654296875;
18:56:22;468.0;1573844184;93.147;18.2958309237922;0.5012556417477315;-0.45166015625;
18:56:23;469.0;1573844185;93.086;18.2958309237922;0.5012556417477315;-0.45166015625;
18:56:24;470.0;1573844186;93.228;18.81833577520386;0.5155708431562701;-0.46142578125;
18:56:25;471.0;1573844187;93.735;18.034578498086365;0.49409804104346206;-0.44677734375;
18:56:26;472.0;1573844188;93.511;18.55708334949803;0.5084132424520008;-0.45654296875;
18:56:28;474.0;1573844189;93.41;18.948961988056773;0.5191496435084048;-0.4638671875;
18:56:29;475.0;1573844190;93.41;18.426457136645112;0.504834442099866;-0.4541015625;
18:56:30;476.0;1573844191;93.187;18.55708334949803;0.5084132424520008;-0.45654296875;
18:56:31;477.0;1573844192;93.167;18.55708334949803;0.5084132424520008;-0.45654296875;
18:56:32;478.0;1573844193;93.43;18.81833577520386;0.5155708431562701;-0.46142578125;
18:56:33;479.0;1573844194;93.308;18.55708334949803;0.5084132424520008;-0.45654296875;
18:56:34;480.0;1573844195;93.389;18.426457136645112;0.504834442099866;-0.4541015625;
18:56:35;481.0;1573844196;93.41;18.687709562350943;0.5119920428041355;-0.458984375;
18:56:36;482.0;1573844197;93.167;18.55708334949803;0.5084132424520008;-0.45654296875;
18:56:37;483.0;1573844198;93.005;18.426457136645112;0.504834442099866;-0.4541015625;
18:56:38;484.0;1573844199;93.026;18.426457136645112;0.504834442099866;-0.4541015625;
18:56:39;485.0;1573844200;93.228;18.2958309237922;0.5012556417477315;-0.45166015625;
18:56:40;486.0;1573844201;93.268;18.81833577520386;0.5155708431562701;-0.46142578125;
18:56:41;487.0;1573844202;93.248;18.55708334949803;0.5084132424520008;-0.45654296875;
18:56:42;488.0;1573844203;93.066;18.948961988056773;0.5191496435084048;-0.4638671875;
18:56:43;489.0;1573844204;92.703;18.55708334949803;0.5084132424520008;-0.45654296875;
18:56:44;490.0;1573844205;92.643;18.81833577520386;0.5155708431562701;-0.46142578125;
18:56:45;491.0;1573844206;92.985;18.948961988056773;0.5191496435084048;-0.4638671875;
18:56:46;492.0;1573844207;92.925;18.2958309237922;0.5012556417477315;-0.45166015625;
18:56:47;493.0;1573844208;93.126;18.55708334949803;0.5084132424520008;-0.45654296875;
18:56:48;494.0;1573844209;92.985;18.81833577520386;0.5155708431562701;-0.46142578125;
18:56:49;495.0;1573844210;92.824;18.81833577520386;0.5155708431562701;-0.46142578125;
18:56:50;496.0;1573844211;92.905;18.426457136645112;0.504834442099866;-0.4541015625;
18:56:51;497.0;1573844212;92.905;18.81833577520386;0.5155708431562701;-0.46142578125;
18:56:52;498.0;1573844213;92.925;18.55708334949803;0.5084132424520008;-0.45654296875;
18:56:53;499.0;1573844214;93.268;18.2958309237922;0.5012556417477315;-0.45166015625;
18:56:54;500.0;1573844215;93.43;18.55708334949803;0.5084132424520008;-0.45654296875;
18:56:55;501.0;1573844216;93.187;12.940156196822654;0.3545248273102097;-0.3515625;
18:56:56;502.0;1573844217;93.308;18.55708334949803;0.5084132424520008;-0.45654296875;
18:56:57;503.0;1573844218;92.925;18.81833577520386;0.5155708431562701;-0.46142578125;
18:56:58;504.0;1573844219;92.603;18.81833577520386;0.5155708431562701;-0.46142578125;
18:56:59;505.0;1573844220;93.026;18.55708334949803;0.5084132424520008;-0.45654296875;
18:57:00;506.0;1573844221;93.106;17.903952285233448;0.49051924069132735;-0.4443359375;
18:57:01;507.0;1573844222;93.126;18.426457136645112;0.504834442099866;-0.4541015625;
18:57:02;508.0;1573844223;93.228;18.55708334949803;0.5084132424520008;-0.45654296875;
18:57:03;509.0;1573844224;93.005;18.55708334949803;0.5084132424520008;-0.45654296875;
18:57:04;510.0;1573844225;92.925;19.863345478027185;0.5442012459733475;-0.48095703125;
18:57:05;511.0;1573844226;93.086;19.07958820090969;0.5227284438605394;-0.46630859375;
18:57:06;512.0;1573844227;93.106;18.2958309237922;0.5012556417477315;-0.45166015625;
18:57:07;513.0;1573844228;93.268;18.55708334949803;0.5084132424520008;-0.45654296875;
18:57:08;514.0;1573844229;93.288;18.2958309237922;0.5012556417477315;-0.45166015625;
18:57:09;515.0;1573844230;93.147;18.81833577520386;0.5155708431562701;-0.46142578125;
18:57:10;516.0;1573844231;92.824;18.687709562350943;0.5119920428041355;-0.458984375;
18:57:11;517.0;1573844232;93.005;18.687709562350943;0.5119920428041355;-0.458984375;
18:57:12;518.0;1573844233;93.026;17.512073646674704;0.4797828396349234;-0.43701171875;
18:57:13;519.0;1573844234;92.985;18.2958309237922;0.5012556417477315;-0.45166015625;
18:57:14;520.0;1573844235;93.329;14.507670751057638;0.39747043153582573;-0.380859375;
18:57:15;521.0;1573844236;92.905;18.16520471093928;0.49767684139559665;-0.44921875;
18:57:16;522.0;1573844237;92.703;18.2958309237922;0.5012556417477315;-0.45166015625;
18:57:17;523.0;1573844238;92.703;18.55708334949803;0.5084132424520008;-0.45654296875;
18:57:18;524.0;1573844239;92.503;18.55708334949803;0.5084132424520008;-0.45654296875;
18:57:19;525.0;1573844240;92.563;18.687709562350943;0.5119920428041355;-0.458984375;
18:57:20;526.0;1573844241;93.147;17.773326072380534;0.4869404403391927;-0.44189453125;
18:57:21;527.0;1573844242;93.167;18.687709562350943;0.5119920428041355;-0.458984375;
18:57:22;528.0;1573844243;93.369;18.55708334949803;0.5084132424520008;-0.45654296875;
18:57:23;529.0;1573844244;93.349;18.426457136645112;0.504834442099866;-0.4541015625;
18:57:24;530.0;1573844245;92.905;18.426457136645112;0.504834442099866;-0.4541015625;
18:57:25;531.0;1573844246;92.945;18.55708334949803;0.5084132424520008;-0.45654296875;
18:57:26;532.0;1573844248;92.925;18.55708334949803;0.5084132424520008;-0.45654296875;
18:57:27;533.0;1573844249;92.945;18.2958309237922;0.5012556417477315;-0.45166015625;
18:57:28;534.0;1573844250;93.005;18.81833577520386;0.5155708431562701;-0.46142578125;
18:57:29;535.0;1573844251;92.784;18.426457136645112;0.504834442099866;-0.4541015625;
18:57:30;536.0;1573844252;92.784;18.16520471093928;0.49767684139559665;-0.44921875;
18:57:31;537.0;1573844253;92.723;18.55708334949803;0.5084132424520008;-0.45654296875;
18:57:33;539.0;1573844254;92.563;18.948961988056773;0.5191496435084048;-0.4638671875;
18:57:34;540.0;1573844255;92.804;18.81833577520386;0.5155708431562701;-0.46142578125;
18:57:35;541.0;1573844256;92.683;17.903952285233448;0.49051924069132735;-0.4443359375;
18:57:36;542.0;1573844257;92.764;18.687709562350943;0.5119920428041355;-0.458984375;
18:57:37;543.0;1573844258;92.583;18.2958309237922;0.5012556417477315;-0.45166015625;
18:57:38;544.0;1573844259;92.402;18.55708334949803;0.5084132424520008;-0.45654296875;
18:57:39;545.0;1573844260;92.723;18.426457136645112;0.504834442099866;-0.4541015625;
18:57:40;546.0;1573844261;92.703;18.81833577520386;0.5155708431562701;-0.46142578125;
18:57:41;547.0;1573844262;92.905;18.948961988056773;0.5191496435084048;-0.4638671875;
18:57:42;548.0;1573844263;92.884;18.16520471093928;0.49767684139559665;-0.44921875;
18:57:43;549.0;1573844264;92.663;18.2958309237922;0.5012556417477315;-0.45166015625;
18:57:44;550.0;1573844265;92.824;18.687709562350943;0.5119920428041355;-0.458984375;
18:57:45;551.0;1573844266;92.784;18.55708334949803;0.5084132424520008;-0.45654296875;
18:57:46;552.0;1573844267;92.905;18.55708334949803;0.5084132424520008;-0.45654296875;
18:57:47;553.0;1573844268;93.126;18.2958309237922;0.5012556417477315;-0.45166015625;
18:57:48;554.0;1573844269;92.824;18.426457136645112;0.504834442099866;-0.4541015625;
18:57:49;555.0;1573844270;92.844;17.903952285233448;0.49051924069132735;-0.4443359375;
18:57:50;556.0;1573844271;92.703;17.903952285233448;0.49051924069132735;-0.4443359375;
18:57:51;557.0;1573844272;92.342;18.55708334949803;0.5084132424520008;-0.45654296875;
18:57:52;558.0;1573844273;92.703;18.426457136645112;0.504834442099866;-0.4541015625;
18:57:53;559.0;1573844274;92.744;18.426457136645112;0.504834442099866;-0.4541015625;
18:57:54;560.0;1573844275;92.603;18.426457136645112;0.504834442099866;-0.4541015625;
18:57:55;561.0;1573844276;92.623;18.16520471093928;0.49767684139559665;-0.44921875;
18:57:56;562.0;1573844277;92.442;18.55708334949803;0.5084132424520008;-0.45654296875;
18:57:57;563.0;1573844278;92.563;18.687709562350943;0.5119920428041355;-0.458984375;
18:57:58;564.0;1573844279;92.784;18.687709562350943;0.5119920428041355;-0.458984375;
18:57:59;565.0;1573844280;92.663;18.2958309237922;0.5012556417477315;-0.45166015625;
18:58:00;566.0;1573844281;92.282;18.2958309237922;0.5012556417477315;-0.45166015625;
18:58:01;567.0;1573844282;92.322;18.55708334949803;0.5084132424520008;-0.45654296875;
18:58:02;568.0;1573844283;92.422;18.55708334949803;0.5084132424520008;-0.45654296875;
18:58:03;569.0;1573844284;92.563;18.55708334949803;0.5084132424520008;-0.45654296875;
18:58:04;570.0;1573844285;92.764;20.12459790373302;0.5513588466776169;-0.48583984375;
18:58:05;571.0;1573844286;92.603;18.55708334949803;0.5084132424520008;-0.45654296875;
18:58:06;572.0;1573844287;92.643;18.426457136645112;0.504834442099866;-0.4541015625;
18:58:07;573.0;1573844288;92.623;18.81833577520386;0.5155708431562701;-0.46142578125;
18:58:08;574.0;1573844289;92.583;18.687709562350943;0.5119920428041355;-0.458984375;
18:58:09;575.0;1573844290;92.543;18.687709562350943;0.5119920428041355;-0.458984375;
18:58:10;576.0;1573844291;92.182;18.426457136645112;0.504834442099866;-0.4541015625;
18:58:11;577.0;1573844292;92.302;18.426457136645112;0.504834442099866;-0.4541015625;
18:58:12;578.0;1573844293;92.342;18.2958309237922;0.5012556417477315;-0.45166015625;
18:58:13;579.0;1573844295;92.362;18.81833577520386;0.5155708431562701;-0.46142578125;
18:58:14;580.0;1573844296;92.322;18.426457136645112;0.504834442099866;-0.4541015625;
18:58:15;581.0;1573844297;92.103;19.210214413762603;0.526307244212674;-0.46875;
18:58:16;582.0;1573844298;92.103;18.2958309237922;0.5012556417477315;-0.45166015625;
18:58:17;583.0;1573844299;92.063;18.426457136645112;0.504834442099866;-0.4541015625;
18:58:18;584.0;1573844300;92.142;18.426457136645112;0.504834442099866;-0.4541015625;
18:58:19;585.0;1573844301;92.442;18.55708334949803;0.5084132424520008;-0.45654296875;
18:58:20;586.0;1573844302;92.402;18.55708334949803;0.5084132424520008;-0.45654296875;
18:58:21;587.0;1573844303;92.442;17.773326072380534;0.4869404403391927;-0.44189453125;
18:58:22;588.0;1573844304;92.563;18.426457136645112;0.504834442099866;-0.4541015625;
18:58:23;589.0;1573844305;92.744;18.55708334949803;0.5084132424520008;-0.45654296875;
18:58:24;590.0;1573844306;92.744;18.55708334949803;0.5084132424520008;-0.45654296875;
18:58:25;591.0;1573844307;92.945;18.55708334949803;0.5084132424520008;-0.45654296875;
18:58:26;592.0;1573844308;93.329;18.81833577520386;0.5155708431562701;-0.46142578125;
18:58:27;593.0;1573844309;93.106;19.471466839468437;0.5334648449169435;-0.4736328125;
18:58:28;594.0;1573844310;92.864;18.687709562350943;0.5119920428041355;-0.458984375;
18:58:29;595.0;1573844311;92.804;18.55708334949803;0.5084132424520008;-0.45654296875;
18:58:30;596.0;1573844312;92.422;18.426457136645112;0.504834442099866;-0.4541015625;
18:58:31;597.0;1573844313;92.442;18.426457136645112;0.504834442099866;-0.4541015625;
18:58:32;598.0;1573844314;92.723;18.55708334949803;0.5084132424520008;-0.45654296875;
18:58:33;599.0;1573844315;92.603;18.2958309237922;0.5012556417477315;-0.45166015625;
18:58:34;600.0;1573844316;92.663;18.2958309237922;0.5012556417477315;-0.45166015625;
18:58:35;601.0;1573844317;92.523;18.426457136645112;0.504834442099866;-0.4541015625;
18:58:37;603.0;1573844318;92.402;18.426457136645112;0.504834442099866;-0.4541015625;
18:58:38;604.0;1573844319;92.202;17.903952285233448;0.49051924069132735;-0.4443359375;
18:58:39;605.0;1573844320;92.123;18.55708334949803;0.5084132424520008;-0.45654296875;
18:58:40;606.0;1573844321;91.923;18.426457136645112;0.504834442099866;-0.4541015625;
18:58:41;607.0;1573844322;92.063;18.687709562350943;0.5119920428041355;-0.458984375;
18:58:42;608.0;1573844323;92.023;18.55708334949803;0.5084132424520008;-0.45654296875;
18:58:43;609.0;1573844324;91.903;18.81833577520386;0.5155708431562701;-0.46142578125;
18:58:44;610.0;1573844325;91.863;18.426457136645112;0.504834442099866;-0.4541015625;
18:58:45;611.0;1573844326;91.844;18.426457136645112;0.504834442099866;-0.4541015625;
18:58:46;612.0;1573844327;91.824;18.426457136645112;0.504834442099866;-0.4541015625;
18:58:47;613.0;1573844328;91.585;18.687709562350943;0.5119920428041355;-0.458984375;
18:58:48;614.0;1573844329;91.804;18.55708334949803;0.5084132424520008;-0.45654296875;
18:58:49;615.0;1573844330;91.625;18.55708334949803;0.5084132424520008;-0.45654296875;
18:58:51;617.0;1573844331;92.003;18.16520471093928;0.49767684139559665;-0.44921875;
18:58:52;618.0;1573844333;91.983;21.038981393703427;0.5764104491425597;-0.5029296875;
18:58:53;619.0;1573844334;92.003;18.426457136645112;0.504834442099866;-0.4541015625;
18:58:54;620.0;1573844335;91.983;18.426457136645112;0.504834442099866;-0.4541015625;
18:58:55;621.0;1573844336;92.023;18.426457136645112;0.504834442099866;-0.4541015625;
18:58:56;622.0;1573844337;91.863;18.687709562350943;0.5119920428041355;-0.458984375;
18:58:57;623.0;1573844338;91.983;18.81833577520386;0.5155708431562701;-0.46142578125;
18:58:58;624.0;1573844339;91.784;18.16520471093928;0.49767684139559665;-0.44921875;
18:58:59;625.0;1573844340;92.142;18.948961988056773;0.5191496435084048;-0.4638671875;
18:59:00;626.0;1573844341;91.903;18.426457136645112;0.504834442099866;-0.4541015625;
18:59:01;627.0;1573844342;91.625;18.687709562350943;0.5119920428041355;-0.458984375;
18:59:02;628.0;1573844343;92.103;18.687709562350943;0.5119920428041355;-0.458984375;
18:59:03;629.0;1573844344;91.724;18.55708334949803;0.5084132424520008;-0.45654296875;
18:59:04;630.0;1573844345;91.923;18.81833577520386;0.5155708431562701;-0.46142578125;
18:59:05;631.0;1573844346;91.863;18.16520471093928;0.49767684139559665;-0.44921875;
18:59:06;632.0;1573844347;91.863;18.55708334949803;0.5084132424520008;-0.45654296875;
18:59:07;633.0;1573844348;91.824;18.2958309237922;0.5012556417477315;-0.45166015625;
18:59:08;634.0;1573844349;92.063;18.2958309237922;0.5012556417477315;-0.45166015625;
18:59:09;635.0;1573844350;91.943;18.81833577520386;0.5155708431562701;-0.46142578125;
18:59:10;636.0;1573844351;91.804;18.55708334949803;0.5084132424520008;-0.45654296875;
18:59:11;637.0;1573844352;92.162;19.602093052321354;0.5370436452690782;-0.47607421875;
18:59:12;638.0;1573844353;91.824;18.687709562350943;0.5119920428041355;-0.458984375;
18:59:13;639.0;1573844354;92.142;18.16520471093928;0.49767684139559665;-0.44921875;
18:59:14;640.0;1573844355;91.923;18.16520471093928;0.49767684139559665;-0.44921875;
18:59:15;641.0;1573844356;91.427;18.81833577520386;0.5155708431562701;-0.46142578125;
18:59:16;642.0;1573844357;91.685;18.81833577520386;0.5155708431562701;-0.46142578125;
18:59:17;643.0;1573844358;91.685;18.2958309237922;0.5012556417477315;-0.45166015625;
18:59:18;644.0;1573844359;91.466;18.55708334949803;0.5084132424520008;-0.45654296875;
18:59:19;645.0;1573844360;91.605;18.16520471093928;0.49767684139559665;-0.44921875;
18:59:20;646.0;1573844361;91.506;18.2958309237922;0.5012556417477315;-0.45166015625;
18:59:21;647.0;1573844362;91.506;18.55708334949803;0.5084132424520008;-0.45654296875;
18:59:22;648.0;1573844364;91.526;18.16520471093928;0.49767684139559665;-0.44921875;
18:59:23;649.0;1573844365;91.447;19.07958820090969;0.5227284438605394;-0.46630859375;
18:59:24;650.0;1573844366;91.427;18.687709562350943;0.5119920428041355;-0.458984375;
18:59:25;651.0;1573844367;91.466;18.426457136645112;0.504834442099866;-0.4541015625;
18:59:26;652.0;1573844368;91.466;18.55708334949803;0.5084132424520008;-0.45654296875;
18:59:27;653.0;1573844369;91.367;18.2958309237922;0.5012556417477315;-0.45166015625;
18:59:28;654.0;1573844370;91.605;18.426457136645112;0.504834442099866;-0.4541015625;
18:59:29;655.0;1573844371;91.566;18.81833577520386;0.5155708431562701;-0.46142578125;
18:59:30;656.0;1573844372;91.585;18.16520471093928;0.49767684139559665;-0.44921875;
18:59:31;657.0;1573844373;91.625;18.426457136645112;0.504834442099866;-0.4541015625;
18:59:32;658.0;1573844374;91.804;18.2958309237922;0.5012556417477315;-0.45166015625;
18:59:33;659.0;1573844375;91.824;18.426457136645112;0.504834442099866;-0.4541015625;
18:59:34;660.0;1573844376;92.182;9999.0;9999.0;9999.0;
18:59:35;661.0;1573844377;92.583;18.55708334949803;0.5084132424520008;-0.45654296875;
18:59:36;662.0;1573844378;92.342;18.2958309237922;0.5012556417477315;-0.45166015625;
18:59:37;663.0;1573844379;92.302;18.16520471093928;0.49767684139559665;-0.44921875;
18:59:38;664.0;1573844380;92.222;19.340840626615524;0.5298860445648089;-0.47119140625;
18:59:39;665.0;1573844381;91.685;18.426457136645112;0.504834442099866;-0.4541015625;
18:59:41;667.0;1573844382;91.348;18.687709562350943;0.5119920428041355;-0.458984375;
18:59:42;668.0;1573844383;91.367;18.16520471093928;0.49767684139559665;-0.44921875;
18:59:43;669.0;1573844384;91.052;18.55708334949803;0.5084132424520008;-0.45654296875;
18:59:44;670.0;1573844385;91.308;18.81833577520386;0.5155708431562701;-0.46142578125;
18:59:45;671.0;1573844386;91.486;18.55708334949803;0.5084132424520008;-0.45654296875;
18:59:46;672.0;1573844387;91.506;16.858942582410123;0.46188883787424995;-0.4248046875;
18:59:47;673.0;1573844388;91.546;19.210214413762603;0.526307244212674;-0.46875;
18:59:48;674.0;1573844389;91.585;18.81833577520386;0.5155708431562701;-0.46142578125;
18:59:50;676.0;1573844390;91.744;18.687709562350943;0.5119920428041355;-0.458984375;
18:59:51;677.0;1573844392;91.903;19.471466839468437;0.5334648449169435;-0.4736328125;
18:59:52;678.0;1573844393;91.903;18.687709562350943;0.5119920428041355;-0.458984375;
18:59:53;679.0;1573844394;91.744;18.426457136645112;0.504834442099866;-0.4541015625;
18:59:54;680.0;1573844395;91.566;18.687709562350943;0.5119920428041355;-0.458984375;
18:59:55;681.0;1573844396;91.032;18.55708334949803;0.5084132424520008;-0.45654296875;
18:59:56;682.0;1573844397;91.071;18.687709562350943;0.5119920428041355;-0.458984375;
18:59:57;683.0;1573844398;90.933;16.98956879526304;0.46546763822638465;-0.42724609375;
18:59:58;684.0;1573844399;90.914;18.55708334949803;0.5084132424520008;-0.45654296875;
18:59:59;685.0;1573844400;91.665;18.948961988056773;0.5191496435084048;-0.4638671875;
19:00:00;686.0;1573844401;91.665;18.16520471093928;0.49767684139559665;-0.44921875;
19:00:01;687.0;1573844402;91.645;18.81833577520386;0.5155708431562701;-0.46142578125;
19:00:02;688.0;1573844403;91.784;18.81833577520386;0.5155708431562701;-0.46142578125;
19:00:03;689.0;1573844404;91.249;19.210214413762603;0.526307244212674;-0.46875;
19:00:04;690.0;1573844405;91.091;18.2958309237922;0.5012556417477315;-0.45166015625;
19:00:05;691.0;1573844406;91.052;15.16080181532222;0.4153644332964992;-0.39306640625;
19:00:06;692.0;1573844407;91.111;18.2958309237922;0.5012556417477315;-0.45166015625;
19:00:07;693.0;1573844408;91.249;18.16520471093928;0.49767684139559665;-0.44921875;
19:00:08;694.0;1573844409;91.427;18.426457136645112;0.504834442099866;-0.4541015625;
19:00:09;695.0;1573844410;91.506;18.426457136645112;0.504834442099866;-0.4541015625;
19:00:10;696.0;1573844411;91.308;18.426457136645112;0.504834442099866;-0.4541015625;
19:00:11;697.0;1573844412;91.288;18.55708334949803;0.5084132424520008;-0.45654296875;
19:00:12;698.0;1573844413;91.091;18.16520471093928;0.49767684139559665;-0.44921875;
19:00:13;699.0;1573844414;91.091;18.55708334949803;0.5084132424520008;-0.45654296875;
19:00:14;700.0;1573844415;91.111;18.55708334949803;0.5084132424520008;-0.45654296875;
19:00:15;701.0;1573844416;91.288;18.426457136645112;0.504834442099866;-0.4541015625;
19:00:16;702.0;1573844417;91.071;18.426457136645112;0.504834442099866;-0.4541015625;
19:00:17;703.0;1573844418;90.894;18.687709562350943;0.5119920428041355;-0.458984375;
19:00:18;704.0;1573844419;91.052;18.426457136645112;0.504834442099866;-0.4541015625;
19:00:19;705.0;1573844420;91.111;18.426457136645112;0.504834442099866;-0.4541015625;
19:00:20;706.0;1573844421;91.348;18.687709562350943;0.5119920428041355;-0.458984375;
19:00:21;707.0;1573844422;91.486;18.2958309237922;0.5012556417477315;-0.45166015625;
19:00:22;708.0;1573844423;91.348;18.55708334949803;0.5084132424520008;-0.45654296875;
19:00:23;709.0;1573844424;90.815;19.471466839468437;0.5334648449169435;-0.4736328125;
19:00:24;710.0;1573844425;90.933;18.2958309237922;0.5012556417477315;-0.45166015625;
19:00:25;711.0;1573844426;90.973;18.16520471093928;0.49767684139559665;-0.44921875;
19:00:26;712.0;1573844427;91.111;18.55708334949803;0.5084132424520008;-0.45654296875;
19:00:27;713.0;1573844428;91.427;18.55708334949803;0.5084132424520008;-0.45654296875;
19:00:28;714.0;1573844429;91.486;18.55708334949803;0.5084132424520008;-0.45654296875;
19:00:29;715.0;1573844430;91.427;18.426457136645112;0.504834442099866;-0.4541015625;
19:00:30;716.0;1573844431;91.229;18.2958309237922;0.5012556417477315;-0.45166015625;
19:00:31;717.0;1573844432;91.387;20.255224116585932;0.5549376470297516;-0.48828125;
19:00:32;718.0;1573844433;91.566;18.426457136645112;0.504834442099866;-0.4541015625;
19:00:33;719.0;1573844435;91.526;16.597690156704292;0.4547312371699806;-0.419921875;
19:00:34;720.0;1573844436;91.566;19.602093052321354;0.5370436452690782;-0.47607421875;
19:00:35;721.0;1573844437;91.625;18.687709562350943;0.5119920428041355;-0.458984375;
19:00:36;722.0;1573844438;91.249;18.16520471093928;0.49767684139559665;-0.44921875;
19:00:37;723.0;1573844439;91.486;15.813932879586796;0.4332584350571725;-0.4052734375;
19:00:38;724.0;1573844440;91.526;18.687709562350943;0.5119920428041355;-0.458984375;
19:00:39;725.0;1573844441;91.308;18.81833577520386;0.5155708431562701;-0.46142578125;
19:00:40;726.0;1573844442;91.052;18.426457136645112;0.504834442099866;-0.4541015625;
19:00:41;727.0;1573844443;90.914;16.205811518145545;0.4439948361135766;-0.41259765625;
19:00:42;728.0;1573844444;90.914;18.2958309237922;0.5012556417477315;-0.45166015625;
19:00:43;729.0;1573844445;90.914;18.426457136645112;0.504834442099866;-0.4541015625;
19:00:45;731.0;1573844446;91.209;18.55708334949803;0.5084132424520008;-0.45654296875;
19:00:46;732.0;1573844447;91.229;18.948961988056773;0.5191496435084048;-0.4638671875;
19:00:47;733.0;1573844448;91.249;18.426457136645112;0.504834442099866;-0.4541015625;
19:00:49;735.0;1573844449;90.993;18.687709562350943;0.5119920428041355;-0.458984375;
19:00:50;736.0;1573844451;90.776;18.687709562350943;0.5119920428041355;-0.458984375;
19:00:51;737.0;1573844452;90.698;18.81833577520386;0.5155708431562701;-0.46142578125;
19:00:52;738.0;1573844453;91.071;18.55708334949803;0.5084132424520008;-0.45654296875;
19:00:53;739.0;1573844454;91.249;18.426457136645112;0.504834442099866;-0.4541015625;
19:00:54;740.0;1573844455;91.625;18.55708334949803;0.5084132424520008;-0.45654296875;
19:00:55;741.0;1573844456;91.427;18.426457136645112;0.504834442099866;-0.4541015625;
19:00:56;742.0;1573844457;91.348;19.07958820090969;0.5227284438605394;-0.46630859375;
19:00:57;743.0;1573844458;91.19;18.948961988056773;0.5191496435084048;-0.4638671875;
19:00:58;744.0;1573844459;90.855;17.381447433821783;0.4762040392827886;-0.4345703125;
19:00:59;745.0;1573844460;91.032;18.426457136645112;0.504834442099866;-0.4541015625;
19:01:00;746.0;1573844461;91.209;18.426457136645112;0.504834442099866;-0.4541015625;
19:01:01;747.0;1573844462;91.052;18.2958309237922;0.5012556417477315;-0.45166015625;
19:01:02;748.0;1573844463;91.032;18.16520471093928;0.49767684139559665;-0.44921875;
19:01:03;749.0;1573844464;90.914;18.426457136645112;0.504834442099866;-0.4541015625;
19:01:04;750.0;1573844465;90.463;20.12459790373302;0.5513588466776169;-0.48583984375;
19:01:05;751.0;1573844466;90.443;18.687709562350943;0.5119920428041355;-0.458984375;
19:01:06;752.0;1573844467;90.56;18.426457136645112;0.504834442099866;-0.4541015625;
19:01:07;753.0;1573844468;90.56;18.426457136645112;0.504834442099866;-0.4541015625;
19:01:08;754.0;1573844469;90.953;18.55708334949803;0.5084132424520008;-0.45654296875;
19:01:09;755.0;1573844470;91.17;18.426457136645112;0.504834442099866;-0.4541015625;
19:01:10;756.0;1573844471;90.973;18.55708334949803;0.5084132424520008;-0.45654296875;
19:01:11;757.0;1573844472;91.091;18.81833577520386;0.5155708431562701;-0.46142578125;
19:01:12;758.0;1573844473;90.737;18.426457136645112;0.504834442099866;-0.4541015625;
19:01:13;759.0;1573844474;90.521;18.2958309237922;0.5012556417477315;-0.45166015625;
19:01:14;760.0;1573844475;90.58;18.426457136645112;0.504834442099866;-0.4541015625;
19:01:15;761.0;1573844476;90.815;18.426457136645112;0.504834442099866;-0.4541015625;
19:01:16;762.0;1573844477;90.973;18.687709562350943;0.5119920428041355;-0.458984375;
19:01:17;763.0;1573844478;90.933;18.2958309237922;0.5012556417477315;-0.45166015625;
19:01:18;764.0;1573844479;91.17;18.426457136645112;0.504834442099866;-0.4541015625;
19:01:19;765.0;1573844480;90.619;18.426457136645112;0.504834442099866;-0.4541015625;
19:01:20;766.0;1573844482;90.443;18.2958309237922;0.5012556417477315;-0.45166015625;
19:01:21;767.0;1573844483;90.619;19.210214413762603;0.526307244212674;-0.46875;
19:01:22;768.0;1573844484;90.56;18.426457136645112;0.504834442099866;-0.4541015625;
19:01:23;769.0;1573844485;90.737;18.2958309237922;0.5012556417477315;-0.45166015625;
19:01:24;770.0;1573844486;90.894;18.426457136645112;0.504834442099866;-0.4541015625;
19:01:25;771.0;1573844487;90.737;18.687709562350943;0.5119920428041355;-0.458984375;
19:01:26;772.0;1573844488;90.639;18.2958309237922;0.5012556417477315;-0.45166015625;
19:01:27;773.0;1573844489;90.619;18.426457136645112;0.504834442099866;-0.4541015625;
19:01:28;774.0;1573844490;90.521;18.55708334949803;0.5084132424520008;-0.45654296875;
19:01:29;775.0;1573844491;90.678;17.903952285233448;0.49051924069132735;-0.4443359375;
19:01:30;776.0;1573844492;90.619;18.2958309237922;0.5012556417477315;-0.45166015625;
19:01:31;777.0;1573844493;90.6;18.55708334949803;0.5084132424520008;-0.45654296875;
19:01:32;778.0;1573844494;90.228;18.2958309237922;0.5012556417477315;-0.45166015625;
19:01:33;779.0;1573844495;90.287;18.55708334949803;0.5084132424520008;-0.45654296875;
19:01:34;780.0;1573844496;90.306;19.340840626615524;0.5298860445648089;-0.47119140625;
19:01:35;781.0;1573844497;90.541;18.426457136645112;0.504834442099866;-0.4541015625;
19:01:36;782.0;1573844498;91.032;18.426457136645112;0.504834442099866;-0.4541015625;
19:01:37;783.0;1573844499;90.855;18.426457136645112;0.504834442099866;-0.4541015625;
19:01:38;784.0;1573844500;90.482;18.55708334949803;0.5084132424520008;-0.45654296875;
19:01:39;785.0;1573844501;90.482;18.426457136645112;0.504834442099866;-0.4541015625;
19:01:40;786.0;1573844502;90.384;18.16520471093928;0.49767684139559665;-0.44921875;
19:01:41;787.0;1573844503;90.423;18.55708334949803;0.5084132424520008;-0.45654296875;
19:01:42;788.0;1573844504;90.835;17.773326072380534;0.4869404403391927;-0.44189453125;
19:01:43;789.0;1573844505;90.658;18.2958309237922;0.5012556417477315;-0.45166015625;
19:01:44;790.0;1573844506;90.639;18.55708334949803;0.5084132424520008;-0.45654296875;
19:01:45;791.0;1573844507;90.443;18.034578498086365;0.49409804104346206;-0.44677734375;
19:01:46;792.0;1573844508;90.209;15.552680453880965;0.42610083435290314;-0.400390625;
19:01:47;793.0;1573844508;90.131;18.2958309237922;0.5012556417477315;-0.45166015625;
19:01:49;795.0;1573844510;90.287;18.426457136645112;0.504834442099866;-0.4541015625;
19:01:50;796.0;1573844511;90.443;18.687709562350943;0.5119920428041355;-0.458984375;
19:01:51;797.0;1573844512;90.639;18.2958309237922;0.5012556417477315;-0.45166015625;
19:01:52;798.0;1573844513;90.502;18.81833577520386;0.5155708431562701;-0.46142578125;
19:01:53;799.0;1573844514;90.365;18.2958309237922;0.5012556417477315;-0.45166015625;
19:01:54;800.0;1573844515;90.228;18.2958309237922;0.5012556417477315;-0.45166015625;
19:01:55;801.0;1573844516;90.209;18.55708334949803;0.5084132424520008;-0.45654296875;
19:01:56;802.0;1573844517;90.365;18.55708334949803;0.5084132424520008;-0.45654296875;
19:01:57;803.0;1573844518;90.111;18.81833577520386;0.5155708431562701;-0.46142578125;
19:01:58;804.0;1573844519;90.404;18.55708334949803;0.5084132424520008;-0.45654296875;
19:01:59;805.0;1573844520;90.209;18.55708334949803;0.5084132424520008;-0.45654296875;
19:02:00;806.0;1573844521;90.502;18.2958309237922;0.5012556417477315;-0.45166015625;
19:02:01;807.0;1573844522;90.56;20.908355180850506;0.5728316487904248;-0.50048828125;
19:02:02;808.0;1573844523;90.17;19.07958820090969;0.5227284438605394;-0.46630859375;
19:02:03;809.0;1573844524;90.58;18.55708334949803;0.5084132424520008;-0.45654296875;
19:02:04;810.0;1573844525;89.994;18.16520471093928;0.49767684139559665;-0.44921875;
19:02:05;811.0;1573844526;90.189;18.55708334949803;0.5084132424520008;-0.45654296875;
19:02:06;812.0;1573844527;90.248;18.16520471093928;0.49767684139559665;-0.44921875;
19:02:07;813.0;1573844528;89.994;18.426457136645112;0.504834442099866;-0.4541015625;
19:02:08;814.0;1573844529;90.326;18.55708334949803;0.5084132424520008;-0.45654296875;
19:02:09;815.0;1573844530;90.287;18.426457136645112;0.504834442099866;-0.4541015625;
19:02:10;816.0;1573844531;90.639;15.944559092439714;0.43683723540930725;-0.40771484375;
19:02:11;817.0;1573844532;90.56;18.426457136645112;0.504834442099866;-0.4541015625;
19:02:12;818.0;1573844533;90.58;18.81833577520386;0.5155708431562701;-0.46142578125;
19:02:13;819.0;1573844534;90.776;18.426457136645112;0.504834442099866;-0.4541015625;
19:02:14;820.0;1573844535;90.737;18.55708334949803;0.5084132424520008;-0.45654296875;
19:02:15;821.0;1573844536;90.698;18.55708334949803;0.5084132424520008;-0.45654296875;
19:02:16;822.0;1573844537;90.482;19.07958820090969;0.5227284438605394;-0.46630859375;
19:02:17;823.0;1573844538;90.033;18.55708334949803;0.5084132424520008;-0.45654296875;
19:02:18;824.0;1573844539;89.917;15.291428028175133;0.4189432336486338;-0.3955078125;
19:02:19;825.0;1573844540;89.917;16.075185305292628;0.44041603576144184;-0.41015625;
19:02:20;826.0;1573844541;89.858;18.55708334949803;0.5084132424520008;-0.45654296875;
19:02:21;827.0;1573844542;89.955;18.81833577520386;0.5155708431562701;-0.46142578125;
19:02:22;828.0;1573844543;89.626;18.55708334949803;0.5084132424520008;-0.45654296875;
19:02:23;829.0;1573844544;89.819;18.687709562350943;0.5119920428041355;-0.458984375;
19:02:24;830.0;1573844545;89.897;18.81833577520386;0.5155708431562701;-0.46142578125;
19:02:25;831.0;1573844546;90.111;18.2958309237922;0.5012556417477315;-0.45166015625;
19:02:26;832.0;1573844547;90.287;18.687709562350943;0.5119920428041355;-0.458984375;
19:02:27;833.0;1573844548;89.917;18.55708334949803;0.5084132424520008;-0.45654296875;
19:02:28;834.0;1573844549;89.781;18.55708334949803;0.5084132424520008;-0.45654296875;
19:02:29;835.0;1573844550;89.509;19.07958820090969;0.5227284438605394;-0.46630859375;
19:02:30;836.0;1573844551;89.684;18.687709562350943;0.5119920428041355;-0.458984375;
19:02:31;837.0;1573844552;89.878;18.948961988056773;0.5191496435084048;-0.4638671875;
19:02:32;838.0;1573844553;90.014;18.81833577520386;0.5155708431562701;-0.46142578125;
19:02:33;839.0;1573844554;90.248;18.687709562350943;0.5119920428041355;-0.458984375;
19:02:34;840.0;1573844555;90.267;18.2958309237922;0.5012556417477315;-0.45166015625;
19:02:35;841.0;1573844556;90.404;18.426457136645112;0.504834442099866;-0.4541015625;
19:02:36;842.0;1573844557;90.423;18.16520471093928;0.49767684139559665;-0.44921875;
19:02:37;843.0;1573844558;90.228;18.2958309237922;0.5012556417477315;-0.45166015625;
19:02:38;844.0;1573844559;89.955;16.98956879526304;0.46546763822638465;-0.42724609375;
19:02:39;845.0;1573844560;89.722;18.55708334949803;0.5084132424520008;-0.45654296875;
19:02:40;846.0;1573844561;89.684;18.426457136645112;0.504834442099866;-0.4541015625;
19:02:41;847.0;1573844562;89.567;19.210214413762603;0.526307244212674;-0.46875;
19:02:42;848.0;1573844563;89.664;15.944559092439714;0.43683723540930725;-0.40771484375;
19:02:43;849.0;1573844564;89.626;18.2958309237922;0.5012556417477315;-0.45166015625;
19:02:44;850.0;1573844565;89.664;18.426457136645112;0.504834442099866;-0.4541015625;
19:02:45;851.0;1573844566;89.8;21.038981393703427;0.5764104491425597;-0.5029296875;
19:02:46;852.0;1573844567;89.897;18.426457136645112;0.504834442099866;-0.4541015625;
19:02:47;853.0;1573844568;90.033;14.377044538204725;0.3938916311836911;-0.37841796875;
19:02:48;854.0;1573844569;90.014;18.426457136645112;0.504834442099866;-0.4541015625;
19:02:49;855.0;1573844570;89.975;18.687709562350943;0.5119920428041355;-0.458984375;
19:02:50;856.0;1573844571;90.033;15.030175602469303;0.41178563294436443;-0.390625;
19:02:51;857.0;1573844573;90.053;18.16520471093928;0.49767684139559665;-0.44921875;
19:02:53;859.0;1573844574;90.092;18.55708334949803;0.5084132424520008;-0.45654296875;
19:02:54;860.0;1573844575;90.404;18.55708334949803;0.5084132424520008;-0.45654296875;
19:02:55;861.0;1573844576;90.033;18.55708334949803;0.5084132424520008;-0.45654296875;
19:02:56;862.0;1573844577;90.131;18.687709562350943;0.5119920428041355;-0.458984375;
19:02:57;863.0;1573844578;90.248;18.948961988056773;0.5191496435084048;-0.4638671875;
19:02:58;864.0;1573844579;89.819;18.55708334949803;0.5084132424520008;-0.45654296875;
19:02:59;865.0;1573844580;90.17;18.687709562350943;0.5119920428041355;-0.458984375;
19:03:00;866.0;1573844581;90.209;18.687709562350943;0.5119920428041355;-0.458984375;
19:03:01;867.0;1573844582;89.897;18.426457136645112;0.504834442099866;-0.4541015625;
19:03:02;868.0;1573844583;89.878;18.426457136645112;0.504834442099866;-0.4541015625;
