Time;Seconds from start for linreg;Unix Time;ch1 po2;Uc;Ubl;Vc;
04:08:52;-1.0;1571969333;105.688;9.026678082477323;0.2542726220416147;-0.28076171875;
04:08:53;0.0;1571969334;105.922;8.769002976532569;0.2470141683530301;-0.27587890625;
04:08:54;1.0;1571969335;105.992;9.413190741394452;0.2651603025744916;-0.2880859375;
04:08:55;2.0;1571969336;106.155;9.284353188422077;0.26153107573019935;-0.28564453125;
04:08:56;3.0;1571969337;106.319;9.026678082477323;0.2542726220416147;-0.28076171875;
04:08:57;4.0;1571969338;106.226;9.155515635449698;0.25790184888590695;-0.283203125;
04:08:58;5.0;1571969339;106.531;8.769002976532569;0.2470141683530301;-0.27587890625;
04:08:59;6.0;1571969340;106.437;9.155515635449698;0.25790184888590695;-0.283203125;
04:09:00;7.0;1571969341;106.437;9.284353188422077;0.26153107573019935;-0.28564453125;
04:09:01;8.0;1571969342;106.578;9.413190741394452;0.2651603025744916;-0.2880859375;
04:09:02;9.0;1571969343;106.413;9.284353188422077;0.26153107573019935;-0.28564453125;
04:09:03;10.0;1571969344;106.578;9.284353188422077;0.26153107573019935;-0.28564453125;
04:09:04;11.0;1571969345;106.484;9.026678082477323;0.2542726220416147;-0.28076171875;
04:09:05;12.0;1571969346;106.413;9.155515635449698;0.25790184888590695;-0.283203125;
04:09:06;13.0;1571969347;106.202;8.897840529504945;0.2506433951973224;-0.2783203125;
04:09:07;14.0;1571969349;105.875;9.026678082477323;0.2542726220416147;-0.28076171875;
04:09:08;15.0;1571969349;105.922;9.284353188422077;0.26153107573019935;-0.28564453125;
04:09:09;16.0;1571969350;106.062;13.278317330565754;0.37403710790326067;-0.361328125;
04:09:10;17.0;1571969351;106.413;8.897840529504945;0.2506433951973224;-0.2783203125;
04:09:11;18.0;1571969352;106.249;9.026678082477323;0.2542726220416147;-0.28076171875;
04:09:12;19.0;1571969354;106.319;9.284353188422077;0.26153107573019935;-0.28564453125;
04:09:13;20.0;1571969354;106.015;9.155515635449698;0.25790184888590695;-0.283203125;
04:09:14;21.0;1571969355;105.758;9.413190741394452;0.2651603025744916;-0.2880859375;
04:09:15;22.0;1571969356;106.155;9.155515635449698;0.25790184888590695;-0.283203125;
04:09:16;23.0;1571969358;106.366;9.026678082477323;0.2542726220416147;-0.28076171875;
04:09:17;24.0;1571969359;106.601;10.830403824090594;0.30508179786170686;-0.31494140625;
04:09:18;25.0;1571969359;106.884;9.026678082477323;0.2542726220416147;-0.28076171875;
04:09:19;26.0;1571969360;106.766;9.155515635449698;0.25790184888590695;-0.283203125;
04:09:20;27.0;1571969362;106.719;9.284353188422077;0.26153107573019935;-0.28564453125;
04:09:21;28.0;1571969363;106.648;9.155515635449698;0.25790184888590695;-0.283203125;
04:09:22;29.0;1571969364;106.413;9.155515635449698;0.25790184888590695;-0.283203125;
04:09:23;30.0;1571969364;106.319;9.026678082477323;0.2542726220416147;-0.28076171875;
04:09:24;31.0;1571969366;106.179;9.155515635449698;0.25790184888590695;-0.283203125;
04:09:25;32.0;1571969367;106.202;9.155515635449698;0.25790184888590695;-0.283203125;
04:09:26;33.0;1571969368;106.366;9.155515635449698;0.25790184888590695;-0.283203125;
04:09:27;34.0;1571969368;106.155;9.284353188422077;0.26153107573019935;-0.28564453125;
04:09:28;35.0;1571969370;106.062;8.897840529504945;0.2506433951973224;-0.2783203125;
04:09:29;36.0;1571969371;106.038;9.155515635449698;0.25790184888590695;-0.283203125;
04:09:30;37.0;1571969372;105.782;8.897840529504945;0.2506433951973224;-0.2783203125;
04:09:31;38.0;1571969373;105.992;9.284353188422077;0.26153107573019935;-0.28564453125;
04:09:32;39.0;1571969374;106.155;9.155515635449698;0.25790184888590695;-0.283203125;
04:09:33;40.0;1571969375;106.202;9.155515635449698;0.25790184888590695;-0.283203125;
04:09:34;41.0;1571969376;106.296;9.155515635449698;0.25790184888590695;-0.283203125;
04:09:35;42.0;1571969377;106.437;9.155515635449698;0.25790184888590695;-0.283203125;
04:09:36;43.0;1571969378;106.343;5.805739258167904;0.16354195093430715;-0.2197265625;
04:09:37;44.0;1571969379;106.249;9.284353188422077;0.26153107573019935;-0.28564453125;
04:09:38;45.0;1571969380;106.296;8.769002976532569;0.2470141683530301;-0.27587890625;
04:09:39;46.0;1571969381;105.945;9.026678082477323;0.2542726220416147;-0.28076171875;
04:09:40;47.0;1571969382;105.945;9.155515635449698;0.25790184888590695;-0.283203125;
04:09:42;49.0;1571969383;105.898;9.670865847339204;0.27241875626307616;-0.29296875;
04:09:43;50.0;1571969384;105.618;7.480627446808802;0.2107218999101071;-0.25146484375;
04:09:44;51.0;1571969385;106.085;9.026678082477323;0.2542726220416147;-0.28076171875;
04:09:45;52.0;1571969386;106.179;9.284353188422077;0.26153107573019935;-0.28564453125;
04:09:46;53.0;1571969387;106.296;9.155515635449698;0.25790184888590695;-0.283203125;
04:09:47;54.0;1571969388;106.672;9.284353188422077;0.26153107573019935;-0.28564453125;
04:09:48;55.0;1571969389;106.413;9.284353188422077;0.26153107573019935;-0.28564453125;
04:09:49;56.0;1571969390;106.437;9.284353188422077;0.26153107573019935;-0.28564453125;
04:09:50;57.0;1571969391;106.625;9.155515635449698;0.25790184888590695;-0.283203125;
04:09:51;58.0;1571969392;106.578;9.284353188422077;0.26153107573019935;-0.28564453125;
04:09:52;59.0;1571969393;106.578;9.155515635449698;0.25790184888590695;-0.283203125;
04:09:53;60.0;1571969394;106.554;9.284353188422077;0.26153107573019935;-0.28564453125;
04:09:54;61.0;1571969395;106.249;9.413190741394452;0.2651603025744916;-0.2880859375;
04:09:55;62.0;1571969396;106.109;8.897840529504945;0.2506433951973224;-0.2783203125;
04:09:56;63.0;1571969397;106.226;10.830403824090594;0.30508179786170686;-0.31494140625;
04:09:57;64.0;1571969398;106.226;10.057378506256336;0.28330643679595313;-0.30029296875;
04:09:58;65.0;1571969399;106.695;9.155515635449698;0.25790184888590695;-0.283203125;
04:09:59;66.0;1571969400;106.695;9.155515635449698;0.25790184888590695;-0.283203125;
04:10:00;67.0;1571969401;106.554;9.155515635449698;0.25790184888590695;-0.283203125;
04:10:01;68.0;1571969402;106.46;12.118779353814361;0.3413740663046299;-0.33935546875;
04:10:02;69.0;1571969403;106.249;8.897840529504945;0.2506433951973224;-0.2783203125;
04:10:03;70.0;1571969404;106.226;9.413190741394452;0.2651603025744916;-0.2880859375;
04:10:04;71.0;1571969405;106.109;9.026678082477323;0.2542726220416147;-0.28076171875;
04:10:05;72.0;1571969406;106.155;9.413190741394452;0.2651603025744916;-0.2880859375;
04:10:06;73.0;1571969407;105.992;8.640165423560193;0.24338494150873782;-0.2734375;
04:10:07;74.0;1571969408;106.038;9.284353188422077;0.26153107573019935;-0.28564453125;
04:10:08;75.0;1571969409;106.179;9.284353188422077;0.26153107573019935;-0.28564453125;
04:10:09;76.0;1571969410;105.922;9.413190741394452;0.2651603025744916;-0.2880859375;
04:10:10;77.0;1571969411;105.898;9.413190741394452;0.2651603025744916;-0.2880859375;
04:10:11;78.0;1571969412;106.015;9.284353188422077;0.26153107573019935;-0.28564453125;
04:10:12;79.0;1571969413;105.782;9.026678082477323;0.2542726220416147;-0.28076171875;
04:10:13;80.0;1571969414;105.875;9.54202829436683;0.2687895294187839;-0.29052734375;
04:10:14;81.0;1571969415;105.968;9.026678082477323;0.2542726220416147;-0.28076171875;
04:10:15;82.0;1571969416;105.968;9.155515635449698;0.25790184888590695;-0.283203125;
04:10:16;83.0;1571969417;106.507;9.54202829436683;0.2687895294187839;-0.29052734375;
04:10:17;84.0;1571969418;106.719;9.413190741394452;0.2651603025744916;-0.2880859375;
04:10:18;85.0;1571969419;106.719;9.284353188422077;0.26153107573019935;-0.28564453125;
04:10:19;86.0;1571969420;106.79;9.155515635449698;0.25790184888590695;-0.283203125;
04:10:20;87.0;1571969421;106.226;9.284353188422077;0.26153107573019935;-0.28564453125;
04:10:21;88.0;1571969422;106.202;9.155515635449698;0.25790184888590695;-0.283203125;
04:10:22;89.0;1571969423;106.062;9.284353188422077;0.26153107573019935;-0.28564453125;
04:10:23;90.0;1571969424;105.898;8.124815211670684;0.2288680341315686;-0.263671875;
04:10:24;91.0;1571969425;106.179;9.155515635449698;0.25790184888590695;-0.283203125;
04:10:25;92.0;1571969426;106.062;9.284353188422077;0.26153107573019935;-0.28564453125;
04:10:26;93.0;1571969427;106.062;9.284353188422077;0.26153107573019935;-0.28564453125;
04:10:27;94.0;1571969428;106.015;9.026678082477323;0.2542726220416147;-0.28076171875;
04:10:28;95.0;1571969429;106.109;9.413190741394452;0.2651603025744916;-0.2880859375;
04:10:29;96.0;1571969430;106.343;9.284353188422077;0.26153107573019935;-0.28564453125;
04:10:30;97.0;1571969431;106.273;9.284353188422077;0.26153107573019935;-0.28564453125;
04:10:31;98.0;1571969432;106.531;7.609464999781178;0.21435112675439938;-0.25390625;
04:10:32;99.0;1571969433;106.273;8.897840529504945;0.2506433951973224;-0.2783203125;
04:10:33;100.0;1571969434;106.202;7.738302552753555;0.2179803535986917;-0.25634765625;
04:10:34;101.0;1571969435;106.413;9.284353188422077;0.26153107573019935;-0.28564453125;
04:10:35;102.0;1571969436;106.202;9.026678082477323;0.2542726220416147;-0.28076171875;
04:10:36;103.0;1571969437;106.625;9.413190741394452;0.2651603025744916;-0.2880859375;
04:10:37;104.0;1571969438;106.507;9.026678082477323;0.2542726220416147;-0.28076171875;
04:10:38;105.0;1571969439;106.554;9.284353188422077;0.26153107573019935;-0.28564453125;
04:10:39;106.0;1571969440;106.625;9.026678082477323;0.2542726220416147;-0.28076171875;
04:10:40;107.0;1571969441;106.531;9.026678082477323;0.2542726220416147;-0.28076171875;
04:10:41;108.0;1571969442;106.507;9.284353188422077;0.26153107573019935;-0.28564453125;
04:10:42;109.0;1571969443;106.249;9.413190741394452;0.2651603025744916;-0.2880859375;
04:10:43;110.0;1571969444;106.319;8.897840529504945;0.2506433951973224;-0.2783203125;
04:10:44;111.0;1571969445;106.296;9.284353188422077;0.26153107573019935;-0.28564453125;
04:10:45;112.0;1571969447;106.319;9.284353188422077;0.26153107573019935;-0.28564453125;
04:10:46;113.0;1571969447;106.343;9.026678082477323;0.2542726220416147;-0.28076171875;
04:10:47;114.0;1571969448;106.179;9.026678082477323;0.2542726220416147;-0.28076171875;
04:10:48;115.0;1571969449;105.992;9.026678082477323;0.2542726220416147;-0.28076171875;
04:10:49;116.0;1571969451;106.109;9.026678082477323;0.2542726220416147;-0.28076171875;
04:10:50;117.0;1571969451;106.202;9.155515635449698;0.25790184888590695;-0.283203125;
04:10:51;118.0;1571969452;106.413;10.70156627111822;0.30145257101741463;-0.3125;
04:10:52;119.0;1571969453;106.695;9.284353188422077;0.26153107573019935;-0.28564453125;
04:10:53;120.0;1571969454;106.46;9.155515635449698;0.25790184888590695;-0.283203125;
04:10:54;121.0;1571969456;106.719;9.284353188422077;0.26153107573019935;-0.28564453125;
04:10:55;122.0;1571969456;106.273;9.026678082477323;0.2542726220416147;-0.28076171875;
04:10:56;123.0;1571969457;106.132;10.443891165173465;0.29419411732883;-0.3076171875;
04:10:57;124.0;1571969458;106.132;9.670865847339204;0.27241875626307616;-0.29296875;
04:10:58;125.0;1571969460;105.758;9.413190741394452;0.2651603025744916;-0.2880859375;
04:10:59;126.0;1571969461;105.992;9.284353188422077;0.26153107573019935;-0.28564453125;
04:11:00;127.0;1571969461;105.968;9.284353188422077;0.26153107573019935;-0.28564453125;
04:11:01;128.0;1571969462;106.249;9.54202829436683;0.2687895294187839;-0.29052734375;
04:11:02;129.0;1571969464;106.319;9.155515635449698;0.25790184888590695;-0.283203125;
04:11:03;130.0;1571969465;106.319;9.54202829436683;0.2687895294187839;-0.29052734375;
04:11:04;131.0;1571969466;106.46;9.026678082477323;0.2542726220416147;-0.28076171875;
04:11:05;132.0;1571969467;106.249;9.284353188422077;0.26153107573019935;-0.28564453125;
04:11:06;133.0;1571969468;106.366;9.026678082477323;0.2542726220416147;-0.28076171875;
04:11:07;134.0;1571969468;106.273;11.088078930035348;0.3123402515502915;-0.31982421875;
04:11:08;135.0;1571969470;106.109;8.897840529504945;0.2506433951973224;-0.2783203125;
04:11:09;136.0;1571969471;106.202;9.026678082477323;0.2542726220416147;-0.28076171875;
04:11:10;137.0;1571969472;106.015;9.284353188422077;0.26153107573019935;-0.28564453125;
04:11:11;138.0;1571969473;105.992;9.155515635449698;0.25790184888590695;-0.283203125;
04:11:12;139.0;1571969474;106.085;8.897840529504945;0.2506433951973224;-0.2783203125;
04:11:13;140.0;1571969475;105.828;9.155515635449698;0.25790184888590695;-0.283203125;
04:11:14;141.0;1571969476;106.062;9.026678082477323;0.2542726220416147;-0.28076171875;
04:11:15;142.0;1571969477;106.319;9.284353188422077;0.26153107573019935;-0.28564453125;
04:11:17;144.0;1571969478;106.155;9.155515635449698;0.25790184888590695;-0.283203125;
04:11:18;145.0;1571969479;106.625;9.284353188422077;0.26153107573019935;-0.28564453125;
04:11:19;146.0;1571969480;106.484;9.026678082477323;0.2542726220416147;-0.28076171875;
04:11:20;147.0;1571969481;106.39;9.799703400311584;0.27604798310736856;-0.29541015625;
04:11:21;148.0;1571969482;106.554;9.026678082477323;0.2542726220416147;-0.28076171875;
04:11:22;149.0;1571969483;106.273;9.284353188422077;0.26153107573019935;-0.28564453125;
04:11:23;150.0;1571969484;106.155;9.284353188422077;0.26153107573019935;-0.28564453125;
04:11:24;151.0;1571969485;106.015;9.155515635449698;0.25790184888590695;-0.283203125;
04:11:25;152.0;1571969486;105.875;9.284353188422077;0.26153107573019935;-0.28564453125;
04:11:26;153.0;1571969487;106.038;9.284353188422077;0.26153107573019935;-0.28564453125;
04:11:27;154.0;1571969488;106.226;8.511327870587815;0.23975571466444548;-0.27099609375;
04:11:28;155.0;1571969489;105.945;9.284353188422077;0.26153107573019935;-0.28564453125;
04:11:29;156.0;1571969490;105.665;9.026678082477323;0.2542726220416147;-0.28076171875;
04:11:30;157.0;1571969491;105.316;7.738302552753555;0.2179803535986917;-0.25634765625;
04:11:31;158.0;1571969492;105.131;9.026678082477323;0.2542726220416147;-0.28076171875;
04:11:32;159.0;1571969493;105.525;9.155515635449698;0.25790184888590695;-0.283203125;
04:11:33;160.0;1571969494;105.712;9.155515635449698;0.25790184888590695;-0.283203125;
04:11:34;161.0;1571969495;105.595;9.284353188422077;0.26153107573019935;-0.28564453125;
04:11:35;162.0;1571969496;105.852;9.155515635449698;0.25790184888590695;-0.283203125;
04:11:36;163.0;1571969497;106.015;9.026678082477323;0.2542726220416147;-0.28076171875;
04:11:37;164.0;1571969498;105.852;8.897840529504945;0.2506433951973224;-0.2783203125;
04:11:38;165.0;1571969499;106.062;9.284353188422077;0.26153107573019935;-0.28564453125;
04:11:39;166.0;1571969500;106.038;9.284353188422077;0.26153107573019935;-0.28564453125;
04:11:40;167.0;1571969501;105.922;9.284353188422077;0.26153107573019935;-0.28564453125;
04:11:41;168.0;1571969502;106.038;9.155515635449698;0.25790184888590695;-0.283203125;
04:11:42;169.0;1571969503;106.155;9.284353188422077;0.26153107573019935;-0.28564453125;
04:11:43;170.0;1571969504;105.898;9.026678082477323;0.2542726220416147;-0.28076171875;
04:11:44;171.0;1571969505;105.758;9.026678082477323;0.2542726220416147;-0.28076171875;
04:11:45;172.0;1571969506;105.875;9.155515635449698;0.25790184888590695;-0.283203125;
04:11:46;173.0;1571969507;105.875;9.155515635449698;0.25790184888590695;-0.283203125;
04:11:47;174.0;1571969508;106.085;8.769002976532569;0.2470141683530301;-0.27587890625;
04:11:48;175.0;1571969509;106.132;9.284353188422077;0.26153107573019935;-0.28564453125;
04:11:49;176.0;1571969510;106.109;9.284353188422077;0.26153107573019935;-0.28564453125;
04:11:50;177.0;1571969512;106.226;9.284353188422077;0.26153107573019935;-0.28564453125;
04:11:51;178.0;1571969512;105.992;9.284353188422077;0.26153107573019935;-0.28564453125;
04:11:52;179.0;1571969513;105.992;9.155515635449698;0.25790184888590695;-0.283203125;
04:11:53;180.0;1571969514;106.132;9.284353188422077;0.26153107573019935;-0.28564453125;
04:11:54;181.0;1571969516;105.992;9.284353188422077;0.26153107573019935;-0.28564453125;
04:11:55;182.0;1571969516;106.132;9.284353188422077;0.26153107573019935;-0.28564453125;
04:11:56;183.0;1571969517;106.155;9999.0;9999.0;9999.0;
04:11:57;184.0;1571969519;105.758;9.670865847339204;0.27241875626307616;-0.29296875;
04:11:58;185.0;1571969520;105.456;9.026678082477323;0.2542726220416147;-0.28076171875;
04:11:59;186.0;1571969520;105.549;9.155515635449698;0.25790184888590695;-0.283203125;
04:12:00;187.0;1571969521;105.688;9.155515635449698;0.25790184888590695;-0.283203125;
04:12:01;188.0;1571969523;106.109;9.155515635449698;0.25790184888590695;-0.283203125;
04:12:02;189.0;1571969524;106.507;9.026678082477323;0.2542726220416147;-0.28076171875;
04:12:03;190.0;1571969524;106.437;9.284353188422077;0.26153107573019935;-0.28564453125;
04:12:04;191.0;1571969525;106.343;9.284353188422077;0.26153107573019935;-0.28564453125;
04:12:05;192.0;1571969527;106.437;9.284353188422077;0.26153107573019935;-0.28564453125;
04:12:06;193.0;1571969528;106.249;9.284353188422077;0.26153107573019935;-0.28564453125;
04:12:07;194.0;1571969529;106.531;9.026678082477323;0.2542726220416147;-0.28076171875;
04:12:08;195.0;1571969529;106.601;9.155515635449698;0.25790184888590695;-0.283203125;
04:12:09;196.0;1571969531;106.226;9.284353188422077;0.26153107573019935;-0.28564453125;
04:12:10;197.0;1571969532;106.437;9.026678082477323;0.2542726220416147;-0.28076171875;
04:12:11;198.0;1571969533;106.132;9.026678082477323;0.2542726220416147;-0.28076171875;
04:12:12;199.0;1571969534;105.688;9.284353188422077;0.26153107573019935;-0.28564453125;
04:12:13;200.0;1571969535;105.805;9.026678082477323;0.2542726220416147;-0.28076171875;
04:12:14;201.0;1571969536;105.688;9.284353188422077;0.26153107573019935;-0.28564453125;
04:12:15;202.0;1571969537;105.805;9.155515635449698;0.25790184888590695;-0.283203125;
04:12:16;203.0;1571969538;106.155;5.4192265992507735;0.15265427040143023;-0.21240234375;
04:12:17;204.0;1571969539;106.249;4.903876387361267;0.13813736302426105;-0.20263671875;
04:12:18;205.0;1571969540;106.015;6.707602128974541;0.18894653884435325;-0.23681640625;
04:12:19;206.0;1571969541;106.038;8.640165423560193;0.24338494150873782;-0.2734375;
04:12:21;208.0;1571969542;106.015;9.284353188422077;0.26153107573019935;-0.28564453125;
04:12:22;209.0;1571969543;105.922;9.155515635449698;0.25790184888590695;-0.283203125;
04:12:23;210.0;1571969544;106.015;9.284353188422077;0.26153107573019935;-0.28564453125;
04:12:24;211.0;1571969545;105.852;9.54202829436683;0.2687895294187839;-0.29052734375;
04:12:25;212.0;1571969546;105.875;9.026678082477323;0.2542726220416147;-0.28076171875;
04:12:26;213.0;1571969547;106.015;9.284353188422077;0.26153107573019935;-0.28564453125;
04:12:27;214.0;1571969548;106.179;9.284353188422077;0.26153107573019935;-0.28564453125;
04:12:28;215.0;1571969549;106.109;9.026678082477323;0.2542726220416147;-0.28076171875;
04:12:29;216.0;1571969550;106.249;9.155515635449698;0.25790184888590695;-0.283203125;
04:12:30;217.0;1571969551;105.992;9.155515635449698;0.25790184888590695;-0.283203125;
04:12:31;218.0;1571969552;105.852;9.026678082477323;0.2542726220416147;-0.28076171875;
04:12:32;219.0;1571969553;105.805;8.769002976532569;0.2470141683530301;-0.27587890625;
04:12:33;220.0;1571969554;105.642;9.155515635449698;0.25790184888590695;-0.283203125;
04:12:34;221.0;1571969555;105.852;9.413190741394452;0.2651603025744916;-0.2880859375;
04:12:35;222.0;1571969556;105.922;9.284353188422077;0.26153107573019935;-0.28564453125;
04:12:36;223.0;1571969557;106.179;9.284353188422077;0.26153107573019935;-0.28564453125;
04:12:37;224.0;1571969558;106.437;9.155515635449698;0.25790184888590695;-0.283203125;
04:12:38;225.0;1571969559;106.343;10.31505361220109;0.29056489048453776;-0.30517578125;
04:12:39;226.0;1571969560;106.413;9.284353188422077;0.26153107573019935;-0.28564453125;
04:12:40;227.0;1571969561;106.39;9.155515635449698;0.25790184888590695;-0.283203125;
04:12:41;228.0;1571969562;105.898;10.057378506256336;0.28330643679595313;-0.30029296875;
04:12:42;229.0;1571969563;105.805;8.769002976532569;0.2470141683530301;-0.27587890625;
04:12:43;230.0;1571969564;106.015;9.54202829436683;0.2687895294187839;-0.29052734375;
04:12:44;231.0;1571969565;106.202;9.155515635449698;0.25790184888590695;-0.283203125;
04:12:45;232.0;1571969566;106.39;8.897840529504945;0.2506433951973224;-0.2783203125;
04:12:46;233.0;1571969567;106.413;9.284353188422077;0.26153107573019935;-0.28564453125;
04:12:47;234.0;1571969568;106.155;9.54202829436683;0.2687895294187839;-0.29052734375;
04:12:48;235.0;1571969569;105.945;8.382490317615439;0.2361264878201532;-0.2685546875;
04:12:49;236.0;1571969570;106.109;9.026678082477323;0.2542726220416147;-0.28076171875;
04:12:50;237.0;1571969571;106.273;13.278317330565754;0.37403710790326067;-0.361328125;
04:12:51;238.0;1571969572;106.413;9.284353188422077;0.26153107573019935;-0.28564453125;
04:12:52;239.0;1571969573;106.296;9.155515635449698;0.25790184888590695;-0.283203125;
04:12:53;240.0;1571969574;106.202;9.155515635449698;0.25790184888590695;-0.283203125;
04:12:54;241.0;1571969576;106.343;9.155515635449698;0.25790184888590695;-0.283203125;
04:12:55;242.0;1571969576;106.062;9.670865847339204;0.27241875626307616;-0.29296875;
04:12:56;243.0;1571969577;105.945;9.284353188422077;0.26153107573019935;-0.28564453125;
04:12:57;244.0;1571969578;105.549;9.284353188422077;0.26153107573019935;-0.28564453125;
04:12:58;245.0;1571969580;105.177;9.284353188422077;0.26153107573019935;-0.28564453125;
04:12:59;246.0;1571969581;105.34;8.640165423560193;0.24338494150873782;-0.2734375;
04:13:00;247.0;1571969581;105.479;9.026678082477323;0.2542726220416147;-0.28076171875;
04:13:01;248.0;1571969582;105.922;9.155515635449698;0.25790184888590695;-0.283203125;
04:13:02;249.0;1571969584;106.249;9.026678082477323;0.2542726220416147;-0.28076171875;
04:13:03;250.0;1571969585;106.179;7.094114787891671;0.19983421937723017;-0.244140625;
04:13:04;251.0;1571969585;106.085;9.155515635449698;0.25790184888590695;-0.283203125;
04:13:05;252.0;1571969586;105.945;9.155515635449698;0.25790184888590695;-0.283203125;
04:13:06;253.0;1571969587;105.758;9.284353188422077;0.26153107573019935;-0.28564453125;
04:13:07;254.0;1571969589;105.618;9.284353188422077;0.26153107573019935;-0.28564453125;
04:13:08;255.0;1571969590;105.992;9.155515635449698;0.25790184888590695;-0.283203125;
04:13:09;256.0;1571969591;106.062;9.284353188422077;0.26153107573019935;-0.28564453125;
04:13:10;257.0;1571969591;105.968;9.026678082477323;0.2542726220416147;-0.28076171875;
04:13:11;258.0;1571969593;106.226;9.026678082477323;0.2542726220416147;-0.28076171875;
04:13:12;259.0;1571969594;106.109;9.155515635449698;0.25790184888590695;-0.283203125;
04:13:13;260.0;1571969595;106.132;9.284353188422077;0.26153107573019935;-0.28564453125;
04:13:14;261.0;1571969596;106.155;8.897840529504945;0.2506433951973224;-0.2783203125;
04:13:15;262.0;1571969596;105.898;9.155515635449698;0.25790184888590695;-0.283203125;
04:13:16;263.0;1571969598;105.875;8.640165423560193;0.24338494150873782;-0.2734375;
04:13:17;264.0;1571969599;106.038;9.155515635449698;0.25790184888590695;-0.283203125;
04:13:18;265.0;1571969600;106.132;8.124815211670684;0.2288680341315686;-0.263671875;
04:13:19;266.0;1571969601;106.179;9.54202829436683;0.2687895294187839;-0.29052734375;
04:13:20;267.0;1571969602;106.015;9.155515635449698;0.25790184888590695;-0.283203125;
04:13:21;268.0;1571969603;105.805;9.155515635449698;0.25790184888590695;-0.283203125;
04:13:22;269.0;1571969604;105.922;9.026678082477323;0.2542726220416147;-0.28076171875;
04:13:23;270.0;1571969605;106.155;9.284353188422077;0.26153107573019935;-0.28564453125;
04:13:25;272.0;1571969606;106.319;9.284353188422077;0.26153107573019935;-0.28564453125;
04:13:26;273.0;1571969607;106.179;9.284353188422077;0.26153107573019935;-0.28564453125;
04:13:27;274.0;1571969608;106.155;9.155515635449698;0.25790184888590695;-0.283203125;
04:13:28;275.0;1571969609;106.109;9.284353188422077;0.26153107573019935;-0.28564453125;
04:13:29;276.0;1571969610;106.132;9.026678082477323;0.2542726220416147;-0.28076171875;
04:13:30;277.0;1571969611;106.155;9.284353188422077;0.26153107573019935;-0.28564453125;
04:13:31;278.0;1571969612;106.062;9.155515635449698;0.25790184888590695;-0.283203125;
04:13:32;279.0;1571969613;105.758;9.155515635449698;0.25790184888590695;-0.283203125;
04:13:33;280.0;1571969614;105.479;9.284353188422077;0.26153107573019935;-0.28564453125;
04:13:34;281.0;1571969615;105.479;9.155515635449698;0.25790184888590695;-0.283203125;
04:13:35;282.0;1571969616;105.479;9.284353188422077;0.26153107573019935;-0.28564453125;
04:13:36;283.0;1571969617;105.595;9.026678082477323;0.2542726220416147;-0.28076171875;
04:13:37;284.0;1571969618;105.828;9.54202829436683;0.2687895294187839;-0.29052734375;
04:13:38;285.0;1571969619;105.735;9.413190741394452;0.2651603025744916;-0.2880859375;
04:13:39;286.0;1571969620;105.642;8.897840529504945;0.2506433951973224;-0.2783203125;
04:13:40;287.0;1571969621;105.828;9.026678082477323;0.2542726220416147;-0.28076171875;
04:13:41;288.0;1571969622;105.712;9.54202829436683;0.2687895294187839;-0.29052734375;
04:13:42;289.0;1571969623;105.758;9.284353188422077;0.26153107573019935;-0.28564453125;
04:13:43;290.0;1571969624;105.992;9.54202829436683;0.2687895294187839;-0.29052734375;
04:13:44;291.0;1571969625;105.852;9.155515635449698;0.25790184888590695;-0.283203125;
04:13:45;292.0;1571969626;105.945;9.026678082477323;0.2542726220416147;-0.28076171875;
04:13:46;293.0;1571969627;106.085;9.928540953283958;0.2796772099516608;-0.2978515625;
04:13:47;294.0;1571969628;105.922;9.026678082477323;0.2542726220416147;-0.28076171875;
04:13:48;295.0;1571969629;106.038;9.026678082477323;0.2542726220416147;-0.28076171875;
04:13:49;296.0;1571969630;105.898;9.026678082477323;0.2542726220416147;-0.28076171875;
04:13:50;297.0;1571969631;105.898;8.769002976532569;0.2470141683530301;-0.27587890625;
04:13:51;298.0;1571969632;105.572;8.897840529504945;0.2506433951973224;-0.2783203125;
04:13:52;299.0;1571969633;105.456;9.413190741394452;0.2651603025744916;-0.2880859375;
04:13:53;300.0;1571969634;105.386;9.284353188422077;0.26153107573019935;-0.28564453125;
04:13:54;301.0;1571969635;105.618;9.155515635449698;0.25790184888590695;-0.283203125;
04:13:55;302.0;1571969636;105.945;9.026678082477323;0.2542726220416147;-0.28076171875;
04:13:56;303.0;1571969637;106.062;9.155515635449698;0.25790184888590695;-0.283203125;
04:13:57;304.0;1571969638;106.015;9.155515635449698;0.25790184888590695;-0.283203125;
04:13:58;305.0;1571969639;105.852;9.284353188422077;0.26153107573019935;-0.28564453125;
04:13:59;306.0;1571969640;106.015;9.026678082477323;0.2542726220416147;-0.28076171875;
04:14:00;307.0;1571969642;105.805;9.155515635449698;0.25790184888590695;-0.283203125;
04:14:01;308.0;1571969642;105.852;9.155515635449698;0.25790184888590695;-0.283203125;
04:14:02;309.0;1571969643;106.109;9.155515635449698;0.25790184888590695;-0.283203125;
04:14:03;310.0;1571969644;105.992;9.284353188422077;0.26153107573019935;-0.28564453125;
04:14:04;311.0;1571969646;106.085;9.155515635449698;0.25790184888590695;-0.283203125;
04:14:05;312.0;1571969647;106.155;9.155515635449698;0.25790184888590695;-0.283203125;
04:14:06;313.0;1571969647;105.852;9.284353188422077;0.26153107573019935;-0.28564453125;
04:14:07;314.0;1571969648;105.595;9.284353188422077;0.26153107573019935;-0.28564453125;
04:14:08;315.0;1571969650;105.828;9.284353188422077;0.26153107573019935;-0.28564453125;
04:14:09;316.0;1571969651;105.875;9.284353188422077;0.26153107573019935;-0.28564453125;
04:14:10;317.0;1571969652;105.828;9.026678082477323;0.2542726220416147;-0.28076171875;
04:14:11;318.0;1571969652;105.968;9.284353188422077;0.26153107573019935;-0.28564453125;
04:14:12;319.0;1571969653;105.805;9.284353188422077;0.26153107573019935;-0.28564453125;
04:14:13;320.0;1571969655;105.595;9.026678082477323;0.2542726220416147;-0.28076171875;
04:14:14;321.0;1571969656;105.409;8.640165423560193;0.24338494150873782;-0.2734375;
04:14:15;322.0;1571969657;105.363;9.413190741394452;0.2651603025744916;-0.2880859375;
04:14:16;323.0;1571969657;105.27;9.155515635449698;0.25790184888590695;-0.283203125;
04:14:17;324.0;1571969658;105.549;9.026678082477323;0.2542726220416147;-0.28076171875;
04:14:18;325.0;1571969660;105.688;9.155515635449698;0.25790184888590695;-0.283203125;
04:14:19;326.0;1571969661;105.572;9.155515635449698;0.25790184888590695;-0.283203125;
04:14:20;327.0;1571969662;105.712;9.284353188422077;0.26153107573019935;-0.28564453125;
04:14:21;328.0;1571969662;105.618;9.155515635449698;0.25790184888590695;-0.283203125;
04:14:22;329.0;1571969664;105.758;9.284353188422077;0.26153107573019935;-0.28564453125;
04:14:23;330.0;1571969665;105.922;9.284353188422077;0.26153107573019935;-0.28564453125;
04:14:24;331.0;1571969666;106.038;9.026678082477323;0.2542726220416147;-0.28076171875;
04:14:25;332.0;1571969667;106.109;9.155515635449698;0.25790184888590695;-0.283203125;
04:14:26;333.0;1571969668;106.226;9.284353188422077;0.26153107573019935;-0.28564453125;
04:14:27;334.0;1571969669;106.366;8.897840529504945;0.2506433951973224;-0.2783203125;
04:14:29;336.0;1571969670;106.249;9.026678082477323;0.2542726220416147;-0.28076171875;
04:14:30;337.0;1571969671;105.898;8.253652764643062;0.2324972609758609;-0.26611328125;
04:14:31;338.0;1571969672;105.572;9.155515635449698;0.25790184888590695;-0.283203125;
04:14:32;339.0;1571969673;105.386;9.284353188422077;0.26153107573019935;-0.28564453125;
04:14:33;340.0;1571969674;105.409;9.026678082477323;0.2542726220416147;-0.28076171875;
04:14:34;341.0;1571969675;105.642;13.407154883538128;0.3776663347475529;-0.36376953125;
04:14:35;342.0;1571969676;105.525;9.155515635449698;0.25790184888590695;-0.283203125;
04:14:36;343.0;1571969677;105.642;9.026678082477323;0.2542726220416147;-0.28076171875;
04:14:37;344.0;1571969678;105.363;10.830403824090594;0.30508179786170686;-0.31494140625;
04:14:38;345.0;1571969679;105.525;9.155515635449698;0.25790184888590695;-0.283203125;
04:14:39;346.0;1571969680;105.712;9.284353188422077;0.26153107573019935;-0.28564453125;
04:14:40;347.0;1571969681;105.828;11.603429141924854;0.3268571589274607;-0.32958984375;
04:14:41;348.0;1571969682;105.992;9.928540953283958;0.2796772099516608;-0.2978515625;
04:14:42;349.0;1571969683;105.852;9.284353188422077;0.26153107573019935;-0.28564453125;
04:14:43;350.0;1571969684;105.782;9.026678082477323;0.2542726220416147;-0.28076171875;
04:14:44;351.0;1571969685;105.525;8.769002976532569;0.2470141683530301;-0.27587890625;
04:14:45;352.0;1571969686;105.479;9.284353188422077;0.26153107573019935;-0.28564453125;
04:14:46;353.0;1571969687;105.712;9.026678082477323;0.2542726220416147;-0.28076171875;
04:14:47;354.0;1571969688;105.758;8.769002976532569;0.2470141683530301;-0.27587890625;
04:14:48;355.0;1571969689;105.968;9.155515635449698;0.25790184888590695;-0.283203125;
04:14:49;356.0;1571969690;106.132;9.284353188422077;0.26153107573019935;-0.28564453125;
04:14:50;357.0;1571969691;105.922;9.284353188422077;0.26153107573019935;-0.28564453125;
04:14:51;358.0;1571969692;106.015;9.026678082477323;0.2542726220416147;-0.28076171875;
04:14:52;359.0;1571969693;105.782;9.155515635449698;0.25790184888590695;-0.283203125;
04:14:53;360.0;1571969694;105.525;9.284353188422077;0.26153107573019935;-0.28564453125;
04:14:54;361.0;1571969695;105.502;8.769002976532569;0.2470141683530301;-0.27587890625;
04:14:55;362.0;1571969696;105.642;9.026678082477323;0.2542726220416147;-0.28076171875;
04:14:56;363.0;1571969697;105.782;9.155515635449698;0.25790184888590695;-0.283203125;
04:14:57;364.0;1571969698;105.805;9.155515635449698;0.25790184888590695;-0.283203125;
04:14:58;365.0;1571969699;105.665;9.155515635449698;0.25790184888590695;-0.283203125;
04:14:59;366.0;1571969700;105.595;9.026678082477323;0.2542726220416147;-0.28076171875;
04:15:00;367.0;1571969701;105.525;9.155515635449698;0.25790184888590695;-0.283203125;
04:15:01;368.0;1571969703;105.805;9.155515635449698;0.25790184888590695;-0.283203125;
04:15:02;369.0;1571969703;106.155;9.284353188422077;0.26153107573019935;-0.28564453125;
04:15:03;370.0;1571969704;106.132;8.897840529504945;0.2506433951973224;-0.2783203125;
04:15:04;371.0;1571969705;105.992;9.155515635449698;0.25790184888590695;-0.283203125;
04:15:05;372.0;1571969706;105.502;9.54202829436683;0.2687895294187839;-0.29052734375;
04:15:06;373.0;1571969708;105.224;9.413190741394452;0.2651603025744916;-0.2880859375;
04:15:07;374.0;1571969708;105.2;9.026678082477323;0.2542726220416147;-0.28076171875;
04:15:08;375.0;1571969709;105.224;9.284353188422077;0.26153107573019935;-0.28564453125;
04:15:09;376.0;1571969710;105.525;7.351789893836425;0.20709267306581478;-0.2490234375;
04:15:10;377.0;1571969712;105.688;9.284353188422077;0.26153107573019935;-0.28564453125;
04:15:11;378.0;1571969713;105.875;9.155515635449698;0.25790184888590695;-0.283203125;
04:15:12;379.0;1571969714;106.179;9.413190741394452;0.2651603025744916;-0.2880859375;
04:15:13;380.0;1571969714;106.179;8.897840529504945;0.2506433951973224;-0.2783203125;
04:15:14;381.0;1571969715;106.202;7.995977658698308;0.2252388072872763;-0.26123046875;
04:15:15;382.0;1571969717;106.015;8.769002976532569;0.2470141683530301;-0.27587890625;
04:15:16;383.0;1571969718;106.038;9.284353188422077;0.26153107573019935;-0.28564453125;
04:15:17;384.0;1571969719;106.155;9.155515635449698;0.25790184888590695;-0.283203125;
04:15:18;385.0;1571969719;106.038;9.284353188422077;0.26153107573019935;-0.28564453125;
04:15:19;386.0;1571969720;106.085;9.413190741394452;0.2651603025744916;-0.2880859375;
04:15:20;387.0;1571969722;105.875;9.284353188422077;0.26153107573019935;-0.28564453125;
04:15:21;388.0;1571969723;105.875;9.284353188422077;0.26153107573019935;-0.28564453125;
04:15:22;389.0;1571969724;105.922;9.284353188422077;0.26153107573019935;-0.28564453125;
04:15:23;390.0;1571969724;105.945;9.928540953283958;0.2796772099516608;-0.2978515625;
04:15:24;391.0;1571969726;105.922;9.284353188422077;0.26153107573019935;-0.28564453125;
04:15:25;392.0;1571969727;106.085;9.284353188422077;0.26153107573019935;-0.28564453125;
04:15:26;393.0;1571969728;106.085;9.026678082477323;0.2542726220416147;-0.28076171875;
04:15:27;394.0;1571969729;106.085;9.155515635449698;0.25790184888590695;-0.283203125;
04:15:28;395.0;1571969730;106.437;9.155515635449698;0.25790184888590695;-0.283203125;
04:15:29;396.0;1571969731;106.062;9.155515635449698;0.25790184888590695;-0.283203125;
04:15:30;397.0;1571969732;105.712;9.284353188422077;0.26153107573019935;-0.28564453125;
04:15:31;398.0;1571969733;105.525;9.155515635449698;0.25790184888590695;-0.283203125;
04:15:32;399.0;1571969734;105.316;12.891804671648622;0.3631494273703837;-0.35400390625;
04:15:34;401.0;1571969735;105.618;9.54202829436683;0.2687895294187839;-0.29052734375;
04:15:35;402.0;1571969736;105.805;9.413190741394452;0.2651603025744916;-0.2880859375;
04:15:36;403.0;1571969737;105.945;9.799703400311584;0.27604798310736856;-0.29541015625;
04:15:37;404.0;1571969738;105.898;10.057378506256336;0.28330643679595313;-0.30029296875;
04:15:38;405.0;1571969739;105.595;9.799703400311584;0.27604798310736856;-0.29541015625;
04:15:39;406.0;1571969740;105.875;8.897840529504945;0.2506433951973224;-0.2783203125;
04:15:40;407.0;1571969741;106.015;9.284353188422077;0.26153107573019935;-0.28564453125;
04:15:41;408.0;1571969742;105.922;9.799703400311584;0.27604798310736856;-0.29541015625;
04:15:42;409.0;1571969743;105.828;9.155515635449698;0.25790184888590695;-0.283203125;
04:15:43;410.0;1571969744;105.479;12.505292012731493;0.35226174683750683;-0.3466796875;
04:15:44;411.0;1571969745;105.2;10.70156627111822;0.30145257101741463;-0.3125;
04:15:45;412.0;1571969746;105.2;8.769002976532569;0.2470141683530301;-0.27587890625;
04:15:46;413.0;1571969747;105.34;9.284353188422077;0.26153107573019935;-0.28564453125;
04:15:47;414.0;1571969748;105.642;9.155515635449698;0.25790184888590695;-0.283203125;
04:15:48;415.0;1571969749;105.782;9.670865847339204;0.27241875626307616;-0.29296875;
04:15:49;416.0;1571969750;105.852;9.026678082477323;0.2542726220416147;-0.28076171875;
04:15:50;417.0;1571969751;105.945;9.155515635449698;0.25790184888590695;-0.283203125;
04:15:51;418.0;1571969752;105.782;9.155515635449698;0.25790184888590695;-0.283203125;
04:15:52;419.0;1571969753;105.572;9.026678082477323;0.2542726220416147;-0.28076171875;
04:15:53;420.0;1571969754;105.688;9.284353188422077;0.26153107573019935;-0.28564453125;
04:15:54;421.0;1571969755;105.549;9.155515635449698;0.25790184888590695;-0.283203125;
04:15:55;422.0;1571969756;105.758;9.155515635449698;0.25790184888590695;-0.283203125;
04:15:56;423.0;1571969757;105.875;9.284353188422077;0.26153107573019935;-0.28564453125;
04:15:57;424.0;1571969758;105.712;9.284353188422077;0.26153107573019935;-0.28564453125;
04:15:58;425.0;1571969759;106.062;9.026678082477323;0.2542726220416147;-0.28076171875;
04:15:59;426.0;1571969760;105.735;8.897840529504945;0.2506433951973224;-0.2783203125;
04:16:00;427.0;1571969761;105.642;8.897840529504945;0.2506433951973224;-0.2783203125;
04:16:01;428.0;1571969762;105.642;7.995977658698308;0.2252388072872763;-0.26123046875;
04:16:02;429.0;1571969763;105.386;9.284353188422077;0.26153107573019935;-0.28564453125;
04:16:03;430.0;1571969765;105.479;9.155515635449698;0.25790184888590695;-0.283203125;
04:16:04;431.0;1571969765;105.852;9.54202829436683;0.2687895294187839;-0.29052734375;
04:16:05;432.0;1571969766;106.038;9.670865847339204;0.27241875626307616;-0.29296875;
04:16:06;433.0;1571969767;105.992;9.284353188422077;0.26153107573019935;-0.28564453125;
04:16:07;434.0;1571969768;105.992;9.026678082477323;0.2542726220416147;-0.28076171875;
04:16:08;435.0;1571969770;105.688;7.609464999781178;0.21435112675439938;-0.25390625;
04:16:09;436.0;1571969770;105.502;8.897840529504945;0.2506433951973224;-0.2783203125;
04:16:10;437.0;1571969771;105.34;9.026678082477323;0.2542726220416147;-0.28076171875;
04:16:11;438.0;1571969772;105.572;8.382490317615439;0.2361264878201532;-0.2685546875;
04:16:12;439.0;1571969774;105.479;6.707602128974541;0.18894653884435325;-0.23681640625;
04:16:13;440.0;1571969775;105.525;8.382490317615439;0.2361264878201532;-0.2685546875;
04:16:14;441.0;1571969775;105.572;9.284353188422077;0.26153107573019935;-0.28564453125;
04:16:15;442.0;1571969776;105.502;8.253652764643062;0.2324972609758609;-0.26611328125;
04:16:16;443.0;1571969778;105.595;9.284353188422077;0.26153107573019935;-0.28564453125;
04:16:17;444.0;1571969779;105.572;9.284353188422077;0.26153107573019935;-0.28564453125;
04:16:18;445.0;1571969780;105.968;8.769002976532569;0.2470141683530301;-0.27587890625;
04:16:19;446.0;1571969780;106.062;9.284353188422077;0.26153107573019935;-0.28564453125;
04:16:20;447.0;1571969781;106.038;9.155515635449698;0.25790184888590695;-0.283203125;
04:16:21;448.0;1571969783;105.968;9.155515635449698;0.25790184888590695;-0.283203125;
04:16:22;449.0;1571969784;105.549;9.155515635449698;0.25790184888590695;-0.283203125;
04:16:23;450.0;1571969784;105.479;9.284353188422077;0.26153107573019935;-0.28564453125;
04:16:24;451.0;1571969785;105.642;9.155515635449698;0.25790184888590695;-0.283203125;
04:16:25;452.0;1571969787;105.502;9.284353188422077;0.26153107573019935;-0.28564453125;
04:16:26;453.0;1571969788;105.735;8.897840529504945;0.2506433951973224;-0.2783203125;
04:16:27;454.0;1571969789;105.782;9.284353188422077;0.26153107573019935;-0.28564453125;
04:16:28;455.0;1571969790;105.898;9.155515635449698;0.25790184888590695;-0.283203125;
04:16:29;456.0;1571969791;106.038;9.155515635449698;0.25790184888590695;-0.283203125;
04:16:30;457.0;1571969792;106.226;9.155515635449698;0.25790184888590695;-0.283203125;
04:16:31;458.0;1571969793;106.109;9.155515635449698;0.25790184888590695;-0.283203125;
04:16:32;459.0;1571969794;105.828;9.284353188422077;0.26153107573019935;-0.28564453125;
04:16:33;460.0;1571969795;105.898;9.284353188422077;0.26153107573019935;-0.28564453125;
04:16:34;461.0;1571969796;105.618;8.897840529504945;0.2506433951973224;-0.2783203125;
04:16:35;462.0;1571969797;105.479;12.376454459759115;0.3486325199932145;-0.34423828125;
04:16:36;463.0;1571969798;105.247;9.026678082477323;0.2542726220416147;-0.28076171875;
04:16:38;465.0;1571969799;105.2;10.830403824090594;0.30508179786170686;-0.31494140625;
04:16:39;466.0;1571969800;105.224;9.155515635449698;0.25790184888590695;-0.283203125;
04:16:40;467.0;1571969801;105.2;9.155515635449698;0.25790184888590695;-0.283203125;
04:16:41;468.0;1571969802;105.572;8.253652764643062;0.2324972609758609;-0.26611328125;
04:16:43;470.0;1571969803;105.572;10.572728718145845;0.2978233441731224;-0.31005859375;
04:16:44;471.0;1571969805;105.828;8.769002976532569;0.2470141683530301;-0.27587890625;
04:16:45;472.0;1571969806;105.618;9.284353188422077;0.26153107573019935;-0.28564453125;
04:16:46;473.0;1571969807;105.642;9.284353188422077;0.26153107573019935;-0.28564453125;
04:16:47;474.0;1571969808;105.945;10.443891165173465;0.29419411732883;-0.3076171875;
04:16:48;475.0;1571969809;105.712;9.284353188422077;0.26153107573019935;-0.28564453125;
04:16:49;476.0;1571969810;105.898;9.284353188422077;0.26153107573019935;-0.28564453125;
04:16:50;477.0;1571969811;105.875;9.026678082477323;0.2542726220416147;-0.28076171875;
04:16:51;478.0;1571969812;105.688;9.413190741394452;0.2651603025744916;-0.2880859375;
04:16:52;479.0;1571969813;105.665;9.155515635449698;0.25790184888590695;-0.283203125;
04:16:53;480.0;1571969814;105.549;9.284353188422077;0.26153107573019935;-0.28564453125;
04:16:54;481.0;1571969815;105.525;9.026678082477323;0.2542726220416147;-0.28076171875;
04:16:55;482.0;1571969816;105.595;9.026678082477323;0.2542726220416147;-0.28076171875;
04:16:56;483.0;1571969817;105.688;9.155515635449698;0.25790184888590695;-0.283203125;
04:16:57;484.0;1571969818;105.525;9.284353188422077;0.26153107573019935;-0.28564453125;
04:16:58;485.0;1571969819;105.642;9.54202829436683;0.2687895294187839;-0.29052734375;
04:16:59;486.0;1571969820;105.642;9.284353188422077;0.26153107573019935;-0.28564453125;
04:17:00;487.0;1571969821;105.618;8.897840529504945;0.2506433951973224;-0.2783203125;
04:17:01;488.0;1571969822;105.782;9.155515635449698;0.25790184888590695;-0.283203125;
04:17:02;489.0;1571969823;105.642;9.284353188422077;0.26153107573019935;-0.28564453125;
04:17:03;490.0;1571969824;105.224;9.284353188422077;0.26153107573019935;-0.28564453125;
04:17:04;491.0;1571969825;105.34;8.769002976532569;0.2470141683530301;-0.27587890625;
04:17:05;492.0;1571969826;105.572;9.284353188422077;0.26153107573019935;-0.28564453125;
04:17:06;493.0;1571969827;105.712;9.284353188422077;0.26153107573019935;-0.28564453125;
04:17:07;494.0;1571969828;106.155;9.026678082477323;0.2542726220416147;-0.28076171875;
04:17:08;495.0;1571969829;106.155;9.284353188422077;0.26153107573019935;-0.28564453125;
04:17:09;496.0;1571969830;105.945;8.253652764643062;0.2324972609758609;-0.26611328125;
04:17:10;497.0;1571969831;106.085;9.284353188422077;0.26153107573019935;-0.28564453125;
04:17:11;498.0;1571969832;105.945;9.155515635449698;0.25790184888590695;-0.283203125;
04:17:12;499.0;1571969833;105.758;9.284353188422077;0.26153107573019935;-0.28564453125;
04:17:13;500.0;1571969835;105.852;9.155515635449698;0.25790184888590695;-0.283203125;
04:17:14;501.0;1571969835;105.688;8.769002976532569;0.2470141683530301;-0.27587890625;
04:17:15;502.0;1571969836;105.618;9.155515635449698;0.25790184888590695;-0.283203125;
04:17:16;503.0;1571969837;105.595;9.026678082477323;0.2542726220416147;-0.28076171875;
04:17:17;504.0;1571969838;105.456;9.026678082477323;0.2542726220416147;-0.28076171875;
04:17:18;505.0;1571969840;105.409;9.284353188422077;0.26153107573019935;-0.28564453125;
04:17:19;506.0;1571969841;105.34;8.897840529504945;0.2506433951973224;-0.2783203125;
04:17:20;507.0;1571969841;105.316;9.026678082477323;0.2542726220416147;-0.28076171875;
04:17:21;508.0;1571969842;105.735;9.155515635449698;0.25790184888590695;-0.283203125;
04:17:22;509.0;1571969843;105.782;9.026678082477323;0.2542726220416147;-0.28076171875;
04:17:23;510.0;1571969845;105.758;9.155515635449698;0.25790184888590695;-0.283203125;
04:17:24;511.0;1571969846;105.898;9.155515635449698;0.25790184888590695;-0.283203125;
04:17:25;512.0;1571969846;105.618;9.155515635449698;0.25790184888590695;-0.283203125;
04:17:26;513.0;1571969847;105.595;9.284353188422077;0.26153107573019935;-0.28564453125;
04:17:27;514.0;1571969849;105.688;9.54202829436683;0.2687895294187839;-0.29052734375;
04:17:28;515.0;1571969850;105.898;9.026678082477323;0.2542726220416147;-0.28076171875;
04:17:29;516.0;1571969851;105.549;9.284353188422077;0.26153107573019935;-0.28564453125;
04:17:30;517.0;1571969852;105.432;9.026678082477323;0.2542726220416147;-0.28076171875;
04:17:31;518.0;1571969852;105.34;9.413190741394452;0.2651603025744916;-0.2880859375;
04:17:32;519.0;1571969854;105.108;9.284353188422077;0.26153107573019935;-0.28564453125;
04:17:33;520.0;1571969855;105.386;9.799703400311584;0.27604798310736856;-0.29541015625;
04:17:34;521.0;1571969856;105.409;9.155515635449698;0.25790184888590695;-0.283203125;
04:17:35;522.0;1571969856;105.549;9.155515635449698;0.25790184888590695;-0.283203125;
04:17:36;523.0;1571969858;105.712;9.155515635449698;0.25790184888590695;-0.283203125;
04:17:37;524.0;1571969859;105.735;9.155515635449698;0.25790184888590695;-0.283203125;
04:17:38;525.0;1571969860;105.852;9.026678082477323;0.2542726220416147;-0.28076171875;
04:17:39;526.0;1571969861;105.758;9.155515635449698;0.25790184888590695;-0.283203125;
04:17:40;527.0;1571969862;105.293;9.155515635449698;0.25790184888590695;-0.283203125;
04:17:42;529.0;1571969862;105.316;9.284353188422077;0.26153107573019935;-0.28564453125;
04:17:43;530.0;1571969864;105.131;9.284353188422077;0.26153107573019935;-0.28564453125;
04:17:44;531.0;1571969865;105.177;9.284353188422077;0.26153107573019935;-0.28564453125;
04:17:45;532.0;1571969866;105.665;9.026678082477323;0.2542726220416147;-0.28076171875;
04:17:46;533.0;1571969867;105.618;8.897840529504945;0.2506433951973224;-0.2783203125;
04:17:47;534.0;1571969868;105.595;9.026678082477323;0.2542726220416147;-0.28076171875;
04:17:48;535.0;1571969869;105.316;9.284353188422077;0.26153107573019935;-0.28564453125;
04:17:49;536.0;1571969870;105.108;9.284353188422077;0.26153107573019935;-0.28564453125;
04:17:50;537.0;1571969871;104.923;9.026678082477323;0.2542726220416147;-0.28076171875;
04:17:51;538.0;1571969872;105.015;9.413190741394452;0.2651603025744916;-0.2880859375;
04:17:52;539.0;1571969873;105.363;9.026678082477323;0.2542726220416147;-0.28076171875;
04:17:53;540.0;1571969874;105.409;8.897840529504945;0.2506433951973224;-0.2783203125;
04:17:54;541.0;1571969875;105.595;9.026678082477323;0.2542726220416147;-0.28076171875;
04:17:55;542.0;1571969876;105.712;9.284353188422077;0.26153107573019935;-0.28564453125;
04:17:56;543.0;1571969877;105.712;9.155515635449698;0.25790184888590695;-0.283203125;
04:17:57;544.0;1571969877;105.595;9.155515635449698;0.25790184888590695;-0.283203125;
04:17:58;545.0;1571969880;105.224;9.54202829436683;0.2687895294187839;-0.29052734375;
04:17:59;546.0;1571969881;105.293;8.382490317615439;0.2361264878201532;-0.2685546875;
04:18:00;547.0;1571969881;105.502;9.284353188422077;0.26153107573019935;-0.28564453125;
04:18:01;548.0;1571969882;105.293;9.54202829436683;0.2687895294187839;-0.29052734375;
04:18:02;549.0;1571969884;105.735;8.124815211670684;0.2288680341315686;-0.263671875;
04:18:03;550.0;1571969885;105.782;9.026678082477323;0.2542726220416147;-0.28076171875;
04:18:04;551.0;1571969886;105.549;9.284353188422077;0.26153107573019935;-0.28564453125;
04:18:05;552.0;1571969886;105.712;7.094114787891671;0.19983421937723017;-0.244140625;
04:18:06;553.0;1571969888;105.805;9.155515635449698;0.25790184888590695;-0.283203125;
04:18:07;554.0;1571969889;105.642;9.155515635449698;0.25790184888590695;-0.283203125;
04:18:08;555.0;1571969890;105.735;9.155515635449698;0.25790184888590695;-0.283203125;
04:18:09;556.0;1571969891;105.572;9.284353188422077;0.26153107573019935;-0.28564453125;
04:18:10;557.0;1571969892;105.27;9.284353188422077;0.26153107573019935;-0.28564453125;
04:18:11;558.0;1571969893;105.2;8.511327870587815;0.23975571466444548;-0.27099609375;
04:18:13;560.0;1571969894;105.363;9.026678082477323;0.2542726220416147;-0.28076171875;
04:18:14;561.0;1571969895;105.572;9.284353188422077;0.26153107573019935;-0.28564453125;
04:18:15;562.0;1571969896;105.618;7.867140105725932;0.221609580442984;-0.2587890625;
04:18:16;563.0;1571969897;105.805;9.026678082477323;0.2542726220416147;-0.28076171875;
04:18:17;564.0;1571969898;105.502;9.026678082477323;0.2542726220416147;-0.28076171875;
04:18:18;565.0;1571969899;105.432;9.284353188422077;0.26153107573019935;-0.28564453125;
04:18:19;566.0;1571969900;105.618;9.284353188422077;0.26153107573019935;-0.28564453125;
04:18:20;567.0;1571969901;105.688;9.284353188422077;0.26153107573019935;-0.28564453125;
04:18:21;568.0;1571969902;105.852;9.284353188422077;0.26153107573019935;-0.28564453125;
04:18:22;569.0;1571969903;105.688;9.284353188422077;0.26153107573019935;-0.28564453125;
04:18:23;570.0;1571969904;105.688;9.670865847339204;0.27241875626307616;-0.29296875;
04:18:24;571.0;1571969905;105.502;9.155515635449698;0.25790184888590695;-0.283203125;
04:18:25;572.0;1571969906;105.386;9.284353188422077;0.26153107573019935;-0.28564453125;
04:18:26;573.0;1571969907;105.665;9.155515635449698;0.25790184888590695;-0.283203125;
04:18:27;574.0;1571969908;105.805;9.413190741394452;0.2651603025744916;-0.2880859375;
04:18:28;575.0;1571969909;105.805;9.155515635449698;0.25790184888590695;-0.283203125;
04:18:29;576.0;1571969910;105.828;9.026678082477323;0.2542726220416147;-0.28076171875;
04:18:30;577.0;1571969911;105.456;9.284353188422077;0.26153107573019935;-0.28564453125;
04:18:31;578.0;1571969912;105.131;10.31505361220109;0.29056489048453776;-0.30517578125;
04:18:32;579.0;1571969913;104.9;9.026678082477323;0.2542726220416147;-0.28076171875;
04:18:33;580.0;1571969914;104.992;9.026678082477323;0.2542726220416147;-0.28076171875;
04:18:34;581.0;1571969915;105.224;10.830403824090594;0.30508179786170686;-0.31494140625;
04:18:35;582.0;1571969916;105.224;9.026678082477323;0.2542726220416147;-0.28076171875;
04:18:36;583.0;1571969917;105.525;9.413190741394452;0.2651603025744916;-0.2880859375;
04:18:37;584.0;1571969918;105.618;9.284353188422077;0.26153107573019935;-0.28564453125;
04:18:38;585.0;1571969919;105.758;9.284353188422077;0.26153107573019935;-0.28564453125;
04:18:39;586.0;1571969920;105.758;9.284353188422077;0.26153107573019935;-0.28564453125;
04:18:40;587.0;1571969921;105.642;9.284353188422077;0.26153107573019935;-0.28564453125;
04:18:41;588.0;1571969923;105.456;8.897840529504945;0.2506433951973224;-0.2783203125;
04:18:42;589.0;1571969923;105.456;9.155515635449698;0.25790184888590695;-0.283203125;
04:18:43;590.0;1571969924;105.432;9.026678082477323;0.2542726220416147;-0.28076171875;
04:18:44;591.0;1571969925;105.456;8.769002976532569;0.2470141683530301;-0.27587890625;
04:18:45;592.0;1571969926;105.642;9.155515635449698;0.25790184888590695;-0.283203125;
04:18:46;593.0;1571969928;105.502;9.284353188422077;0.26153107573019935;-0.28564453125;
04:18:47;594.0;1571969928;105.618;9.413190741394452;0.2651603025744916;-0.2880859375;
04:18:48;595.0;1571969929;105.688;9.413190741394452;0.2651603025744916;-0.2880859375;
04:18:49;596.0;1571969930;105.386;9.155515635449698;0.25790184888590695;-0.283203125;
04:18:50;597.0;1571969932;105.409;9.284353188422077;0.26153107573019935;-0.28564453125;
04:18:51;598.0;1571969933;105.27;9.284353188422077;0.26153107573019935;-0.28564453125;
04:18:52;599.0;1571969933;105.316;9.413190741394452;0.2651603025744916;-0.2880859375;
