Time;Seconds from start for linreg;Unix Time;ch1 po2;Uc;Ubl;Vc;
01:51:45;-2.0;1572573107;95.067;41.879147928013495;1.021442632390573;-0.88134765625;
01:51:46;-1.0;1572573108;94.985;46.25173873683323;1.1280911887032496;-0.9619140625;
01:51:47;0.0;1572573108;94.799;41.74664517623108;1.0182108579568556;-0.87890625;
01:51:48;1.0;1572573110;94.944;41.74664517623108;1.0182108579568556;-0.87890625;
01:51:49;2.0;1572573110;94.902;42.01165067979591;1.0246744068242906;-0.8837890625;
01:51:50;3.0;1572573112;94.882;41.74664517623108;1.0182108579568556;-0.87890625;
01:51:51;4.0;1572573112;94.861;41.879147928013495;1.021442632390573;-0.88134765625;
01:51:52;5.0;1572573114;94.552;42.01165067979591;1.0246744068242906;-0.8837890625;
01:51:53;6.0;1572573114;94.552;40.95162866553658;0.9988202113545508;-0.8642578125;
01:51:54;7.0;1572573116;94.593;41.74664517623108;1.0182108579568556;-0.87890625;
01:51:55;8.0;1572573116;94.717;41.74664517623108;1.0182108579568556;-0.87890625;
01:51:56;9.0;1572573117;94.882;42.27665618336074;1.0311379556917255;-0.888671875;
01:51:57;10.0;1572573118;94.799;41.879147928013495;1.021442632390573;-0.88134765625;
01:51:58;11.0;1572573120;94.635;41.74664517623108;1.0182108579568556;-0.87890625;
01:51:59;12.0;1572573121;94.655;42.01165067979591;1.0246744068242906;-0.8837890625;
01:52:00;13.0;1572573121;94.511;42.93916994227282;1.0472968278603128;-0.90087890625;
01:52:01;14.0;1572573123;94.429;41.879147928013495;1.021442632390573;-0.88134765625;
01:52:02;15.0;1572573123;94.429;41.61414242444866;1.014979083523138;-0.87646484375;
01:52:03;16.0;1572573125;94.45;42.67416443870798;1.0408332789928776;-0.89599609375;
01:52:04;17.0;1572573125;94.552;41.879147928013495;1.021442632390573;-0.88134765625;
01:52:05;18.0;1572573127;94.47;42.144153431578324;1.027906181258008;-0.88623046875;
01:52:06;19.0;1572573127;94.265;42.27665618336074;1.0311379556917255;-0.888671875;
01:52:07;20.0;1572573129;94.224;42.01165067979591;1.0246744068242906;-0.8837890625;
01:52:08;21.0;1572573129;94.286;41.74664517623108;1.0182108579568556;-0.87890625;
01:52:09;22.0;1572573131;94.163;42.01165067979591;1.0246744068242906;-0.8837890625;
01:52:10;23.0;1572573132;94.429;40.95162866553658;0.9988202113545508;-0.8642578125;
01:52:11;24.0;1572573133;94.327;42.01165067979591;1.0246744068242906;-0.8837890625;
01:52:12;25.0;1572573134;94.04;41.61414242444866;1.014979083523138;-0.87646484375;
01:52:13;26.0;1572573135;94.429;41.74664517623108;1.0182108579568556;-0.87890625;
01:52:14;27.0;1572573136;94.368;41.74664517623108;1.0182108579568556;-0.87890625;
01:52:15;28.0;1572573137;94.532;41.61414242444866;1.014979083523138;-0.87646484375;
01:52:16;29.0;1572573138;94.737;41.61414242444866;1.014979083523138;-0.87646484375;
01:52:17;30.0;1572573139;94.573;43.6016837011849;1.0634557000289;-0.9130859375;
01:52:18;31.0;1572573140;94.758;42.01165067979591;1.0246744068242906;-0.8837890625;
01:52:19;32.0;1572573141;94.82;42.144153431578324;1.027906181258008;-0.88623046875;
01:52:20;33.0;1572573142;94.593;41.61414242444866;1.014979083523138;-0.87646484375;
01:52:22;35.0;1572573143;94.717;41.879147928013495;1.021442632390573;-0.88134765625;
01:52:23;36.0;1572573144;94.45;42.93916994227282;1.0472968278603128;-0.90087890625;
01:52:24;37.0;1572573145;94.142;41.879147928013495;1.021442632390573;-0.88134765625;
01:52:25;38.0;1572573146;94.163;42.27665618336074;1.0311379556917255;-0.888671875;
01:52:26;39.0;1572573147;94.02;41.879147928013495;1.021442632390573;-0.88134765625;
01:52:27;40.0;1572573148;94.204;42.40915893514316;1.0343697301254429;-0.89111328125;
01:52:28;41.0;1572573149;94.245;41.61414242444866;1.014979083523138;-0.87646484375;
01:52:29;42.0;1572573150;94.122;41.34913692088383;1.008515534655703;-0.87158203125;
01:52:30;43.0;1572573151;94.081;42.01165067979591;1.0246744068242906;-0.8837890625;
01:52:31;44.0;1572573152;94.0;41.61414242444866;1.014979083523138;-0.87646484375;
01:52:32;45.0;1572573153;94.142;41.879147928013495;1.021442632390573;-0.88134765625;
01:52:33;46.0;1572573154;94.306;41.879147928013495;1.021442632390573;-0.88134765625;
01:52:34;47.0;1572573155;94.306;41.61414242444866;1.014979083523138;-0.87646484375;
01:52:35;48.0;1572573156;94.265;41.48163967266625;1.0117473090894207;-0.8740234375;
01:52:36;49.0;1572573157;94.061;41.34913692088383;1.008515534655703;-0.87158203125;
01:52:37;50.0;1572573158;94.245;41.879147928013495;1.021442632390573;-0.88134765625;
01:52:38;51.0;1572573159;94.163;40.2891149066245;0.9826613391859633;-0.85205078125;
01:52:39;52.0;1572573160;94.224;41.879147928013495;1.021442632390573;-0.88134765625;
01:52:40;53.0;1572573161;94.265;42.01165067979591;1.0246744068242906;-0.8837890625;
01:52:41;54.0;1572573162;94.102;41.879147928013495;1.021442632390573;-0.88134765625;
01:52:42;55.0;1572573163;94.245;41.879147928013495;1.021442632390573;-0.88134765625;
01:52:43;56.0;1572573164;94.368;41.61414242444866;1.014979083523138;-0.87646484375;
01:52:44;57.0;1572573165;94.388;42.01165067979591;1.0246744068242906;-0.8837890625;
01:52:45;58.0;1572573166;94.347;43.33667819762007;1.056992151161465;-0.908203125;
01:52:46;59.0;1572573167;94.47;41.74664517623108;1.0182108579568556;-0.87890625;
01:52:47;60.0;1572573168;94.47;42.01165067979591;1.0246744068242906;-0.8837890625;
01:52:48;61.0;1572573169;94.409;41.879147928013495;1.021442632390573;-0.88134765625;
01:52:49;62.0;1572573170;94.368;41.34913692088383;1.008515534655703;-0.87158203125;
01:52:50;63.0;1572573171;94.02;41.879147928013495;1.021442632390573;-0.88134765625;
01:52:51;64.0;1572573172;93.775;41.879147928013495;1.021442632390573;-0.88134765625;
01:52:52;65.0;1572573173;93.633;41.74664517623108;1.0182108579568556;-0.87890625;
01:52:53;66.0;1572573174;93.349;44.661705715444235;1.0893098954986398;-0.9326171875;
01:52:54;67.0;1572573175;93.653;41.61414242444866;1.014979083523138;-0.87646484375;
01:52:55;68.0;1572573176;93.41;40.2891149066245;0.9826613391859633;-0.85205078125;
01:52:56;69.0;1572573177;93.491;41.74664517623108;1.0182108579568556;-0.87890625;
01:52:57;70.0;1572573179;93.857;42.01165067979591;1.0246744068242906;-0.8837890625;
01:52:58;71.0;1572573179;93.653;41.879147928013495;1.021442632390573;-0.88134765625;
01:52:59;72.0;1572573181;93.775;39.626601147712414;0.966502467017376;-0.83984375;
01:53:00;73.0;1572573181;93.918;42.01165067979591;1.0246744068242906;-0.8837890625;
01:53:01;74.0;1572573183;93.938;42.01165067979591;1.0246744068242906;-0.8837890625;
01:53:02;75.0;1572573183;93.836;43.20417544583765;1.0537603767277475;-0.90576171875;
01:53:03;76.0;1572573185;93.857;42.27665618336074;1.0311379556917255;-0.888671875;
01:53:04;77.0;1572573185;93.877;42.01165067979591;1.0246744068242906;-0.8837890625;
01:53:05;78.0;1572573187;93.796;42.01165067979591;1.0246744068242906;-0.8837890625;
01:53:06;79.0;1572573187;93.836;41.879147928013495;1.021442632390573;-0.88134765625;
01:53:07;80.0;1572573189;93.857;42.144153431578324;1.027906181258008;-0.88623046875;
01:53:08;81.0;1572573189;93.796;42.01165067979591;1.0246744068242906;-0.8837890625;
01:53:09;82.0;1572573191;93.735;42.144153431578324;1.027906181258008;-0.88623046875;
01:53:10;83.0;1572573191;93.775;42.144153431578324;1.027906181258008;-0.88623046875;
01:53:11;84.0;1572573193;93.836;42.27665618336074;1.0311379556917255;-0.888671875;
01:53:12;85.0;1572573193;93.775;42.01165067979591;1.0246744068242906;-0.8837890625;
01:53:13;86.0;1572573195;93.796;42.01165067979591;1.0246744068242906;-0.8837890625;
01:53:14;87.0;1572573195;93.531;42.01165067979591;1.0246744068242906;-0.8837890625;
01:53:15;88.0;1572573197;93.389;42.01165067979591;1.0246744068242906;-0.8837890625;
01:53:16;89.0;1572573197;93.531;42.27665618336074;1.0311379556917255;-0.888671875;
01:53:17;90.0;1572573199;93.41;41.74664517623108;1.0182108579568556;-0.87890625;
01:53:18;91.0;1572573199;93.572;42.144153431578324;1.027906181258008;-0.88623046875;
01:53:19;92.0;1572573201;93.572;41.61414242444866;1.014979083523138;-0.87646484375;
01:53:20;93.0;1572573202;93.369;42.01165067979591;1.0246744068242906;-0.8837890625;
01:53:21;94.0;1572573203;93.511;42.27665618336074;1.0311379556917255;-0.888671875;
01:53:22;95.0;1572573204;93.633;42.144153431578324;1.027906181258008;-0.88623046875;
01:53:23;96.0;1572573205;94.081;42.01165067979591;1.0246744068242906;-0.8837890625;
01:53:24;97.0;1572573206;94.081;42.01165067979591;1.0246744068242906;-0.8837890625;
01:53:26;99.0;1572573207;93.959;42.40915893514316;1.0343697301254429;-0.89111328125;
01:53:27;100.0;1572573208;93.877;41.879147928013495;1.021442632390573;-0.88134765625;
01:53:28;101.0;1572573209;93.471;42.01165067979591;1.0246744068242906;-0.8837890625;
01:53:29;102.0;1572573210;93.43;42.01165067979591;1.0246744068242906;-0.8837890625;
01:53:30;103.0;1572573211;93.43;41.879147928013495;1.021442632390573;-0.88134765625;
01:53:31;104.0;1572573212;93.491;41.21663416910141;1.0052837602219857;-0.869140625;
01:53:32;105.0;1572573213;93.592;42.144153431578324;1.027906181258008;-0.88623046875;
01:53:33;106.0;1572573214;93.471;41.61414242444866;1.014979083523138;-0.87646484375;
01:53:34;107.0;1572573215;93.491;41.879147928013495;1.021442632390573;-0.88134765625;
01:53:35;108.0;1572573216;93.613;41.879147928013495;1.021442632390573;-0.88134765625;
01:53:36;109.0;1572573217;93.43;42.27665618336074;1.0311379556917255;-0.888671875;
01:53:37;110.0;1572573218;93.592;41.879147928013495;1.021442632390573;-0.88134765625;
01:53:38;111.0;1572573219;93.471;41.879147928013495;1.021442632390573;-0.88134765625;
01:53:39;112.0;1572573220;93.308;41.879147928013495;1.021442632390573;-0.88134765625;
01:53:40;113.0;1572573221;93.167;42.144153431578324;1.027906181258008;-0.88623046875;
01:53:41;114.0;1572573222;93.106;42.144153431578324;1.027906181258008;-0.88623046875;
01:53:42;115.0;1572573223;93.147;43.20417544583765;1.0537603767277475;-0.90576171875;
01:53:43;116.0;1572573224;92.844;42.40915893514316;1.0343697301254429;-0.89111328125;
01:53:44;117.0;1572573225;92.985;40.554120410189334;0.9891248880533984;-0.85693359375;
01:53:45;118.0;1572573226;92.945;45.45672222613873;1.1087005421009446;-0.947265625;
01:53:46;119.0;1572573227;93.046;42.40915893514316;1.0343697301254429;-0.89111328125;
01:53:47;120.0;1572573228;93.288;42.01165067979591;1.0246744068242906;-0.8837890625;
01:53:48;121.0;1572573229;93.369;42.144153431578324;1.027906181258008;-0.88623046875;
01:53:49;122.0;1572573230;93.653;42.40915893514316;1.0343697301254429;-0.89111328125;
01:53:50;123.0;1572573231;93.511;42.27665618336074;1.0311379556917255;-0.888671875;
01:53:51;124.0;1572573232;93.41;42.01165067979591;1.0246744068242906;-0.8837890625;
01:53:52;125.0;1572573234;93.288;42.01165067979591;1.0246744068242906;-0.8837890625;
01:53:53;126.0;1572573234;92.965;40.95162866553658;0.9988202113545508;-0.8642578125;
01:53:54;127.0;1572573236;93.086;42.144153431578324;1.027906181258008;-0.88623046875;
01:53:55;128.0;1572573236;92.824;42.40915893514316;1.0343697301254429;-0.89111328125;
01:53:56;129.0;1572573237;92.683;42.144153431578324;1.027906181258008;-0.88623046875;
01:53:57;130.0;1572573238;92.563;41.48163967266625;1.0117473090894207;-0.8740234375;
01:53:58;131.0;1572573239;92.583;41.879147928013495;1.021442632390573;-0.88134765625;
01:53:59;132.0;1572573240;92.844;41.879147928013495;1.021442632390573;-0.88134765625;
01:54:00;133.0;1572573241;93.026;42.01165067979591;1.0246744068242906;-0.8837890625;
01:54:01;134.0;1572573242;93.147;42.01165067979591;1.0246744068242906;-0.8837890625;
01:54:02;135.0;1572573243;93.026;41.879147928013495;1.021442632390573;-0.88134765625;
01:54:03;136.0;1572573245;93.066;42.01165067979591;1.0246744068242906;-0.8837890625;
01:54:04;137.0;1572573245;93.167;42.01165067979591;1.0246744068242906;-0.8837890625;
01:54:05;138.0;1572573247;93.187;42.144153431578324;1.027906181258008;-0.88623046875;
01:54:06;139.0;1572573247;93.511;41.879147928013495;1.021442632390573;-0.88134765625;
01:54:07;140.0;1572573249;93.329;42.01165067979591;1.0246744068242906;-0.8837890625;
01:54:08;141.0;1572573249;93.187;42.144153431578324;1.027906181258008;-0.88623046875;
01:54:09;142.0;1572573251;93.288;42.54166168692558;1.0376015045591604;-0.8935546875;
01:54:10;143.0;1572573252;93.106;42.01165067979591;1.0246744068242906;-0.8837890625;
01:54:11;144.0;1572573253;93.369;41.879147928013495;1.021442632390573;-0.88134765625;
01:54:12;145.0;1572573254;93.248;42.27665618336074;1.0311379556917255;-0.888671875;
01:54:13;146.0;1572573254;92.905;42.01165067979591;1.0246744068242906;-0.8837890625;
01:54:14;147.0;1572573256;92.784;40.81912591375416;0.9955884369208332;-0.86181640625;
01:54:15;148.0;1572573256;92.503;41.61414242444866;1.014979083523138;-0.87646484375;
01:54:16;149.0;1572573258;92.744;42.01165067979591;1.0246744068242906;-0.8837890625;
01:54:17;150.0;1572573259;92.864;42.01165067979591;1.0246744068242906;-0.8837890625;
01:54:18;151.0;1572573260;92.784;41.74664517623108;1.0182108579568556;-0.87890625;
01:54:19;152.0;1572573261;92.844;42.67416443870798;1.0408332789928776;-0.89599609375;
01:54:20;153.0;1572573262;92.543;42.01165067979591;1.0246744068242906;-0.8837890625;
01:54:21;154.0;1572573263;92.583;43.6016837011849;1.0634557000289;-0.9130859375;
01:54:22;155.0;1572573264;92.483;42.27665618336074;1.0311379556917255;-0.888671875;
01:54:23;156.0;1572573265;92.442;42.27665618336074;1.0311379556917255;-0.888671875;
01:54:24;157.0;1572573266;92.764;42.01165067979591;1.0246744068242906;-0.8837890625;
01:54:25;158.0;1572573267;92.703;42.27665618336074;1.0311379556917255;-0.888671875;
01:54:26;159.0;1572573268;92.844;42.27665618336074;1.0311379556917255;-0.888671875;
01:54:27;160.0;1572573269;92.784;42.54166168692558;1.0376015045591604;-0.8935546875;
01:54:28;161.0;1572573270;92.442;42.27665618336074;1.0311379556917255;-0.888671875;
01:54:30;163.0;1572573271;92.322;42.01165067979591;1.0246744068242906;-0.8837890625;
01:54:31;164.0;1572573272;92.162;42.144153431578324;1.027906181258008;-0.88623046875;
01:54:32;165.0;1572573273;92.162;42.01165067979591;1.0246744068242906;-0.8837890625;
01:54:33;166.0;1572573274;92.322;39.75910389949483;0.9697342414510934;-0.84228515625;
01:54:34;167.0;1572573275;92.422;42.01165067979591;1.0246744068242906;-0.8837890625;
01:54:35;168.0;1572573276;92.744;42.67416443870798;1.0408332789928776;-0.89599609375;
01:54:36;169.0;1572573277;92.723;41.879147928013495;1.021442632390573;-0.88134765625;
01:54:37;170.0;1572573278;92.523;39.89160665127725;0.972966015884811;-0.8447265625;
01:54:38;171.0;1572573279;92.603;42.01165067979591;1.0246744068242906;-0.8837890625;
01:54:39;172.0;1572573280;92.382;42.54166168692558;1.0376015045591604;-0.8935546875;
01:54:40;173.0;1572573281;92.483;44.13169470831457;1.0763827977637699;-0.9228515625;
01:54:41;174.0;1572573282;92.523;42.01165067979591;1.0246744068242906;-0.8837890625;
01:54:42;175.0;1572573283;92.382;42.01165067979591;1.0246744068242906;-0.8837890625;
01:54:43;176.0;1572573284;92.463;42.01165067979591;1.0246744068242906;-0.8837890625;
01:54:44;177.0;1572573285;92.362;42.01165067979591;1.0246744068242906;-0.8837890625;
01:54:45;178.0;1572573286;92.442;42.01165067979591;1.0246744068242906;-0.8837890625;
01:54:46;179.0;1572573287;92.523;42.01165067979591;1.0246744068242906;-0.8837890625;
01:54:47;180.0;1572573288;92.463;42.01165067979591;1.0246744068242906;-0.8837890625;
01:54:48;181.0;1572573289;92.483;42.27665618336074;1.0311379556917255;-0.888671875;
01:54:49;182.0;1572573290;92.844;42.27665618336074;1.0311379556917255;-0.888671875;
01:54:50;183.0;1572573291;92.723;42.01165067979591;1.0246744068242906;-0.8837890625;
01:54:51;184.0;1572573292;92.683;42.8066671904904;1.0440650534265952;-0.8984375;
01:54:52;185.0;1572573293;92.723;42.54166168692558;1.0376015045591604;-0.8935546875;
01:54:53;186.0;1572573294;92.262;42.27665618336074;1.0311379556917255;-0.888671875;
01:54:54;187.0;1572573295;92.342;42.27665618336074;1.0311379556917255;-0.888671875;
01:54:55;188.0;1572573296;92.362;42.67416443870798;1.0408332789928776;-0.89599609375;
01:54:56;189.0;1572573297;92.242;42.01165067979591;1.0246744068242906;-0.8837890625;
01:54:57;190.0;1572573299;92.302;41.879147928013495;1.021442632390573;-0.88134765625;
01:54:58;191.0;1572573299;92.182;38.831584637017926;0.9471118204150714;-0.8251953125;
01:54:59;192.0;1572573301;92.103;42.54166168692558;1.0376015045591604;-0.8935546875;
01:55:00;193.0;1572573301;92.262;42.144153431578324;1.027906181258008;-0.88623046875;
01:55:01;194.0;1572573303;92.322;42.54166168692558;1.0376015045591604;-0.8935546875;
01:55:02;195.0;1572573303;92.402;43.07167269405524;1.0505286022940301;-0.9033203125;
01:55:03;196.0;1572573305;92.402;42.144153431578324;1.027906181258008;-0.88623046875;
01:55:04;197.0;1572573305;92.362;40.686623161971745;0.9923566624871157;-0.859375;
01:55:05;198.0;1572573306;92.262;42.54166168692558;1.0376015045591604;-0.8935546875;
01:55:06;199.0;1572573307;92.222;42.27665618336074;1.0311379556917255;-0.888671875;
01:55:07;200.0;1572573308;92.142;41.61414242444866;1.014979083523138;-0.87646484375;
01:55:08;201.0;1572573309;92.083;39.75910389949483;0.9697342414510934;-0.84228515625;
01:55:09;202.0;1572573310;92.103;42.8066671904904;1.0440650534265952;-0.8984375;
01:55:10;203.0;1572573311;92.242;42.144153431578324;1.027906181258008;-0.88623046875;
01:55:11;204.0;1572573312;92.103;42.40915893514316;1.0343697301254429;-0.89111328125;
01:55:12;205.0;1572573314;92.202;42.40915893514316;1.0343697301254429;-0.89111328125;
01:55:13;206.0;1572573314;92.282;44.26419746009698;1.0796145721974872;-0.92529296875;
01:55:14;207.0;1572573316;92.222;42.27665618336074;1.0311379556917255;-0.888671875;
01:55:15;208.0;1572573316;92.402;42.01165067979591;1.0246744068242906;-0.8837890625;
01:55:16;209.0;1572573318;92.202;42.01165067979591;1.0246744068242906;-0.8837890625;
01:55:17;210.0;1572573318;91.983;42.144153431578324;1.027906181258008;-0.88623046875;
01:55:18;211.0;1572573320;91.883;42.27665618336074;1.0311379556917255;-0.888671875;
01:55:19;212.0;1572573320;91.903;42.67416443870798;1.0408332789928776;-0.89599609375;
01:55:20;213.0;1572573322;92.023;42.27665618336074;1.0311379556917255;-0.888671875;
01:55:21;214.0;1572573322;91.983;42.144153431578324;1.027906181258008;-0.88623046875;
01:55:22;215.0;1572573324;91.943;42.40915893514316;1.0343697301254429;-0.89111328125;
01:55:23;216.0;1572573324;91.943;42.54166168692558;1.0376015045591604;-0.8935546875;
01:55:24;217.0;1572573326;91.824;42.01165067979591;1.0246744068242906;-0.8837890625;
01:55:25;218.0;1572573326;92.103;42.01165067979591;1.0246744068242906;-0.8837890625;
01:55:26;219.0;1572573328;92.182;42.144153431578324;1.027906181258008;-0.88623046875;
01:55:27;220.0;1572573329;92.142;42.27665618336074;1.0311379556917255;-0.888671875;
01:55:28;221.0;1572573330;92.103;42.27665618336074;1.0311379556917255;-0.888671875;
01:55:29;222.0;1572573330;92.202;42.27665618336074;1.0311379556917255;-0.888671875;
01:55:30;223.0;1572573331;92.222;42.144153431578324;1.027906181258008;-0.88623046875;
01:55:31;224.0;1572573332;92.063;42.54166168692558;1.0376015045591604;-0.8935546875;
01:55:32;225.0;1572573333;92.083;42.144153431578324;1.027906181258008;-0.88623046875;
01:55:33;226.0;1572573334;91.883;42.27665618336074;1.0311379556917255;-0.888671875;
01:55:34;227.0;1572573335;91.903;42.27665618336074;1.0311379556917255;-0.888671875;
01:55:35;228.0;1572573337;92.103;42.67416443870798;1.0408332789928776;-0.89599609375;
01:55:36;229.0;1572573337;92.162;42.93916994227282;1.0472968278603128;-0.90087890625;
01:55:37;230.0;1572573339;92.142;42.54166168692558;1.0376015045591604;-0.8935546875;
01:55:38;231.0;1572573339;92.142;42.01165067979591;1.0246744068242906;-0.8837890625;
01:55:39;232.0;1572573341;92.123;42.40915893514316;1.0343697301254429;-0.89111328125;
01:55:40;233.0;1572573341;92.182;42.27665618336074;1.0311379556917255;-0.888671875;
01:55:41;234.0;1572573342;92.182;42.01165067979591;1.0246744068242906;-0.8837890625;
01:55:42;235.0;1572573343;92.043;42.144153431578324;1.027906181258008;-0.88623046875;
01:55:43;236.0;1572573345;91.704;42.27665618336074;1.0311379556917255;-0.888671875;
01:55:44;237.0;1572573345;91.466;42.67416443870798;1.0408332789928776;-0.89599609375;
01:55:45;238.0;1572573347;91.367;42.54166168692558;1.0376015045591604;-0.8935546875;
01:55:46;239.0;1572573347;91.407;42.40915893514316;1.0343697301254429;-0.89111328125;
01:55:47;240.0;1572573349;91.605;42.40915893514316;1.0343697301254429;-0.89111328125;
01:55:48;241.0;1572573350;91.605;42.27665618336074;1.0311379556917255;-0.888671875;
01:55:49;242.0;1572573351;91.367;42.144153431578324;1.027906181258008;-0.88623046875;
01:55:50;243.0;1572573352;91.269;42.144153431578324;1.027906181258008;-0.88623046875;
01:55:51;244.0;1572573353;91.387;42.40915893514316;1.0343697301254429;-0.89111328125;
01:55:52;245.0;1572573354;91.506;42.144153431578324;1.027906181258008;-0.88623046875;
01:55:53;246.0;1572573354;91.625;42.27665618336074;1.0311379556917255;-0.888671875;
01:55:54;247.0;1572573356;91.645;42.54166168692558;1.0376015045591604;-0.8935546875;
01:55:55;248.0;1572573356;91.566;42.27665618336074;1.0311379556917255;-0.888671875;
01:55:56;249.0;1572573358;91.526;42.40915893514316;1.0343697301254429;-0.89111328125;
01:55:57;250.0;1572573359;91.447;42.27665618336074;1.0311379556917255;-0.888671875;
01:55:58;251.0;1572573360;91.328;45.1917167225739;1.1022369932335099;-0.9423828125;
01:55:59;252.0;1572573361;91.348;42.01165067979591;1.0246744068242906;-0.8837890625;
01:56:00;253.0;1572573362;91.308;42.27665618336074;1.0311379556917255;-0.888671875;
01:56:01;254.0;1572573363;91.625;42.54166168692558;1.0376015045591604;-0.8935546875;
01:56:02;255.0;1572573364;91.704;42.67416443870798;1.0408332789928776;-0.89599609375;
01:56:03;256.0;1572573365;91.804;42.54166168692558;1.0376015045591604;-0.8935546875;
01:56:04;257.0;1572573366;91.824;42.40915893514316;1.0343697301254429;-0.89111328125;
01:56:06;259.0;1572573367;91.824;42.54166168692558;1.0376015045591604;-0.8935546875;
01:56:07;260.0;1572573368;91.824;42.144153431578324;1.027906181258008;-0.88623046875;
01:56:08;261.0;1572573369;91.486;42.27665618336074;1.0311379556917255;-0.888671875;
01:56:09;262.0;1572573370;91.665;42.27665618336074;1.0311379556917255;-0.888671875;
01:56:10;263.0;1572573371;91.546;42.27665618336074;1.0311379556917255;-0.888671875;
01:56:11;264.0;1572573372;91.308;43.07167269405524;1.0505286022940301;-0.9033203125;
01:56:12;265.0;1572573373;91.328;42.27665618336074;1.0311379556917255;-0.888671875;
01:56:13;266.0;1572573374;91.13;42.27665618336074;1.0311379556917255;-0.888671875;
01:56:14;267.0;1572573375;90.993;41.74664517623108;1.0182108579568556;-0.87890625;
01:56:15;268.0;1572573376;91.348;44.794208467226646;1.0925416699323571;-0.93505859375;
01:56:16;269.0;1572573377;91.447;42.144153431578324;1.027906181258008;-0.88623046875;
01:56:17;270.0;1572573378;91.526;41.879147928013495;1.021442632390573;-0.88134765625;
01:56:18;271.0;1572573379;91.546;41.48163967266625;1.0117473090894207;-0.8740234375;
01:56:19;272.0;1572573380;91.526;41.879147928013495;1.021442632390573;-0.88134765625;
01:56:20;273.0;1572573381;91.585;42.01165067979591;1.0246744068242906;-0.8837890625;
01:56:21;274.0;1572573382;91.348;42.40915893514316;1.0343697301254429;-0.89111328125;
01:56:22;275.0;1572573383;91.387;42.144153431578324;1.027906181258008;-0.88623046875;
01:56:23;276.0;1572573384;91.229;42.40915893514316;1.0343697301254429;-0.89111328125;
01:56:24;277.0;1572573385;91.229;42.01165067979591;1.0246744068242906;-0.8837890625;
01:56:25;278.0;1572573386;91.506;42.144153431578324;1.027906181258008;-0.88623046875;
01:56:26;279.0;1572573387;91.526;40.95162866553658;0.9988202113545508;-0.8642578125;
01:56:27;280.0;1572573388;91.605;42.27665618336074;1.0311379556917255;-0.888671875;
01:56:28;281.0;1572573389;91.605;44.3967002118794;1.0828463466312048;-0.927734375;
01:56:29;282.0;1572573390;91.605;42.40915893514316;1.0343697301254429;-0.89111328125;
01:56:30;283.0;1572573391;91.704;42.27665618336074;1.0311379556917255;-0.888671875;
01:56:31;284.0;1572573392;91.724;42.144153431578324;1.027906181258008;-0.88623046875;
01:56:32;285.0;1572573393;91.645;41.74664517623108;1.0182108579568556;-0.87890625;
01:56:33;286.0;1572573394;91.308;42.27665618336074;1.0311379556917255;-0.888671875;
01:56:34;287.0;1572573395;91.269;42.27665618336074;1.0311379556917255;-0.888671875;
01:56:35;288.0;1572573397;91.17;42.27665618336074;1.0311379556917255;-0.888671875;
01:56:36;289.0;1572573397;91.348;42.40915893514316;1.0343697301254429;-0.89111328125;
01:56:37;290.0;1572573399;91.466;42.27665618336074;1.0311379556917255;-0.888671875;
01:56:38;291.0;1572573399;91.387;42.27665618336074;1.0311379556917255;-0.888671875;
01:56:40;293.0;1572573401;91.249;42.01165067979591;1.0246744068242906;-0.8837890625;
01:56:41;294.0;1572573403;91.348;43.734186452967315;1.0666874744626174;-0.91552734375;
01:56:42;295.0;1572573403;91.111;42.67416443870798;1.0408332789928776;-0.89599609375;
01:56:43;296.0;1572573405;91.13;42.27665618336074;1.0311379556917255;-0.888671875;
01:56:44;297.0;1572573405;91.012;42.01165067979591;1.0246744068242906;-0.8837890625;
01:56:45;298.0;1572573407;90.717;42.144153431578324;1.027906181258008;-0.88623046875;
01:56:46;299.0;1572573407;90.815;42.67416443870798;1.0408332789928776;-0.89599609375;
01:56:47;300.0;1572573409;90.855;42.144153431578324;1.027906181258008;-0.88623046875;
01:56:48;301.0;1572573409;90.933;42.40915893514316;1.0343697301254429;-0.89111328125;
01:56:49;302.0;1572573411;91.032;41.74664517623108;1.0182108579568556;-0.87890625;
01:56:50;303.0;1572573412;90.973;42.40915893514316;1.0343697301254429;-0.89111328125;
01:56:51;304.0;1572573412;91.071;42.144153431578324;1.027906181258008;-0.88623046875;
01:56:52;305.0;1572573414;90.933;42.40915893514316;1.0343697301254429;-0.89111328125;
01:56:53;306.0;1572573414;91.052;41.879147928013495;1.021442632390573;-0.88134765625;
01:56:54;307.0;1572573416;91.13;42.54166168692558;1.0376015045591604;-0.8935546875;
01:56:55;308.0;1572573416;90.894;43.6016837011849;1.0634557000289;-0.9130859375;
01:56:56;309.0;1572573418;90.835;42.144153431578324;1.027906181258008;-0.88623046875;
01:56:57;310.0;1572573419;91.032;40.95162866553658;0.9988202113545508;-0.8642578125;
01:56:58;311.0;1572573420;90.914;42.67416443870798;1.0408332789928776;-0.89599609375;
01:56:59;312.0;1572573421;90.796;42.67416443870798;1.0408332789928776;-0.89599609375;
01:57:00;313.0;1572573422;90.855;42.8066671904904;1.0440650534265952;-0.8984375;
01:57:01;314.0;1572573423;90.717;42.67416443870798;1.0408332789928776;-0.89599609375;
01:57:02;315.0;1572573424;90.796;42.40915893514316;1.0343697301254429;-0.89111328125;
01:57:03;316.0;1572573425;90.678;42.8066671904904;1.0440650534265952;-0.8984375;
01:57:04;317.0;1572573426;90.835;42.27665618336074;1.0311379556917255;-0.888671875;
01:57:05;318.0;1572573426;90.737;42.40915893514316;1.0343697301254429;-0.89111328125;
01:57:06;319.0;1572573428;90.933;42.27665618336074;1.0311379556917255;-0.888671875;
01:57:07;320.0;1572573429;91.15;42.54166168692558;1.0376015045591604;-0.8935546875;
01:57:08;321.0;1572573430;91.032;42.01165067979591;1.0246744068242906;-0.8837890625;
01:57:10;323.0;1572573431;90.914;42.40915893514316;1.0343697301254429;-0.89111328125;
01:57:11;324.0;1572573432;90.658;42.40915893514316;1.0343697301254429;-0.89111328125;
01:57:12;325.0;1572573433;90.541;42.54166168692558;1.0376015045591604;-0.8935546875;
01:57:13;326.0;1572573434;90.345;42.54166168692558;1.0376015045591604;-0.8935546875;
01:57:14;327.0;1572573435;90.326;42.54166168692558;1.0376015045591604;-0.8935546875;
01:57:15;328.0;1572573436;90.326;41.879147928013495;1.021442632390573;-0.88134765625;
01:57:16;329.0;1572573437;90.306;42.40915893514316;1.0343697301254429;-0.89111328125;
01:57:17;330.0;1572573438;90.56;42.40915893514316;1.0343697301254429;-0.89111328125;
01:57:18;331.0;1572573439;90.619;43.20417544583765;1.0537603767277475;-0.90576171875;
01:57:19;332.0;1572573440;90.717;42.27665618336074;1.0311379556917255;-0.888671875;
01:57:20;333.0;1572573441;90.796;42.40915893514316;1.0343697301254429;-0.89111328125;
01:57:21;334.0;1572573442;90.639;42.8066671904904;1.0440650534265952;-0.8984375;
01:57:22;335.0;1572573443;90.6;42.8066671904904;1.0440650534265952;-0.8984375;
01:57:23;336.0;1572573444;90.287;42.54166168692558;1.0376015045591604;-0.8935546875;
01:57:24;337.0;1572573445;90.267;37.24155161562893;0.9083305272104617;-0.7958984375;
01:57:25;338.0;1572573446;90.189;42.8066671904904;1.0440650534265952;-0.8984375;
01:57:26;339.0;1572573447;90.345;44.26419746009698;1.0796145721974872;-0.92529296875;
01:57:27;340.0;1572573448;90.423;42.67416443870798;1.0408332789928776;-0.89599609375;
01:57:28;341.0;1572573449;90.306;42.54166168692558;1.0376015045591604;-0.8935546875;
01:57:29;342.0;1572573450;90.228;42.54166168692558;1.0376015045591604;-0.8935546875;
01:57:30;343.0;1572573451;89.917;42.40915893514316;1.0343697301254429;-0.89111328125;
01:57:31;344.0;1572573452;90.033;42.67416443870798;1.0408332789928776;-0.89599609375;
01:57:32;345.0;1572573453;90.014;40.15661215484208;0.9794295647522459;-0.849609375;
01:57:33;346.0;1572573454;90.111;41.74664517623108;1.0182108579568556;-0.87890625;
01:57:34;347.0;1572573455;90.033;42.67416443870798;1.0408332789928776;-0.89599609375;
01:57:35;348.0;1572573456;90.072;42.144153431578324;1.027906181258008;-0.88623046875;
01:57:36;349.0;1572573457;90.17;42.54166168692558;1.0376015045591604;-0.8935546875;
01:57:37;350.0;1572573458;90.17;42.67416443870798;1.0408332789928776;-0.89599609375;
01:57:39;352.0;1572573460;90.228;42.67416443870798;1.0408332789928776;-0.89599609375;
01:57:40;353.0;1572573462;90.228;42.40915893514316;1.0343697301254429;-0.89111328125;
01:57:41;354.0;1572573462;90.287;42.01165067979591;1.0246744068242906;-0.8837890625;
01:57:42;355.0;1572573464;90.228;41.879147928013495;1.021442632390573;-0.88134765625;
01:57:43;356.0;1572573464;90.287;42.40915893514316;1.0343697301254429;-0.89111328125;
01:57:44;357.0;1572573466;90.131;42.54166168692558;1.0376015045591604;-0.8935546875;
01:57:45;358.0;1572573466;89.955;42.40915893514316;1.0343697301254429;-0.89111328125;
01:57:46;359.0;1572573468;89.722;42.67416443870798;1.0408332789928776;-0.89599609375;
01:57:47;360.0;1572573468;89.781;42.8066671904904;1.0440650534265952;-0.8984375;
01:57:48;361.0;1572573470;89.722;42.67416443870798;1.0408332789928776;-0.89599609375;
01:57:49;362.0;1572573470;89.936;42.54166168692558;1.0376015045591604;-0.8935546875;
01:57:50;363.0;1572573472;89.994;42.54166168692558;1.0376015045591604;-0.8935546875;
01:57:51;364.0;1572573472;89.897;42.40915893514316;1.0343697301254429;-0.89111328125;
01:57:52;365.0;1572573474;89.722;42.93916994227282;1.0472968278603128;-0.90087890625;
01:57:53;366.0;1572573475;89.664;42.93916994227282;1.0472968278603128;-0.90087890625;
01:57:54;367.0;1572573475;89.878;38.036568126323424;0.9277211738127664;-0.810546875;
01:57:55;368.0;1572573477;89.781;42.40915893514316;1.0343697301254429;-0.89111328125;
01:57:56;369.0;1572573477;90.014;42.54166168692558;1.0376015045591604;-0.8935546875;
01:57:57;370.0;1572573479;89.994;42.54166168692558;1.0376015045591604;-0.8935546875;
01:57:58;371.0;1572573479;89.858;42.54166168692558;1.0376015045591604;-0.8935546875;
01:57:59;372.0;1572573481;89.917;42.27665618336074;1.0311379556917255;-0.888671875;
01:58:00;373.0;1572573481;89.742;42.8066671904904;1.0440650534265952;-0.8984375;
01:58:01;374.0;1572573483;89.858;42.54166168692558;1.0376015045591604;-0.8935546875;
01:58:02;375.0;1572573483;89.761;42.27665618336074;1.0311379556917255;-0.888671875;
01:58:03;376.0;1572573485;89.606;42.54166168692558;1.0376015045591604;-0.8935546875;
01:58:04;377.0;1572573485;89.975;42.67416443870798;1.0408332789928776;-0.89599609375;
01:58:05;378.0;1572573487;89.684;45.45672222613873;1.1087005421009446;-0.947265625;
01:58:06;379.0;1572573488;90.014;42.54166168692558;1.0376015045591604;-0.8935546875;
01:58:07;380.0;1572573489;90.248;42.54166168692558;1.0376015045591604;-0.8935546875;
01:58:08;381.0;1572573490;89.975;40.2891149066245;0.9826613391859633;-0.85205078125;
01:58:09;382.0;1572573491;89.917;42.67416443870798;1.0408332789928776;-0.89599609375;
01:58:10;383.0;1572573492;89.606;42.67416443870798;1.0408332789928776;-0.89599609375;
01:58:11;384.0;1572573493;89.567;42.54166168692558;1.0376015045591604;-0.8935546875;
01:58:12;385.0;1572573494;89.529;42.67416443870798;1.0408332789928776;-0.89599609375;
01:58:14;387.0;1572573495;89.742;42.144153431578324;1.027906181258008;-0.88623046875;
01:58:15;388.0;1572573496;89.878;42.67416443870798;1.0408332789928776;-0.89599609375;
01:58:16;389.0;1572573497;89.722;42.54166168692558;1.0376015045591604;-0.8935546875;
01:58:17;390.0;1572573498;89.878;42.27665618336074;1.0311379556917255;-0.888671875;
01:58:18;391.0;1572573499;89.917;42.8066671904904;1.0440650534265952;-0.8984375;
01:58:19;392.0;1572573500;89.722;42.93916994227282;1.0472968278603128;-0.90087890625;
01:58:20;393.0;1572573501;89.567;42.67416443870798;1.0408332789928776;-0.89599609375;
01:58:21;394.0;1572573502;89.49;42.40915893514316;1.0343697301254429;-0.89111328125;
01:58:22;395.0;1572573503;89.085;42.67416443870798;1.0408332789928776;-0.89599609375;
01:58:23;396.0;1572573504;89.432;42.54166168692558;1.0376015045591604;-0.8935546875;
01:58:24;397.0;1572573505;89.761;42.40915893514316;1.0343697301254429;-0.89111328125;
01:58:25;398.0;1572573506;89.567;42.67416443870798;1.0408332789928776;-0.89599609375;
01:58:26;399.0;1572573507;89.509;41.48163967266625;1.0117473090894207;-0.8740234375;
01:58:27;400.0;1572573508;89.297;42.67416443870798;1.0408332789928776;-0.89599609375;
01:58:28;401.0;1572573509;88.97;42.01165067979591;1.0246744068242906;-0.8837890625;
01:58:29;402.0;1572573510;89.258;42.67416443870798;1.0408332789928776;-0.89599609375;
01:58:30;403.0;1572573511;89.393;41.21663416910141;1.0052837602219857;-0.869140625;
01:58:31;404.0;1572573512;89.316;42.67416443870798;1.0408332789928776;-0.89599609375;
01:58:32;405.0;1572573513;89.49;42.54166168692558;1.0376015045591604;-0.8935546875;
01:58:33;406.0;1572573514;89.124;42.54166168692558;1.0376015045591604;-0.8935546875;
01:58:34;407.0;1572573515;89.336;42.54166168692558;1.0376015045591604;-0.8935546875;
01:58:35;408.0;1572573517;89.509;42.27665618336074;1.0311379556917255;-0.888671875;
01:58:36;409.0;1572573517;89.626;42.54166168692558;1.0376015045591604;-0.8935546875;
01:58:38;411.0;1572573519;89.917;42.67416443870798;1.0408332789928776;-0.89599609375;
01:58:39;412.0;1572573521;89.471;43.07167269405524;1.0505286022940301;-0.9033203125;
01:58:40;413.0;1572573521;89.336;42.67416443870798;1.0408332789928776;-0.89599609375;
01:58:41;414.0;1572573523;89.432;42.40915893514316;1.0343697301254429;-0.89111328125;
01:58:42;415.0;1572573523;89.162;42.93916994227282;1.0472968278603128;-0.90087890625;
01:58:43;416.0;1572573525;89.451;42.27665618336074;1.0311379556917255;-0.888671875;
01:58:44;417.0;1572573525;89.297;41.61414242444866;1.014979083523138;-0.87646484375;
01:58:45;418.0;1572573527;89.336;42.67416443870798;1.0408332789928776;-0.89599609375;
01:58:46;419.0;1572573527;89.471;42.54166168692558;1.0376015045591604;-0.8935546875;
01:58:47;420.0;1572573529;89.471;42.8066671904904;1.0440650534265952;-0.8984375;
01:58:48;421.0;1572573529;89.722;42.67416443870798;1.0408332789928776;-0.89599609375;
01:58:49;422.0;1572573531;89.49;42.54166168692558;1.0376015045591604;-0.8935546875;
01:58:50;423.0;1572573531;89.587;44.3967002118794;1.0828463466312048;-0.927734375;
01:58:51;424.0;1572573533;89.529;42.40915893514316;1.0343697301254429;-0.89111328125;
01:58:52;425.0;1572573533;89.374;42.27665618336074;1.0311379556917255;-0.888671875;
01:58:53;426.0;1572573535;89.587;42.67416443870798;1.0408332789928776;-0.89599609375;
01:58:54;427.0;1572573535;89.413;42.40915893514316;1.0343697301254429;-0.89111328125;
01:58:55;428.0;1572573537;89.374;42.27665618336074;1.0311379556917255;-0.888671875;
01:58:56;429.0;1572573537;89.297;41.879147928013495;1.021442632390573;-0.88134765625;
01:58:57;430.0;1572573539;89.181;43.20417544583765;1.0537603767277475;-0.90576171875;
01:58:58;431.0;1572573540;89.066;42.40915893514316;1.0343697301254429;-0.89111328125;
01:58:59;432.0;1572573540;88.931;42.54166168692558;1.0376015045591604;-0.8935546875;
01:59:00;433.0;1572573542;88.893;42.67416443870798;1.0408332789928776;-0.89599609375;
01:59:01;434.0;1572573542;88.759;42.67416443870798;1.0408332789928776;-0.89599609375;
01:59:02;435.0;1572573544;88.854;42.54166168692558;1.0376015045591604;-0.8935546875;
01:59:03;436.0;1572573544;88.835;42.67416443870798;1.0408332789928776;-0.89599609375;
01:59:04;437.0;1572573546;88.912;42.40915893514316;1.0343697301254429;-0.89111328125;
01:59:05;438.0;1572573546;88.893;42.54166168692558;1.0376015045591604;-0.8935546875;
01:59:06;439.0;1572573548;88.797;42.40915893514316;1.0343697301254429;-0.89111328125;
01:59:07;440.0;1572573548;89.027;42.8066671904904;1.0440650534265952;-0.8984375;
01:59:08;441.0;1572573550;88.97;42.8066671904904;1.0440650534265952;-0.8984375;
01:59:09;442.0;1572573550;89.162;42.27665618336074;1.0311379556917255;-0.888671875;
01:59:10;443.0;1572573552;89.162;42.01165067979591;1.0246744068242906;-0.8837890625;
01:59:11;444.0;1572573553;89.239;42.67416443870798;1.0408332789928776;-0.89599609375;
01:59:12;445.0;1572573554;89.297;41.879147928013495;1.021442632390573;-0.88134765625;
01:59:13;446.0;1572573554;89.201;42.8066671904904;1.0440650534265952;-0.8984375;
01:59:14;447.0;1572573556;89.278;42.27665618336074;1.0311379556917255;-0.888671875;
01:59:15;448.0;1572573557;89.066;42.67416443870798;1.0408332789928776;-0.89599609375;
01:59:16;449.0;1572573558;88.893;42.67416443870798;1.0408332789928776;-0.89599609375;
01:59:18;451.0;1572573559;88.739;42.54166168692558;1.0376015045591604;-0.8935546875;
01:59:19;452.0;1572573560;88.778;42.54166168692558;1.0376015045591604;-0.8935546875;
01:59:20;453.0;1572573561;88.682;42.40915893514316;1.0343697301254429;-0.89111328125;
01:59:21;454.0;1572573562;88.586;42.8066671904904;1.0440650534265952;-0.8984375;
01:59:22;455.0;1572573563;88.529;42.54166168692558;1.0376015045591604;-0.8935546875;
01:59:23;456.0;1572573564;88.338;42.27665618336074;1.0311379556917255;-0.888671875;
01:59:24;457.0;1572573565;88.395;42.67416443870798;1.0408332789928776;-0.89599609375;
01:59:25;458.0;1572573566;88.472;42.8066671904904;1.0440650534265952;-0.8984375;
01:59:26;459.0;1572573567;88.605;42.54166168692558;1.0376015045591604;-0.8935546875;
01:59:27;460.0;1572573568;88.605;40.554120410189334;0.9891248880533984;-0.85693359375;
01:59:28;461.0;1572573569;88.529;42.54166168692558;1.0376015045591604;-0.8935546875;
01:59:29;462.0;1572573570;88.491;42.67416443870798;1.0408332789928776;-0.89599609375;
01:59:30;463.0;1572573571;88.414;42.27665618336074;1.0311379556917255;-0.888671875;
01:59:31;464.0;1572573572;88.51;42.54166168692558;1.0376015045591604;-0.8935546875;
01:59:32;465.0;1572573573;88.433;42.54166168692558;1.0376015045591604;-0.8935546875;
01:59:33;466.0;1572573574;88.319;42.40915893514316;1.0343697301254429;-0.89111328125;
01:59:34;467.0;1572573575;88.281;42.67416443870798;1.0408332789928776;-0.89599609375;
01:59:35;468.0;1572573576;88.091;42.54166168692558;1.0376015045591604;-0.8935546875;
01:59:36;469.0;1572573577;88.3;42.40915893514316;1.0343697301254429;-0.89111328125;
01:59:37;470.0;1572573578;88.51;42.67416443870798;1.0408332789928776;-0.89599609375;
01:59:38;471.0;1572573579;88.586;42.40915893514316;1.0343697301254429;-0.89111328125;
01:59:39;472.0;1572573580;88.605;42.54166168692558;1.0376015045591604;-0.8935546875;
01:59:40;473.0;1572573581;88.491;42.54166168692558;1.0376015045591604;-0.8935546875;
01:59:41;474.0;1572573582;88.605;42.54166168692558;1.0376015045591604;-0.8935546875;
01:59:42;475.0;1572573583;88.395;43.07167269405524;1.0505286022940301;-0.9033203125;
01:59:43;476.0;1572573584;88.338;42.93916994227282;1.0472968278603128;-0.90087890625;
01:59:44;477.0;1572573585;88.3;42.27665618336074;1.0311379556917255;-0.888671875;
01:59:45;478.0;1572573586;88.129;42.67416443870798;1.0408332789928776;-0.89599609375;
01:59:46;479.0;1572573588;88.205;42.54166168692558;1.0376015045591604;-0.8935546875;
01:59:47;480.0;1572573588;88.395;43.33667819762007;1.056992151161465;-0.908203125;
01:59:48;481.0;1572573590;88.395;42.40915893514316;1.0343697301254429;-0.89111328125;
01:59:49;482.0;1572573590;88.605;42.54166168692558;1.0376015045591604;-0.8935546875;
01:59:50;483.0;1572573592;88.682;42.67416443870798;1.0408332789928776;-0.89599609375;
01:59:51;484.0;1572573592;88.663;42.54166168692558;1.0376015045591604;-0.8935546875;
01:59:52;485.0;1572573594;88.701;42.54166168692558;1.0376015045591604;-0.8935546875;
01:59:53;486.0;1572573594;88.567;41.21663416910141;1.0052837602219857;-0.869140625;
01:59:54;487.0;1572573596;88.586;42.67416443870798;1.0408332789928776;-0.89599609375;
01:59:55;488.0;1572573596;88.319;42.93916994227282;1.0472968278603128;-0.90087890625;
01:59:56;489.0;1572573597;88.319;42.67416443870798;1.0408332789928776;-0.89599609375;
01:59:57;490.0;1572573599;88.491;39.09659014058275;0.9535753692825061;-0.830078125;
01:59:58;491.0;1572573599;88.491;42.8066671904904;1.0440650534265952;-0.8984375;
01:59:59;492.0;1572573601;88.682;42.67416443870798;1.0408332789928776;-0.89599609375;
02:00:00;493.0;1572573601;88.529;42.8066671904904;1.0440650534265952;-0.8984375;
02:00:01;494.0;1572573603;88.205;42.8066671904904;1.0440650534265952;-0.8984375;
02:00:02;495.0;1572573603;88.205;42.67416443870798;1.0408332789928776;-0.89599609375;
02:00:03;496.0;1572573605;88.034;42.67416443870798;1.0408332789928776;-0.89599609375;
02:00:04;497.0;1572573605;88.3;42.8066671904904;1.0440650534265952;-0.8984375;
02:00:05;498.0;1572573607;88.395;43.07167269405524;1.0505286022940301;-0.9033203125;
02:00:06;499.0;1572573607;88.433;42.67416443870798;1.0408332789928776;-0.89599609375;
02:00:07;500.0;1572573609;88.357;42.144153431578324;1.027906181258008;-0.88623046875;
02:00:08;501.0;1572573609;88.167;43.07167269405524;1.0505286022940301;-0.9033203125;
02:00:09;502.0;1572573611;88.205;45.05921397079148;1.0990052187997923;-0.93994140625;
02:00:10;503.0;1572573611;87.996;42.8066671904904;1.0440650534265952;-0.8984375;
02:00:11;504.0;1572573613;88.224;42.93916994227282;1.0472968278603128;-0.90087890625;
02:00:12;505.0;1572573614;88.205;42.8066671904904;1.0440650534265952;-0.8984375;
02:00:13;506.0;1572573615;88.3;42.93916994227282;1.0472968278603128;-0.90087890625;
02:00:14;507.0;1572573616;88.433;43.99919195653215;1.0731510233300525;-0.92041015625;
02:00:15;508.0;1572573617;88.186;42.8066671904904;1.0440650534265952;-0.8984375;
02:00:16;509.0;1572573618;88.091;42.67416443870798;1.0408332789928776;-0.89599609375;
02:00:17;510.0;1572573619;87.674;43.07167269405524;1.0505286022940301;-0.9033203125;
02:00:18;511.0;1572573620;87.24;42.67416443870798;1.0408332789928776;-0.89599609375;
02:00:19;512.0;1572573621;87.334;43.07167269405524;1.0505286022940301;-0.9033203125;
02:00:20;513.0;1572573622;87.466;42.67416443870798;1.0408332789928776;-0.89599609375;
02:00:22;515.0;1572573623;87.541;42.8066671904904;1.0440650534265952;-0.8984375;
02:00:23;516.0;1572573624;87.863;42.8066671904904;1.0440650534265952;-0.8984375;
02:00:24;517.0;1572573625;87.996;42.54166168692558;1.0376015045591604;-0.8935546875;
02:00:25;518.0;1572573626;88.053;42.93916994227282;1.0472968278603128;-0.90087890625;
02:00:26;519.0;1572573627;88.205;42.8066671904904;1.0440650534265952;-0.8984375;
02:00:27;520.0;1572573628;88.167;42.54166168692558;1.0376015045591604;-0.8935546875;
02:00:28;521.0;1572573629;87.901;42.93916994227282;1.0472968278603128;-0.90087890625;
02:00:29;522.0;1572573630;87.711;42.67416443870798;1.0408332789928776;-0.89599609375;
02:00:30;523.0;1572573631;87.522;43.20417544583765;1.0537603767277475;-0.90576171875;
02:00:31;524.0;1572573632;87.541;42.93916994227282;1.0472968278603128;-0.90087890625;
02:00:32;525.0;1572573633;87.636;42.67416443870798;1.0408332789928776;-0.89599609375;
02:00:33;526.0;1572573634;87.541;42.93916994227282;1.0472968278603128;-0.90087890625;
02:00:34;527.0;1572573635;87.655;41.74664517623108;1.0182108579568556;-0.87890625;
02:00:35;528.0;1572573636;87.787;42.8066671904904;1.0440650534265952;-0.8984375;
02:00:36;529.0;1572573637;87.598;42.67416443870798;1.0408332789928776;-0.89599609375;
02:00:37;530.0;1572573638;87.617;43.20417544583765;1.0537603767277475;-0.90576171875;
02:00:38;531.0;1572573639;87.447;42.8066671904904;1.0440650534265952;-0.8984375;
02:00:39;532.0;1572573640;87.372;42.93916994227282;1.0472968278603128;-0.90087890625;
02:00:40;533.0;1572573641;87.636;42.8066671904904;1.0440650534265952;-0.8984375;
02:00:41;534.0;1572573642;87.598;43.07167269405524;1.0505286022940301;-0.9033203125;
02:00:42;535.0;1572573643;87.466;42.67416443870798;1.0408332789928776;-0.89599609375;
02:00:43;536.0;1572573644;87.504;42.93916994227282;1.0472968278603128;-0.90087890625;
02:00:44;537.0;1572573645;87.39;42.93916994227282;1.0472968278603128;-0.90087890625;
02:00:45;538.0;1572573646;87.428;42.67416443870798;1.0408332789928776;-0.89599609375;
02:00:46;539.0;1572573647;87.825;43.20417544583765;1.0537603767277475;-0.90576171875;
02:00:47;540.0;1572573648;87.56;42.93916994227282;1.0472968278603128;-0.90087890625;
02:00:48;541.0;1572573649;87.409;42.54166168692558;1.0376015045591604;-0.8935546875;
02:00:49;542.0;1572573650;87.315;42.8066671904904;1.0440650534265952;-0.8984375;
02:00:50;543.0;1572573652;87.315;42.67416443870798;1.0408332789928776;-0.89599609375;
02:00:51;544.0;1572573652;87.315;42.8066671904904;1.0440650534265952;-0.8984375;
02:00:52;545.0;1572573654;87.636;42.67416443870798;1.0408332789928776;-0.89599609375;
02:00:53;546.0;1572573654;87.636;43.33667819762007;1.056992151161465;-0.908203125;
02:00:54;547.0;1572573656;87.334;42.01165067979591;1.0246744068242906;-0.8837890625;
02:00:55;548.0;1572573656;87.485;42.27665618336074;1.0311379556917255;-0.888671875;
02:00:56;549.0;1572573658;87.277;42.93916994227282;1.0472968278603128;-0.90087890625;
02:00:57;550.0;1572573658;87.202;42.93916994227282;1.0472968278603128;-0.90087890625;
02:00:58;551.0;1572573660;87.296;43.33667819762007;1.056992151161465;-0.908203125;
02:00:59;552.0;1572573660;87.071;42.67416443870798;1.0408332789928776;-0.89599609375;
02:01:00;553.0;1572573661;87.165;42.8066671904904;1.0440650534265952;-0.8984375;
02:01:01;554.0;1572573662;87.277;42.54166168692558;1.0376015045591604;-0.8935546875;
02:01:02;555.0;1572573664;87.202;42.8066671904904;1.0440650534265952;-0.8984375;
02:01:03;556.0;1572573664;87.202;42.8066671904904;1.0440650534265952;-0.8984375;
02:01:04;557.0;1572573665;87.24;42.93916994227282;1.0472968278603128;-0.90087890625;
02:01:05;558.0;1572573667;87.372;42.8066671904904;1.0440650534265952;-0.8984375;
02:01:06;559.0;1572573667;87.296;42.67416443870798;1.0408332789928776;-0.89599609375;
02:01:07;560.0;1572573669;87.692;42.67416443870798;1.0408332789928776;-0.89599609375;
02:01:08;561.0;1572573669;87.598;42.8066671904904;1.0440650534265952;-0.8984375;
02:01:09;562.0;1572573671;87.504;42.67416443870798;1.0408332789928776;-0.89599609375;
02:01:10;563.0;1572573671;87.447;46.516744240398054;1.1345547375706841;-0.966796875;
02:01:11;564.0;1572573673;87.183;43.469180949402485;1.0602239255951826;-0.91064453125;
02:01:12;565.0;1572573673;86.977;42.67416443870798;1.0408332789928776;-0.89599609375;
02:01:13;566.0;1572573675;87.033;42.93916994227282;1.0472968278603128;-0.90087890625;
02:01:14;567.0;1572573675;87.24;42.67416443870798;1.0408332789928776;-0.89599609375;
02:01:15;568.0;1572573677;87.183;42.27665618336074;1.0311379556917255;-0.888671875;
02:01:16;569.0;1572573677;87.39;42.93916994227282;1.0472968278603128;-0.90087890625;
02:01:17;570.0;1572573679;87.014;42.67416443870798;1.0408332789928776;-0.89599609375;
02:01:18;571.0;1572573680;86.921;42.93916994227282;1.0472968278603128;-0.90087890625;
02:01:19;572.0;1572573681;86.921;42.93916994227282;1.0472968278603128;-0.90087890625;
02:01:20;573.0;1572573682;86.528;42.93916994227282;1.0472968278603128;-0.90087890625;
02:01:21;574.0;1572573683;86.827;39.361595644147584;0.9600389181499411;-0.8349609375;
02:01:22;575.0;1572573684;86.696;44.661705715444235;1.0893098954986398;-0.9326171875;
02:01:23;576.0;1572573685;86.565;46.516744240398054;1.1345547375706841;-0.966796875;
02:01:24;577.0;1572573686;86.864;42.67416443870798;1.0408332789928776;-0.89599609375;
02:01:26;579.0;1572573687;86.827;42.67416443870798;1.0408332789928776;-0.89599609375;
02:01:27;580.0;1572573688;86.864;43.07167269405524;1.0505286022940301;-0.9033203125;
02:01:28;581.0;1572573689;86.921;42.67416443870798;1.0408332789928776;-0.89599609375;
02:01:29;582.0;1572573690;87.014;42.93916994227282;1.0472968278603128;-0.90087890625;
02:01:30;583.0;1572573691;86.958;42.8066671904904;1.0440650534265952;-0.8984375;
02:01:31;584.0;1572573692;87.127;42.67416443870798;1.0408332789928776;-0.89599609375;
02:01:32;585.0;1572573693;87.089;42.8066671904904;1.0440650534265952;-0.8984375;
02:01:33;586.0;1572573694;86.996;43.20417544583765;1.0537603767277475;-0.90576171875;
02:01:34;587.0;1572573695;87.071;42.93916994227282;1.0472968278603128;-0.90087890625;
02:01:35;588.0;1572573696;87.183;42.54166168692558;1.0376015045591604;-0.8935546875;
02:01:36;589.0;1572573697;86.977;42.54166168692558;1.0376015045591604;-0.8935546875;
02:01:37;590.0;1572573698;87.033;43.469180949402485;1.0602239255951826;-0.91064453125;
02:01:38;591.0;1572573699;87.127;42.8066671904904;1.0440650534265952;-0.8984375;
02:01:39;592.0;1572573700;87.014;42.93916994227282;1.0472968278603128;-0.90087890625;
02:01:40;593.0;1572573701;87.353;43.20417544583765;1.0537603767277475;-0.90576171875;
02:01:41;594.0;1572573702;87.24;42.8066671904904;1.0440650534265952;-0.8984375;
02:01:42;595.0;1572573703;87.183;42.93916994227282;1.0472968278603128;-0.90087890625;
02:01:43;596.0;1572573704;87.127;43.20417544583765;1.0537603767277475;-0.90576171875;
02:01:44;597.0;1572573705;86.996;42.93916994227282;1.0472968278603128;-0.90087890625;
02:01:45;598.0;1572573706;86.921;42.67416443870798;1.0408332789928776;-0.89599609375;
