Time;Seconds from start for linreg;Unix Time;ch1 po2;Uc;Ubl;Vc;
16:31:43;-1.0;1572539504;100.395;20.413702139262078;0.4978951741283434;-0.48583984375;
16:31:44;0.0;1572539505;100.395;20.016193883914827;0.4881998508271909;-0.478515625;
16:31:45;1.0;1572539506;100.044;20.67870764282691;0.5043587229957783;-0.49072265625;
16:31:46;2.0;1572539507;99.869;19.751188380349994;0.481736301959756;-0.4736328125;
16:31:47;3.0;1572539508;99.651;20.413702139262078;0.4978951741283434;-0.48583984375;
16:31:48;4.0;1572539509;99.76;20.28119938747966;0.49466339969462586;-0.4833984375;
16:31:49;5.0;1572539510;99.934;21.20871864995657;0.517285820730648;-0.50048828125;
16:31:50;6.0;1572539511;100.285;20.148696635697245;0.49143162526090844;-0.48095703125;
16:31:51;7.0;1572539512;100.703;20.28119938747966;0.49466339969462586;-0.4833984375;
16:31:52;8.0;1572539513;100.791;20.67870764282691;0.5043587229957783;-0.49072265625;
16:31:53;9.0;1572539514;100.637;20.546204891044493;0.5011269485620607;-0.48828125;
16:31:54;10.0;1572539515;100.504;21.341221401738988;0.5205175951643656;-0.5029296875;
16:31:55;11.0;1572539516;100.439;19.883691132132412;0.48496807639347345;-0.47607421875;
16:31:56;12.0;1572539517;100.219;20.546204891044493;0.5011269485620607;-0.48828125;
16:31:57;13.0;1572539518;100.197;20.28119938747966;0.49466339969462586;-0.4833984375;
16:31:58;14.0;1572539519;100.109;20.67870764282691;0.5043587229957783;-0.49072265625;
16:31:59;15.0;1572539520;100.175;20.413702139262078;0.4978951741283434;-0.48583984375;
16:32:00;16.0;1572539521;100.241;20.28119938747966;0.49466339969462586;-0.4833984375;
16:32:01;17.0;1572539522;100.351;19.883691132132412;0.48496807639347345;-0.47607421875;
16:32:02;18.0;1572539523;100.263;20.67870764282691;0.5043587229957783;-0.49072265625;
16:32:03;19.0;1572539524;100.0;20.148696635697245;0.49143162526090844;-0.48095703125;
16:32:04;20.0;1572539525;100.263;20.413702139262078;0.4978951741283434;-0.48583984375;
16:32:05;21.0;1572539527;100.263;20.28119938747966;0.49466339969462586;-0.4833984375;
16:32:06;22.0;1572539527;100.329;20.28119938747966;0.49466339969462586;-0.4833984375;
16:32:07;23.0;1572539528;100.373;20.67870764282691;0.5043587229957783;-0.49072265625;
16:32:08;24.0;1572539529;100.241;20.28119938747966;0.49466339969462586;-0.4833984375;
16:32:09;25.0;1572539530;100.263;20.67870764282691;0.5043587229957783;-0.49072265625;
16:32:10;26.0;1572539531;100.373;20.67870764282691;0.5043587229957783;-0.49072265625;
16:32:11;27.0;1572539532;100.329;20.148696635697245;0.49143162526090844;-0.48095703125;
16:32:12;28.0;1572539533;100.417;20.546204891044493;0.5011269485620607;-0.48828125;
16:32:13;29.0;1572539534;100.395;20.016193883914827;0.4881998508271909;-0.478515625;
16:32:14;30.0;1572539535;100.593;20.546204891044493;0.5011269485620607;-0.48828125;
16:32:15;31.0;1572539536;100.769;20.413702139262078;0.4978951741283434;-0.48583984375;
16:32:16;32.0;1572539537;100.329;20.28119938747966;0.49466339969462586;-0.4833984375;
16:32:17;33.0;1572539539;100.307;20.28119938747966;0.49466339969462586;-0.4833984375;
16:32:18;34.0;1572539539;100.153;20.28119938747966;0.49466339969462586;-0.4833984375;
16:32:19;35.0;1572539541;100.219;20.67870764282691;0.5043587229957783;-0.49072265625;
16:32:20;36.0;1572539541;100.417;20.811210394609326;0.5075904974294958;-0.4931640625;
16:32:21;37.0;1572539542;100.241;20.28119938747966;0.49466339969462586;-0.4833984375;
16:32:22;38.0;1572539544;100.175;19.883691132132412;0.48496807639347345;-0.47607421875;
16:32:23;39.0;1572539544;100.197;20.67870764282691;0.5043587229957783;-0.49072265625;
16:32:24;40.0;1572539546;100.263;20.413702139262078;0.4978951741283434;-0.48583984375;
16:32:25;41.0;1572539546;100.351;20.28119938747966;0.49466339969462586;-0.4833984375;
16:32:26;42.0;1572539548;100.439;20.28119938747966;0.49466339969462586;-0.4833984375;
16:32:27;43.0;1572539548;100.285;20.148696635697245;0.49143162526090844;-0.48095703125;
16:32:28;44.0;1572539550;100.637;20.28119938747966;0.49466339969462586;-0.4833984375;
16:32:29;45.0;1572539551;100.703;20.148696635697245;0.49143162526090844;-0.48095703125;
16:32:30;46.0;1572539551;100.857;20.28119938747966;0.49466339969462586;-0.4833984375;
16:32:31;47.0;1572539553;100.526;20.67870764282691;0.5043587229957783;-0.49072265625;
16:32:32;48.0;1572539553;100.066;20.28119938747966;0.49466339969462586;-0.4833984375;
16:32:33;49.0;1572539554;100.109;19.883691132132412;0.48496807639347345;-0.47607421875;
16:32:34;50.0;1572539555;99.978;20.67870764282691;0.5043587229957783;-0.49072265625;
16:32:35;51.0;1572539556;100.175;20.148696635697245;0.49143162526090844;-0.48095703125;
16:32:36;52.0;1572539557;100.307;21.07621589817416;0.5140540462969307;-0.498046875;
16:32:37;53.0;1572539558;100.351;20.67870764282691;0.5043587229957783;-0.49072265625;
16:32:38;54.0;1572539559;100.241;20.28119938747966;0.49466339969462586;-0.4833984375;
16:32:39;55.0;1572539560;100.044;20.67870764282691;0.5043587229957783;-0.49072265625;
16:32:40;56.0;1572539561;99.934;20.413702139262078;0.4978951741283434;-0.48583984375;
16:32:41;57.0;1572539563;99.913;19.883691132132412;0.48496807639347345;-0.47607421875;
16:32:42;58.0;1572539563;99.934;22.666248919563152;0.5528353395015403;-0.52734375;
16:32:43;59.0;1572539565;100.241;20.811210394609326;0.5075904974294958;-0.4931640625;
16:32:44;60.0;1572539565;100.307;20.28119938747966;0.49466339969462586;-0.4833984375;
16:32:45;61.0;1572539566;100.285;20.148696635697245;0.49143162526090844;-0.48095703125;
16:32:46;62.0;1572539567;100.263;20.28119938747966;0.49466339969462586;-0.4833984375;
16:32:47;63.0;1572539568;100.109;20.413702139262078;0.4978951741283434;-0.48583984375;
16:32:48;64.0;1572539569;99.891;20.148696635697245;0.49143162526090844;-0.48095703125;
16:32:49;65.0;1572539570;99.673;20.28119938747966;0.49466339969462586;-0.4833984375;
16:32:50;66.0;1572539572;99.629;20.546204891044493;0.5011269485620607;-0.48828125;
16:32:51;67.0;1572539572;99.869;20.546204891044493;0.5011269485620607;-0.48828125;
16:32:52;68.0;1572539574;100.175;20.148696635697245;0.49143162526090844;-0.48095703125;
16:32:53;69.0;1572539574;99.934;20.28119938747966;0.49466339969462586;-0.4833984375;
16:32:54;70.0;1572539575;99.956;19.883691132132412;0.48496807639347345;-0.47607421875;
16:32:55;71.0;1572539576;99.629;20.67870764282691;0.5043587229957783;-0.49072265625;
16:32:56;72.0;1572539577;99.629;20.28119938747966;0.49466339969462586;-0.4833984375;
16:32:57;73.0;1572539578;99.825;20.546204891044493;0.5011269485620607;-0.48828125;
16:32:58;74.0;1572539579;99.738;20.413702139262078;0.4978951741283434;-0.48583984375;
16:32:59;75.0;1572539580;99.76;20.28119938747966;0.49466339969462586;-0.4833984375;
16:33:00;76.0;1572539581;99.455;20.28119938747966;0.49466339969462586;-0.4833984375;
16:33:01;77.0;1572539582;99.542;20.811210394609326;0.5075904974294958;-0.4931640625;
16:33:02;78.0;1572539583;99.607;20.28119938747966;0.49466339969462586;-0.4833984375;
16:33:03;79.0;1572539584;99.913;20.413702139262078;0.4978951741283434;-0.48583984375;
16:33:04;80.0;1572539585;99.934;20.413702139262078;0.4978951741283434;-0.48583984375;
16:33:05;81.0;1572539586;99.803;20.546204891044493;0.5011269485620607;-0.48828125;
16:33:07;83.0;1572539587;99.477;20.546204891044493;0.5011269485620607;-0.48828125;
16:33:08;84.0;1572539589;99.607;20.28119938747966;0.49466339969462586;-0.4833984375;
16:33:09;85.0;1572539590;99.673;20.148696635697245;0.49143162526090844;-0.48095703125;
16:33:10;86.0;1572539591;99.411;20.148696635697245;0.49143162526090844;-0.48095703125;
16:33:11;87.0;1572539592;99.498;20.148696635697245;0.49143162526090844;-0.48095703125;
16:33:12;88.0;1572539593;99.368;20.67870764282691;0.5043587229957783;-0.49072265625;
16:33:13;89.0;1572539594;99.651;20.148696635697245;0.49143162526090844;-0.48095703125;
16:33:14;90.0;1572539595;99.716;20.413702139262078;0.4978951741283434;-0.48583984375;
16:33:15;91.0;1572539596;99.934;20.546204891044493;0.5011269485620607;-0.48828125;
16:33:16;92.0;1572539597;99.978;16.968630592919258;0.41386903885168924;-0.42236328125;
16:33:17;93.0;1572539599;99.847;20.28119938747966;0.49466339969462586;-0.4833984375;
16:33:18;94.0;1572539599;99.934;20.016193883914827;0.4881998508271909;-0.478515625;
16:33:19;95.0;1572539601;99.629;20.546204891044493;0.5011269485620607;-0.48828125;
16:33:20;96.0;1572539601;99.738;20.413702139262078;0.4978951741283434;-0.48583984375;
16:33:21;97.0;1572539602;99.651;20.67870764282691;0.5043587229957783;-0.49072265625;
16:33:22;98.0;1572539604;99.629;20.413702139262078;0.4978951741283434;-0.48583984375;
16:33:23;99.0;1572539604;99.782;20.28119938747966;0.49466339969462586;-0.4833984375;
16:33:24;100.0;1572539606;99.411;20.413702139262078;0.4978951741283434;-0.48583984375;
16:33:25;101.0;1572539606;99.303;20.28119938747966;0.49466339969462586;-0.4833984375;
16:33:26;102.0;1572539607;99.368;19.883691132132412;0.48496807639347345;-0.47607421875;
16:33:27;103.0;1572539609;99.411;20.413702139262078;0.4978951741283434;-0.48583984375;
16:33:28;104.0;1572539609;99.738;20.811210394609326;0.5075904974294958;-0.4931640625;
16:33:29;105.0;1572539611;99.825;20.28119938747966;0.49466339969462586;-0.4833984375;
16:33:30;106.0;1572539611;99.891;20.413702139262078;0.4978951741283434;-0.48583984375;
16:33:31;107.0;1572539613;99.978;20.413702139262078;0.4978951741283434;-0.48583984375;
16:33:32;108.0;1572539614;99.956;20.148696635697245;0.49143162526090844;-0.48095703125;
16:33:33;109.0;1572539615;99.782;20.148696635697245;0.49143162526090844;-0.48095703125;
16:33:34;110.0;1572539616;99.716;20.943713146391744;0.5108222718632133;-0.49560546875;
16:33:35;111.0;1572539617;99.629;19.883691132132412;0.48496807639347345;-0.47607421875;
16:33:36;112.0;1572539618;99.455;20.546204891044493;0.5011269485620607;-0.48828125;
16:33:37;113.0;1572539619;99.564;20.148696635697245;0.49143162526090844;-0.48095703125;
16:33:38;114.0;1572539620;99.477;19.61868562856758;0.4785045275260385;-0.47119140625;
16:33:39;115.0;1572539620;99.346;19.883691132132412;0.48496807639347345;-0.47607421875;
16:33:40;116.0;1572539622;99.346;19.221177373220332;0.46880920422488614;-0.4638671875;
16:33:41;117.0;1572539623;99.303;20.28119938747966;0.49466339969462586;-0.4833984375;
16:33:42;118.0;1572539624;99.325;18.29365811074342;0.44618678318886384;-0.44677734375;
16:33:43;119.0;1572539625;99.238;20.148696635697245;0.49143162526090844;-0.48095703125;
16:33:44;120.0;1572539626;99.346;20.67870764282691;0.5043587229957783;-0.49072265625;
16:33:45;121.0;1572539627;99.151;23.32876267847523;0.5689942116701275;-0.53955078125;
16:33:46;122.0;1572539628;99.151;21.341221401738988;0.5205175951643656;-0.5029296875;
16:33:47;123.0;1572539629;99.151;20.546204891044493;0.5011269485620607;-0.48828125;
16:33:49;125.0;1572539630;99.173;20.67870764282691;0.5043587229957783;-0.49072265625;
16:33:50;126.0;1572539631;99.477;20.546204891044493;0.5011269485620607;-0.48828125;
16:33:51;127.0;1572539632;99.52;22.2687406642159;0.5431400162003879;-0.52001953125;
16:33:52;128.0;1572539633;99.477;19.883691132132412;0.48496807639347345;-0.47607421875;
16:33:53;129.0;1572539634;99.325;20.148696635697245;0.49143162526090844;-0.48095703125;
16:33:54;130.0;1572539635;99.411;20.546204891044493;0.5011269485620607;-0.48828125;
16:33:55;131.0;1572539636;99.346;20.413702139262078;0.4978951741283434;-0.48583984375;
16:33:56;132.0;1572539637;99.607;20.28119938747966;0.49466339969462586;-0.4833984375;
16:33:57;133.0;1572539638;99.825;19.883691132132412;0.48496807639347345;-0.47607421875;
16:33:58;134.0;1572539639;99.607;20.28119938747966;0.49466339969462586;-0.4833984375;
16:33:59;135.0;1572539640;99.477;20.546204891044493;0.5011269485620607;-0.48828125;
16:34:00;136.0;1572539641;99.346;20.148696635697245;0.49143162526090844;-0.48095703125;
16:34:01;137.0;1572539642;99.238;24.52128744451698;0.5980801815735849;-0.5615234375;
16:34:02;138.0;1572539643;99.368;20.67870764282691;0.5043587229957783;-0.49072265625;
16:34:03;139.0;1572539644;99.433;20.413702139262078;0.4978951741283434;-0.48583984375;
16:34:04;140.0;1572539645;99.542;20.67870764282691;0.5043587229957783;-0.49072265625;
16:34:06;142.0;1572539646;99.433;20.148696635697245;0.49143162526090844;-0.48095703125;
16:34:07;143.0;1572539648;99.498;21.341221401738988;0.5205175951643656;-0.5029296875;
16:34:08;144.0;1572539649;99.281;20.148696635697245;0.49143162526090844;-0.48095703125;
16:34:09;145.0;1572539650;99.173;21.473724153521403;0.5237493695980829;-0.50537109375;
16:34:10;146.0;1572539651;99.325;19.751188380349994;0.481736301959756;-0.4736328125;
16:34:11;147.0;1572539652;99.194;20.413702139262078;0.4978951741283434;-0.48583984375;
16:34:12;148.0;1572539653;99.086;20.67870764282691;0.5043587229957783;-0.49072265625;
16:34:13;149.0;1572539654;99.064;20.28119938747966;0.49466339969462586;-0.4833984375;
16:34:14;150.0;1572539655;98.784;20.546204891044493;0.5011269485620607;-0.48828125;
16:34:15;151.0;1572539656;98.697;20.67870764282691;0.5043587229957783;-0.49072265625;
16:34:16;152.0;1572539658;98.827;20.28119938747966;0.49466339969462586;-0.4833984375;
16:34:17;153.0;1572539658;98.978;20.413702139262078;0.4978951741283434;-0.48583984375;
16:34:18;154.0;1572539659;99.151;20.413702139262078;0.4978951741283434;-0.48583984375;
16:34:19;155.0;1572539660;99.52;20.28119938747966;0.49466339969462586;-0.4833984375;
16:34:20;156.0;1572539661;99.651;20.28119938747966;0.49466339969462586;-0.4833984375;
16:34:21;157.0;1572539662;99.39;20.28119938747966;0.49466339969462586;-0.4833984375;
16:34:22;158.0;1572539663;99.259;20.148696635697245;0.49143162526090844;-0.48095703125;
16:34:23;159.0;1572539665;98.892;20.413702139262078;0.4978951741283434;-0.48583984375;
16:34:24;160.0;1572539665;98.762;20.67870764282691;0.5043587229957783;-0.49072265625;
16:34:25;161.0;1572539667;98.913;19.221177373220332;0.46880920422488614;-0.4638671875;
16:34:26;162.0;1572539667;98.87;19.61868562856758;0.4785045275260385;-0.47119140625;
16:34:27;163.0;1572539669;98.956;20.28119938747966;0.49466339969462586;-0.4833984375;
16:34:28;164.0;1572539669;98.935;20.28119938747966;0.49466339969462586;-0.4833984375;
16:34:29;165.0;1572539670;99.064;20.016193883914827;0.4881998508271909;-0.478515625;
16:34:30;166.0;1572539672;99.216;20.148696635697245;0.49143162526090844;-0.48095703125;
16:34:31;167.0;1572539672;99.194;20.28119938747966;0.49466339969462586;-0.4833984375;
16:34:32;168.0;1572539674;99.303;20.28119938747966;0.49466339969462586;-0.4833984375;
16:34:33;169.0;1572539674;99.151;20.148696635697245;0.49143162526090844;-0.48095703125;
16:34:34;170.0;1572539676;99.064;20.67870764282691;0.5043587229957783;-0.49072265625;
16:34:35;171.0;1572539677;99.129;19.883691132132412;0.48496807639347345;-0.47607421875;
16:34:36;172.0;1572539678;99.151;20.413702139262078;0.4978951741283434;-0.48583984375;
16:34:37;173.0;1572539679;99.108;20.28119938747966;0.49466339969462586;-0.4833984375;
16:34:38;174.0;1572539679;99.216;20.546204891044493;0.5011269485620607;-0.48828125;
16:34:39;175.0;1572539681;99.173;20.148696635697245;0.49143162526090844;-0.48095703125;
16:34:40;176.0;1572539681;99.108;19.883691132132412;0.48496807639347345;-0.47607421875;
16:34:41;177.0;1572539683;98.935;20.148696635697245;0.49143162526090844;-0.48095703125;
16:34:42;178.0;1572539684;98.784;20.148696635697245;0.49143162526090844;-0.48095703125;
16:34:43;179.0;1572539685;98.848;20.67870764282691;0.5043587229957783;-0.49072265625;
16:34:44;180.0;1572539686;98.848;20.943713146391744;0.5108222718632133;-0.49560546875;
16:34:45;181.0;1572539687;98.978;20.811210394609326;0.5075904974294958;-0.4931640625;
16:34:46;182.0;1572539688;98.697;20.546204891044493;0.5011269485620607;-0.48828125;
16:34:47;183.0;1572539689;98.59;20.413702139262078;0.4978951741283434;-0.48583984375;
16:34:48;184.0;1572539690;98.439;20.28119938747966;0.49466339969462586;-0.4833984375;
16:34:49;185.0;1572539691;98.568;20.811210394609326;0.5075904974294958;-0.4931640625;
16:34:50;186.0;1572539692;98.87;20.546204891044493;0.5011269485620607;-0.48828125;
16:34:51;187.0;1572539693;98.978;20.546204891044493;0.5011269485620607;-0.48828125;
16:34:53;189.0;1572539694;98.805;20.413702139262078;0.4978951741283434;-0.48583984375;
16:34:54;190.0;1572539695;98.762;20.28119938747966;0.49466339969462586;-0.4833984375;
16:34:55;191.0;1572539696;98.848;20.546204891044493;0.5011269485620607;-0.48828125;
16:34:56;192.0;1572539697;98.719;20.546204891044493;0.5011269485620607;-0.48828125;
16:34:57;193.0;1572539698;98.827;20.148696635697245;0.49143162526090844;-0.48095703125;
16:34:58;194.0;1572539699;98.978;19.883691132132412;0.48496807639347345;-0.47607421875;
16:34:59;195.0;1572539700;99.021;17.366138848266505;0.4235643621528416;-0.4296875;
16:35:00;196.0;1572539701;99.0;20.413702139262078;0.4978951741283434;-0.48583984375;
16:35:01;197.0;1572539702;99.086;20.943713146391744;0.5108222718632133;-0.49560546875;
16:35:02;198.0;1572539703;98.827;19.883691132132412;0.48496807639347345;-0.47607421875;
16:35:03;199.0;1572539704;98.633;15.643603075095095;0.3815512945145145;-0.39794921875;
16:35:05;201.0;1572539705;98.74;20.28119938747966;0.49466339969462586;-0.4833984375;
16:35:06;202.0;1572539707;99.021;20.67870764282691;0.5043587229957783;-0.49072265625;
16:35:07;203.0;1572539708;99.086;20.943713146391744;0.5108222718632133;-0.49560546875;
16:35:08;204.0;1572539709;98.956;20.413702139262078;0.4978951741283434;-0.48583984375;
16:35:09;205.0;1572539710;98.805;19.61868562856758;0.4785045275260385;-0.47119140625;
16:35:10;206.0;1572539711;98.439;20.943713146391744;0.5108222718632133;-0.49560546875;
16:35:11;207.0;1572539712;98.461;20.016193883914827;0.4881998508271909;-0.478515625;
16:35:12;208.0;1572539713;98.332;20.016193883914827;0.4881998508271909;-0.478515625;
16:35:13;209.0;1572539714;98.418;19.221177373220332;0.46880920422488614;-0.4638671875;
16:35:14;210.0;1572539715;98.654;20.28119938747966;0.49466339969462586;-0.4833984375;
16:35:15;211.0;1572539716;98.396;20.413702139262078;0.4978951741283434;-0.48583984375;
16:35:16;212.0;1572539718;98.396;20.413702139262078;0.4978951741283434;-0.48583984375;
16:35:17;213.0;1572539718;98.332;20.28119938747966;0.49466339969462586;-0.4833984375;
16:35:18;214.0;1572539719;98.096;20.28119938747966;0.49466339969462586;-0.4833984375;
16:35:19;215.0;1572539720;98.246;19.221177373220332;0.46880920422488614;-0.4638671875;
16:35:20;216.0;1572539721;98.482;20.811210394609326;0.5075904974294958;-0.4931640625;
16:35:21;217.0;1572539722;98.418;20.413702139262078;0.4978951741283434;-0.48583984375;
16:35:22;218.0;1572539723;98.439;20.413702139262078;0.4978951741283434;-0.48583984375;
16:35:23;219.0;1572539725;98.547;20.413702139262078;0.4978951741283434;-0.48583984375;
16:35:24;220.0;1572539725;98.59;19.883691132132412;0.48496807639347345;-0.47607421875;
16:35:25;221.0;1572539727;98.805;20.148696635697245;0.49143162526090844;-0.48095703125;
16:35:26;222.0;1572539727;99.043;20.413702139262078;0.4978951741283434;-0.48583984375;
16:35:27;223.0;1572539728;98.74;20.016193883914827;0.4881998508271909;-0.478515625;
16:35:28;224.0;1572539729;98.547;20.148696635697245;0.49143162526090844;-0.48095703125;
16:35:29;225.0;1572539730;98.482;20.413702139262078;0.4978951741283434;-0.48583984375;
16:35:30;226.0;1572539732;98.439;20.28119938747966;0.49466339969462586;-0.4833984375;
16:35:31;227.0;1572539732;98.87;19.883691132132412;0.48496807639347345;-0.47607421875;
16:35:32;228.0;1572539734;98.892;20.28119938747966;0.49466339969462586;-0.4833984375;
16:35:33;229.0;1572539734;99.151;20.67870764282691;0.5043587229957783;-0.49072265625;
16:35:34;230.0;1572539736;99.0;20.67870764282691;0.5043587229957783;-0.49072265625;
16:35:35;231.0;1572539736;98.827;19.61868562856758;0.4785045275260385;-0.47119140625;
16:35:36;232.0;1572539738;98.87;20.413702139262078;0.4978951741283434;-0.48583984375;
16:35:37;233.0;1572539738;98.504;19.751188380349994;0.481736301959756;-0.4736328125;
16:35:38;234.0;1572539740;98.439;20.413702139262078;0.4978951741283434;-0.48583984375;
16:35:39;235.0;1572539741;98.096;20.413702139262078;0.4978951741283434;-0.48583984375;
16:35:40;236.0;1572539742;98.117;16.968630592919258;0.41386903885168924;-0.42236328125;
16:35:41;237.0;1572539743;98.246;20.546204891044493;0.5011269485620607;-0.48828125;
16:35:42;238.0;1572539743;98.482;20.546204891044493;0.5011269485620607;-0.48828125;
16:35:43;239.0;1572539745;98.568;20.28119938747966;0.49466339969462586;-0.4833984375;
16:35:44;240.0;1572539745;98.482;20.546204891044493;0.5011269485620607;-0.48828125;
16:35:45;241.0;1572539747;98.418;20.148696635697245;0.49143162526090844;-0.48095703125;
16:35:46;242.0;1572539747;98.289;20.546204891044493;0.5011269485620607;-0.48828125;
16:35:47;243.0;1572539749;98.289;19.883691132132412;0.48496807639347345;-0.47607421875;
16:35:48;244.0;1572539750;98.182;20.413702139262078;0.4978951741283434;-0.48583984375;
16:35:49;245.0;1572539751;98.246;20.413702139262078;0.4978951741283434;-0.48583984375;
16:35:50;246.0;1572539752;98.075;20.811210394609326;0.5075904974294958;-0.4931640625;
16:35:51;247.0;1572539753;97.904;20.546204891044493;0.5011269485620607;-0.48828125;
16:35:52;248.0;1572539754;97.968;20.413702139262078;0.4978951741283434;-0.48583984375;
16:35:53;249.0;1572539755;97.797;20.413702139262078;0.4978951741283434;-0.48583984375;
16:35:54;250.0;1572539756;97.84;20.67870764282691;0.5043587229957783;-0.49072265625;
16:35:55;251.0;1572539757;98.032;20.28119938747966;0.49466339969462586;-0.4833984375;
16:35:57;253.0;1572539758;97.754;16.306116834007174;0.3977101666831018;-0.41015625;
16:35:58;254.0;1572539759;97.669;20.148696635697245;0.49143162526090844;-0.48095703125;
16:35:59;255.0;1572539760;97.669;20.413702139262078;0.4978951741283434;-0.48583984375;
16:36:00;256.0;1572539761;97.669;20.67870764282691;0.5043587229957783;-0.49072265625;
16:36:01;257.0;1572539762;98.01;20.943713146391744;0.5108222718632133;-0.49560546875;
16:36:02;258.0;1572539763;98.117;20.546204891044493;0.5011269485620607;-0.48828125;
16:36:04;260.0;1572539764;97.861;20.016193883914827;0.4881998508271909;-0.478515625;
16:36:05;261.0;1572539766;97.712;20.413702139262078;0.4978951741283434;-0.48583984375;
16:36:06;262.0;1572539767;97.968;22.666248919563152;0.5528353395015403;-0.52734375;
16:36:07;263.0;1572539768;98.117;19.61868562856758;0.4785045275260385;-0.47119140625;
16:36:08;264.0;1572539769;98.461;20.28119938747966;0.49466339969462586;-0.4833984375;
16:36:09;265.0;1572539770;98.267;20.28119938747966;0.49466339969462586;-0.4833984375;
16:36:10;266.0;1572539771;98.075;20.67870764282691;0.5043587229957783;-0.49072265625;
16:36:11;267.0;1572539772;97.946;21.341221401738988;0.5205175951643656;-0.5029296875;
16:36:12;268.0;1572539773;97.69;20.28119938747966;0.49466339969462586;-0.4833984375;
16:36:13;269.0;1572539774;97.904;20.148696635697245;0.49143162526090844;-0.48095703125;
16:36:14;270.0;1572539775;97.882;19.35368012500275;0.47204097865860367;-0.46630859375;
16:36:15;271.0;1572539776;98.01;20.413702139262078;0.4978951741283434;-0.48583984375;
16:36:16;272.0;1572539777;98.053;20.016193883914827;0.4881998508271909;-0.478515625;
16:36:17;273.0;1572539778;97.946;20.28119938747966;0.49466339969462586;-0.4833984375;
16:36:18;274.0;1572539779;98.096;19.883691132132412;0.48496807639347345;-0.47607421875;
16:36:19;275.0;1572539780;98.096;20.413702139262078;0.4978951741283434;-0.48583984375;
16:36:20;276.0;1572539781;98.075;20.67870764282691;0.5043587229957783;-0.49072265625;
16:36:21;277.0;1572539782;97.925;20.67870764282691;0.5043587229957783;-0.49072265625;
16:36:22;278.0;1572539783;97.776;20.28119938747966;0.49466339969462586;-0.4833984375;
16:36:23;279.0;1572539784;97.69;20.28119938747966;0.49466339969462586;-0.4833984375;
16:36:24;280.0;1572539785;97.754;20.148696635697245;0.49143162526090844;-0.48095703125;
16:36:25;281.0;1572539786;97.925;20.67870764282691;0.5043587229957783;-0.49072265625;
16:36:26;282.0;1572539787;97.648;20.148696635697245;0.49143162526090844;-0.48095703125;
16:36:27;283.0;1572539788;97.584;20.148696635697245;0.49143162526090844;-0.48095703125;
16:36:28;284.0;1572539789;97.393;20.811210394609326;0.5075904974294958;-0.4931640625;
16:36:29;285.0;1572539790;97.393;20.016193883914827;0.4881998508271909;-0.478515625;
16:36:30;286.0;1572539792;97.393;20.148696635697245;0.49143162526090844;-0.48095703125;
16:36:31;287.0;1572539792;97.414;20.148696635697245;0.49143162526090844;-0.48095703125;
16:36:32;288.0;1572539793;97.605;22.136237912433486;0.5399082417666704;-0.517578125;
16:36:33;289.0;1572539794;97.669;21.20871864995657;0.517285820730648;-0.50048828125;
16:36:34;290.0;1572539795;97.946;19.883691132132412;0.48496807639347345;-0.47607421875;
16:36:35;291.0;1572539797;98.31;20.67870764282691;0.5043587229957783;-0.49072265625;
16:36:36;292.0;1572539797;98.053;20.413702139262078;0.4978951741283434;-0.48583984375;
16:36:37;293.0;1572539799;98.117;20.016193883914827;0.4881998508271909;-0.478515625;
16:36:38;294.0;1572539799;97.904;19.61868562856758;0.4785045275260385;-0.47119140625;
16:36:39;295.0;1572539801;97.626;20.016193883914827;0.4881998508271909;-0.478515625;
16:36:40;296.0;1572539801;97.605;20.546204891044493;0.5011269485620607;-0.48828125;
16:36:41;297.0;1572539803;97.478;20.148696635697245;0.49143162526090844;-0.48095703125;
16:36:42;298.0;1572539803;97.435;20.413702139262078;0.4978951741283434;-0.48583984375;
16:36:43;299.0;1572539805;97.35;20.67870764282691;0.5043587229957783;-0.49072265625;
16:36:44;300.0;1572539806;97.244;19.883691132132412;0.48496807639347345;-0.47607421875;
16:36:45;301.0;1572539806;97.18;14.848586564400598;0.3621606479122097;-0.38330078125;
16:36:46;302.0;1572539808;97.605;19.48618287678516;0.47527275309232103;-0.46875;
16:36:47;303.0;1572539808;97.605;20.67870764282691;0.5043587229957783;-0.49072265625;
16:36:48;304.0;1572539810;97.84;20.546204891044493;0.5011269485620607;-0.48828125;
16:36:49;305.0;1572539810;98.01;20.67870764282691;0.5043587229957783;-0.49072265625;
16:36:50;306.0;1572539812;97.861;20.546204891044493;0.5011269485620607;-0.48828125;
16:36:51;307.0;1572539813;97.776;20.546204891044493;0.5011269485620607;-0.48828125;
16:36:52;308.0;1572539814;97.69;20.28119938747966;0.49466339969462586;-0.4833984375;
16:36:53;309.0;1572539815;97.626;20.943713146391744;0.5108222718632133;-0.49560546875;
16:36:54;310.0;1572539815;97.52;20.943713146391744;0.5108222718632133;-0.49560546875;
16:36:55;311.0;1572539817;97.605;20.67870764282691;0.5043587229957783;-0.49072265625;
16:36:56;312.0;1572539818;97.563;20.413702139262078;0.4978951741283434;-0.48583984375;
16:36:57;313.0;1572539819;97.393;20.67870764282691;0.5043587229957783;-0.49072265625;
16:36:58;314.0;1572539820;97.265;20.148696635697245;0.49143162526090844;-0.48095703125;
16:36:59;315.0;1572539821;97.393;20.67870764282691;0.5043587229957783;-0.49072265625;
16:37:00;316.0;1572539822;97.499;20.413702139262078;0.4978951741283434;-0.48583984375;
16:37:01;317.0;1572539823;97.84;19.751188380349994;0.481736301959756;-0.4736328125;
16:37:02;318.0;1572539823;97.861;19.883691132132412;0.48496807639347345;-0.47607421875;
16:37:04;320.0;1572539825;97.776;20.148696635697245;0.49143162526090844;-0.48095703125;
16:37:05;321.0;1572539826;97.52;20.413702139262078;0.4978951741283434;-0.48583984375;
16:37:06;322.0;1572539827;97.159;20.67870764282691;0.5043587229957783;-0.49072265625;
16:37:07;323.0;1572539828;97.096;17.896149855396168;0.43649145988771143;-0.439453125;
16:37:08;324.0;1572539829;96.948;20.148696635697245;0.49143162526090844;-0.48095703125;
16:37:09;325.0;1572539830;97.138;20.28119938747966;0.49466339969462586;-0.4833984375;
16:37:10;326.0;1572539831;97.393;20.148696635697245;0.49143162526090844;-0.48095703125;
16:37:11;327.0;1572539832;97.329;23.063757174910396;0.5625306628026926;-0.53466796875;
16:37:12;328.0;1572539833;97.414;20.943713146391744;0.5108222718632133;-0.49560546875;
16:37:13;329.0;1572539834;97.563;19.61868562856758;0.4785045275260385;-0.47119140625;
16:37:14;330.0;1572539835;97.35;20.67870764282691;0.5043587229957783;-0.49072265625;
16:37:15;331.0;1572539836;97.35;19.883691132132412;0.48496807639347345;-0.47607421875;
16:37:16;332.0;1572539837;97.478;20.67870764282691;0.5043587229957783;-0.49072265625;
16:37:17;333.0;1572539838;97.223;19.883691132132412;0.48496807639347345;-0.47607421875;
16:37:18;334.0;1572539839;97.159;20.28119938747966;0.49466339969462586;-0.4833984375;
16:37:19;335.0;1572539840;97.18;20.016193883914827;0.4881998508271909;-0.478515625;
16:37:20;336.0;1572539841;96.99;20.67870764282691;0.5043587229957783;-0.49072265625;
16:37:21;337.0;1572539842;96.906;20.148696635697245;0.49143162526090844;-0.48095703125;
16:37:22;338.0;1572539843;96.842;19.61868562856758;0.4785045275260385;-0.47119140625;
16:37:23;339.0;1572539844;97.032;19.088674621437917;0.46557742979116873;-0.46142578125;
16:37:24;340.0;1572539845;96.906;20.546204891044493;0.5011269485620607;-0.48828125;
16:37:25;341.0;1572539846;97.329;20.28119938747966;0.49466339969462586;-0.4833984375;
16:37:26;342.0;1572539847;97.478;20.28119938747966;0.49466339969462586;-0.4833984375;
16:37:27;343.0;1572539848;97.69;20.67870764282691;0.5043587229957783;-0.49072265625;
16:37:28;344.0;1572539849;97.904;20.546204891044493;0.5011269485620607;-0.48828125;
16:37:29;345.0;1572539850;97.52;20.148696635697245;0.49143162526090844;-0.48095703125;
16:37:30;346.0;1572539851;97.754;20.148696635697245;0.49143162526090844;-0.48095703125;
16:37:31;347.0;1572539852;97.393;19.883691132132412;0.48496807639347345;-0.47607421875;
16:37:32;348.0;1572539853;97.286;20.413702139262078;0.4978951741283434;-0.48583984375;
16:37:33;349.0;1572539854;97.499;20.28119938747966;0.49466339969462586;-0.4833984375;
16:37:34;350.0;1572539855;97.18;20.67870764282691;0.5043587229957783;-0.49072265625;
16:37:35;351.0;1572539856;97.329;20.413702139262078;0.4978951741283434;-0.48583984375;
16:37:36;352.0;1572539858;97.35;20.28119938747966;0.49466339969462586;-0.4833984375;
16:37:37;353.0;1572539858;97.265;20.28119938747966;0.49466339969462586;-0.4833984375;
16:37:38;354.0;1572539860;97.371;20.016193883914827;0.4881998508271909;-0.478515625;
16:37:39;355.0;1572539860;97.223;20.016193883914827;0.4881998508271909;-0.478515625;
16:37:40;356.0;1572539862;97.18;20.811210394609326;0.5075904974294958;-0.4931640625;
16:37:41;357.0;1572539862;97.286;20.413702139262078;0.4978951741283434;-0.48583984375;
16:37:42;358.0;1572539864;97.18;20.943713146391744;0.5108222718632133;-0.49560546875;
16:37:43;359.0;1572539864;97.265;20.67870764282691;0.5043587229957783;-0.49072265625;
16:37:44;360.0;1572539865;97.244;20.28119938747966;0.49466339969462586;-0.4833984375;
16:37:45;361.0;1572539867;97.138;20.413702139262078;0.4978951741283434;-0.48583984375;
16:37:46;362.0;1572539867;97.054;20.67870764282691;0.5043587229957783;-0.49072265625;
16:37:47;363.0;1572539869;96.779;20.28119938747966;0.49466339969462586;-0.4833984375;
16:37:48;364.0;1572539869;96.653;20.67870764282691;0.5043587229957783;-0.49072265625;
16:37:49;365.0;1572539871;96.632;20.28119938747966;0.49466339969462586;-0.4833984375;
16:37:50;366.0;1572539872;96.884;19.48618287678516;0.47527275309232103;-0.46875;
16:37:51;367.0;1572539872;96.99;19.883691132132412;0.48496807639347345;-0.47607421875;
16:37:52;368.0;1572539874;97.011;24.52128744451698;0.5980801815735849;-0.5615234375;
16:37:53;369.0;1572539874;96.948;24.38878469273456;0.5948484071398673;-0.55908203125;
16:37:54;370.0;1572539876;96.8;20.413702139262078;0.4978951741283434;-0.48583984375;
16:37:55;371.0;1572539877;96.632;20.28119938747966;0.49466339969462586;-0.4833984375;
16:37:56;372.0;1572539878;96.653;20.413702139262078;0.4978951741283434;-0.48583984375;
16:37:57;373.0;1572539879;96.653;22.2687406642159;0.5431400162003879;-0.52001953125;
16:37:58;374.0;1572539879;96.421;20.67870764282691;0.5043587229957783;-0.49072265625;
16:37:59;375.0;1572539881;96.737;20.28119938747966;0.49466339969462586;-0.4833984375;
16:38:01;377.0;1572539882;96.611;20.148696635697245;0.49143162526090844;-0.48095703125;
16:38:02;378.0;1572539884;96.821;20.413702139262078;0.4978951741283434;-0.48583984375;
16:38:03;379.0;1572539885;96.442;20.67870764282691;0.5043587229957783;-0.49072265625;
16:38:04;380.0;1572539886;96.632;20.148696635697245;0.49143162526090844;-0.48095703125;
16:38:05;381.0;1572539887;96.863;20.67870764282691;0.5043587229957783;-0.49072265625;
16:38:06;382.0;1572539888;96.674;20.67870764282691;0.5043587229957783;-0.49072265625;
16:38:08;384.0;1572539889;97.265;20.148696635697245;0.49143162526090844;-0.48095703125;
16:38:09;385.0;1572539890;97.117;21.341221401738988;0.5205175951643656;-0.5029296875;
16:38:10;386.0;1572539891;96.653;20.28119938747966;0.49466339969462586;-0.4833984375;
16:38:11;387.0;1572539892;96.779;20.148696635697245;0.49143162526090844;-0.48095703125;
16:38:12;388.0;1572539893;96.316;20.811210394609326;0.5075904974294958;-0.4931640625;
16:38:13;389.0;1572539894;96.442;19.751188380349994;0.481736301959756;-0.4736328125;
16:38:14;390.0;1572539895;96.568;20.546204891044493;0.5011269485620607;-0.48828125;
16:38:15;391.0;1572539896;96.463;20.148696635697245;0.49143162526090844;-0.48095703125;
16:38:16;392.0;1572539897;96.611;20.413702139262078;0.4978951741283434;-0.48583984375;
16:38:17;393.0;1572539898;96.863;20.67870764282691;0.5043587229957783;-0.49072265625;
16:38:18;394.0;1572539899;96.863;20.28119938747966;0.49466339969462586;-0.4833984375;
16:38:19;395.0;1572539900;96.653;18.9561718696555;0.4623456553574512;-0.458984375;
16:38:20;396.0;1572539901;96.526;20.811210394609326;0.5075904974294958;-0.4931640625;
16:38:21;397.0;1572539902;96.442;21.871232408868654;0.5334446928992355;-0.5126953125;
16:38:22;398.0;1572539903;96.463;20.67870764282691;0.5043587229957783;-0.49072265625;
16:38:23;399.0;1572539904;96.8;20.148696635697245;0.49143162526090844;-0.48095703125;
16:38:24;400.0;1572539905;96.99;20.413702139262078;0.4978951741283434;-0.48583984375;
16:38:25;401.0;1572539906;96.611;19.088674621437917;0.46557742979116873;-0.46142578125;
16:38:26;402.0;1572539907;96.611;20.28119938747966;0.49466339969462586;-0.4833984375;
16:38:27;403.0;1572539908;96.737;21.20871864995657;0.517285820730648;-0.50048828125;
16:38:28;404.0;1572539909;96.547;20.413702139262078;0.4978951741283434;-0.48583984375;
16:38:29;405.0;1572539910;96.632;19.883691132132412;0.48496807639347345;-0.47607421875;
16:38:30;406.0;1572539911;96.674;20.016193883914827;0.4881998508271909;-0.478515625;
16:38:31;407.0;1572539912;96.149;20.28119938747966;0.49466339969462586;-0.4833984375;
16:38:32;408.0;1572539914;96.233;21.07621589817416;0.5140540462969307;-0.498046875;
16:38:33;409.0;1572539914;96.254;20.546204891044493;0.5011269485620607;-0.48828125;
16:38:34;410.0;1572539915;96.17;18.55866361430825;0.45265033205629884;-0.45166015625;
16:38:35;411.0;1572539916;96.442;20.016193883914827;0.4881998508271909;-0.478515625;
16:38:36;412.0;1572539917;96.337;19.883691132132412;0.48496807639347345;-0.47607421875;
16:38:37;413.0;1572539919;96.191;20.148696635697245;0.49143162526090844;-0.48095703125;
16:38:38;414.0;1572539919;96.044;20.148696635697245;0.49143162526090844;-0.48095703125;
16:38:39;415.0;1572539920;95.982;20.016193883914827;0.4881998508271909;-0.478515625;
16:38:40;416.0;1572539921;96.254;20.28119938747966;0.49466339969462586;-0.4833984375;
16:38:41;417.0;1572539923;96.547;20.28119938747966;0.49466339969462586;-0.4833984375;
16:38:42;418.0;1572539923;96.906;21.473724153521403;0.5237493695980829;-0.50537109375;
16:38:43;419.0;1572539925;96.8;20.28119938747966;0.49466339969462586;-0.4833984375;
16:38:44;420.0;1572539925;96.611;19.883691132132412;0.48496807639347345;-0.47607421875;
16:38:45;421.0;1572539926;96.589;20.28119938747966;0.49466339969462586;-0.4833984375;
16:38:46;422.0;1572539927;96.337;20.28119938747966;0.49466339969462586;-0.4833984375;
16:38:47;423.0;1572539928;96.589;19.751188380349994;0.481736301959756;-0.4736328125;
16:38:48;424.0;1572539930;96.337;20.67870764282691;0.5043587229957783;-0.49072265625;
16:38:49;425.0;1572539930;96.233;20.148696635697245;0.49143162526090844;-0.48095703125;
16:38:50;426.0;1572539932;96.065;20.148696635697245;0.49143162526090844;-0.48095703125;
16:38:51;427.0;1572539932;96.086;19.751188380349994;0.481736301959756;-0.4736328125;
16:38:52;428.0;1572539933;96.191;20.413702139262078;0.4978951741283434;-0.48583984375;
16:38:53;429.0;1572539935;96.275;20.28119938747966;0.49466339969462586;-0.4833984375;
16:38:54;430.0;1572539935;96.463;20.148696635697245;0.49143162526090844;-0.48095703125;
16:38:55;431.0;1572539937;96.358;20.28119938747966;0.49466339969462586;-0.4833984375;
16:38:56;432.0;1572539937;96.212;17.763647103613753;0.43325968545399396;-0.43701171875;
16:38:57;433.0;1572539939;96.128;20.016193883914827;0.4881998508271909;-0.478515625;
16:38:58;434.0;1572539940;95.898;20.016193883914827;0.4881998508271909;-0.478515625;
16:38:59;435.0;1572539941;95.606;23.858773685604895;0.5819213094049974;-0.54931640625;
16:39:00;436.0;1572539941;95.919;20.67870764282691;0.5043587229957783;-0.49072265625;
16:39:01;437.0;1572539943;95.815;17.498641600048924;0.4267961365865591;-0.43212890625;
16:39:02;438.0;1572539944;96.086;20.148696635697245;0.49143162526090844;-0.48095703125;
16:39:03;439.0;1572539944;96.254;20.148696635697245;0.49143162526090844;-0.48095703125;
16:39:04;440.0;1572539946;96.086;20.28119938747966;0.49466339969462586;-0.4833984375;
16:39:05;441.0;1572539947;96.044;20.413702139262078;0.4978951741283434;-0.48583984375;
16:39:06;442.0;1572539948;96.044;20.546204891044493;0.5011269485620607;-0.48828125;
16:39:07;443.0;1572539949;96.128;20.148696635697245;0.49143162526090844;-0.48095703125;
16:39:08;444.0;1572539950;96.023;20.016193883914827;0.4881998508271909;-0.478515625;
16:39:09;445.0;1572539951;96.316;22.136237912433486;0.5399082417666704;-0.517578125;
16:39:10;446.0;1572539952;96.17;20.148696635697245;0.49143162526090844;-0.48095703125;
16:39:11;447.0;1572539953;96.002;20.546204891044493;0.5011269485620607;-0.48828125;
16:39:13;449.0;1572539954;96.128;20.546204891044493;0.5011269485620607;-0.48828125;
16:39:14;450.0;1572539955;95.898;20.943713146391744;0.5108222718632133;-0.49560546875;
16:39:15;451.0;1572539956;95.877;20.67870764282691;0.5043587229957783;-0.49072265625;
16:39:16;452.0;1572539957;96.023;20.546204891044493;0.5011269485620607;-0.48828125;
16:39:17;453.0;1572539958;96.149;20.413702139262078;0.4978951741283434;-0.48583984375;
16:39:18;454.0;1572539959;96.358;20.28119938747966;0.49466339969462586;-0.4833984375;
16:39:19;455.0;1572539960;96.463;20.943713146391744;0.5108222718632133;-0.49560546875;
16:39:20;456.0;1572539961;96.505;20.67870764282691;0.5043587229957783;-0.49072265625;
16:39:21;457.0;1572539962;95.877;20.546204891044493;0.5011269485620607;-0.48828125;
16:39:22;458.0;1572539963;95.752;20.28119938747966;0.49466339969462586;-0.4833984375;
16:39:23;459.0;1572539964;95.856;20.67870764282691;0.5043587229957783;-0.49072265625;
16:39:24;460.0;1572539965;95.898;20.28119938747966;0.49466339969462586;-0.4833984375;
16:39:25;461.0;1572539966;96.421;20.28119938747966;0.49466339969462586;-0.4833984375;
16:39:26;462.0;1572539967;96.421;20.413702139262078;0.4978951741283434;-0.48583984375;
16:39:27;463.0;1572539968;96.086;20.67870764282691;0.5043587229957783;-0.49072265625;
16:39:28;464.0;1572539969;95.898;20.28119938747966;0.49466339969462586;-0.4833984375;
16:39:29;465.0;1572539970;96.086;20.148696635697245;0.49143162526090844;-0.48095703125;
16:39:30;466.0;1572539971;96.065;20.016193883914827;0.4881998508271909;-0.478515625;
16:39:31;467.0;1572539972;95.982;20.546204891044493;0.5011269485620607;-0.48828125;
16:39:32;468.0;1572539973;96.128;20.413702139262078;0.4978951741283434;-0.48583984375;
16:39:33;469.0;1572539974;95.773;20.67870764282691;0.5043587229957783;-0.49072265625;
16:39:34;470.0;1572539975;95.503;19.61868562856758;0.4785045275260385;-0.47119140625;
16:39:35;471.0;1572539976;95.565;20.28119938747966;0.49466339969462586;-0.4833984375;
16:39:36;472.0;1572539977;95.419;21.738729657086235;0.530212918465518;-0.51025390625;
16:39:37;473.0;1572539979;95.461;20.148696635697245;0.49143162526090844;-0.48095703125;
16:39:38;474.0;1572539979;95.544;20.148696635697245;0.49143162526090844;-0.48095703125;
16:39:39;475.0;1572539980;95.606;20.148696635697245;0.49143162526090844;-0.48095703125;
16:39:40;476.0;1572539981;95.731;20.28119938747966;0.49466339969462586;-0.4833984375;
16:39:41;477.0;1572539983;95.378;20.016193883914827;0.4881998508271909;-0.478515625;
16:39:42;478.0;1572539983;95.482;19.883691132132412;0.48496807639347345;-0.47607421875;
16:39:43;479.0;1572539984;95.399;20.28119938747966;0.49466339969462586;-0.4833984375;
16:39:44;480.0;1572539985;95.606;20.943713146391744;0.5108222718632133;-0.49560546875;
16:39:45;481.0;1572539986;96.191;20.28119938747966;0.49466339969462586;-0.4833984375;
16:39:46;482.0;1572539988;96.316;20.943713146391744;0.5108222718632133;-0.49560546875;
16:39:47;483.0;1572539988;96.337;19.883691132132412;0.48496807639347345;-0.47607421875;
16:39:48;484.0;1572539990;96.128;20.67870764282691;0.5043587229957783;-0.49072265625;
16:39:49;485.0;1572539990;95.669;19.61868562856758;0.4785045275260385;-0.47119140625;
16:39:50;486.0;1572539991;95.399;20.546204891044493;0.5011269485620607;-0.48828125;
16:39:51;487.0;1572539993;95.586;20.413702139262078;0.4978951741283434;-0.48583984375;
16:39:52;488.0;1572539993;95.419;20.28119938747966;0.49466339969462586;-0.4833984375;
16:39:53;489.0;1572539995;95.856;20.148696635697245;0.49143162526090844;-0.48095703125;
16:39:54;490.0;1572539995;96.107;20.148696635697245;0.49143162526090844;-0.48095703125;
16:39:55;491.0;1572539997;96.023;19.221177373220332;0.46880920422488614;-0.4638671875;
16:39:56;492.0;1572539998;95.919;20.28119938747966;0.49466339969462586;-0.4833984375;
16:39:57;493.0;1572539998;95.731;20.943713146391744;0.5108222718632133;-0.49560546875;
16:39:58;494.0;1572540000;95.295;20.28119938747966;0.49466339969462586;-0.4833984375;
16:39:59;495.0;1572540000;95.212;20.28119938747966;0.49466339969462586;-0.4833984375;
16:40:00;496.0;1572540002;95.419;20.413702139262078;0.4978951741283434;-0.48583984375;
16:40:01;497.0;1572540002;95.192;20.148696635697245;0.49143162526090844;-0.48095703125;
16:40:02;498.0;1572540004;95.44;21.473724153521403;0.5237493695980829;-0.50537109375;
16:40:03;499.0;1572540004;95.419;20.28119938747966;0.49466339969462586;-0.4833984375;
16:40:04;500.0;1572540006;95.378;20.811210394609326;0.5075904974294958;-0.4931640625;
16:40:05;501.0;1572540007;95.544;20.016193883914827;0.4881998508271909;-0.478515625;
16:40:06;502.0;1572540008;95.461;19.088674621437917;0.46557742979116873;-0.46142578125;
16:40:07;503.0;1572540009;95.606;20.016193883914827;0.4881998508271909;-0.478515625;
16:40:08;504.0;1572540009;95.523;20.546204891044493;0.5011269485620607;-0.48828125;
16:40:09;505.0;1572540011;95.482;20.413702139262078;0.4978951741283434;-0.48583984375;
16:40:10;506.0;1572540012;95.503;20.28119938747966;0.49466339969462586;-0.4833984375;
16:40:11;507.0;1572540013;95.233;19.61868562856758;0.4785045275260385;-0.47119140625;
16:40:12;508.0;1572540014;95.316;17.631144351831335;0.43002791102027643;-0.4345703125;
16:40:13;509.0;1572540015;95.337;20.413702139262078;0.4978951741283434;-0.48583984375;
16:40:14;510.0;1572540016;95.212;20.546204891044493;0.5011269485620607;-0.48828125;
16:40:15;511.0;1572540017;95.419;20.28119938747966;0.49466339969462586;-0.4833984375;
16:40:17;513.0;1572540018;95.565;20.148696635697245;0.49143162526090844;-0.48095703125;
16:40:18;514.0;1572540019;95.71;20.148696635697245;0.49143162526090844;-0.48095703125;
16:40:19;515.0;1572540020;95.815;20.28119938747966;0.49466339969462586;-0.4833984375;
16:40:20;516.0;1572540021;95.794;20.546204891044493;0.5011269485620607;-0.48828125;
16:40:21;517.0;1572540022;95.337;19.883691132132412;0.48496807639347345;-0.47607421875;
16:40:22;518.0;1572540023;95.109;19.221177373220332;0.46880920422488614;-0.4638671875;
16:40:23;519.0;1572540024;95.171;19.751188380349994;0.481736301959756;-0.4736328125;
16:40:24;520.0;1572540025;95.192;20.413702139262078;0.4978951741283434;-0.48583984375;
16:40:25;521.0;1572540026;95.565;20.148696635697245;0.49143162526090844;-0.48095703125;
16:40:26;522.0;1572540027;95.503;24.123779189169728;0.5883848582724324;-0.55419921875;
16:40:27;523.0;1572540028;95.419;20.67870764282691;0.5043587229957783;-0.49072265625;
16:40:28;524.0;1572540029;95.088;20.016193883914827;0.4881998508271909;-0.478515625;
16:40:29;525.0;1572540030;94.923;20.546204891044493;0.5011269485620607;-0.48828125;
16:40:30;526.0;1572540031;95.129;20.943713146391744;0.5108222718632133;-0.49560546875;
16:40:31;527.0;1572540032;95.067;20.546204891044493;0.5011269485620607;-0.48828125;
16:40:32;528.0;1572540033;95.274;20.28119938747966;0.49466339969462586;-0.4833984375;
16:40:33;529.0;1572540034;95.503;20.016193883914827;0.4881998508271909;-0.478515625;
16:40:34;530.0;1572540035;95.419;20.148696635697245;0.49143162526090844;-0.48095703125;
16:40:35;531.0;1572540036;95.399;20.67870764282691;0.5043587229957783;-0.49072265625;
16:40:36;532.0;1572540037;95.337;20.148696635697245;0.49143162526090844;-0.48095703125;
16:40:37;533.0;1572540038;95.15;21.07621589817416;0.5140540462969307;-0.498046875;
16:40:38;534.0;1572540039;95.316;20.148696635697245;0.49143162526090844;-0.48095703125;
16:40:39;535.0;1572540040;95.44;19.751188380349994;0.481736301959756;-0.4736328125;
16:40:40;536.0;1572540042;95.233;20.413702139262078;0.4978951741283434;-0.48583984375;
16:40:41;537.0;1572540042;95.295;20.148696635697245;0.49143162526090844;-0.48095703125;
16:40:42;538.0;1572540044;94.902;20.413702139262078;0.4978951741283434;-0.48583984375;
16:40:43;539.0;1572540044;95.067;20.28119938747966;0.49466339969462586;-0.4833984375;
16:40:44;540.0;1572540045;95.316;20.148696635697245;0.49143162526090844;-0.48095703125;
16:40:45;541.0;1572540046;95.171;19.48618287678516;0.47527275309232103;-0.46875;
16:40:46;542.0;1572540047;95.399;20.546204891044493;0.5011269485620607;-0.48828125;
16:40:47;543.0;1572540049;95.005;20.546204891044493;0.5011269485620607;-0.48828125;
16:40:48;544.0;1572540049;95.295;20.413702139262078;0.4978951741283434;-0.48583984375;
16:40:49;545.0;1572540051;95.233;20.413702139262078;0.4978951741283434;-0.48583984375;
16:40:50;546.0;1572540051;94.964;20.28119938747966;0.49466339969462586;-0.4833984375;
16:40:51;547.0;1572540052;95.15;20.413702139262078;0.4978951741283434;-0.48583984375;
16:40:52;548.0;1572540053;94.84;20.016193883914827;0.4881998508271909;-0.478515625;
16:40:53;549.0;1572540054;94.964;20.148696635697245;0.49143162526090844;-0.48095703125;
16:40:54;550.0;1572540056;95.192;20.28119938747966;0.49466339969462586;-0.4833984375;
16:40:55;551.0;1572540056;95.005;20.413702139262078;0.4978951741283434;-0.48583984375;
16:40:56;552.0;1572540057;94.84;19.751188380349994;0.481736301959756;-0.4736328125;
16:40:57;553.0;1572540059;94.84;20.943713146391744;0.5108222718632133;-0.49560546875;
16:40:58;554.0;1572540059;94.82;20.943713146391744;0.5108222718632133;-0.49560546875;
16:40:59;555.0;1572540061;94.964;20.546204891044493;0.5011269485620607;-0.48828125;
16:41:00;556.0;1572540061;95.337;20.28119938747966;0.49466339969462586;-0.4833984375;
16:41:01;557.0;1572540063;95.129;20.28119938747966;0.49466339969462586;-0.4833984375;
16:41:02;558.0;1572540064;95.005;20.67870764282691;0.5043587229957783;-0.49072265625;
16:41:03;559.0;1572540064;94.84;20.28119938747966;0.49466339969462586;-0.4833984375;
16:41:04;560.0;1572540066;94.491;20.943713146391744;0.5108222718632133;-0.49560546875;
16:41:05;561.0;1572540066;94.368;22.2687406642159;0.5431400162003879;-0.52001953125;
16:41:06;562.0;1572540068;94.286;20.28119938747966;0.49466339969462586;-0.4833984375;
16:41:07;563.0;1572540069;94.327;20.148696635697245;0.49143162526090844;-0.48095703125;
16:41:08;564.0;1572540069;94.327;19.61868562856758;0.4785045275260385;-0.47119140625;
16:41:09;565.0;1572540071;94.552;19.883691132132412;0.48496807639347345;-0.47607421875;
16:41:10;566.0;1572540071;94.84;20.811210394609326;0.5075904974294958;-0.4931640625;
16:41:11;567.0;1572540073;94.923;20.148696635697245;0.49143162526090844;-0.48095703125;
16:41:12;568.0;1572540074;94.799;20.148696635697245;0.49143162526090844;-0.48095703125;
16:41:13;569.0;1572540075;94.676;20.546204891044493;0.5011269485620607;-0.48828125;
16:41:14;570.0;1572540076;94.655;20.148696635697245;0.49143162526090844;-0.48095703125;
16:41:15;571.0;1572540077;94.573;20.28119938747966;0.49466339969462586;-0.4833984375;
16:41:16;572.0;1572540078;94.676;20.413702139262078;0.4978951741283434;-0.48583984375;
16:41:17;573.0;1572540079;94.758;20.148696635697245;0.49143162526090844;-0.48095703125;
16:41:18;574.0;1572540080;94.552;20.811210394609326;0.5075904974294958;-0.4931640625;
16:41:19;575.0;1572540081;94.511;20.28119938747966;0.49466339969462586;-0.4833984375;
16:41:21;577.0;1572540082;94.532;20.811210394609326;0.5075904974294958;-0.4931640625;
16:41:22;578.0;1572540083;94.552;20.28119938747966;0.49466339969462586;-0.4833984375;
16:41:23;579.0;1572540084;94.47;20.016193883914827;0.4881998508271909;-0.478515625;
16:41:24;580.0;1572540085;94.532;20.148696635697245;0.49143162526090844;-0.48095703125;
16:41:25;581.0;1572540086;94.491;20.67870764282691;0.5043587229957783;-0.49072265625;
16:41:26;582.0;1572540087;94.429;20.28119938747966;0.49466339969462586;-0.4833984375;
16:41:27;583.0;1572540088;94.532;19.883691132132412;0.48496807639347345;-0.47607421875;
16:41:28;584.0;1572540089;94.47;20.28119938747966;0.49466339969462586;-0.4833984375;
16:41:29;585.0;1572540090;94.614;20.28119938747966;0.49466339969462586;-0.4833984375;
16:41:30;586.0;1572540091;94.676;20.413702139262078;0.4978951741283434;-0.48583984375;
16:41:31;587.0;1572540092;94.655;20.811210394609326;0.5075904974294958;-0.4931640625;
16:41:32;588.0;1572540093;94.758;20.67870764282691;0.5043587229957783;-0.49072265625;
16:41:33;589.0;1572540094;94.614;20.016193883914827;0.4881998508271909;-0.478515625;
16:41:34;590.0;1572540095;94.388;20.148696635697245;0.49143162526090844;-0.48095703125;
16:41:35;591.0;1572540096;94.368;20.546204891044493;0.5011269485620607;-0.48828125;
16:41:36;592.0;1572540097;94.409;20.016193883914827;0.4881998508271909;-0.478515625;
16:41:37;593.0;1572540098;94.368;19.883691132132412;0.48496807639347345;-0.47607421875;
16:41:38;594.0;1572540099;94.491;20.148696635697245;0.49143162526090844;-0.48095703125;
16:41:39;595.0;1572540100;94.429;20.28119938747966;0.49466339969462586;-0.4833984375;
16:41:40;596.0;1572540101;94.306;20.148696635697245;0.49143162526090844;-0.48095703125;
16:41:41;597.0;1572540102;94.368;20.148696635697245;0.49143162526090844;-0.48095703125;
16:41:42;598.0;1572540103;94.347;20.28119938747966;0.49466339969462586;-0.4833984375;
