Time;Seconds from start for linreg;Unix Time;ch1 po2;Uc;Ubl;Vc;
19:31:43;-2.0;1572550305;99.738;21.473724153521403;0.5237493695980829;-0.50537109375;
19:31:44;-1.0;1572550306;99.716;20.546204891044493;0.5011269485620607;-0.48828125;
19:31:45;0.0;1572550306;99.825;20.413702139262078;0.4978951741283434;-0.48583984375;
19:31:46;1.0;1572550308;99.673;20.413702139262078;0.4978951741283434;-0.48583984375;
19:31:47;2.0;1572550308;99.825;21.738729657086235;0.530212918465518;-0.51025390625;
19:31:48;3.0;1572550310;99.673;20.67870764282691;0.5043587229957783;-0.49072265625;
19:31:49;4.0;1572550310;99.629;20.943713146391744;0.5108222718632133;-0.49560546875;
19:31:50;5.0;1572550312;99.629;20.28119938747966;0.49466339969462586;-0.4833984375;
19:31:51;6.0;1572550312;99.585;20.546204891044493;0.5011269485620607;-0.48828125;
19:31:52;7.0;1572550314;99.847;24.256281940952146;0.59161663270615;-0.556640625;
19:31:53;8.0;1572550314;100.066;19.883691132132412;0.48496807639347345;-0.47607421875;
19:31:54;9.0;1572550316;100.109;20.148696635697245;0.49143162526090844;-0.48095703125;
19:31:55;10.0;1572550316;99.891;20.28119938747966;0.49466339969462586;-0.4833984375;
19:31:56;11.0;1572550318;99.782;20.28119938747966;0.49466339969462586;-0.4833984375;
19:31:57;12.0;1572550318;99.281;20.413702139262078;0.4978951741283434;-0.48583984375;
19:31:58;13.0;1572550320;99.281;21.738729657086235;0.530212918465518;-0.51025390625;
19:31:59;14.0;1572550320;99.585;20.148696635697245;0.49143162526090844;-0.48095703125;
19:32:00;15.0;1572550322;99.542;20.413702139262078;0.4978951741283434;-0.48583984375;
19:32:01;16.0;1572550322;99.913;20.148696635697245;0.49143162526090844;-0.48095703125;
19:32:02;17.0;1572550324;99.803;20.28119938747966;0.49466339969462586;-0.4833984375;
19:32:03;18.0;1572550324;99.629;20.28119938747966;0.49466339969462586;-0.4833984375;
19:32:04;19.0;1572550326;99.673;20.28119938747966;0.49466339969462586;-0.4833984375;
19:32:05;20.0;1572550326;99.411;20.413702139262078;0.4978951741283434;-0.48583984375;
19:32:06;21.0;1572550327;99.238;20.413702139262078;0.4978951741283434;-0.48583984375;
19:32:07;22.0;1572550329;99.086;20.413702139262078;0.4978951741283434;-0.48583984375;
19:32:08;23.0;1572550330;99.086;19.883691132132412;0.48496807639347345;-0.47607421875;
19:32:09;24.0;1572550331;99.238;20.28119938747966;0.49466339969462586;-0.4833984375;
19:32:10;25.0;1572550332;99.411;20.016193883914827;0.4881998508271909;-0.478515625;
19:32:11;26.0;1572550333;99.825;20.016193883914827;0.4881998508271909;-0.478515625;
19:32:12;27.0;1572550334;99.716;20.811210394609326;0.5075904974294958;-0.4931640625;
19:32:14;29.0;1572550335;99.694;17.498641600048924;0.4267961365865591;-0.43212890625;
19:32:15;30.0;1572550336;99.607;20.413702139262078;0.4978951741283434;-0.48583984375;
19:32:16;31.0;1572550337;99.368;20.28119938747966;0.49466339969462586;-0.4833984375;
19:32:17;32.0;1572550338;99.52;20.28119938747966;0.49466339969462586;-0.4833984375;
19:32:18;33.0;1572550339;99.694;22.136237912433486;0.5399082417666704;-0.517578125;
19:32:19;34.0;1572550340;99.891;20.28119938747966;0.49466339969462586;-0.4833984375;
19:32:20;35.0;1572550341;100.307;20.413702139262078;0.4978951741283434;-0.48583984375;
19:32:21;36.0;1572550342;100.153;20.148696635697245;0.49143162526090844;-0.48095703125;
19:32:22;37.0;1572550343;100.088;20.546204891044493;0.5011269485620607;-0.48828125;
19:32:23;38.0;1572550344;99.934;21.738729657086235;0.530212918465518;-0.51025390625;
19:32:24;39.0;1572550345;99.346;20.28119938747966;0.49466339969462586;-0.4833984375;
19:32:25;40.0;1572550346;99.455;20.413702139262078;0.4978951741283434;-0.48583984375;
19:32:26;41.0;1572550347;99.455;19.751188380349994;0.481736301959756;-0.4736328125;
19:32:27;42.0;1572550348;99.368;19.883691132132412;0.48496807639347345;-0.47607421875;
19:32:28;43.0;1572550349;99.542;20.546204891044493;0.5011269485620607;-0.48828125;
19:32:29;44.0;1572550350;99.281;20.811210394609326;0.5075904974294958;-0.4931640625;
19:32:30;45.0;1572550351;99.173;20.148696635697245;0.49143162526090844;-0.48095703125;
19:32:31;46.0;1572550352;99.151;16.571122337572007;0.40417371555053677;-0.4150390625;
19:32:32;47.0;1572550353;99.173;19.751188380349994;0.481736301959756;-0.4736328125;
19:32:33;48.0;1572550354;99.368;20.413702139262078;0.4978951741283434;-0.48583984375;
19:32:34;49.0;1572550355;99.629;23.991276437387313;0.585153083838715;-0.5517578125;
19:32:35;50.0;1572550356;99.433;20.28119938747966;0.49466339969462586;-0.4833984375;
19:32:36;51.0;1572550357;99.629;20.413702139262078;0.4978951741283434;-0.48583984375;
19:32:37;52.0;1572550358;99.433;20.67870764282691;0.5043587229957783;-0.49072265625;
19:32:38;53.0;1572550360;99.151;20.413702139262078;0.4978951741283434;-0.48583984375;
19:32:39;54.0;1572550360;99.607;20.546204891044493;0.5011269485620607;-0.48828125;
19:32:40;55.0;1572550362;99.303;20.413702139262078;0.4978951741283434;-0.48583984375;
19:32:41;56.0;1572550362;99.411;20.943713146391744;0.5108222718632133;-0.49560546875;
19:32:42;57.0;1572550363;99.325;20.148696635697245;0.49143162526090844;-0.48095703125;
19:32:43;58.0;1572550364;99.043;20.148696635697245;0.49143162526090844;-0.48095703125;
19:32:44;59.0;1572550365;98.956;20.28119938747966;0.49466339969462586;-0.4833984375;
19:32:45;60.0;1572550366;99.151;20.28119938747966;0.49466339969462586;-0.4833984375;
19:32:46;61.0;1572550367;99.281;20.148696635697245;0.49143162526090844;-0.48095703125;
19:32:47;62.0;1572550368;99.303;20.148696635697245;0.49143162526090844;-0.48095703125;
19:32:48;63.0;1572550370;99.325;20.413702139262078;0.4978951741283434;-0.48583984375;
19:32:49;64.0;1572550370;99.064;20.148696635697245;0.49143162526090844;-0.48095703125;
19:32:50;65.0;1572550372;99.151;20.148696635697245;0.49143162526090844;-0.48095703125;
19:32:51;66.0;1572550372;99.216;19.883691132132412;0.48496807639347345;-0.47607421875;
19:32:52;67.0;1572550374;99.368;20.28119938747966;0.49466339969462586;-0.4833984375;
19:32:53;68.0;1572550374;99.477;21.738729657086235;0.530212918465518;-0.51025390625;
19:32:54;69.0;1572550376;99.411;20.546204891044493;0.5011269485620607;-0.48828125;
19:32:55;70.0;1572550376;99.455;20.28119938747966;0.49466339969462586;-0.4833984375;
19:32:56;71.0;1572550378;99.368;20.811210394609326;0.5075904974294958;-0.4931640625;
19:32:57;72.0;1572550378;99.303;20.413702139262078;0.4978951741283434;-0.48583984375;
19:32:58;73.0;1572550380;99.477;20.28119938747966;0.49466339969462586;-0.4833984375;
19:32:59;74.0;1572550380;99.39;21.738729657086235;0.530212918465518;-0.51025390625;
19:33:00;75.0;1572550382;99.325;19.751188380349994;0.481736301959756;-0.4736328125;
19:33:01;76.0;1572550383;99.281;20.28119938747966;0.49466339969462586;-0.4833984375;
19:33:02;77.0;1572550384;98.762;20.546204891044493;0.5011269485620607;-0.48828125;
19:33:03;78.0;1572550385;98.74;20.546204891044493;0.5011269485620607;-0.48828125;
19:33:04;79.0;1572550386;98.848;20.413702139262078;0.4978951741283434;-0.48583984375;
19:33:05;80.0;1572550386;99.043;20.28119938747966;0.49466339969462586;-0.4833984375;
19:33:06;81.0;1572550387;99.151;20.413702139262078;0.4978951741283434;-0.48583984375;
19:33:07;82.0;1572550389;99.259;20.546204891044493;0.5011269485620607;-0.48828125;
19:33:08;83.0;1572550390;99.281;20.413702139262078;0.4978951741283434;-0.48583984375;
19:33:09;84.0;1572550391;99.108;20.148696635697245;0.49143162526090844;-0.48095703125;
19:33:10;85.0;1572550392;98.956;20.148696635697245;0.49143162526090844;-0.48095703125;
19:33:11;86.0;1572550393;98.935;20.413702139262078;0.4978951741283434;-0.48583984375;
19:33:12;87.0;1572550394;98.697;23.461265430257647;0.572225986103845;-0.5419921875;
19:33:13;88.0;1572550395;98.913;20.546204891044493;0.5011269485620607;-0.48828125;
19:33:14;89.0;1572550396;99.194;20.148696635697245;0.49143162526090844;-0.48095703125;
19:33:15;90.0;1572550397;99.086;20.28119938747966;0.49466339969462586;-0.4833984375;
19:33:16;91.0;1572550398;99.346;20.148696635697245;0.49143162526090844;-0.48095703125;
19:33:18;93.0;1572550399;99.281;24.78629294808181;0.6045437304410198;-0.56640625;
19:33:19;94.0;1572550400;99.238;20.546204891044493;0.5011269485620607;-0.48828125;
19:33:20;95.0;1572550401;99.303;20.28119938747966;0.49466339969462586;-0.4833984375;
19:33:21;96.0;1572550402;98.935;19.751188380349994;0.481736301959756;-0.4736328125;
19:33:22;97.0;1572550403;98.935;20.413702139262078;0.4978951741283434;-0.48583984375;
19:33:23;98.0;1572550404;98.892;20.148696635697245;0.49143162526090844;-0.48095703125;
19:33:24;99.0;1572550405;98.935;20.148696635697245;0.49143162526090844;-0.48095703125;
19:33:25;100.0;1572550406;99.281;20.546204891044493;0.5011269485620607;-0.48828125;
19:33:26;101.0;1572550407;99.0;20.413702139262078;0.4978951741283434;-0.48583984375;
19:33:27;102.0;1572550408;98.978;20.28119938747966;0.49466339969462586;-0.4833984375;
19:33:28;103.0;1572550409;98.913;19.48618287678516;0.47527275309232103;-0.46875;
19:33:29;104.0;1572550410;98.719;20.413702139262078;0.4978951741283434;-0.48583984375;
19:33:30;105.0;1572550411;98.676;20.546204891044493;0.5011269485620607;-0.48828125;
19:33:31;106.0;1572550412;98.827;20.413702139262078;0.4978951741283434;-0.48583984375;
19:33:32;107.0;1572550413;98.892;20.28119938747966;0.49466339969462586;-0.4833984375;
19:33:33;108.0;1572550414;98.956;20.28119938747966;0.49466339969462586;-0.4833984375;
19:33:34;109.0;1572550415;99.021;20.148696635697245;0.49143162526090844;-0.48095703125;
19:33:35;110.0;1572550416;98.805;20.016193883914827;0.4881998508271909;-0.478515625;
19:33:36;111.0;1572550417;98.633;20.28119938747966;0.49466339969462586;-0.4833984375;
19:33:37;112.0;1572550418;98.482;20.413702139262078;0.4978951741283434;-0.48583984375;
19:33:38;113.0;1572550419;98.439;19.61868562856758;0.4785045275260385;-0.47119140625;
19:33:39;114.0;1572550420;98.418;20.148696635697245;0.49143162526090844;-0.48095703125;
19:33:40;115.0;1572550421;98.697;20.148696635697245;0.49143162526090844;-0.48095703125;
19:33:41;116.0;1572550422;98.74;20.148696635697245;0.49143162526090844;-0.48095703125;
19:33:42;117.0;1572550423;98.784;20.67870764282691;0.5043587229957783;-0.49072265625;
19:33:43;118.0;1572550424;98.805;20.811210394609326;0.5075904974294958;-0.4931640625;
19:33:44;119.0;1572550425;98.482;19.61868562856758;0.4785045275260385;-0.47119140625;
19:33:45;120.0;1572550426;98.525;20.413702139262078;0.4978951741283434;-0.48583984375;
19:33:46;121.0;1572550427;98.784;20.546204891044493;0.5011269485620607;-0.48828125;
19:33:47;122.0;1572550429;98.827;20.016193883914827;0.4881998508271909;-0.478515625;
19:33:48;123.0;1572550430;98.805;20.67870764282691;0.5043587229957783;-0.49072265625;
19:33:49;124.0;1572550430;98.719;20.546204891044493;0.5011269485620607;-0.48828125;
19:33:50;125.0;1572550432;98.719;20.148696635697245;0.49143162526090844;-0.48095703125;
19:33:51;126.0;1572550432;98.805;20.546204891044493;0.5011269485620607;-0.48828125;
19:33:52;127.0;1572550434;99.086;20.28119938747966;0.49466339969462586;-0.4833984375;
19:33:53;128.0;1572550434;99.216;20.413702139262078;0.4978951741283434;-0.48583984375;
19:33:54;129.0;1572550436;98.978;20.413702139262078;0.4978951741283434;-0.48583984375;
19:33:55;130.0;1572550436;98.827;20.413702139262078;0.4978951741283434;-0.48583984375;
19:33:56;131.0;1572550438;98.461;20.28119938747966;0.49466339969462586;-0.4833984375;
19:33:57;132.0;1572550438;98.547;20.413702139262078;0.4978951741283434;-0.48583984375;
19:33:58;133.0;1572550440;98.375;20.28119938747966;0.49466339969462586;-0.4833984375;
19:33:59;134.0;1572550440;98.547;20.148696635697245;0.49143162526090844;-0.48095703125;
19:34:00;135.0;1572550442;98.633;23.063757174910396;0.5625306628026926;-0.53466796875;
19:34:01;136.0;1572550443;98.525;20.148696635697245;0.49143162526090844;-0.48095703125;
19:34:02;137.0;1572550444;98.633;20.28119938747966;0.49466339969462586;-0.4833984375;
19:34:03;138.0;1572550444;98.74;20.148696635697245;0.49143162526090844;-0.48095703125;
19:34:04;139.0;1572550446;98.913;20.67870764282691;0.5043587229957783;-0.49072265625;
19:34:05;140.0;1572550447;98.956;21.871232408868654;0.5334446928992355;-0.5126953125;
19:34:06;141.0;1572550448;99.043;20.67870764282691;0.5043587229957783;-0.49072265625;
19:34:07;142.0;1572550449;99.064;20.148696635697245;0.49143162526090844;-0.48095703125;
19:34:08;143.0;1572550450;99.021;20.016193883914827;0.4881998508271909;-0.478515625;
19:34:09;144.0;1572550451;98.978;20.016193883914827;0.4881998508271909;-0.478515625;
19:34:10;145.0;1572550452;98.956;20.148696635697245;0.49143162526090844;-0.48095703125;
19:34:11;146.0;1572550453;98.697;20.546204891044493;0.5011269485620607;-0.48828125;
19:34:12;147.0;1572550454;99.108;25.978817714123554;0.633629700344477;-0.58837890625;
19:34:13;148.0;1572550455;98.892;20.148696635697245;0.49143162526090844;-0.48095703125;
19:34:14;149.0;1572550455;98.74;20.28119938747966;0.49466339969462586;-0.4833984375;
19:34:15;150.0;1572550457;98.827;20.811210394609326;0.5075904974294958;-0.4931640625;
19:34:16;151.0;1572550457;98.31;21.20871864995657;0.517285820730648;-0.50048828125;
19:34:17;152.0;1572550459;98.439;20.28119938747966;0.49466339969462586;-0.4833984375;
19:34:18;153.0;1572550460;98.525;20.28119938747966;0.49466339969462586;-0.4833984375;
19:34:19;154.0;1572550461;98.633;20.148696635697245;0.49143162526090844;-0.48095703125;
19:34:20;155.0;1572550462;98.762;19.883691132132412;0.48496807639347345;-0.47607421875;
19:34:22;157.0;1572550463;98.805;20.413702139262078;0.4978951741283434;-0.48583984375;
19:34:23;158.0;1572550464;99.043;20.413702139262078;0.4978951741283434;-0.48583984375;
19:34:24;159.0;1572550465;98.892;20.148696635697245;0.49143162526090844;-0.48095703125;
19:34:25;160.0;1572550466;98.74;20.546204891044493;0.5011269485620607;-0.48828125;
19:34:26;161.0;1572550467;98.697;19.751188380349994;0.481736301959756;-0.4736328125;
19:34:27;162.0;1572550468;98.203;20.28119938747966;0.49466339969462586;-0.4833984375;
19:34:28;163.0;1572550469;98.16;20.148696635697245;0.49143162526090844;-0.48095703125;
19:34:29;164.0;1572550470;98.032;20.28119938747966;0.49466339969462586;-0.4833984375;
19:34:30;165.0;1572550471;97.968;20.148696635697245;0.49143162526090844;-0.48095703125;
19:34:31;166.0;1572550472;98.461;19.883691132132412;0.48496807639347345;-0.47607421875;
19:34:32;167.0;1572550473;98.16;20.28119938747966;0.49466339969462586;-0.4833984375;
19:34:33;168.0;1572550474;98.139;20.28119938747966;0.49466339969462586;-0.4833984375;
19:34:34;169.0;1572550475;98.225;20.148696635697245;0.49143162526090844;-0.48095703125;
19:34:35;170.0;1572550476;98.139;20.413702139262078;0.4978951741283434;-0.48583984375;
19:34:36;171.0;1572550477;98.289;20.148696635697245;0.49143162526090844;-0.48095703125;
19:34:37;172.0;1572550478;98.396;20.413702139262078;0.4978951741283434;-0.48583984375;
19:34:38;173.0;1572550479;98.375;20.148696635697245;0.49143162526090844;-0.48095703125;
19:34:39;174.0;1572550480;97.989;20.546204891044493;0.5011269485620607;-0.48828125;
19:34:40;175.0;1572550481;98.139;20.546204891044493;0.5011269485620607;-0.48828125;
19:34:41;176.0;1572550482;98.267;20.148696635697245;0.49143162526090844;-0.48095703125;
19:34:42;177.0;1572550483;98.203;20.016193883914827;0.4881998508271909;-0.478515625;
19:34:43;178.0;1572550484;98.225;20.413702139262078;0.4978951741283434;-0.48583984375;
19:34:44;179.0;1572550485;98.439;20.67870764282691;0.5043587229957783;-0.49072265625;
19:34:45;180.0;1572550486;98.396;20.67870764282691;0.5043587229957783;-0.49072265625;
19:34:46;181.0;1572550487;98.525;20.016193883914827;0.4881998508271909;-0.478515625;
19:34:47;182.0;1572550488;98.633;20.546204891044493;0.5011269485620607;-0.48828125;
19:34:48;183.0;1572550489;98.267;20.28119938747966;0.49466339969462586;-0.4833984375;
19:34:49;184.0;1572550490;98.032;20.28119938747966;0.49466339969462586;-0.4833984375;
19:34:50;185.0;1572550491;97.669;20.148696635697245;0.49143162526090844;-0.48095703125;
19:34:51;186.0;1572550492;97.669;20.148696635697245;0.49143162526090844;-0.48095703125;
19:34:52;187.0;1572550493;97.563;20.413702139262078;0.4978951741283434;-0.48583984375;
19:34:53;188.0;1572550494;97.797;20.413702139262078;0.4978951741283434;-0.48583984375;
19:34:54;189.0;1572550496;98.01;20.148696635697245;0.49143162526090844;-0.48095703125;
19:34:55;190.0;1572550496;98.032;20.28119938747966;0.49466339969462586;-0.4833984375;
19:34:56;191.0;1572550497;98.225;20.546204891044493;0.5011269485620607;-0.48828125;
19:34:57;192.0;1572550498;98.203;20.546204891044493;0.5011269485620607;-0.48828125;
19:34:58;193.0;1572550500;98.053;20.28119938747966;0.49466339969462586;-0.4833984375;
19:34:59;194.0;1572550500;98.16;20.016193883914827;0.4881998508271909;-0.478515625;
19:35:00;195.0;1572550501;97.925;20.546204891044493;0.5011269485620607;-0.48828125;
19:35:01;196.0;1572550503;97.882;21.20871864995657;0.517285820730648;-0.50048828125;
19:35:02;197.0;1572550503;97.989;20.413702139262078;0.4978951741283434;-0.48583984375;
19:35:03;198.0;1572550504;97.797;20.148696635697245;0.49143162526090844;-0.48095703125;
19:35:04;199.0;1572550505;97.946;19.48618287678516;0.47527275309232103;-0.46875;
19:35:05;200.0;1572550507;97.904;21.60622690530382;0.5269811440318005;-0.5078125;
19:35:06;201.0;1572550507;98.246;20.413702139262078;0.4978951741283434;-0.48583984375;
19:35:07;202.0;1572550509;98.568;20.546204891044493;0.5011269485620607;-0.48828125;
19:35:08;203.0;1572550509;98.697;20.28119938747966;0.49466339969462586;-0.4833984375;
19:35:09;204.0;1572550511;98.59;20.67870764282691;0.5043587229957783;-0.49072265625;
19:35:10;205.0;1572550511;98.225;20.28119938747966;0.49466339969462586;-0.4833984375;
19:35:11;206.0;1572550513;98.01;19.883691132132412;0.48496807639347345;-0.47607421875;
19:35:12;207.0;1572550513;97.818;20.016193883914827;0.4881998508271909;-0.478515625;
19:35:13;208.0;1572550515;97.882;20.413702139262078;0.4978951741283434;-0.48583984375;
19:35:14;209.0;1572550515;97.776;20.148696635697245;0.49143162526090844;-0.48095703125;
19:35:15;210.0;1572550517;97.733;16.438619585789592;0.4009419411168193;-0.41259765625;
19:35:16;211.0;1572550517;97.861;20.016193883914827;0.4881998508271909;-0.478515625;
19:35:17;212.0;1572550519;97.818;20.413702139262078;0.4978951741283434;-0.48583984375;
19:35:18;213.0;1572550520;97.925;20.148696635697245;0.49143162526090844;-0.48095703125;
19:35:19;214.0;1572550521;97.925;20.148696635697245;0.49143162526090844;-0.48095703125;
19:35:20;215.0;1572550522;97.712;20.811210394609326;0.5075904974294958;-0.4931640625;
19:35:21;216.0;1572550523;97.414;20.148696635697245;0.49143162526090844;-0.48095703125;
19:35:22;217.0;1572550524;97.244;20.546204891044493;0.5011269485620607;-0.48828125;
19:35:23;218.0;1572550525;97.35;20.413702139262078;0.4978951741283434;-0.48583984375;
19:35:24;219.0;1572550526;97.648;21.473724153521403;0.5237493695980829;-0.50537109375;
19:35:25;220.0;1572550527;97.989;20.28119938747966;0.49466339969462586;-0.4833984375;
19:35:26;221.0;1572550528;98.032;20.546204891044493;0.5011269485620607;-0.48828125;
19:35:28;223.0;1572550529;97.946;18.9561718696555;0.4623456553574512;-0.458984375;
19:35:29;224.0;1572550530;97.648;20.148696635697245;0.49143162526090844;-0.48095703125;
19:35:30;225.0;1572550531;97.584;20.28119938747966;0.49466339969462586;-0.4833984375;
19:35:31;226.0;1572550532;97.669;24.918795699864223;0.6077755048747372;-0.56884765625;
19:35:32;227.0;1572550533;97.626;20.28119938747966;0.49466339969462586;-0.4833984375;
19:35:33;228.0;1572550534;98.01;20.413702139262078;0.4978951741283434;-0.48583984375;
19:35:34;229.0;1572550535;97.904;19.883691132132412;0.48496807639347345;-0.47607421875;
19:35:35;230.0;1572550536;98.032;20.413702139262078;0.4978951741283434;-0.48583984375;
19:35:36;231.0;1572550537;97.925;21.341221401738988;0.5205175951643656;-0.5029296875;
19:35:37;232.0;1572550538;97.712;20.148696635697245;0.49143162526090844;-0.48095703125;
19:35:38;233.0;1572550539;97.861;20.811210394609326;0.5075904974294958;-0.4931640625;
19:35:39;234.0;1572550540;97.882;20.413702139262078;0.4978951741283434;-0.48583984375;
19:35:40;235.0;1572550541;98.096;20.413702139262078;0.4978951741283434;-0.48583984375;
19:35:41;236.0;1572550542;97.946;20.016193883914827;0.4881998508271909;-0.478515625;
19:35:42;237.0;1572550543;97.904;20.546204891044493;0.5011269485620607;-0.48828125;
19:35:43;238.0;1572550544;97.776;20.546204891044493;0.5011269485620607;-0.48828125;
19:35:44;239.0;1572550545;97.84;20.148696635697245;0.49143162526090844;-0.48095703125;
19:35:45;240.0;1572550546;97.904;20.148696635697245;0.49143162526090844;-0.48095703125;
19:35:46;241.0;1572550547;97.818;20.67870764282691;0.5043587229957783;-0.49072265625;
19:35:47;242.0;1572550548;97.797;20.546204891044493;0.5011269485620607;-0.48828125;
19:35:48;243.0;1572550549;97.52;20.28119938747966;0.49466339969462586;-0.4833984375;
19:35:49;244.0;1572550550;97.435;19.883691132132412;0.48496807639347345;-0.47607421875;
19:35:50;245.0;1572550551;97.456;20.67870764282691;0.5043587229957783;-0.49072265625;
19:35:51;246.0;1572550552;97.478;21.07621589817416;0.5140540462969307;-0.498046875;
19:35:52;247.0;1572550553;97.371;19.751188380349994;0.481736301959756;-0.4736328125;
19:35:53;248.0;1572550554;97.414;20.28119938747966;0.49466339969462586;-0.4833984375;
19:35:54;249.0;1572550555;97.499;20.016193883914827;0.4881998508271909;-0.478515625;
19:35:55;250.0;1572550556;97.371;20.943713146391744;0.5108222718632133;-0.49560546875;
19:35:56;251.0;1572550557;97.18;20.148696635697245;0.49143162526090844;-0.48095703125;
19:35:57;252.0;1572550558;97.18;18.691166366090666;0.45588210649001626;-0.4541015625;
19:35:58;253.0;1572550559;97.011;20.28119938747966;0.49466339969462586;-0.4833984375;
19:35:59;254.0;1572550560;96.969;20.67870764282691;0.5043587229957783;-0.49072265625;
19:36:00;255.0;1572550561;97.138;20.148696635697245;0.49143162526090844;-0.48095703125;
19:36:01;256.0;1572550562;96.779;20.28119938747966;0.49466339969462586;-0.4833984375;
19:36:02;257.0;1572550564;96.8;20.28119938747966;0.49466339969462586;-0.4833984375;
19:36:03;258.0;1572550564;96.884;21.20871864995657;0.517285820730648;-0.50048828125;
19:36:04;259.0;1572550566;96.884;20.016193883914827;0.4881998508271909;-0.478515625;
19:36:05;260.0;1572550566;96.969;20.148696635697245;0.49143162526090844;-0.48095703125;
19:36:06;261.0;1572550568;96.99;20.148696635697245;0.49143162526090844;-0.48095703125;
19:36:07;262.0;1572550568;96.969;20.148696635697245;0.49143162526090844;-0.48095703125;
19:36:08;263.0;1572550570;97.032;20.148696635697245;0.49143162526090844;-0.48095703125;
19:36:09;264.0;1572550570;97.414;20.148696635697245;0.49143162526090844;-0.48095703125;
19:36:10;265.0;1572550572;97.371;19.751188380349994;0.481736301959756;-0.4736328125;
19:36:11;266.0;1572550573;97.499;20.67870764282691;0.5043587229957783;-0.49072265625;
19:36:12;267.0;1572550574;97.626;20.943713146391744;0.5108222718632133;-0.49560546875;
19:36:13;268.0;1572550575;97.414;20.413702139262078;0.4978951741283434;-0.48583984375;
19:36:14;269.0;1572550575;97.117;20.28119938747966;0.49466339969462586;-0.4833984375;
19:36:15;270.0;1572550577;96.863;20.28119938747966;0.49466339969462586;-0.4833984375;
19:36:16;271.0;1572550577;96.674;20.148696635697245;0.49143162526090844;-0.48095703125;
19:36:17;272.0;1572550579;96.737;20.28119938747966;0.49466339969462586;-0.4833984375;
19:36:18;273.0;1572550579;96.906;20.148696635697245;0.49143162526090844;-0.48095703125;
19:36:19;274.0;1572550581;96.948;20.413702139262078;0.4978951741283434;-0.48583984375;
19:36:20;275.0;1572550581;96.842;21.07621589817416;0.5140540462969307;-0.498046875;
19:36:21;276.0;1572550583;96.884;20.148696635697245;0.49143162526090844;-0.48095703125;
19:36:22;277.0;1572550583;97.18;20.811210394609326;0.5075904974294958;-0.4931640625;
19:36:23;278.0;1572550585;97.18;20.413702139262078;0.4978951741283434;-0.48583984375;
19:36:24;279.0;1572550585;97.223;20.28119938747966;0.49466339969462586;-0.4833984375;
19:36:25;280.0;1572550587;97.265;20.546204891044493;0.5011269485620607;-0.48828125;
19:36:26;281.0;1572550588;97.223;20.148696635697245;0.49143162526090844;-0.48095703125;
19:36:27;282.0;1572550589;97.18;20.148696635697245;0.49143162526090844;-0.48095703125;
19:36:28;283.0;1572550590;97.223;20.148696635697245;0.49143162526090844;-0.48095703125;
19:36:29;284.0;1572550591;97.202;20.28119938747966;0.49466339969462586;-0.4833984375;
19:36:30;285.0;1572550592;97.18;20.148696635697245;0.49143162526090844;-0.48095703125;
19:36:31;286.0;1572550593;97.414;20.67870764282691;0.5043587229957783;-0.49072265625;
19:36:32;287.0;1572550594;97.52;20.28119938747966;0.49466339969462586;-0.4833984375;
19:36:34;289.0;1572550595;97.456;20.413702139262078;0.4978951741283434;-0.48583984375;
19:36:35;290.0;1572550596;97.52;20.28119938747966;0.49466339969462586;-0.4833984375;
19:36:36;291.0;1572550597;97.244;20.413702139262078;0.4978951741283434;-0.48583984375;
19:36:37;292.0;1572550598;97.159;20.413702139262078;0.4978951741283434;-0.48583984375;
19:36:38;293.0;1572550599;97.054;20.148696635697245;0.49143162526090844;-0.48095703125;
19:36:39;294.0;1572550600;96.716;20.413702139262078;0.4978951741283434;-0.48583984375;
19:36:40;295.0;1572550601;96.8;20.148696635697245;0.49143162526090844;-0.48095703125;
19:36:41;296.0;1572550602;96.779;20.67870764282691;0.5043587229957783;-0.49072265625;
19:36:42;297.0;1572550603;96.779;20.546204891044493;0.5011269485620607;-0.48828125;
19:36:43;298.0;1572550604;96.8;20.28119938747966;0.49466339969462586;-0.4833984375;
19:36:44;299.0;1572550605;96.674;20.28119938747966;0.49466339969462586;-0.4833984375;
19:36:45;300.0;1572550606;96.611;20.67870764282691;0.5043587229957783;-0.49072265625;
19:36:46;301.0;1572550607;96.547;20.28119938747966;0.49466339969462586;-0.4833984375;
19:36:47;302.0;1572550608;96.674;20.28119938747966;0.49466339969462586;-0.4833984375;
19:36:48;303.0;1572550609;96.632;20.546204891044493;0.5011269485620607;-0.48828125;
19:36:49;304.0;1572550610;96.884;20.413702139262078;0.4978951741283434;-0.48583984375;
19:36:50;305.0;1572550611;97.202;19.883691132132412;0.48496807639347345;-0.47607421875;
19:36:51;306.0;1572550612;97.202;20.28119938747966;0.49466339969462586;-0.4833984375;
19:36:52;307.0;1572550613;97.478;19.61868562856758;0.4785045275260385;-0.47119140625;
19:36:53;308.0;1572550614;97.18;20.28119938747966;0.49466339969462586;-0.4833984375;
19:36:54;309.0;1572550615;96.547;20.413702139262078;0.4978951741283434;-0.48583984375;
19:36:55;310.0;1572550616;96.316;20.148696635697245;0.49143162526090844;-0.48095703125;
19:36:56;311.0;1572550617;96.149;20.148696635697245;0.49143162526090844;-0.48095703125;
19:36:57;312.0;1572550618;96.086;20.413702139262078;0.4978951741283434;-0.48583984375;
19:36:58;313.0;1572550619;96.379;19.883691132132412;0.48496807639347345;-0.47607421875;
19:36:59;314.0;1572550620;96.505;20.148696635697245;0.49143162526090844;-0.48095703125;
19:37:00;315.0;1572550621;96.295;20.413702139262078;0.4978951741283434;-0.48583984375;
19:37:02;317.0;1572550622;96.358;20.413702139262078;0.4978951741283434;-0.48583984375;
19:37:03;318.0;1572550624;96.463;20.148696635697245;0.49143162526090844;-0.48095703125;
19:37:04;319.0;1572550626;96.611;20.148696635697245;0.49143162526090844;-0.48095703125;
19:37:05;320.0;1572550626;96.884;20.148696635697245;0.49143162526090844;-0.48095703125;
19:37:06;321.0;1572550628;96.863;20.148696635697245;0.49143162526090844;-0.48095703125;
19:37:07;322.0;1572550628;96.884;20.67870764282691;0.5043587229957783;-0.49072265625;
19:37:08;323.0;1572550629;96.99;20.413702139262078;0.4978951741283434;-0.48583984375;
19:37:09;324.0;1572550630;96.863;20.016193883914827;0.4881998508271909;-0.478515625;
19:37:10;325.0;1572550632;96.842;20.67870764282691;0.5043587229957783;-0.49072265625;
19:37:11;326.0;1572550632;96.674;20.28119938747966;0.49466339969462586;-0.4833984375;
19:37:12;327.0;1572550633;96.589;20.148696635697245;0.49143162526090844;-0.48095703125;
19:37:13;328.0;1572550635;96.611;20.413702139262078;0.4978951741283434;-0.48583984375;
19:37:14;329.0;1572550635;96.758;20.28119938747966;0.49466339969462586;-0.4833984375;
19:37:15;330.0;1572550637;96.779;20.148696635697245;0.49143162526090844;-0.48095703125;
19:37:16;331.0;1572550637;96.737;20.28119938747966;0.49466339969462586;-0.4833984375;
19:37:17;332.0;1572550639;96.716;20.28119938747966;0.49466339969462586;-0.4833984375;
19:37:18;333.0;1572550639;96.484;20.546204891044493;0.5011269485620607;-0.48828125;
19:37:19;334.0;1572550641;96.526;20.28119938747966;0.49466339969462586;-0.4833984375;
19:37:20;335.0;1572550641;96.526;20.148696635697245;0.49143162526090844;-0.48095703125;
19:37:21;336.0;1572550643;96.463;20.148696635697245;0.49143162526090844;-0.48095703125;
19:37:22;337.0;1572550643;96.589;20.413702139262078;0.4978951741283434;-0.48583984375;
19:37:23;338.0;1572550645;96.653;20.148696635697245;0.49143162526090844;-0.48095703125;
19:37:24;339.0;1572550645;96.547;20.28119938747966;0.49466339969462586;-0.4833984375;
19:37:25;340.0;1572550647;96.337;20.67870764282691;0.5043587229957783;-0.49072265625;
19:37:26;341.0;1572550648;96.086;20.413702139262078;0.4978951741283434;-0.48583984375;
19:37:27;342.0;1572550649;96.086;20.67870764282691;0.5043587229957783;-0.49072265625;
19:37:28;343.0;1572550650;95.982;20.28119938747966;0.49466339969462586;-0.4833984375;
19:37:29;344.0;1572550651;95.898;20.28119938747966;0.49466339969462586;-0.4833984375;
19:37:30;345.0;1572550652;96.128;20.413702139262078;0.4978951741283434;-0.48583984375;
19:37:31;346.0;1572550652;95.919;20.016193883914827;0.4881998508271909;-0.478515625;
19:37:32;347.0;1572550654;96.044;20.148696635697245;0.49143162526090844;-0.48095703125;
19:37:33;348.0;1572550655;96.295;20.148696635697245;0.49143162526090844;-0.48095703125;
19:37:34;349.0;1572550656;96.358;19.61868562856758;0.4785045275260385;-0.47119140625;
19:37:35;350.0;1572550657;96.4;20.148696635697245;0.49143162526090844;-0.48095703125;
19:37:36;351.0;1572550658;96.254;20.28119938747966;0.49466339969462586;-0.4833984375;
19:37:38;353.0;1572550659;96.086;20.148696635697245;0.49143162526090844;-0.48095703125;
19:37:39;354.0;1572550660;96.044;21.20871864995657;0.517285820730648;-0.50048828125;
19:37:40;355.0;1572550661;95.815;20.148696635697245;0.49143162526090844;-0.48095703125;
19:37:41;356.0;1572550662;95.919;20.148696635697245;0.49143162526090844;-0.48095703125;
19:37:42;357.0;1572550663;95.919;20.413702139262078;0.4978951741283434;-0.48583984375;
19:37:43;358.0;1572550664;95.69;21.20871864995657;0.517285820730648;-0.50048828125;
19:37:44;359.0;1572550665;95.877;20.28119938747966;0.49466339969462586;-0.4833984375;
19:37:45;360.0;1572550666;96.17;20.413702139262078;0.4978951741283434;-0.48583984375;
19:37:46;361.0;1572550667;96.044;20.28119938747966;0.49466339969462586;-0.4833984375;
19:37:47;362.0;1572550668;96.212;20.28119938747966;0.49466339969462586;-0.4833984375;
19:37:48;363.0;1572550669;96.295;20.546204891044493;0.5011269485620607;-0.48828125;
19:37:49;364.0;1572550670;95.898;20.413702139262078;0.4978951741283434;-0.48583984375;
19:37:50;365.0;1572550671;96.149;20.28119938747966;0.49466339969462586;-0.4833984375;
19:37:51;366.0;1572550672;96.065;20.016193883914827;0.4881998508271909;-0.478515625;
19:37:52;367.0;1572550673;96.044;20.28119938747966;0.49466339969462586;-0.4833984375;
19:37:53;368.0;1572550674;96.191;20.148696635697245;0.49143162526090844;-0.48095703125;
19:37:54;369.0;1572550675;96.149;20.148696635697245;0.49143162526090844;-0.48095703125;
19:37:55;370.0;1572550676;96.337;20.28119938747966;0.49466339969462586;-0.4833984375;
19:37:56;371.0;1572550677;96.295;20.67870764282691;0.5043587229957783;-0.49072265625;
19:37:57;372.0;1572550678;96.17;20.28119938747966;0.49466339969462586;-0.4833984375;
19:37:58;373.0;1572550679;95.919;19.751188380349994;0.481736301959756;-0.4736328125;
19:37:59;374.0;1572550680;95.669;20.413702139262078;0.4978951741283434;-0.48583984375;
19:38:01;376.0;1572550681;95.898;20.148696635697245;0.49143162526090844;-0.48095703125;
19:38:02;377.0;1572550683;96.149;20.413702139262078;0.4978951741283434;-0.48583984375;
19:38:03;378.0;1572550684;96.065;20.148696635697245;0.49143162526090844;-0.48095703125;
19:38:04;379.0;1572550685;95.815;20.148696635697245;0.49143162526090844;-0.48095703125;
19:38:05;380.0;1572550687;95.94;20.546204891044493;0.5011269485620607;-0.48828125;
19:38:06;381.0;1572550687;96.002;20.413702139262078;0.4978951741283434;-0.48583984375;
19:38:07;382.0;1572550688;96.107;20.413702139262078;0.4978951741283434;-0.48583984375;
19:38:08;383.0;1572550689;96.233;20.67870764282691;0.5043587229957783;-0.49072265625;
19:38:09;384.0;1572550690;96.065;20.148696635697245;0.49143162526090844;-0.48095703125;
19:38:10;385.0;1572550691;95.94;20.148696635697245;0.49143162526090844;-0.48095703125;
19:38:11;386.0;1572550692;96.023;20.413702139262078;0.4978951741283434;-0.48583984375;
19:38:12;387.0;1572550694;95.919;20.546204891044493;0.5011269485620607;-0.48828125;
19:38:13;388.0;1572550694;95.815;21.07621589817416;0.5140540462969307;-0.498046875;
19:38:14;389.0;1572550696;95.586;20.148696635697245;0.49143162526090844;-0.48095703125;
19:38:15;390.0;1572550696;95.44;20.413702139262078;0.4978951741283434;-0.48583984375;
19:38:16;391.0;1572550698;95.71;20.016193883914827;0.4881998508271909;-0.478515625;
19:38:17;392.0;1572550698;95.71;20.546204891044493;0.5011269485620607;-0.48828125;
19:38:18;393.0;1572550700;95.961;20.28119938747966;0.49466339969462586;-0.4833984375;
19:38:19;394.0;1572550700;96.023;20.413702139262078;0.4978951741283434;-0.48583984375;
19:38:20;395.0;1572550701;95.648;20.28119938747966;0.49466339969462586;-0.4833984375;
19:38:21;396.0;1572550703;95.898;20.546204891044493;0.5011269485620607;-0.48828125;
19:38:22;397.0;1572550703;95.71;19.48618287678516;0.47527275309232103;-0.46875;
19:38:23;398.0;1572550705;95.836;20.148696635697245;0.49143162526090844;-0.48095703125;
19:38:24;399.0;1572550705;95.919;21.60622690530382;0.5269811440318005;-0.5078125;
19:38:25;400.0;1572550707;95.71;19.883691132132412;0.48496807639347345;-0.47607421875;
19:38:26;401.0;1572550707;96.002;21.60622690530382;0.5269811440318005;-0.5078125;
19:38:27;402.0;1572550709;95.961;20.28119938747966;0.49466339969462586;-0.4833984375;
19:38:28;403.0;1572550710;96.086;20.148696635697245;0.49143162526090844;-0.48095703125;
19:38:29;404.0;1572550711;96.295;20.148696635697245;0.49143162526090844;-0.48095703125;
19:38:30;405.0;1572550712;95.961;20.811210394609326;0.5075904974294958;-0.4931640625;
19:38:31;406.0;1572550713;96.17;20.413702139262078;0.4978951741283434;-0.48583984375;
19:38:32;407.0;1572550714;96.149;20.28119938747966;0.49466339969462586;-0.4833984375;
19:38:33;408.0;1572550715;95.773;16.968630592919258;0.41386903885168924;-0.42236328125;
19:38:34;409.0;1572550716;95.627;20.413702139262078;0.4978951741283434;-0.48583984375;
19:38:35;410.0;1572550716;95.254;20.28119938747966;0.49466339969462586;-0.4833984375;
19:38:36;411.0;1572550717;95.088;20.28119938747966;0.49466339969462586;-0.4833984375;
19:38:37;412.0;1572550718;95.005;20.546204891044493;0.5011269485620607;-0.48828125;
19:38:38;413.0;1572550719;95.316;20.28119938747966;0.49466339969462586;-0.4833984375;
19:38:39;414.0;1572550720;95.337;20.413702139262078;0.4978951741283434;-0.48583984375;
19:38:40;415.0;1572550721;95.316;19.35368012500275;0.47204097865860367;-0.46630859375;
19:38:41;416.0;1572550722;95.794;20.28119938747966;0.49466339969462586;-0.4833984375;
19:38:42;417.0;1572550724;95.731;20.413702139262078;0.4978951741283434;-0.48583984375;
19:38:43;418.0;1572550724;95.773;20.546204891044493;0.5011269485620607;-0.48828125;
19:38:44;419.0;1572550726;95.794;20.546204891044493;0.5011269485620607;-0.48828125;
19:38:45;420.0;1572550726;95.523;20.148696635697245;0.49143162526090844;-0.48095703125;
19:38:46;421.0;1572550728;95.544;20.67870764282691;0.5043587229957783;-0.49072265625;
19:38:47;422.0;1572550728;95.378;20.413702139262078;0.4978951741283434;-0.48583984375;
19:38:48;423.0;1572550730;95.544;20.413702139262078;0.4978951741283434;-0.48583984375;
19:38:49;424.0;1572550730;95.482;21.341221401738988;0.5205175951643656;-0.5029296875;
19:38:50;425.0;1572550732;95.357;20.413702139262078;0.4978951741283434;-0.48583984375;
19:38:51;426.0;1572550732;95.606;20.28119938747966;0.49466339969462586;-0.4833984375;
19:38:52;427.0;1572550734;95.648;20.67870764282691;0.5043587229957783;-0.49072265625;
19:38:53;428.0;1572550734;95.731;20.67870764282691;0.5043587229957783;-0.49072265625;
19:38:54;429.0;1572550736;95.919;20.811210394609326;0.5075904974294958;-0.4931640625;
19:38:55;430.0;1572550736;95.836;20.811210394609326;0.5075904974294958;-0.4931640625;
19:38:56;431.0;1572550738;95.606;20.546204891044493;0.5011269485620607;-0.48828125;
19:38:57;432.0;1572550739;95.44;20.016193883914827;0.4881998508271909;-0.478515625;
19:38:58;433.0;1572550740;95.109;19.088674621437917;0.46557742979116873;-0.46142578125;
19:38:59;434.0;1572550740;95.026;18.55866361430825;0.45265033205629884;-0.45166015625;
19:39:00;435.0;1572550742;95.212;20.67870764282691;0.5043587229957783;-0.49072265625;
19:39:01;436.0;1572550743;95.212;20.546204891044493;0.5011269485620607;-0.48828125;
19:39:02;437.0;1572550744;95.337;20.148696635697245;0.49143162526090844;-0.48095703125;
19:39:03;438.0;1572550745;95.461;17.498641600048924;0.4267961365865591;-0.43212890625;
19:39:04;439.0;1572550745;95.357;20.148696635697245;0.49143162526090844;-0.48095703125;
19:39:05;440.0;1572550747;95.378;20.413702139262078;0.4978951741283434;-0.48583984375;
19:39:06;441.0;1572550747;95.544;21.07621589817416;0.5140540462969307;-0.498046875;
19:39:07;442.0;1572550749;95.503;20.148696635697245;0.49143162526090844;-0.48095703125;
19:39:08;443.0;1572550750;95.544;20.28119938747966;0.49466339969462586;-0.4833984375;
19:39:09;444.0;1572550751;95.419;20.413702139262078;0.4978951741283434;-0.48583984375;
19:39:10;445.0;1572550752;95.399;20.148696635697245;0.49143162526090844;-0.48095703125;
19:39:11;446.0;1572550753;95.274;20.413702139262078;0.4978951741283434;-0.48583984375;
19:39:12;447.0;1572550754;95.254;20.546204891044493;0.5011269485620607;-0.48828125;
19:39:14;449.0;1572550755;95.357;20.28119938747966;0.49466339969462586;-0.4833984375;
19:39:15;450.0;1572550756;95.109;20.67870764282691;0.5043587229957783;-0.49072265625;
19:39:16;451.0;1572550757;95.15;19.088674621437917;0.46557742979116873;-0.46142578125;
19:39:17;452.0;1572550758;95.192;20.413702139262078;0.4978951741283434;-0.48583984375;
19:39:18;453.0;1572550759;95.503;20.016193883914827;0.4881998508271909;-0.478515625;
19:39:19;454.0;1572550760;95.773;20.413702139262078;0.4978951741283434;-0.48583984375;
19:39:20;455.0;1572550761;95.337;20.148696635697245;0.49143162526090844;-0.48095703125;
19:39:21;456.0;1572550762;94.964;20.28119938747966;0.49466339969462586;-0.4833984375;
19:39:22;457.0;1572550763;94.593;20.546204891044493;0.5011269485620607;-0.48828125;
19:39:23;458.0;1572550764;94.47;20.413702139262078;0.4978951741283434;-0.48583984375;
19:39:24;459.0;1572550765;94.84;20.67870764282691;0.5043587229957783;-0.49072265625;
19:39:25;460.0;1572550766;95.171;19.883691132132412;0.48496807639347345;-0.47607421875;
19:39:26;461.0;1572550767;95.047;20.413702139262078;0.4978951741283434;-0.48583984375;
19:39:27;462.0;1572550768;95.337;20.546204891044493;0.5011269485620607;-0.48828125;
19:39:28;463.0;1572550769;95.482;18.691166366090666;0.45588210649001626;-0.4541015625;
19:39:29;464.0;1572550770;95.461;20.413702139262078;0.4978951741283434;-0.48583984375;
19:39:30;465.0;1572550771;95.71;20.28119938747966;0.49466339969462586;-0.4833984375;
19:39:31;466.0;1572550772;95.295;20.943713146391744;0.5108222718632133;-0.49560546875;
19:39:32;467.0;1572550773;95.026;20.148696635697245;0.49143162526090844;-0.48095703125;
19:39:33;468.0;1572550774;94.923;20.28119938747966;0.49466339969462586;-0.4833984375;
19:39:34;469.0;1572550775;95.109;18.161155358961;0.4429550087551464;-0.4443359375;
19:39:35;470.0;1572550776;95.212;20.28119938747966;0.49466339969462586;-0.4833984375;
19:39:36;471.0;1572550777;95.419;17.631144351831335;0.43002791102027643;-0.4345703125;
19:39:37;472.0;1572550778;95.378;20.28119938747966;0.49466339969462586;-0.4833984375;
19:39:38;473.0;1572550780;95.337;20.016193883914827;0.4881998508271909;-0.478515625;
19:39:39;474.0;1572550780;95.44;20.413702139262078;0.4978951741283434;-0.48583984375;
19:39:40;475.0;1572550782;95.254;18.426160862525833;0.4494185576225813;-0.44921875;
19:39:41;476.0;1572550782;95.44;20.413702139262078;0.4978951741283434;-0.48583984375;
19:39:42;477.0;1572550784;95.212;20.546204891044493;0.5011269485620607;-0.48828125;
19:39:43;478.0;1572550784;94.985;20.413702139262078;0.4978951741283434;-0.48583984375;
19:39:44;479.0;1572550786;95.171;20.546204891044493;0.5011269485620607;-0.48828125;
19:39:45;480.0;1572550786;94.923;20.148696635697245;0.49143162526090844;-0.48095703125;
19:39:46;481.0;1572550788;95.129;21.473724153521403;0.5237493695980829;-0.50537109375;
19:39:47;482.0;1572550788;95.15;20.28119938747966;0.49466339969462586;-0.4833984375;
19:39:48;483.0;1572550790;95.171;20.67870764282691;0.5043587229957783;-0.49072265625;
19:39:49;484.0;1572550790;95.129;20.546204891044493;0.5011269485620607;-0.48828125;
19:39:50;485.0;1572550792;94.861;20.28119938747966;0.49466339969462586;-0.4833984375;
19:39:51;486.0;1572550792;94.84;20.28119938747966;0.49466339969462586;-0.4833984375;
19:39:52;487.0;1572550793;94.696;20.016193883914827;0.4881998508271909;-0.478515625;
19:39:53;488.0;1572550795;94.84;20.148696635697245;0.49143162526090844;-0.48095703125;
19:39:54;489.0;1572550796;94.82;20.148696635697245;0.49143162526090844;-0.48095703125;
19:39:55;490.0;1572550797;94.676;20.148696635697245;0.49143162526090844;-0.48095703125;
19:39:56;491.0;1572550797;94.614;20.28119938747966;0.49466339969462586;-0.4833984375;
19:39:57;492.0;1572550799;94.593;20.28119938747966;0.49466339969462586;-0.4833984375;
19:39:58;493.0;1572550799;94.532;20.148696635697245;0.49143162526090844;-0.48095703125;
19:39:59;494.0;1572550801;94.758;20.28119938747966;0.49466339969462586;-0.4833984375;
19:40:00;495.0;1572550801;94.779;20.28119938747966;0.49466339969462586;-0.4833984375;
19:40:01;496.0;1572550803;94.635;20.148696635697245;0.49143162526090844;-0.48095703125;
19:40:02;497.0;1572550803;94.779;20.67870764282691;0.5043587229957783;-0.49072265625;
19:40:03;498.0;1572550805;94.82;20.943713146391744;0.5108222718632133;-0.49560546875;
19:40:04;499.0;1572550805;95.005;20.67870764282691;0.5043587229957783;-0.49072265625;
19:40:05;500.0;1572550807;95.192;20.148696635697245;0.49143162526090844;-0.48095703125;
19:40:06;501.0;1572550808;95.171;20.67870764282691;0.5043587229957783;-0.49072265625;
19:40:07;502.0;1572550809;94.985;20.943713146391744;0.5108222718632133;-0.49560546875;
19:40:08;503.0;1572550810;94.758;20.28119938747966;0.49466339969462586;-0.4833984375;
19:40:09;504.0;1572550811;94.614;20.148696635697245;0.49143162526090844;-0.48095703125;
19:40:10;505.0;1572550812;94.47;20.28119938747966;0.49466339969462586;-0.4833984375;
19:40:11;506.0;1572550813;94.552;20.546204891044493;0.5011269485620607;-0.48828125;
19:40:12;507.0;1572550814;94.47;20.67870764282691;0.5043587229957783;-0.49072265625;
19:40:13;508.0;1572550815;94.347;20.28119938747966;0.49466339969462586;-0.4833984375;
19:40:14;509.0;1572550816;94.47;20.148696635697245;0.49143162526090844;-0.48095703125;
19:40:15;510.0;1572550817;94.122;20.148696635697245;0.49143162526090844;-0.48095703125;
19:40:16;511.0;1572550818;94.102;19.883691132132412;0.48496807639347345;-0.47607421875;
19:40:18;513.0;1572550819;94.122;20.67870764282691;0.5043587229957783;-0.49072265625;
19:40:19;514.0;1572550820;94.183;20.28119938747966;0.49466339969462586;-0.4833984375;
19:40:20;515.0;1572550821;94.306;20.413702139262078;0.4978951741283434;-0.48583984375;
19:40:21;516.0;1572550822;94.265;20.28119938747966;0.49466339969462586;-0.4833984375;
19:40:22;517.0;1572550823;94.286;20.148696635697245;0.49143162526090844;-0.48095703125;
19:40:23;518.0;1572550824;94.122;20.28119938747966;0.49466339969462586;-0.4833984375;
19:40:24;519.0;1572550825;94.286;21.60622690530382;0.5269811440318005;-0.5078125;
19:40:25;520.0;1572550826;94.306;20.28119938747966;0.49466339969462586;-0.4833984375;
19:40:26;521.0;1572550827;94.552;20.811210394609326;0.5075904974294958;-0.4931640625;
19:40:27;522.0;1572550828;94.511;20.016193883914827;0.4881998508271909;-0.478515625;
19:40:28;523.0;1572550829;94.306;20.413702139262078;0.4978951741283434;-0.48583984375;
19:40:29;524.0;1572550830;94.47;20.28119938747966;0.49466339969462586;-0.4833984375;
19:40:30;525.0;1572550831;94.388;21.20871864995657;0.517285820730648;-0.50048828125;
19:40:31;526.0;1572550832;94.388;20.413702139262078;0.4978951741283434;-0.48583984375;
19:40:32;527.0;1572550833;94.82;20.413702139262078;0.4978951741283434;-0.48583984375;
19:40:33;528.0;1572550834;94.737;20.148696635697245;0.49143162526090844;-0.48095703125;
19:40:34;529.0;1572550835;94.635;20.546204891044493;0.5011269485620607;-0.48828125;
19:40:35;530.0;1572550836;94.696;20.148696635697245;0.49143162526090844;-0.48095703125;
19:40:36;531.0;1572550837;94.429;20.28119938747966;0.49466339969462586;-0.4833984375;
19:40:37;532.0;1572550838;94.245;20.28119938747966;0.49466339969462586;-0.4833984375;
19:40:38;533.0;1572550839;94.183;20.413702139262078;0.4978951741283434;-0.48583984375;
19:40:39;534.0;1572550840;94.368;20.148696635697245;0.49143162526090844;-0.48095703125;
19:40:40;535.0;1572550841;94.429;20.28119938747966;0.49466339969462586;-0.4833984375;
19:40:41;536.0;1572550842;94.655;20.016193883914827;0.4881998508271909;-0.478515625;
19:40:42;537.0;1572550843;94.737;20.148696635697245;0.49143162526090844;-0.48095703125;
19:40:43;538.0;1572550844;94.635;21.473724153521403;0.5237493695980829;-0.50537109375;
19:40:44;539.0;1572550845;94.758;20.28119938747966;0.49466339969462586;-0.4833984375;
19:40:45;540.0;1572550846;94.552;20.546204891044493;0.5011269485620607;-0.48828125;
19:40:46;541.0;1572550847;94.429;20.148696635697245;0.49143162526090844;-0.48095703125;
19:40:47;542.0;1572550849;94.245;20.016193883914827;0.4881998508271909;-0.478515625;
19:40:48;543.0;1572550849;94.04;20.546204891044493;0.5011269485620607;-0.48828125;
19:40:49;544.0;1572550851;94.02;20.28119938747966;0.49466339969462586;-0.4833984375;
19:40:50;545.0;1572550851;94.122;19.883691132132412;0.48496807639347345;-0.47607421875;
19:40:51;546.0;1572550853;94.245;20.413702139262078;0.4978951741283434;-0.48583984375;
19:40:52;547.0;1572550853;93.979;20.148696635697245;0.49143162526090844;-0.48095703125;
19:40:53;548.0;1572550854;93.836;19.751188380349994;0.481736301959756;-0.4736328125;
19:40:54;549.0;1572550855;93.857;20.546204891044493;0.5011269485620607;-0.48828125;
19:40:55;550.0;1572550857;94.081;21.341221401738988;0.5205175951643656;-0.5029296875;
19:40:56;551.0;1572550857;94.327;20.546204891044493;0.5011269485620607;-0.48828125;
19:40:57;552.0;1572550859;94.45;20.28119938747966;0.49466339969462586;-0.4833984375;
19:40:58;553.0;1572550859;94.327;20.148696635697245;0.49143162526090844;-0.48095703125;
19:40:59;554.0;1572550861;94.02;20.28119938747966;0.49466339969462586;-0.4833984375;
19:41:00;555.0;1572550862;94.142;22.136237912433486;0.5399082417666704;-0.517578125;
19:41:01;556.0;1572550862;94.491;20.546204891044493;0.5011269485620607;-0.48828125;
19:41:02;557.0;1572550864;94.409;20.67870764282691;0.5043587229957783;-0.49072265625;
19:41:03;558.0;1572550864;94.491;18.426160862525833;0.4494185576225813;-0.44921875;
19:41:04;559.0;1572550866;94.204;20.413702139262078;0.4978951741283434;-0.48583984375;
19:41:05;560.0;1572550866;93.836;20.28119938747966;0.49466339969462586;-0.4833984375;
19:41:06;561.0;1572550868;93.836;21.473724153521403;0.5237493695980829;-0.50537109375;
19:41:07;562.0;1572550868;93.755;21.20871864995657;0.517285820730648;-0.50048828125;
19:41:08;563.0;1572550870;93.918;20.148696635697245;0.49143162526090844;-0.48095703125;
19:41:09;564.0;1572550871;93.979;20.546204891044493;0.5011269485620607;-0.48828125;
19:41:10;565.0;1572550872;94.061;20.67870764282691;0.5043587229957783;-0.49072265625;
19:41:11;566.0;1572550873;94.102;20.413702139262078;0.4978951741283434;-0.48583984375;
19:41:12;567.0;1572550874;93.979;20.546204891044493;0.5011269485620607;-0.48828125;
19:41:13;568.0;1572550875;94.081;20.413702139262078;0.4978951741283434;-0.48583984375;
19:41:14;569.0;1572550876;93.836;20.413702139262078;0.4978951741283434;-0.48583984375;
19:41:15;570.0;1572550877;93.796;20.148696635697245;0.49143162526090844;-0.48095703125;
19:41:16;571.0;1572550878;93.959;20.546204891044493;0.5011269485620607;-0.48828125;
19:41:17;572.0;1572550879;93.775;20.148696635697245;0.49143162526090844;-0.48095703125;
19:41:18;573.0;1572550880;94.081;20.28119938747966;0.49466339969462586;-0.4833984375;
19:41:19;574.0;1572550881;93.979;20.67870764282691;0.5043587229957783;-0.49072265625;
19:41:20;575.0;1572550882;93.511;19.751188380349994;0.481736301959756;-0.4736328125;
19:41:22;577.0;1572550883;93.471;20.546204891044493;0.5011269485620607;-0.48828125;
19:41:23;578.0;1572550884;93.187;20.016193883914827;0.4881998508271909;-0.478515625;
19:41:24;579.0;1572550885;93.308;20.413702139262078;0.4978951741283434;-0.48583984375;
19:41:25;580.0;1572550886;93.694;20.413702139262078;0.4978951741283434;-0.48583984375;
19:41:26;581.0;1572550887;93.959;20.28119938747966;0.49466339969462586;-0.4833984375;
19:41:27;582.0;1572550888;94.306;19.61868562856758;0.4785045275260385;-0.47119140625;
19:41:28;583.0;1572550889;94.409;20.28119938747966;0.49466339969462586;-0.4833984375;
19:41:29;584.0;1572550890;94.142;20.148696635697245;0.49143162526090844;-0.48095703125;
19:41:30;585.0;1572550891;94.0;20.148696635697245;0.49143162526090844;-0.48095703125;
19:41:31;586.0;1572550892;93.836;20.148696635697245;0.49143162526090844;-0.48095703125;
19:41:32;587.0;1572550893;93.592;20.148696635697245;0.49143162526090844;-0.48095703125;
19:41:33;588.0;1572550894;93.918;18.161155358961;0.4429550087551464;-0.4443359375;
19:41:34;589.0;1572550895;93.816;20.28119938747966;0.49466339969462586;-0.4833984375;
19:41:35;590.0;1572550896;93.755;20.413702139262078;0.4978951741283434;-0.48583984375;
19:41:36;591.0;1572550897;93.816;20.811210394609326;0.5075904974294958;-0.4931640625;
19:41:37;592.0;1572550898;93.674;20.28119938747966;0.49466339969462586;-0.4833984375;
19:41:38;593.0;1572550899;93.796;19.883691132132412;0.48496807639347345;-0.47607421875;
19:41:39;594.0;1572550900;93.613;16.571122337572007;0.40417371555053677;-0.4150390625;
19:41:40;595.0;1572550901;93.552;17.763647103613753;0.43325968545399396;-0.43701171875;
19:41:41;596.0;1572550902;93.613;20.413702139262078;0.4978951741283434;-0.48583984375;
19:41:42;597.0;1572550903;93.329;20.28119938747966;0.49466339969462586;-0.4833984375;
19:41:43;598.0;1572550904;93.511;20.67870764282691;0.5043587229957783;-0.49072265625;
