Time;Seconds from start for linreg;Unix Time;ch1 po2;Uc;Ubl;Vc;
21:09:25;-1.0;1576012166;95.019;37.36621196877371;1.1221084675307422;-0.8154296875;
21:09:26;0.0;1576012167;95.102;37.36621196877371;1.1221084675307422;-0.8154296875;
21:09:27;1.0;1576012168;95.287;37.36621196877371;1.1221084675307422;-0.8154296875;
21:09:28;2.0;1576012169;95.391;37.36621196877371;1.1221084675307422;-0.8154296875;
21:09:29;3.0;1576012170;95.598;37.36621196877371;1.1221084675307422;-0.8154296875;
21:09:30;4.0;1576012171;95.391;37.36621196877371;1.1221084675307422;-0.8154296875;
21:09:31;5.0;1576012172;95.225;37.36621196877371;1.1221084675307422;-0.8154296875;
21:09:32;6.0;1576012173;95.225;37.36621196877371;1.1221084675307422;-0.8154296875;
21:09:33;7.0;1576012174;95.102;37.36621196877371;1.1221084675307422;-0.8154296875;
21:09:34;8.0;1576012175;95.287;37.36621196877371;1.1221084675307422;-0.8154296875;
21:09:35;9.0;1576012176;95.122;37.36621196877371;1.1221084675307422;-0.8154296875;
21:09:36;10.0;1576012177;95.164;37.36621196877371;1.1221084675307422;-0.8154296875;
21:09:37;11.0;1576012178;95.267;37.36621196877371;1.1221084675307422;-0.8154296875;
21:09:38;12.0;1576012179;95.205;37.36621196877371;1.1221084675307422;-0.8154296875;
21:09:39;13.0;1576012180;95.184;37.36621196877371;1.1221084675307422;-0.8154296875;
21:09:40;14.0;1576012181;95.164;37.36621196877371;1.1221084675307422;-0.8154296875;
21:09:41;15.0;1576012182;95.267;37.36621196877371;1.1221084675307422;-0.8154296875;
21:09:42;16.0;1576012183;95.411;37.36621196877371;1.1221084675307422;-0.8154296875;
21:09:43;17.0;1576012184;95.453;37.36621196877371;1.1221084675307422;-0.8154296875;
21:09:44;18.0;1576012185;95.391;37.36621196877371;1.1221084675307422;-0.8154296875;
21:09:45;19.0;1576012186;95.06;37.36621196877371;1.1221084675307422;-0.8154296875;
21:09:46;20.0;1576012187;94.957;37.36621196877371;1.1221084675307422;-0.8154296875;
21:09:47;21.0;1576012188;95.205;37.36621196877371;1.1221084675307422;-0.8154296875;
21:09:48;22.0;1576012189;95.205;37.36621196877371;1.1221084675307422;-0.8154296875;
21:09:49;23.0;1576012190;95.287;37.36621196877371;1.1221084675307422;-0.8154296875;
21:09:50;24.0;1576012191;95.37;37.36621196877371;1.1221084675307422;-0.8154296875;
21:09:51;25.0;1576012192;95.267;37.36621196877371;1.1221084675307422;-0.8154296875;
21:09:52;26.0;1576012193;95.308;37.36621196877371;1.1221084675307422;-0.8154296875;
21:09:53;27.0;1576012194;95.164;37.36621196877371;1.1221084675307422;-0.8154296875;
21:09:54;28.0;1576012195;95.081;37.36621196877371;1.1221084675307422;-0.8154296875;
21:09:55;29.0;1576012196;94.957;37.36621196877371;1.1221084675307422;-0.8154296875;
21:09:56;30.0;1576012197;94.834;37.36621196877371;1.1221084675307422;-0.8154296875;
21:09:57;31.0;1576012199;94.834;37.36621196877371;1.1221084675307422;-0.8154296875;
21:09:58;32.0;1576012200;95.019;37.36621196877371;1.1221084675307422;-0.8154296875;
21:09:59;33.0;1576012201;94.916;37.36621196877371;1.1221084675307422;-0.8154296875;
21:10:00;34.0;1576012202;95.06;37.36621196877371;1.1221084675307422;-0.8154296875;
21:10:01;35.0;1576012203;95.184;37.36621196877371;1.1221084675307422;-0.8154296875;
21:10:02;36.0;1576012204;95.06;37.36621196877371;1.1221084675307422;-0.8154296875;
21:10:03;37.0;1576012205;95.225;37.36621196877371;1.1221084675307422;-0.8154296875;
21:10:04;38.0;1576012206;95.308;37.36621196877371;1.1221084675307422;-0.8154296875;
21:10:05;39.0;1576012207;95.246;37.36621196877371;1.1221084675307422;-0.8154296875;
21:10:06;40.0;1576012208;95.267;37.36621196877371;1.1221084675307422;-0.8154296875;
21:10:07;41.0;1576012209;95.391;37.36621196877371;1.1221084675307422;-0.8154296875;
21:10:08;42.0;1576012210;95.474;37.36621196877371;1.1221084675307422;-0.8154296875;
21:10:09;43.0;1576012211;95.619;37.36621196877371;1.1221084675307422;-0.8154296875;
21:10:10;44.0;1576012212;95.639;37.36621196877371;1.1221084675307422;-0.8154296875;
21:10:11;45.0;1576012213;95.391;37.36621196877371;1.1221084675307422;-0.8154296875;
21:10:12;46.0;1576012214;95.102;37.36621196877371;1.1221084675307422;-0.8154296875;
21:10:14;48.0;1576012215;94.937;37.36621196877371;1.1221084675307422;-0.8154296875;
21:10:15;49.0;1576012216;94.834;37.36621196877371;1.1221084675307422;-0.8154296875;
21:10:16;50.0;1576012217;94.937;37.36621196877371;1.1221084675307422;-0.8154296875;
21:10:17;51.0;1576012218;94.999;37.36621196877371;1.1221084675307422;-0.8154296875;
21:10:18;52.0;1576012219;94.896;37.36621196877371;1.1221084675307422;-0.8154296875;
21:10:19;53.0;1576012220;94.896;37.36621196877371;1.1221084675307422;-0.8154296875;
21:10:20;54.0;1576012221;94.978;37.36621196877371;1.1221084675307422;-0.8154296875;
21:10:21;55.0;1576012222;94.916;37.36621196877371;1.1221084675307422;-0.8154296875;
21:10:22;56.0;1576012223;94.916;37.36621196877371;1.1221084675307422;-0.8154296875;
21:10:23;57.0;1576012224;95.143;37.36621196877371;1.1221084675307422;-0.8154296875;
21:10:24;58.0;1576012225;95.019;37.36621196877371;1.1221084675307422;-0.8154296875;
21:10:25;59.0;1576012226;95.102;37.36621196877371;1.1221084675307422;-0.8154296875;
21:10:26;60.0;1576012227;95.287;37.36621196877371;1.1221084675307422;-0.8154296875;
21:10:27;61.0;1576012228;95.184;37.36621196877371;1.1221084675307422;-0.8154296875;
21:10:28;62.0;1576012229;95.329;37.36621196877371;1.1221084675307422;-0.8154296875;
21:10:29;63.0;1576012230;95.349;37.36621196877371;1.1221084675307422;-0.8154296875;
21:10:30;64.0;1576012231;95.267;37.36621196877371;1.1221084675307422;-0.8154296875;
21:10:31;65.0;1576012232;95.267;37.36621196877371;1.1221084675307422;-0.8154296875;
21:10:32;66.0;1576012233;95.019;37.36621196877371;1.1221084675307422;-0.8154296875;
21:10:33;67.0;1576012234;94.937;37.36621196877371;1.1221084675307422;-0.8154296875;
21:10:34;68.0;1576012235;94.957;37.36621196877371;1.1221084675307422;-0.8154296875;
21:10:35;69.0;1576012236;94.896;37.36621196877371;1.1221084675307422;-0.8154296875;
21:10:36;70.0;1576012237;94.978;37.36621196877371;1.1221084675307422;-0.8154296875;
21:10:37;71.0;1576012238;95.06;37.36621196877371;1.1221084675307422;-0.8154296875;
21:10:38;72.0;1576012239;94.999;37.36621196877371;1.1221084675307422;-0.8154296875;
21:10:39;73.0;1576012240;95.04;37.36621196877371;1.1221084675307422;-0.8154296875;
21:10:40;74.0;1576012241;95.081;37.36621196877371;1.1221084675307422;-0.8154296875;
21:10:41;75.0;1576012242;95.164;37.36621196877371;1.1221084675307422;-0.8154296875;
21:10:42;76.0;1576012243;95.205;37.36621196877371;1.1221084675307422;-0.8154296875;
21:10:43;77.0;1576012244;94.978;37.36621196877371;1.1221084675307422;-0.8154296875;
21:10:44;78.0;1576012245;94.772;37.36621196877371;1.1221084675307422;-0.8154296875;
21:10:45;79.0;1576012246;94.608;37.36621196877371;1.1221084675307422;-0.8154296875;
21:10:46;80.0;1576012247;94.916;37.36621196877371;1.1221084675307422;-0.8154296875;
21:10:47;81.0;1576012248;95.122;37.36621196877371;1.1221084675307422;-0.8154296875;
21:10:48;82.0;1576012249;95.391;37.36621196877371;1.1221084675307422;-0.8154296875;
21:10:49;83.0;1576012250;95.494;37.36621196877371;1.1221084675307422;-0.8154296875;
21:10:50;84.0;1576012251;94.978;37.36621196877371;1.1221084675307422;-0.8154296875;
21:10:51;85.0;1576012252;95.04;37.36621196877371;1.1221084675307422;-0.8154296875;
21:10:52;86.0;1576012253;94.999;37.36621196877371;1.1221084675307422;-0.8154296875;
21:10:53;87.0;1576012254;94.875;37.36621196877371;1.1221084675307422;-0.8154296875;
21:10:54;88.0;1576012255;95.102;37.36621196877371;1.1221084675307422;-0.8154296875;
21:10:55;89.0;1576012257;94.937;37.36621196877371;1.1221084675307422;-0.8154296875;
21:10:56;90.0;1576012258;94.834;37.36621196877371;1.1221084675307422;-0.8154296875;
21:10:57;91.0;1576012259;94.875;37.36621196877371;1.1221084675307422;-0.8154296875;
21:10:58;92.0;1576012260;94.916;37.36621196877371;1.1221084675307422;-0.8154296875;
21:10:59;93.0;1576012261;94.855;37.36621196877371;1.1221084675307422;-0.8154296875;
21:11:00;94.0;1576012262;94.834;37.36621196877371;1.1221084675307422;-0.8154296875;
21:11:01;95.0;1576012263;94.752;37.36621196877371;1.1221084675307422;-0.8154296875;
21:11:02;96.0;1576012264;94.526;37.36621196877371;1.1221084675307422;-0.8154296875;
21:11:03;97.0;1576012265;94.69;37.36621196877371;1.1221084675307422;-0.8154296875;
21:11:04;98.0;1576012266;94.772;37.36621196877371;1.1221084675307422;-0.8154296875;
21:11:05;99.0;1576012267;94.772;37.36621196877371;1.1221084675307422;-0.8154296875;
21:11:06;100.0;1576012268;94.999;37.36621196877371;1.1221084675307422;-0.8154296875;
21:11:07;101.0;1576012268;94.999;37.36621196877371;1.1221084675307422;-0.8154296875;
21:11:08;102.0;1576012269;94.978;37.36621196877371;1.1221084675307422;-0.8154296875;
21:11:09;103.0;1576012270;94.937;37.36621196877371;1.1221084675307422;-0.8154296875;
21:11:10;104.0;1576012271;94.793;37.36621196877371;1.1221084675307422;-0.8154296875;
21:11:11;105.0;1576012272;94.485;37.36621196877371;1.1221084675307422;-0.8154296875;
21:11:12;106.0;1576012274;94.465;37.36621196877371;1.1221084675307422;-0.8154296875;
21:11:13;107.0;1576012275;94.424;37.36621196877371;1.1221084675307422;-0.8154296875;
21:11:14;108.0;1576012276;94.465;37.36621196877371;1.1221084675307422;-0.8154296875;
21:11:15;109.0;1576012277;94.813;37.36621196877371;1.1221084675307422;-0.8154296875;
21:11:16;110.0;1576012278;94.813;37.36621196877371;1.1221084675307422;-0.8154296875;
21:11:18;112.0;1576012279;95.04;37.36621196877371;1.1221084675307422;-0.8154296875;
21:11:19;113.0;1576012280;95.225;37.36621196877371;1.1221084675307422;-0.8154296875;
21:11:20;114.0;1576012281;94.978;37.36621196877371;1.1221084675307422;-0.8154296875;
21:11:21;115.0;1576012282;94.834;37.36621196877371;1.1221084675307422;-0.8154296875;
21:11:22;116.0;1576012283;94.567;37.36621196877371;1.1221084675307422;-0.8154296875;
21:11:23;117.0;1576012284;94.526;37.36621196877371;1.1221084675307422;-0.8154296875;
21:11:24;118.0;1576012285;94.506;37.36621196877371;1.1221084675307422;-0.8154296875;
21:11:25;119.0;1576012286;94.793;37.36621196877371;1.1221084675307422;-0.8154296875;
21:11:26;120.0;1576012287;94.855;37.36621196877371;1.1221084675307422;-0.8154296875;
21:11:27;121.0;1576012288;94.793;37.36621196877371;1.1221084675307422;-0.8154296875;
21:11:28;122.0;1576012289;94.916;37.36621196877371;1.1221084675307422;-0.8154296875;
21:11:29;123.0;1576012290;94.731;37.36621196877371;1.1221084675307422;-0.8154296875;
21:11:30;124.0;1576012291;94.813;37.36621196877371;1.1221084675307422;-0.8154296875;
21:11:31;125.0;1576012292;94.629;37.36621196877371;1.1221084675307422;-0.8154296875;
21:11:32;126.0;1576012293;94.526;37.36621196877371;1.1221084675307422;-0.8154296875;
21:11:33;127.0;1576012294;94.444;37.36621196877371;1.1221084675307422;-0.8154296875;
21:11:34;128.0;1576012295;94.567;37.36621196877371;1.1221084675307422;-0.8154296875;
21:11:35;129.0;1576012296;94.793;37.36621196877371;1.1221084675307422;-0.8154296875;
21:11:36;130.0;1576012297;94.793;37.36621196877371;1.1221084675307422;-0.8154296875;
21:11:37;131.0;1576012298;94.772;37.36621196877371;1.1221084675307422;-0.8154296875;
21:11:38;132.0;1576012299;94.752;37.36621196877371;1.1221084675307422;-0.8154296875;
21:11:39;133.0;1576012300;94.567;37.36621196877371;1.1221084675307422;-0.8154296875;
21:11:40;134.0;1576012301;94.629;37.36621196877371;1.1221084675307422;-0.8154296875;
21:11:41;135.0;1576012302;94.588;37.36621196877371;1.1221084675307422;-0.8154296875;
21:11:43;137.0;1576012303;94.567;37.36621196877371;1.1221084675307422;-0.8154296875;
21:11:44;138.0;1576012305;94.506;37.36621196877371;1.1221084675307422;-0.8154296875;
21:11:45;139.0;1576012306;94.793;37.36621196877371;1.1221084675307422;-0.8154296875;
21:11:46;140.0;1576012307;94.813;37.36621196877371;1.1221084675307422;-0.8154296875;
21:11:47;141.0;1576012308;94.69;37.36621196877371;1.1221084675307422;-0.8154296875;
21:11:48;142.0;1576012309;94.752;37.36621196877371;1.1221084675307422;-0.8154296875;
21:11:49;143.0;1576012310;94.731;37.36621196877371;1.1221084675307422;-0.8154296875;
21:11:50;144.0;1576012312;94.834;37.36621196877371;1.1221084675307422;-0.8154296875;
21:11:51;145.0;1576012313;94.999;37.36621196877371;1.1221084675307422;-0.8154296875;
21:11:52;146.0;1576012314;94.834;37.36621196877371;1.1221084675307422;-0.8154296875;
21:11:53;147.0;1576012315;94.711;37.36621196877371;1.1221084675307422;-0.8154296875;
21:11:54;148.0;1576012315;94.588;37.36621196877371;1.1221084675307422;-0.8154296875;
21:11:55;149.0;1576012316;94.363;37.36621196877371;1.1221084675307422;-0.8154296875;
21:11:56;150.0;1576012317;94.526;37.36621196877371;1.1221084675307422;-0.8154296875;
21:11:57;151.0;1576012318;94.547;37.36621196877371;1.1221084675307422;-0.8154296875;
21:11:58;152.0;1576012319;94.588;37.36621196877371;1.1221084675307422;-0.8154296875;
21:11:59;153.0;1576012320;94.629;37.36621196877371;1.1221084675307422;-0.8154296875;
21:12:00;154.0;1576012321;94.588;37.36621196877371;1.1221084675307422;-0.8154296875;
21:12:01;155.0;1576012322;94.444;37.36621196877371;1.1221084675307422;-0.8154296875;
21:12:02;156.0;1576012323;94.588;37.36621196877371;1.1221084675307422;-0.8154296875;
21:12:03;157.0;1576012324;94.752;37.36621196877371;1.1221084675307422;-0.8154296875;
21:12:04;158.0;1576012325;94.999;37.36621196877371;1.1221084675307422;-0.8154296875;
21:12:05;159.0;1576012326;95.122;37.36621196877371;1.1221084675307422;-0.8154296875;
21:12:06;160.0;1576012327;94.834;37.36621196877371;1.1221084675307422;-0.8154296875;
21:12:07;161.0;1576012328;94.608;37.36621196877371;1.1221084675307422;-0.8154296875;
21:12:08;162.0;1576012329;94.465;37.36621196877371;1.1221084675307422;-0.8154296875;
21:12:09;163.0;1576012331;94.363;37.36621196877371;1.1221084675307422;-0.8154296875;
21:12:10;164.0;1576012332;94.404;37.36621196877371;1.1221084675307422;-0.8154296875;
21:12:11;165.0;1576012333;94.608;37.36621196877371;1.1221084675307422;-0.8154296875;
21:12:12;166.0;1576012334;94.547;37.36621196877371;1.1221084675307422;-0.8154296875;
21:12:13;167.0;1576012335;94.649;37.36621196877371;1.1221084675307422;-0.8154296875;
21:12:14;168.0;1576012336;94.649;37.36621196877371;1.1221084675307422;-0.8154296875;
21:12:15;169.0;1576012337;94.383;37.36621196877371;1.1221084675307422;-0.8154296875;
21:12:16;170.0;1576012338;94.179;37.36621196877371;1.1221084675307422;-0.8154296875;
21:12:17;171.0;1576012339;94.158;37.36621196877371;1.1221084675307422;-0.8154296875;
21:12:18;172.0;1576012340;94.179;37.36621196877371;1.1221084675307422;-0.8154296875;
21:12:19;173.0;1576012341;94.424;37.36621196877371;1.1221084675307422;-0.8154296875;
21:12:20;174.0;1576012342;94.363;37.36621196877371;1.1221084675307422;-0.8154296875;
21:12:22;176.0;1576012343;94.301;37.36621196877371;1.1221084675307422;-0.8154296875;
21:12:23;177.0;1576012344;94.281;37.36621196877371;1.1221084675307422;-0.8154296875;
21:12:24;178.0;1576012345;94.199;37.36621196877371;1.1221084675307422;-0.8154296875;
21:12:25;179.0;1576012346;94.301;37.36621196877371;1.1221084675307422;-0.8154296875;
21:12:26;180.0;1576012347;94.158;37.36621196877371;1.1221084675307422;-0.8154296875;
21:12:27;181.0;1576012348;94.26;37.36621196877371;1.1221084675307422;-0.8154296875;
21:12:28;182.0;1576012349;94.26;37.36621196877371;1.1221084675307422;-0.8154296875;
21:12:29;183.0;1576012350;94.342;37.36621196877371;1.1221084675307422;-0.8154296875;
21:12:30;184.0;1576012351;94.567;37.36621196877371;1.1221084675307422;-0.8154296875;
21:12:31;185.0;1576012352;94.465;37.36621196877371;1.1221084675307422;-0.8154296875;
21:12:32;186.0;1576012353;94.383;37.36621196877371;1.1221084675307422;-0.8154296875;
21:12:33;187.0;1576012354;94.097;37.36621196877371;1.1221084675307422;-0.8154296875;
21:12:34;188.0;1576012355;94.118;37.36621196877371;1.1221084675307422;-0.8154296875;
21:12:35;189.0;1576012356;94.118;37.36621196877371;1.1221084675307422;-0.8154296875;
21:12:36;190.0;1576012357;94.016;37.36621196877371;1.1221084675307422;-0.8154296875;
21:12:37;191.0;1576012358;94.26;37.36621196877371;1.1221084675307422;-0.8154296875;
21:12:38;192.0;1576012359;94.016;37.36621196877371;1.1221084675307422;-0.8154296875;
21:12:39;193.0;1576012360;94.057;37.36621196877371;1.1221084675307422;-0.8154296875;
21:12:40;194.0;1576012361;94.179;37.36621196877371;1.1221084675307422;-0.8154296875;
21:12:42;196.0;1576012362;94.179;37.36621196877371;1.1221084675307422;-0.8154296875;
21:12:43;197.0;1576012364;93.955;37.36621196877371;1.1221084675307422;-0.8154296875;
21:12:44;198.0;1576012365;93.894;37.36621196877371;1.1221084675307422;-0.8154296875;
21:12:45;199.0;1576012366;93.792;37.36621196877371;1.1221084675307422;-0.8154296875;
21:12:46;200.0;1576012367;93.711;37.36621196877371;1.1221084675307422;-0.8154296875;
21:12:47;201.0;1576012368;93.671;37.36621196877371;1.1221084675307422;-0.8154296875;
21:12:48;202.0;1576012369;93.589;37.36621196877371;1.1221084675307422;-0.8154296875;
21:12:49;203.0;1576012370;93.731;37.36621196877371;1.1221084675307422;-0.8154296875;
21:12:50;204.0;1576012371;93.853;37.36621196877371;1.1221084675307422;-0.8154296875;
21:12:51;205.0;1576012372;93.914;37.36621196877371;1.1221084675307422;-0.8154296875;
21:12:52;206.0;1576012373;94.057;37.36621196877371;1.1221084675307422;-0.8154296875;
21:12:53;207.0;1576012374;94.138;37.36621196877371;1.1221084675307422;-0.8154296875;
21:12:54;208.0;1576012375;94.138;37.36621196877371;1.1221084675307422;-0.8154296875;
21:12:55;209.0;1576012376;94.22;37.36621196877371;1.1221084675307422;-0.8154296875;
21:12:56;210.0;1576012377;94.281;37.36621196877371;1.1221084675307422;-0.8154296875;
21:12:57;211.0;1576012378;94.301;37.36621196877371;1.1221084675307422;-0.8154296875;
21:12:58;212.0;1576012379;94.281;37.36621196877371;1.1221084675307422;-0.8154296875;
21:12:59;213.0;1576012380;94.199;37.36621196877371;1.1221084675307422;-0.8154296875;
21:13:00;214.0;1576012381;94.301;37.36621196877371;1.1221084675307422;-0.8154296875;
21:13:01;215.0;1576012382;94.057;37.36621196877371;1.1221084675307422;-0.8154296875;
21:13:02;216.0;1576012383;93.914;37.36621196877371;1.1221084675307422;-0.8154296875;
21:13:03;217.0;1576012384;93.873;37.36621196877371;1.1221084675307422;-0.8154296875;
21:13:04;218.0;1576012385;93.731;37.36621196877371;1.1221084675307422;-0.8154296875;
21:13:05;219.0;1576012386;94.016;37.36621196877371;1.1221084675307422;-0.8154296875;
21:13:06;220.0;1576012387;93.934;37.36621196877371;1.1221084675307422;-0.8154296875;
21:13:07;221.0;1576012388;93.934;37.36621196877371;1.1221084675307422;-0.8154296875;
21:13:08;222.0;1576012389;93.772;37.36621196877371;1.1221084675307422;-0.8154296875;
21:13:09;223.0;1576012390;93.691;37.36621196877371;1.1221084675307422;-0.8154296875;
21:13:10;224.0;1576012392;93.975;37.36621196877371;1.1221084675307422;-0.8154296875;
21:13:11;225.0;1576012393;94.281;37.36621196877371;1.1221084675307422;-0.8154296875;
21:13:12;226.0;1576012394;94.424;37.36621196877371;1.1221084675307422;-0.8154296875;
21:13:13;227.0;1576012395;94.301;37.36621196877371;1.1221084675307422;-0.8154296875;
21:13:14;228.0;1576012396;94.22;37.36621196877371;1.1221084675307422;-0.8154296875;
21:13:15;229.0;1576012397;94.077;37.36621196877371;1.1221084675307422;-0.8154296875;
21:13:16;230.0;1576012398;93.975;37.36621196877371;1.1221084675307422;-0.8154296875;
21:13:17;231.0;1576012399;94.22;37.36621196877371;1.1221084675307422;-0.8154296875;
21:13:18;232.0;1576012400;94.077;37.36621196877371;1.1221084675307422;-0.8154296875;
21:13:19;233.0;1576012401;94.26;37.36621196877371;1.1221084675307422;-0.8154296875;
21:13:20;234.0;1576012402;94.138;37.36621196877371;1.1221084675307422;-0.8154296875;
21:13:21;235.0;1576012403;93.914;37.36621196877371;1.1221084675307422;-0.8154296875;
21:13:22;236.0;1576012404;93.975;37.36621196877371;1.1221084675307422;-0.8154296875;
21:13:23;237.0;1576012405;93.752;37.36621196877371;1.1221084675307422;-0.8154296875;
21:13:24;238.0;1576012406;93.671;37.36621196877371;1.1221084675307422;-0.8154296875;
21:13:25;239.0;1576012407;93.772;37.36621196877371;1.1221084675307422;-0.8154296875;
21:13:27;241.0;1576012408;93.65;37.36621196877371;1.1221084675307422;-0.8154296875;
21:13:28;242.0;1576012409;93.752;37.36621196877371;1.1221084675307422;-0.8154296875;
21:13:29;243.0;1576012410;93.996;37.36621196877371;1.1221084675307422;-0.8154296875;
21:13:30;244.0;1576012411;93.711;37.36621196877371;1.1221084675307422;-0.8154296875;
21:13:31;245.0;1576012412;93.853;37.36621196877371;1.1221084675307422;-0.8154296875;
21:13:32;246.0;1576012413;93.65;37.36621196877371;1.1221084675307422;-0.8154296875;
21:13:33;247.0;1576012414;93.569;37.36621196877371;1.1221084675307422;-0.8154296875;
21:13:34;248.0;1576012415;93.61;37.36621196877371;1.1221084675307422;-0.8154296875;
21:13:35;249.0;1576012416;93.569;37.36621196877371;1.1221084675307422;-0.8154296875;
21:13:36;250.0;1576012417;93.731;37.36621196877371;1.1221084675307422;-0.8154296875;
21:13:37;251.0;1576012418;93.569;37.36621196877371;1.1221084675307422;-0.8154296875;
21:13:38;252.0;1576012419;93.488;37.36621196877371;1.1221084675307422;-0.8154296875;
21:13:39;253.0;1576012420;93.468;37.36621196877371;1.1221084675307422;-0.8154296875;
21:13:40;254.0;1576012421;93.407;37.36621196877371;1.1221084675307422;-0.8154296875;
21:13:41;255.0;1576012421;93.306;37.36621196877371;1.1221084675307422;-0.8154296875;
21:13:42;256.0;1576012423;93.61;37.36621196877371;1.1221084675307422;-0.8154296875;
21:13:43;257.0;1576012424;93.428;37.36621196877371;1.1221084675307422;-0.8154296875;
21:13:44;258.0;1576012425;93.226;37.36621196877371;1.1221084675307422;-0.8154296875;
21:13:45;259.0;1576012426;93.448;37.36621196877371;1.1221084675307422;-0.8154296875;
21:13:46;260.0;1576012427;93.387;37.36621196877371;1.1221084675307422;-0.8154296875;
21:13:47;261.0;1576012428;93.63;37.36621196877371;1.1221084675307422;-0.8154296875;
21:13:48;262.0;1576012429;94.036;37.36621196877371;1.1221084675307422;-0.8154296875;
21:13:49;263.0;1576012430;94.077;37.36621196877371;1.1221084675307422;-0.8154296875;
21:13:50;264.0;1576012431;94.138;37.36621196877371;1.1221084675307422;-0.8154296875;
21:13:51;265.0;1576012432;94.077;37.36621196877371;1.1221084675307422;-0.8154296875;
21:13:52;266.0;1576012433;93.731;37.36621196877371;1.1221084675307422;-0.8154296875;
21:13:53;267.0;1576012434;93.792;37.36621196877371;1.1221084675307422;-0.8154296875;
21:13:54;268.0;1576012435;93.671;37.36621196877371;1.1221084675307422;-0.8154296875;
21:13:55;269.0;1576012436;93.529;37.36621196877371;1.1221084675307422;-0.8154296875;
21:13:56;270.0;1576012437;93.61;37.36621196877371;1.1221084675307422;-0.8154296875;
21:13:57;271.0;1576012438;93.549;37.36621196877371;1.1221084675307422;-0.8154296875;
21:13:58;272.0;1576012439;93.61;37.36621196877371;1.1221084675307422;-0.8154296875;
21:13:59;273.0;1576012440;94.016;37.36621196877371;1.1221084675307422;-0.8154296875;
21:14:00;274.0;1576012441;94.077;37.36621196877371;1.1221084675307422;-0.8154296875;
21:14:01;275.0;1576012442;93.955;37.36621196877371;1.1221084675307422;-0.8154296875;
21:14:02;276.0;1576012443;94.016;37.36621196877371;1.1221084675307422;-0.8154296875;
21:14:03;277.0;1576012444;93.894;37.36621196877371;1.1221084675307422;-0.8154296875;
21:14:04;278.0;1576012445;93.752;37.36621196877371;1.1221084675307422;-0.8154296875;
21:14:05;279.0;1576012446;93.833;37.36621196877371;1.1221084675307422;-0.8154296875;
21:14:06;280.0;1576012448;93.914;37.36621196877371;1.1221084675307422;-0.8154296875;
21:14:07;281.0;1576012449;93.894;37.36621196877371;1.1221084675307422;-0.8154296875;
21:14:08;282.0;1576012450;94.036;37.36621196877371;1.1221084675307422;-0.8154296875;
21:14:09;283.0;1576012451;94.118;37.36621196877371;1.1221084675307422;-0.8154296875;
21:14:10;284.0;1576012452;93.772;37.36621196877371;1.1221084675307422;-0.8154296875;
21:14:11;285.0;1576012453;93.569;37.36621196877371;1.1221084675307422;-0.8154296875;
21:14:12;286.0;1576012454;93.731;37.36621196877371;1.1221084675307422;-0.8154296875;
21:14:13;287.0;1576012455;93.589;37.36621196877371;1.1221084675307422;-0.8154296875;
21:14:14;288.0;1576012456;93.671;37.36621196877371;1.1221084675307422;-0.8154296875;
21:14:15;289.0;1576012457;93.428;37.36621196877371;1.1221084675307422;-0.8154296875;
21:14:16;290.0;1576012458;93.306;37.36621196877371;1.1221084675307422;-0.8154296875;
21:14:17;291.0;1576012459;93.266;37.36621196877371;1.1221084675307422;-0.8154296875;
21:14:18;292.0;1576012460;93.347;37.36621196877371;1.1221084675307422;-0.8154296875;
21:14:19;293.0;1576012461;93.63;37.36621196877371;1.1221084675307422;-0.8154296875;
21:14:20;294.0;1576012462;93.63;37.36621196877371;1.1221084675307422;-0.8154296875;
21:14:21;295.0;1576012462;93.711;37.36621196877371;1.1221084675307422;-0.8154296875;
21:14:22;296.0;1576012463;93.731;37.36621196877371;1.1221084675307422;-0.8154296875;
21:14:23;297.0;1576012464;93.813;37.36621196877371;1.1221084675307422;-0.8154296875;
21:14:24;298.0;1576012465;93.589;37.36621196877371;1.1221084675307422;-0.8154296875;
21:14:25;299.0;1576012467;93.61;37.36621196877371;1.1221084675307422;-0.8154296875;
21:14:26;300.0;1576012468;93.407;37.36621196877371;1.1221084675307422;-0.8154296875;
21:14:27;301.0;1576012469;93.306;37.36621196877371;1.1221084675307422;-0.8154296875;
21:14:28;302.0;1576012470;93.327;37.36621196877371;1.1221084675307422;-0.8154296875;
21:14:30;304.0;1576012471;93.407;37.36621196877371;1.1221084675307422;-0.8154296875;
21:14:31;305.0;1576012472;93.327;37.36621196877371;1.1221084675307422;-0.8154296875;
21:14:32;306.0;1576012473;93.185;37.36621196877371;1.1221084675307422;-0.8154296875;
21:14:33;307.0;1576012474;93.428;37.36621196877371;1.1221084675307422;-0.8154296875;
21:14:34;308.0;1576012475;93.286;37.36621196877371;1.1221084675307422;-0.8154296875;
21:14:35;309.0;1576012476;93.569;37.36621196877371;1.1221084675307422;-0.8154296875;
21:14:36;310.0;1576012477;93.752;37.36621196877371;1.1221084675307422;-0.8154296875;
21:14:37;311.0;1576012478;93.529;37.36621196877371;1.1221084675307422;-0.8154296875;
21:14:38;312.0;1576012479;93.428;37.36621196877371;1.1221084675307422;-0.8154296875;
21:14:39;313.0;1576012480;93.226;37.36621196877371;1.1221084675307422;-0.8154296875;
21:14:40;314.0;1576012480;93.145;37.36621196877371;1.1221084675307422;-0.8154296875;
21:14:41;315.0;1576012482;93.044;37.36621196877371;1.1221084675307422;-0.8154296875;
21:14:42;316.0;1576012483;93.085;37.36621196877371;1.1221084675307422;-0.8154296875;
21:14:43;317.0;1576012484;93.347;37.36621196877371;1.1221084675307422;-0.8154296875;
21:14:44;318.0;1576012485;93.488;37.36621196877371;1.1221084675307422;-0.8154296875;
21:14:45;319.0;1576012486;93.367;37.36621196877371;1.1221084675307422;-0.8154296875;
21:14:46;320.0;1576012487;93.367;37.36621196877371;1.1221084675307422;-0.8154296875;
21:14:47;321.0;1576012488;93.085;37.36621196877371;1.1221084675307422;-0.8154296875;
21:14:48;322.0;1576012489;92.944;37.36621196877371;1.1221084675307422;-0.8154296875;
21:14:49;323.0;1576012490;93.145;37.36621196877371;1.1221084675307422;-0.8154296875;
21:14:50;324.0;1576012491;93.085;37.36621196877371;1.1221084675307422;-0.8154296875;
21:14:51;325.0;1576012492;93.145;37.36621196877371;1.1221084675307422;-0.8154296875;
21:14:52;326.0;1576012493;92.964;37.36621196877371;1.1221084675307422;-0.8154296875;
21:14:53;327.0;1576012494;93.004;37.36621196877371;1.1221084675307422;-0.8154296875;
21:14:54;328.0;1576012495;92.964;37.36621196877371;1.1221084675307422;-0.8154296875;
21:14:55;329.0;1576012496;92.944;37.36621196877371;1.1221084675307422;-0.8154296875;
21:14:56;330.0;1576012497;93.004;37.36621196877371;1.1221084675307422;-0.8154296875;
21:14:57;331.0;1576012498;92.904;37.36621196877371;1.1221084675307422;-0.8154296875;
21:14:58;332.0;1576012499;92.944;37.36621196877371;1.1221084675307422;-0.8154296875;
21:14:59;333.0;1576012500;92.863;37.36621196877371;1.1221084675307422;-0.8154296875;
21:15:00;334.0;1576012501;92.944;37.36621196877371;1.1221084675307422;-0.8154296875;
21:15:01;335.0;1576012502;93.004;37.36621196877371;1.1221084675307422;-0.8154296875;
21:15:02;336.0;1576012504;92.984;37.36621196877371;1.1221084675307422;-0.8154296875;
21:15:03;337.0;1576012505;92.984;37.36621196877371;1.1221084675307422;-0.8154296875;
21:15:04;338.0;1576012506;93.044;37.36621196877371;1.1221084675307422;-0.8154296875;
21:15:05;339.0;1576012507;93.085;37.36621196877371;1.1221084675307422;-0.8154296875;
21:15:06;340.0;1576012508;93.064;37.36621196877371;1.1221084675307422;-0.8154296875;
21:15:07;341.0;1576012508;93.185;37.36621196877371;1.1221084675307422;-0.8154296875;
21:15:08;342.0;1576012509;92.924;37.36621196877371;1.1221084675307422;-0.8154296875;
21:15:09;343.0;1576012510;92.783;37.36621196877371;1.1221084675307422;-0.8154296875;
21:15:10;344.0;1576012511;93.205;37.36621196877371;1.1221084675307422;-0.8154296875;
21:15:11;345.0;1576012512;93.004;37.36621196877371;1.1221084675307422;-0.8154296875;
21:15:12;346.0;1576012513;93.064;37.36621196877371;1.1221084675307422;-0.8154296875;
21:15:13;347.0;1576012514;93.205;37.36621196877371;1.1221084675307422;-0.8154296875;
21:15:14;348.0;1576012515;93.064;37.36621196877371;1.1221084675307422;-0.8154296875;
21:15:15;349.0;1576012516;93.226;37.36621196877371;1.1221084675307422;-0.8154296875;
21:15:16;350.0;1576012517;93.306;37.36621196877371;1.1221084675307422;-0.8154296875;
21:15:17;351.0;1576012518;93.085;37.36621196877371;1.1221084675307422;-0.8154296875;
21:15:18;352.0;1576012519;92.883;37.36621196877371;1.1221084675307422;-0.8154296875;
21:15:19;353.0;1576012520;92.603;37.36621196877371;1.1221084675307422;-0.8154296875;
21:15:20;354.0;1576012521;92.543;37.36621196877371;1.1221084675307422;-0.8154296875;
21:15:21;355.0;1576012522;92.603;37.36621196877371;1.1221084675307422;-0.8154296875;
21:15:22;356.0;1576012524;92.463;37.36621196877371;1.1221084675307422;-0.8154296875;
21:15:23;357.0;1576012525;92.904;37.36621196877371;1.1221084675307422;-0.8154296875;
21:15:24;358.0;1576012526;92.924;37.36621196877371;1.1221084675307422;-0.8154296875;
21:15:25;359.0;1576012527;92.904;37.36621196877371;1.1221084675307422;-0.8154296875;
21:15:26;360.0;1576012528;92.883;37.36621196877371;1.1221084675307422;-0.8154296875;
21:15:27;361.0;1576012529;92.683;37.36621196877371;1.1221084675307422;-0.8154296875;
21:15:28;362.0;1576012530;92.843;37.36621196877371;1.1221084675307422;-0.8154296875;
21:15:29;363.0;1576012531;92.783;37.36621196877371;1.1221084675307422;-0.8154296875;
21:15:30;364.0;1576012532;92.883;37.36621196877371;1.1221084675307422;-0.8154296875;
21:15:31;365.0;1576012533;92.863;37.36621196877371;1.1221084675307422;-0.8154296875;
21:15:32;366.0;1576012534;92.723;37.36621196877371;1.1221084675307422;-0.8154296875;
21:15:33;367.0;1576012535;93.004;37.36621196877371;1.1221084675307422;-0.8154296875;
21:15:35;369.0;1576012536;93.125;37.36621196877371;1.1221084675307422;-0.8154296875;
21:15:36;370.0;1576012537;93.226;37.36621196877371;1.1221084675307422;-0.8154296875;
21:15:37;371.0;1576012538;93.205;37.36621196877371;1.1221084675307422;-0.8154296875;
21:15:38;372.0;1576012539;93.185;37.36621196877371;1.1221084675307422;-0.8154296875;
21:15:39;373.0;1576012539;93.044;37.36621196877371;1.1221084675307422;-0.8154296875;
21:15:40;374.0;1576012541;93.044;37.36621196877371;1.1221084675307422;-0.8154296875;
21:15:41;375.0;1576012542;93.064;37.36621196877371;1.1221084675307422;-0.8154296875;
21:15:42;376.0;1576012543;92.944;37.36621196877371;1.1221084675307422;-0.8154296875;
21:15:43;377.0;1576012544;92.883;37.36621196877371;1.1221084675307422;-0.8154296875;
21:15:44;378.0;1576012545;92.863;37.36621196877371;1.1221084675307422;-0.8154296875;
21:15:45;379.0;1576012546;92.843;37.36621196877371;1.1221084675307422;-0.8154296875;
21:15:46;380.0;1576012547;92.944;37.36621196877371;1.1221084675307422;-0.8154296875;
21:15:47;381.0;1576012548;93.044;37.36621196877371;1.1221084675307422;-0.8154296875;
21:15:48;382.0;1576012549;93.044;37.36621196877371;1.1221084675307422;-0.8154296875;
21:15:49;383.0;1576012550;93.165;37.36621196877371;1.1221084675307422;-0.8154296875;
21:15:50;384.0;1576012551;93.004;37.36621196877371;1.1221084675307422;-0.8154296875;
21:15:51;385.0;1576012552;92.863;37.36621196877371;1.1221084675307422;-0.8154296875;
21:15:52;386.0;1576012553;92.603;37.36621196877371;1.1221084675307422;-0.8154296875;
21:15:53;387.0;1576012554;92.583;37.36621196877371;1.1221084675307422;-0.8154296875;
21:15:54;388.0;1576012555;92.523;37.36621196877371;1.1221084675307422;-0.8154296875;
21:15:55;389.0;1576012556;92.763;37.36621196877371;1.1221084675307422;-0.8154296875;
21:15:56;390.0;1576012557;92.964;37.36621196877371;1.1221084675307422;-0.8154296875;
21:15:57;391.0;1576012558;92.763;37.36621196877371;1.1221084675307422;-0.8154296875;
21:15:58;392.0;1576012559;92.623;37.36621196877371;1.1221084675307422;-0.8154296875;
21:15:59;393.0;1576012560;92.323;37.36621196877371;1.1221084675307422;-0.8154296875;
21:16:00;394.0;1576012561;92.104;37.36621196877371;1.1221084675307422;-0.8154296875;
21:16:01;395.0;1576012562;92.124;37.36621196877371;1.1221084675307422;-0.8154296875;
21:16:02;396.0;1576012563;92.283;37.36621196877371;1.1221084675307422;-0.8154296875;
21:16:03;397.0;1576012564;92.383;37.36621196877371;1.1221084675307422;-0.8154296875;
21:16:04;398.0;1576012565;92.463;37.36621196877371;1.1221084675307422;-0.8154296875;
21:16:05;399.0;1576012566;92.503;37.36621196877371;1.1221084675307422;-0.8154296875;
21:16:06;400.0;1576012567;92.523;37.36621196877371;1.1221084675307422;-0.8154296875;
21:16:07;401.0;1576012568;92.984;37.36621196877371;1.1221084675307422;-0.8154296875;
21:16:08;402.0;1576012569;92.984;37.36621196877371;1.1221084675307422;-0.8154296875;
21:16:09;403.0;1576012570;92.964;37.36621196877371;1.1221084675307422;-0.8154296875;
21:16:10;404.0;1576012571;93.004;37.36621196877371;1.1221084675307422;-0.8154296875;
21:16:11;405.0;1576012572;92.583;37.36621196877371;1.1221084675307422;-0.8154296875;
21:16:12;406.0;1576012573;92.703;37.36621196877371;1.1221084675307422;-0.8154296875;
21:16:13;407.0;1576012574;92.743;37.36621196877371;1.1221084675307422;-0.8154296875;
21:16:14;408.0;1576012575;92.723;37.36621196877371;1.1221084675307422;-0.8154296875;
21:16:15;409.0;1576012576;92.763;37.36621196877371;1.1221084675307422;-0.8154296875;
21:16:16;410.0;1576012577;92.823;37.36621196877371;1.1221084675307422;-0.8154296875;
21:16:17;411.0;1576012578;92.743;37.36621196877371;1.1221084675307422;-0.8154296875;
21:16:18;412.0;1576012579;92.803;37.36621196877371;1.1221084675307422;-0.8154296875;
21:16:19;413.0;1576012580;92.883;37.36621196877371;1.1221084675307422;-0.8154296875;
21:16:20;414.0;1576012582;92.623;37.36621196877371;1.1221084675307422;-0.8154296875;
21:16:21;415.0;1576012583;92.683;37.36621196877371;1.1221084675307422;-0.8154296875;
21:16:22;416.0;1576012584;92.743;37.36621196877371;1.1221084675307422;-0.8154296875;
21:16:23;417.0;1576012585;92.523;37.36621196877371;1.1221084675307422;-0.8154296875;
21:16:24;418.0;1576012586;92.603;37.36621196877371;1.1221084675307422;-0.8154296875;
21:16:25;419.0;1576012587;92.663;37.36621196877371;1.1221084675307422;-0.8154296875;
21:16:26;420.0;1576012588;92.563;37.36621196877371;1.1221084675307422;-0.8154296875;
21:16:27;421.0;1576012589;92.503;37.36621196877371;1.1221084675307422;-0.8154296875;
21:16:28;422.0;1576012590;92.823;37.36621196877371;1.1221084675307422;-0.8154296875;
21:16:29;423.0;1576012591;92.703;37.36621196877371;1.1221084675307422;-0.8154296875;
21:16:30;424.0;1576012592;92.483;37.36621196877371;1.1221084675307422;-0.8154296875;
21:16:31;425.0;1576012593;92.423;37.36621196877371;1.1221084675307422;-0.8154296875;
21:16:32;426.0;1576012594;92.024;37.36621196877371;1.1221084675307422;-0.8154296875;
21:16:33;427.0;1576012595;92.183;37.36621196877371;1.1221084675307422;-0.8154296875;
21:16:34;428.0;1576012596;92.203;37.36621196877371;1.1221084675307422;-0.8154296875;
21:16:35;429.0;1576012597;92.583;37.36621196877371;1.1221084675307422;-0.8154296875;
21:16:36;430.0;1576012598;92.883;37.36621196877371;1.1221084675307422;-0.8154296875;
21:16:37;431.0;1576012598;92.863;37.36621196877371;1.1221084675307422;-0.8154296875;
21:16:39;433.0;1576012600;92.944;37.36621196877371;1.1221084675307422;-0.8154296875;
21:16:40;434.0;1576012601;92.743;37.36621196877371;1.1221084675307422;-0.8154296875;
21:16:41;435.0;1576012602;92.443;37.36621196877371;1.1221084675307422;-0.8154296875;
21:16:42;436.0;1576012603;92.283;37.36621196877371;1.1221084675307422;-0.8154296875;
21:16:43;437.0;1576012604;92.403;37.36621196877371;1.1221084675307422;-0.8154296875;
21:16:44;438.0;1576012605;92.323;37.36621196877371;1.1221084675307422;-0.8154296875;
21:16:45;439.0;1576012606;92.303;37.36621196877371;1.1221084675307422;-0.8154296875;
21:16:46;440.0;1576012607;92.343;37.36621196877371;1.1221084675307422;-0.8154296875;
21:16:47;441.0;1576012608;92.203;37.36621196877371;1.1221084675307422;-0.8154296875;
21:16:48;442.0;1576012609;92.263;37.36621196877371;1.1221084675307422;-0.8154296875;
21:16:49;443.0;1576012610;92.283;37.36621196877371;1.1221084675307422;-0.8154296875;
21:16:50;444.0;1576012611;92.303;37.36621196877371;1.1221084675307422;-0.8154296875;
21:16:51;445.0;1576012612;92.343;37.36621196877371;1.1221084675307422;-0.8154296875;
21:16:52;446.0;1576012613;92.383;37.36621196877371;1.1221084675307422;-0.8154296875;
21:16:53;447.0;1576012614;92.543;37.36621196877371;1.1221084675307422;-0.8154296875;
21:16:54;448.0;1576012615;92.423;37.36621196877371;1.1221084675307422;-0.8154296875;
21:16:55;449.0;1576012616;92.383;37.36621196877371;1.1221084675307422;-0.8154296875;
21:16:56;450.0;1576012617;92.343;37.36621196877371;1.1221084675307422;-0.8154296875;
21:16:57;451.0;1576012618;92.283;37.36621196877371;1.1221084675307422;-0.8154296875;
21:16:58;452.0;1576012619;92.283;37.36621196877371;1.1221084675307422;-0.8154296875;
21:16:59;453.0;1576012620;92.463;37.36621196877371;1.1221084675307422;-0.8154296875;
21:17:00;454.0;1576012621;92.383;37.36621196877371;1.1221084675307422;-0.8154296875;
21:17:01;455.0;1576012622;92.363;37.36621196877371;1.1221084675307422;-0.8154296875;
21:17:02;456.0;1576012623;92.443;37.36621196877371;1.1221084675307422;-0.8154296875;
21:17:03;457.0;1576012624;92.243;37.36621196877371;1.1221084675307422;-0.8154296875;
21:17:04;458.0;1576012625;92.243;37.36621196877371;1.1221084675307422;-0.8154296875;
21:17:05;459.0;1576012626;92.064;37.36621196877371;1.1221084675307422;-0.8154296875;
21:17:06;460.0;1576012627;92.124;37.36621196877371;1.1221084675307422;-0.8154296875;
21:17:07;461.0;1576012628;92.203;37.36621196877371;1.1221084675307422;-0.8154296875;
21:17:08;462.0;1576012629;92.203;37.36621196877371;1.1221084675307422;-0.8154296875;
21:17:09;463.0;1576012630;92.443;37.36621196877371;1.1221084675307422;-0.8154296875;
21:17:10;464.0;1576012631;92.203;37.36621196877371;1.1221084675307422;-0.8154296875;
21:17:11;465.0;1576012632;92.064;37.36621196877371;1.1221084675307422;-0.8154296875;
21:17:12;466.0;1576012633;92.363;37.36621196877371;1.1221084675307422;-0.8154296875;
21:17:13;467.0;1576012634;92.124;37.36621196877371;1.1221084675307422;-0.8154296875;
21:17:14;468.0;1576012635;92.363;37.36621196877371;1.1221084675307422;-0.8154296875;
21:17:15;469.0;1576012636;92.303;37.36621196877371;1.1221084675307422;-0.8154296875;
21:17:16;470.0;1576012637;92.104;37.36621196877371;1.1221084675307422;-0.8154296875;
21:17:17;471.0;1576012638;92.144;37.36621196877371;1.1221084675307422;-0.8154296875;
21:17:18;472.0;1576012640;92.163;37.36621196877371;1.1221084675307422;-0.8154296875;
21:17:19;473.0;1576012641;92.303;37.36621196877371;1.1221084675307422;-0.8154296875;
21:17:20;474.0;1576012642;92.543;37.36621196877371;1.1221084675307422;-0.8154296875;
21:17:21;475.0;1576012643;92.663;37.36621196877371;1.1221084675307422;-0.8154296875;
21:17:22;476.0;1576012644;92.623;37.36621196877371;1.1221084675307422;-0.8154296875;
21:17:23;477.0;1576012645;92.383;37.36621196877371;1.1221084675307422;-0.8154296875;
21:17:24;478.0;1576012646;91.845;37.36621196877371;1.1221084675307422;-0.8154296875;
21:17:25;479.0;1576012647;91.945;37.36621196877371;1.1221084675307422;-0.8154296875;
21:17:26;480.0;1576012648;91.945;37.36621196877371;1.1221084675307422;-0.8154296875;
21:17:27;481.0;1576012649;92.183;37.36621196877371;1.1221084675307422;-0.8154296875;
21:17:28;482.0;1576012650;92.403;37.36621196877371;1.1221084675307422;-0.8154296875;
21:17:29;483.0;1576012651;92.303;37.36621196877371;1.1221084675307422;-0.8154296875;
21:17:30;484.0;1576012652;92.183;37.36621196877371;1.1221084675307422;-0.8154296875;
21:17:31;485.0;1576012653;91.965;37.36621196877371;1.1221084675307422;-0.8154296875;
21:17:32;486.0;1576012654;92.044;37.36621196877371;1.1221084675307422;-0.8154296875;
21:17:33;487.0;1576012654;91.945;37.36621196877371;1.1221084675307422;-0.8154296875;
21:17:34;488.0;1576012655;92.144;37.36621196877371;1.1221084675307422;-0.8154296875;
21:17:35;489.0;1576012656;92.104;37.36621196877371;1.1221084675307422;-0.8154296875;
21:17:36;490.0;1576012657;91.865;37.36621196877371;1.1221084675307422;-0.8154296875;
21:17:37;491.0;1576012658;91.945;37.36621196877371;1.1221084675307422;-0.8154296875;
21:17:38;492.0;1576012660;91.806;37.36621196877371;1.1221084675307422;-0.8154296875;
21:17:39;493.0;1576012661;91.945;37.36621196877371;1.1221084675307422;-0.8154296875;
21:17:40;494.0;1576012662;91.965;37.36621196877371;1.1221084675307422;-0.8154296875;
21:17:41;495.0;1576012663;92.124;37.36621196877371;1.1221084675307422;-0.8154296875;
21:17:43;497.0;1576012664;92.163;37.36621196877371;1.1221084675307422;-0.8154296875;
21:17:44;498.0;1576012665;92.403;37.36621196877371;1.1221084675307422;-0.8154296875;
21:17:45;499.0;1576012666;92.643;37.36621196877371;1.1221084675307422;-0.8154296875;
21:17:46;500.0;1576012667;92.403;37.36621196877371;1.1221084675307422;-0.8154296875;
21:17:47;501.0;1576012668;92.223;37.36621196877371;1.1221084675307422;-0.8154296875;
21:17:48;502.0;1576012669;91.905;37.36621196877371;1.1221084675307422;-0.8154296875;
21:17:49;503.0;1576012670;91.925;37.36621196877371;1.1221084675307422;-0.8154296875;
21:17:50;504.0;1576012671;91.965;37.36621196877371;1.1221084675307422;-0.8154296875;
21:17:51;505.0;1576012672;92.064;37.36621196877371;1.1221084675307422;-0.8154296875;
21:17:52;506.0;1576012673;92.124;37.36621196877371;1.1221084675307422;-0.8154296875;
21:17:53;507.0;1576012674;92.044;37.36621196877371;1.1221084675307422;-0.8154296875;
21:17:54;508.0;1576012675;92.024;37.36621196877371;1.1221084675307422;-0.8154296875;
21:17:55;509.0;1576012676;92.144;37.36621196877371;1.1221084675307422;-0.8154296875;
21:17:56;510.0;1576012677;92.403;37.36621196877371;1.1221084675307422;-0.8154296875;
21:17:57;511.0;1576012678;92.563;37.36621196877371;1.1221084675307422;-0.8154296875;
21:17:58;512.0;1576012679;92.443;37.36621196877371;1.1221084675307422;-0.8154296875;
21:17:59;513.0;1576012680;92.383;37.36621196877371;1.1221084675307422;-0.8154296875;
21:18:00;514.0;1576012681;92.283;37.36621196877371;1.1221084675307422;-0.8154296875;
21:18:01;515.0;1576012682;91.865;37.36621196877371;1.1221084675307422;-0.8154296875;
21:18:02;516.0;1576012683;91.885;37.36621196877371;1.1221084675307422;-0.8154296875;
21:18:03;517.0;1576012684;91.667;37.36621196877371;1.1221084675307422;-0.8154296875;
21:18:04;518.0;1576012685;91.489;37.36621196877371;1.1221084675307422;-0.8154296875;
21:18:05;519.0;1576012686;91.568;37.36621196877371;1.1221084675307422;-0.8154296875;
21:18:06;520.0;1576012687;91.588;37.36621196877371;1.1221084675307422;-0.8154296875;
21:18:07;521.0;1576012688;91.707;37.36621196877371;1.1221084675307422;-0.8154296875;
21:18:08;522.0;1576012689;91.608;37.36621196877371;1.1221084675307422;-0.8154296875;
21:18:09;523.0;1576012690;91.529;37.36621196877371;1.1221084675307422;-0.8154296875;
21:18:10;524.0;1576012691;91.529;37.36621196877371;1.1221084675307422;-0.8154296875;
21:18:11;525.0;1576012692;91.43;37.36621196877371;1.1221084675307422;-0.8154296875;
21:18:12;526.0;1576012693;91.509;37.36621196877371;1.1221084675307422;-0.8154296875;
21:18:13;527.0;1576012694;91.746;37.36621196877371;1.1221084675307422;-0.8154296875;
21:18:14;528.0;1576012695;91.627;37.36621196877371;1.1221084675307422;-0.8154296875;
21:18:15;529.0;1576012696;91.548;37.36621196877371;1.1221084675307422;-0.8154296875;
21:18:16;530.0;1576012697;91.707;37.36621196877371;1.1221084675307422;-0.8154296875;
21:18:17;531.0;1576012698;91.529;37.36621196877371;1.1221084675307422;-0.8154296875;
21:18:18;532.0;1576012699;91.509;37.36621196877371;1.1221084675307422;-0.8154296875;
21:18:19;533.0;1576012701;91.667;37.36621196877371;1.1221084675307422;-0.8154296875;
21:18:20;534.0;1576012702;91.608;37.36621196877371;1.1221084675307422;-0.8154296875;
21:18:21;535.0;1576012703;91.726;37.36621196877371;1.1221084675307422;-0.8154296875;
21:18:22;536.0;1576012704;91.984;37.36621196877371;1.1221084675307422;-0.8154296875;
21:18:23;537.0;1576012705;91.726;37.36621196877371;1.1221084675307422;-0.8154296875;
21:18:24;538.0;1576012706;91.647;37.36621196877371;1.1221084675307422;-0.8154296875;
21:18:25;539.0;1576012707;91.568;37.36621196877371;1.1221084675307422;-0.8154296875;
21:18:26;540.0;1576012708;91.469;37.36621196877371;1.1221084675307422;-0.8154296875;
21:18:27;541.0;1576012709;91.371;37.36621196877371;1.1221084675307422;-0.8154296875;
21:18:28;542.0;1576012709;91.39;37.36621196877371;1.1221084675307422;-0.8154296875;
21:18:29;543.0;1576012710;91.41;37.36621196877371;1.1221084675307422;-0.8154296875;
21:18:30;544.0;1576012711;91.489;37.36621196877371;1.1221084675307422;-0.8154296875;
21:18:31;545.0;1576012712;91.707;37.36621196877371;1.1221084675307422;-0.8154296875;
21:18:32;546.0;1576012713;91.529;37.36621196877371;1.1221084675307422;-0.8154296875;
21:18:33;547.0;1576012714;91.39;37.36621196877371;1.1221084675307422;-0.8154296875;
21:18:34;548.0;1576012715;91.311;37.36621196877371;1.1221084675307422;-0.8154296875;
21:18:35;549.0;1576012716;91.39;37.36621196877371;1.1221084675307422;-0.8154296875;
21:18:36;550.0;1576012717;91.489;37.36621196877371;1.1221084675307422;-0.8154296875;
21:18:37;551.0;1576012719;91.726;37.36621196877371;1.1221084675307422;-0.8154296875;
21:18:38;552.0;1576012720;91.826;37.36621196877371;1.1221084675307422;-0.8154296875;
21:18:39;553.0;1576012721;91.865;37.36621196877371;1.1221084675307422;-0.8154296875;
21:18:40;554.0;1576012722;91.945;37.36621196877371;1.1221084675307422;-0.8154296875;
21:18:41;555.0;1576012723;91.627;37.36621196877371;1.1221084675307422;-0.8154296875;
21:18:42;556.0;1576012724;91.43;37.36621196877371;1.1221084675307422;-0.8154296875;
21:18:43;557.0;1576012725;91.331;37.36621196877371;1.1221084675307422;-0.8154296875;
21:18:44;558.0;1576012726;91.469;37.36621196877371;1.1221084675307422;-0.8154296875;
21:18:45;559.0;1576012727;91.687;37.36621196877371;1.1221084675307422;-0.8154296875;
21:18:47;561.0;1576012728;91.826;37.36621196877371;1.1221084675307422;-0.8154296875;
21:18:48;562.0;1576012729;91.786;37.36621196877371;1.1221084675307422;-0.8154296875;
21:18:49;563.0;1576012730;91.806;37.36621196877371;1.1221084675307422;-0.8154296875;
21:18:50;564.0;1576012731;91.925;37.36621196877371;1.1221084675307422;-0.8154296875;
21:18:51;565.0;1576012732;91.865;37.36621196877371;1.1221084675307422;-0.8154296875;
21:18:52;566.0;1576012733;92.004;37.36621196877371;1.1221084675307422;-0.8154296875;
21:18:53;567.0;1576012734;91.845;37.36621196877371;1.1221084675307422;-0.8154296875;
21:18:54;568.0;1576012735;91.707;37.36621196877371;1.1221084675307422;-0.8154296875;
21:18:55;569.0;1576012736;91.608;37.36621196877371;1.1221084675307422;-0.8154296875;
21:18:56;570.0;1576012737;91.588;37.36621196877371;1.1221084675307422;-0.8154296875;
21:18:57;571.0;1576012738;91.509;37.36621196877371;1.1221084675307422;-0.8154296875;
21:18:58;572.0;1576012739;91.529;37.36621196877371;1.1221084675307422;-0.8154296875;
21:18:59;573.0;1576012740;91.509;37.36621196877371;1.1221084675307422;-0.8154296875;
21:19:00;574.0;1576012741;91.568;37.36621196877371;1.1221084675307422;-0.8154296875;
21:19:01;575.0;1576012742;91.647;37.36621196877371;1.1221084675307422;-0.8154296875;
21:19:02;576.0;1576012743;91.786;37.36621196877371;1.1221084675307422;-0.8154296875;
21:19:03;577.0;1576012744;91.865;37.36621196877371;1.1221084675307422;-0.8154296875;
21:19:04;578.0;1576012745;91.984;37.36621196877371;1.1221084675307422;-0.8154296875;
21:19:05;579.0;1576012746;91.845;37.36621196877371;1.1221084675307422;-0.8154296875;
21:19:06;580.0;1576012747;91.885;37.36621196877371;1.1221084675307422;-0.8154296875;
21:19:07;581.0;1576012748;91.806;37.36621196877371;1.1221084675307422;-0.8154296875;
21:19:08;582.0;1576012749;91.489;37.36621196877371;1.1221084675307422;-0.8154296875;
21:19:09;583.0;1576012750;91.608;37.36621196877371;1.1221084675307422;-0.8154296875;
21:19:10;584.0;1576012751;91.351;37.36621196877371;1.1221084675307422;-0.8154296875;
21:19:11;585.0;1576012752;91.509;37.36621196877371;1.1221084675307422;-0.8154296875;
21:19:12;586.0;1576012753;91.568;37.36621196877371;1.1221084675307422;-0.8154296875;
21:19:13;587.0;1576012754;91.529;37.36621196877371;1.1221084675307422;-0.8154296875;
21:19:14;588.0;1576012755;91.292;37.36621196877371;1.1221084675307422;-0.8154296875;
21:19:15;589.0;1576012756;91.016;37.36621196877371;1.1221084675307422;-0.8154296875;
21:19:16;590.0;1576012757;91.174;37.36621196877371;1.1221084675307422;-0.8154296875;
21:19:17;591.0;1576012758;91.095;37.36621196877371;1.1221084675307422;-0.8154296875;
21:19:18;592.0;1576012759;91.292;37.36621196877371;1.1221084675307422;-0.8154296875;
21:19:19;593.0;1576012760;91.43;37.36621196877371;1.1221084675307422;-0.8154296875;
21:19:20;594.0;1576012761;91.469;37.36621196877371;1.1221084675307422;-0.8154296875;
21:19:21;595.0;1576012762;91.627;37.36621196877371;1.1221084675307422;-0.8154296875;
21:19:22;596.0;1576012763;91.627;37.36621196877371;1.1221084675307422;-0.8154296875;
21:19:23;597.0;1576012764;91.766;37.36621196877371;1.1221084675307422;-0.8154296875;
21:19:24;598.0;1576012765;91.707;37.36621196877371;1.1221084675307422;-0.8154296875;
21:19:25;599.0;1576012766;91.608;37.36621196877371;1.1221084675307422;-0.8154296875;
21:19:26;600.0;1576012767;91.707;37.36621196877371;1.1221084675307422;-0.8154296875;
21:19:27;601.0;1576012768;91.588;37.36621196877371;1.1221084675307422;-0.8154296875;
21:19:28;602.0;1576012769;91.43;37.36621196877371;1.1221084675307422;-0.8154296875;
21:19:29;603.0;1576012770;91.469;37.36621196877371;1.1221084675307422;-0.8154296875;
21:19:30;604.0;1576012771;91.529;37.36621196877371;1.1221084675307422;-0.8154296875;
21:19:31;605.0;1576012772;91.469;37.36621196877371;1.1221084675307422;-0.8154296875;
21:19:32;606.0;1576012773;91.548;37.36621196877371;1.1221084675307422;-0.8154296875;
21:19:33;607.0;1576012775;91.41;37.36621196877371;1.1221084675307422;-0.8154296875;
21:19:34;608.0;1576012775;91.39;37.36621196877371;1.1221084675307422;-0.8154296875;
21:19:35;609.0;1576012777;91.469;37.36621196877371;1.1221084675307422;-0.8154296875;
21:19:36;610.0;1576012778;91.469;37.36621196877371;1.1221084675307422;-0.8154296875;
21:19:37;611.0;1576012779;91.529;37.36621196877371;1.1221084675307422;-0.8154296875;
21:19:38;612.0;1576012780;91.45;37.36621196877371;1.1221084675307422;-0.8154296875;
21:19:39;613.0;1576012781;91.39;37.36621196877371;1.1221084675307422;-0.8154296875;
21:19:40;614.0;1576012782;91.529;37.36621196877371;1.1221084675307422;-0.8154296875;
21:19:41;615.0;1576012783;91.331;37.36621196877371;1.1221084675307422;-0.8154296875;
21:19:42;616.0;1576012784;91.075;37.36621196877371;1.1221084675307422;-0.8154296875;
21:19:43;617.0;1576012785;90.899;37.36621196877371;1.1221084675307422;-0.8154296875;
21:19:44;618.0;1576012786;90.546;37.36621196877371;1.1221084675307422;-0.8154296875;
21:19:45;619.0;1576012787;90.761;37.36621196877371;1.1221084675307422;-0.8154296875;
21:19:46;620.0;1576012788;90.879;37.36621196877371;1.1221084675307422;-0.8154296875;
21:19:47;621.0;1576012789;90.957;37.36621196877371;1.1221084675307422;-0.8154296875;
21:19:48;622.0;1576012790;90.997;37.36621196877371;1.1221084675307422;-0.8154296875;
21:19:49;623.0;1576012791;90.997;37.36621196877371;1.1221084675307422;-0.8154296875;
21:19:51;625.0;1576012792;91.075;37.36621196877371;1.1221084675307422;-0.8154296875;
21:19:52;626.0;1576012793;91.213;37.36621196877371;1.1221084675307422;-0.8154296875;
21:19:53;627.0;1576012794;91.193;37.36621196877371;1.1221084675307422;-0.8154296875;
21:19:54;628.0;1576012795;91.056;37.36621196877371;1.1221084675307422;-0.8154296875;
21:19:55;629.0;1576012796;90.859;37.36621196877371;1.1221084675307422;-0.8154296875;
21:19:56;630.0;1576012797;90.918;37.36621196877371;1.1221084675307422;-0.8154296875;
21:19:57;631.0;1576012798;91.075;37.36621196877371;1.1221084675307422;-0.8154296875;
21:19:58;632.0;1576012799;91.213;37.36621196877371;1.1221084675307422;-0.8154296875;
21:19:59;633.0;1576012800;91.351;37.36621196877371;1.1221084675307422;-0.8154296875;
21:20:00;634.0;1576012801;91.134;37.36621196877371;1.1221084675307422;-0.8154296875;
21:20:01;635.0;1576012802;90.781;37.36621196877371;1.1221084675307422;-0.8154296875;
21:20:02;636.0;1576012803;90.527;37.36621196877371;1.1221084675307422;-0.8154296875;
21:20:03;637.0;1576012804;90.488;37.36621196877371;1.1221084675307422;-0.8154296875;
21:20:04;638.0;1576012805;90.761;37.36621196877371;1.1221084675307422;-0.8154296875;
21:20:05;639.0;1576012806;90.879;37.36621196877371;1.1221084675307422;-0.8154296875;
21:20:06;640.0;1576012807;90.977;37.36621196877371;1.1221084675307422;-0.8154296875;
21:20:07;641.0;1576012808;91.095;37.36621196877371;1.1221084675307422;-0.8154296875;
21:20:08;642.0;1576012809;90.899;37.36621196877371;1.1221084675307422;-0.8154296875;
21:20:09;643.0;1576012810;91.213;37.36621196877371;1.1221084675307422;-0.8154296875;
21:20:10;644.0;1576012811;91.134;37.36621196877371;1.1221084675307422;-0.8154296875;
21:20:11;645.0;1576012812;90.977;37.36621196877371;1.1221084675307422;-0.8154296875;
21:20:12;646.0;1576012813;91.134;37.36621196877371;1.1221084675307422;-0.8154296875;
21:20:13;647.0;1576012814;91.056;37.36621196877371;1.1221084675307422;-0.8154296875;
21:20:14;648.0;1576012815;91.252;37.36621196877371;1.1221084675307422;-0.8154296875;
21:20:15;649.0;1576012816;91.331;37.36621196877371;1.1221084675307422;-0.8154296875;
21:20:16;650.0;1576012817;91.095;37.36621196877371;1.1221084675307422;-0.8154296875;
21:20:17;651.0;1576012818;91.134;37.36621196877371;1.1221084675307422;-0.8154296875;
21:20:18;652.0;1576012819;91.174;37.36621196877371;1.1221084675307422;-0.8154296875;
21:20:19;653.0;1576012820;90.977;37.36621196877371;1.1221084675307422;-0.8154296875;
21:20:20;654.0;1576012821;90.977;37.36621196877371;1.1221084675307422;-0.8154296875;
21:20:21;655.0;1576012822;90.742;37.36621196877371;1.1221084675307422;-0.8154296875;
21:20:22;656.0;1576012823;90.742;37.36621196877371;1.1221084675307422;-0.8154296875;
21:20:23;657.0;1576012824;90.683;37.36621196877371;1.1221084675307422;-0.8154296875;
21:20:24;658.0;1576012825;90.703;37.36621196877371;1.1221084675307422;-0.8154296875;
21:20:25;659.0;1576012826;90.742;37.36621196877371;1.1221084675307422;-0.8154296875;
21:20:26;660.0;1576012827;90.624;37.36621196877371;1.1221084675307422;-0.8154296875;
21:20:27;661.0;1576012828;90.585;37.36621196877371;1.1221084675307422;-0.8154296875;
21:20:28;662.0;1576012829;90.683;37.36621196877371;1.1221084675307422;-0.8154296875;
21:20:29;663.0;1576012830;90.644;37.36621196877371;1.1221084675307422;-0.8154296875;
21:20:30;664.0;1576012831;90.566;37.36621196877371;1.1221084675307422;-0.8154296875;
21:20:31;665.0;1576012832;90.82;37.36621196877371;1.1221084675307422;-0.8154296875;
21:20:32;666.0;1576012834;90.84;37.36621196877371;1.1221084675307422;-0.8154296875;
21:20:33;667.0;1576012834;90.801;37.36621196877371;1.1221084675307422;-0.8154296875;
21:20:34;668.0;1576012836;90.997;37.36621196877371;1.1221084675307422;-0.8154296875;
21:20:35;669.0;1576012837;91.075;37.36621196877371;1.1221084675307422;-0.8154296875;
21:20:36;670.0;1576012838;91.075;37.36621196877371;1.1221084675307422;-0.8154296875;
21:20:37;671.0;1576012839;90.82;37.36621196877371;1.1221084675307422;-0.8154296875;
21:20:38;672.0;1576012840;90.546;37.36621196877371;1.1221084675307422;-0.8154296875;
21:20:39;673.0;1576012841;90.644;37.36621196877371;1.1221084675307422;-0.8154296875;
21:20:40;674.0;1576012842;90.663;37.36621196877371;1.1221084675307422;-0.8154296875;
21:20:41;675.0;1576012843;90.997;37.36621196877371;1.1221084675307422;-0.8154296875;
21:20:42;676.0;1576012844;91.252;37.36621196877371;1.1221084675307422;-0.8154296875;
21:20:43;677.0;1576012845;90.918;37.36621196877371;1.1221084675307422;-0.8154296875;
21:20:44;678.0;1576012846;90.801;37.36621196877371;1.1221084675307422;-0.8154296875;
21:20:45;679.0;1576012847;90.781;37.36621196877371;1.1221084675307422;-0.8154296875;
21:20:46;680.0;1576012848;90.703;37.36621196877371;1.1221084675307422;-0.8154296875;
21:20:47;681.0;1576012849;90.781;37.36621196877371;1.1221084675307422;-0.8154296875;
21:20:48;682.0;1576012850;90.781;37.36621196877371;1.1221084675307422;-0.8154296875;
21:20:49;683.0;1576012851;90.879;37.36621196877371;1.1221084675307422;-0.8154296875;
21:20:50;684.0;1576012852;90.742;37.36621196877371;1.1221084675307422;-0.8154296875;
21:20:51;685.0;1576012853;90.82;37.36621196877371;1.1221084675307422;-0.8154296875;
21:20:52;686.0;1576012854;90.84;37.36621196877371;1.1221084675307422;-0.8154296875;
21:20:53;687.0;1576012855;90.624;37.36621196877371;1.1221084675307422;-0.8154296875;
21:20:55;689.0;1576012856;90.722;37.36621196877371;1.1221084675307422;-0.8154296875;
21:20:56;690.0;1576012857;90.663;37.36621196877371;1.1221084675307422;-0.8154296875;
21:20:57;691.0;1576012858;90.585;37.36621196877371;1.1221084675307422;-0.8154296875;
21:20:58;692.0;1576012859;90.644;37.36621196877371;1.1221084675307422;-0.8154296875;
21:20:59;693.0;1576012860;90.781;37.36621196877371;1.1221084675307422;-0.8154296875;
21:21:00;694.0;1576012861;91.016;37.36621196877371;1.1221084675307422;-0.8154296875;
21:21:01;695.0;1576012862;91.115;37.36621196877371;1.1221084675307422;-0.8154296875;
21:21:02;696.0;1576012863;91.193;37.36621196877371;1.1221084675307422;-0.8154296875;
21:21:03;697.0;1576012864;91.075;37.36621196877371;1.1221084675307422;-0.8154296875;
21:21:04;698.0;1576012865;90.742;37.36621196877371;1.1221084675307422;-0.8154296875;
21:21:05;699.0;1576012866;90.546;37.36621196877371;1.1221084675307422;-0.8154296875;
21:21:06;700.0;1576012867;90.41;37.36621196877371;1.1221084675307422;-0.8154296875;
21:21:07;701.0;1576012868;90.566;37.36621196877371;1.1221084675307422;-0.8154296875;
21:21:08;702.0;1576012869;90.663;37.36621196877371;1.1221084675307422;-0.8154296875;
21:21:09;703.0;1576012870;90.488;37.36621196877371;1.1221084675307422;-0.8154296875;
21:21:10;704.0;1576012871;90.585;37.36621196877371;1.1221084675307422;-0.8154296875;
21:21:11;705.0;1576012872;90.332;37.36621196877371;1.1221084675307422;-0.8154296875;
21:21:12;706.0;1576012873;90.234;37.36621196877371;1.1221084675307422;-0.8154296875;
21:21:13;707.0;1576012874;90.624;37.36621196877371;1.1221084675307422;-0.8154296875;
21:21:14;708.0;1576012875;90.722;37.36621196877371;1.1221084675307422;-0.8154296875;
21:21:15;709.0;1576012876;90.918;37.36621196877371;1.1221084675307422;-0.8154296875;
21:21:16;710.0;1576012877;90.84;37.36621196877371;1.1221084675307422;-0.8154296875;
21:21:17;711.0;1576012878;90.527;37.36621196877371;1.1221084675307422;-0.8154296875;
21:21:18;712.0;1576012879;90.41;37.36621196877371;1.1221084675307422;-0.8154296875;
21:21:19;713.0;1576012880;90.001;37.36621196877371;1.1221084675307422;-0.8154296875;
21:21:20;714.0;1576012881;90.098;37.36621196877371;1.1221084675307422;-0.8154296875;
21:21:21;715.0;1576012882;90.215;37.36621196877371;1.1221084675307422;-0.8154296875;
21:21:22;716.0;1576012883;90.293;37.36621196877371;1.1221084675307422;-0.8154296875;
21:21:23;717.0;1576012884;90.449;37.36621196877371;1.1221084675307422;-0.8154296875;
21:21:24;718.0;1576012885;90.663;37.36621196877371;1.1221084675307422;-0.8154296875;
21:21:25;719.0;1576012886;90.742;37.36621196877371;1.1221084675307422;-0.8154296875;
21:21:26;720.0;1576012887;90.703;37.36621196877371;1.1221084675307422;-0.8154296875;
21:21:27;721.0;1576012888;90.703;37.36621196877371;1.1221084675307422;-0.8154296875;
21:21:28;722.0;1576012889;90.566;37.36621196877371;1.1221084675307422;-0.8154296875;
21:21:29;723.0;1576012890;90.429;37.36621196877371;1.1221084675307422;-0.8154296875;
21:21:30;724.0;1576012891;90.215;37.36621196877371;1.1221084675307422;-0.8154296875;
21:21:31;725.0;1576012892;90.371;37.36621196877371;1.1221084675307422;-0.8154296875;
21:21:32;726.0;1576012893;90.312;37.36621196877371;1.1221084675307422;-0.8154296875;
21:21:33;727.0;1576012895;90.468;37.36621196877371;1.1221084675307422;-0.8154296875;
21:21:34;728.0;1576012896;90.703;37.36621196877371;1.1221084675307422;-0.8154296875;
21:21:35;729.0;1576012897;90.429;37.36621196877371;1.1221084675307422;-0.8154296875;
21:21:36;730.0;1576012898;90.351;37.36621196877371;1.1221084675307422;-0.8154296875;
21:21:37;731.0;1576012899;90.39;37.36621196877371;1.1221084675307422;-0.8154296875;
21:21:38;732.0;1576012900;90.312;37.36621196877371;1.1221084675307422;-0.8154296875;
21:21:39;733.0;1576012901;90.449;37.36621196877371;1.1221084675307422;-0.8154296875;
21:21:40;734.0;1576012902;90.566;37.36621196877371;1.1221084675307422;-0.8154296875;
21:21:41;735.0;1576012903;90.41;37.36621196877371;1.1221084675307422;-0.8154296875;
21:21:42;736.0;1576012904;90.429;37.36621196877371;1.1221084675307422;-0.8154296875;
21:21:43;737.0;1576012905;90.488;37.36621196877371;1.1221084675307422;-0.8154296875;
21:21:44;738.0;1576012906;90.468;37.36621196877371;1.1221084675307422;-0.8154296875;
21:21:45;739.0;1576012907;90.468;37.36621196877371;1.1221084675307422;-0.8154296875;
21:21:46;740.0;1576012908;90.351;37.36621196877371;1.1221084675307422;-0.8154296875;
21:21:47;741.0;1576012908;90.39;37.36621196877371;1.1221084675307422;-0.8154296875;
21:21:48;742.0;1576012909;90.351;37.36621196877371;1.1221084675307422;-0.8154296875;
21:21:49;743.0;1576012910;90.332;37.36621196877371;1.1221084675307422;-0.8154296875;
21:21:50;744.0;1576012911;90.468;37.36621196877371;1.1221084675307422;-0.8154296875;
21:21:51;745.0;1576012912;90.312;37.36621196877371;1.1221084675307422;-0.8154296875;
21:21:52;746.0;1576012913;90.312;37.36621196877371;1.1221084675307422;-0.8154296875;
21:21:53;747.0;1576012914;90.41;37.36621196877371;1.1221084675307422;-0.8154296875;
21:21:54;748.0;1576012916;90.332;37.36621196877371;1.1221084675307422;-0.8154296875;
21:21:55;749.0;1576012917;90.351;37.36621196877371;1.1221084675307422;-0.8154296875;
21:21:56;750.0;1576012918;90.293;37.36621196877371;1.1221084675307422;-0.8154296875;
21:21:57;751.0;1576012919;90.254;37.36621196877371;1.1221084675307422;-0.8154296875;
21:21:59;753.0;1576012920;89.923;37.36621196877371;1.1221084675307422;-0.8154296875;
21:22:00;754.0;1576012921;90.02;37.36621196877371;1.1221084675307422;-0.8154296875;
21:22:01;755.0;1576012922;89.827;37.36621196877371;1.1221084675307422;-0.8154296875;
21:22:02;756.0;1576012923;89.788;37.36621196877371;1.1221084675307422;-0.8154296875;
21:22:03;757.0;1576012924;90.098;37.36621196877371;1.1221084675307422;-0.8154296875;
21:22:04;758.0;1576012925;90.098;37.36621196877371;1.1221084675307422;-0.8154296875;
21:22:05;759.0;1576012926;90.234;37.36621196877371;1.1221084675307422;-0.8154296875;
21:22:06;760.0;1576012927;90.293;37.36621196877371;1.1221084675307422;-0.8154296875;
21:22:07;761.0;1576012928;90.371;37.36621196877371;1.1221084675307422;-0.8154296875;
21:22:08;762.0;1576012929;90.293;37.36621196877371;1.1221084675307422;-0.8154296875;
21:22:09;763.0;1576012930;90.371;37.36621196877371;1.1221084675307422;-0.8154296875;
21:22:10;764.0;1576012931;90.312;37.36621196877371;1.1221084675307422;-0.8154296875;
21:22:11;765.0;1576012932;90.273;37.36621196877371;1.1221084675307422;-0.8154296875;
21:22:12;766.0;1576012933;90.254;37.36621196877371;1.1221084675307422;-0.8154296875;
21:22:13;767.0;1576012934;90.215;37.36621196877371;1.1221084675307422;-0.8154296875;
21:22:14;768.0;1576012935;90.001;37.36621196877371;1.1221084675307422;-0.8154296875;
21:22:15;769.0;1576012936;90.02;37.36621196877371;1.1221084675307422;-0.8154296875;
21:22:16;770.0;1576012937;89.923;37.36621196877371;1.1221084675307422;-0.8154296875;
21:22:17;771.0;1576012938;90.02;37.36621196877371;1.1221084675307422;-0.8154296875;
21:22:18;772.0;1576012939;90.312;37.36621196877371;1.1221084675307422;-0.8154296875;
21:22:19;773.0;1576012940;90.176;37.36621196877371;1.1221084675307422;-0.8154296875;
21:22:20;774.0;1576012941;90.332;37.36621196877371;1.1221084675307422;-0.8154296875;
21:22:21;775.0;1576012942;90.312;37.36621196877371;1.1221084675307422;-0.8154296875;
21:22:22;776.0;1576012943;90.254;37.36621196877371;1.1221084675307422;-0.8154296875;
21:22:23;777.0;1576012944;90.429;37.36621196877371;1.1221084675307422;-0.8154296875;
21:22:24;778.0;1576012945;90.273;37.36621196877371;1.1221084675307422;-0.8154296875;
21:22:25;779.0;1576012947;90.371;37.36621196877371;1.1221084675307422;-0.8154296875;
21:22:26;780.0;1576012948;90.215;37.36621196877371;1.1221084675307422;-0.8154296875;
21:22:27;781.0;1576012949;90.371;37.36621196877371;1.1221084675307422;-0.8154296875;
21:22:28;782.0;1576012950;90.195;37.36621196877371;1.1221084675307422;-0.8154296875;
21:22:29;783.0;1576012951;90.176;37.36621196877371;1.1221084675307422;-0.8154296875;
21:22:31;785.0;1576012952;90.176;37.36621196877371;1.1221084675307422;-0.8154296875;
21:22:32;786.0;1576012952;90.118;37.36621196877371;1.1221084675307422;-0.8154296875;
21:22:33;787.0;1576012954;89.943;37.36621196877371;1.1221084675307422;-0.8154296875;
21:22:34;788.0;1576012955;89.943;37.36621196877371;1.1221084675307422;-0.8154296875;
21:22:35;789.0;1576012956;89.904;37.36621196877371;1.1221084675307422;-0.8154296875;
21:22:36;790.0;1576012957;89.923;37.36621196877371;1.1221084675307422;-0.8154296875;
21:22:37;791.0;1576012958;90.04;37.36621196877371;1.1221084675307422;-0.8154296875;
21:22:38;792.0;1576012959;90.079;37.36621196877371;1.1221084675307422;-0.8154296875;
21:22:39;793.0;1576012960;90.254;37.36621196877371;1.1221084675307422;-0.8154296875;
21:22:40;794.0;1576012961;90.332;37.36621196877371;1.1221084675307422;-0.8154296875;
21:22:41;795.0;1576012962;90.312;37.36621196877371;1.1221084675307422;-0.8154296875;
21:22:42;796.0;1576012963;90.215;37.36621196877371;1.1221084675307422;-0.8154296875;
21:22:43;797.0;1576012964;90.234;37.36621196877371;1.1221084675307422;-0.8154296875;
21:22:44;798.0;1576012965;90.098;37.36621196877371;1.1221084675307422;-0.8154296875;
21:22:45;799.0;1576012966;90.098;37.36621196877371;1.1221084675307422;-0.8154296875;
21:22:46;800.0;1576012967;90.254;37.36621196877371;1.1221084675307422;-0.8154296875;
21:22:47;801.0;1576012968;90.118;37.36621196877371;1.1221084675307422;-0.8154296875;
21:22:48;802.0;1576012969;90.195;37.36621196877371;1.1221084675307422;-0.8154296875;
21:22:49;803.0;1576012970;90.118;37.36621196877371;1.1221084675307422;-0.8154296875;
21:22:50;804.0;1576012971;90.137;37.36621196877371;1.1221084675307422;-0.8154296875;
21:22:51;805.0;1576012972;90.312;37.36621196877371;1.1221084675307422;-0.8154296875;
21:22:52;806.0;1576012973;90.234;37.36621196877371;1.1221084675307422;-0.8154296875;
21:22:53;807.0;1576012974;90.176;37.36621196877371;1.1221084675307422;-0.8154296875;
21:22:54;808.0;1576012975;90.001;37.36621196877371;1.1221084675307422;-0.8154296875;
21:22:55;809.0;1576012976;89.711;37.36621196877371;1.1221084675307422;-0.8154296875;
21:22:56;810.0;1576012977;89.672;37.36621196877371;1.1221084675307422;-0.8154296875;
21:22:57;811.0;1576012978;89.769;37.36621196877371;1.1221084675307422;-0.8154296875;
21:22:58;812.0;1576012979;89.865;37.36621196877371;1.1221084675307422;-0.8154296875;
21:22:59;813.0;1576012980;90.04;37.36621196877371;1.1221084675307422;-0.8154296875;
21:23:00;814.0;1576012981;90.098;37.36621196877371;1.1221084675307422;-0.8154296875;
21:23:01;815.0;1576012982;90.195;37.36621196877371;1.1221084675307422;-0.8154296875;
21:23:02;816.0;1576012983;89.982;37.36621196877371;1.1221084675307422;-0.8154296875;
21:23:03;817.0;1576012984;90.079;37.36621196877371;1.1221084675307422;-0.8154296875;
21:23:04;818.0;1576012985;89.962;37.36621196877371;1.1221084675307422;-0.8154296875;
21:23:05;819.0;1576012986;90.02;37.36621196877371;1.1221084675307422;-0.8154296875;
21:23:06;820.0;1576012987;90.195;37.36621196877371;1.1221084675307422;-0.8154296875;
21:23:07;821.0;1576012988;89.807;37.36621196877371;1.1221084675307422;-0.8154296875;
21:23:08;822.0;1576012989;89.923;37.36621196877371;1.1221084675307422;-0.8154296875;
21:23:09;823.0;1576012990;89.827;37.36621196877371;1.1221084675307422;-0.8154296875;
21:23:10;824.0;1576012991;89.885;37.36621196877371;1.1221084675307422;-0.8154296875;
21:23:11;825.0;1576012992;90.215;37.36621196877371;1.1221084675307422;-0.8154296875;
21:23:12;826.0;1576012994;90.059;37.36621196877371;1.1221084675307422;-0.8154296875;
21:23:13;827.0;1576012995;89.943;37.36621196877371;1.1221084675307422;-0.8154296875;
21:23:14;828.0;1576012996;89.653;37.36621196877371;1.1221084675307422;-0.8154296875;
21:23:15;829.0;1576012997;89.498;37.36621196877371;1.1221084675307422;-0.8154296875;
21:23:16;830.0;1576012998;89.769;37.36621196877371;1.1221084675307422;-0.8154296875;
21:23:17;831.0;1576012999;89.73;37.36621196877371;1.1221084675307422;-0.8154296875;
21:23:18;832.0;1576013000;89.962;37.36621196877371;1.1221084675307422;-0.8154296875;
21:23:19;833.0;1576013001;89.807;37.36621196877371;1.1221084675307422;-0.8154296875;
21:23:20;834.0;1576013002;89.788;37.36621196877371;1.1221084675307422;-0.8154296875;
21:23:21;835.0;1576013003;89.846;37.36621196877371;1.1221084675307422;-0.8154296875;
21:23:22;836.0;1576013004;89.672;37.36621196877371;1.1221084675307422;-0.8154296875;
21:23:23;837.0;1576013005;89.672;37.36621196877371;1.1221084675307422;-0.8154296875;
21:23:24;838.0;1576013006;89.267;37.36621196877371;1.1221084675307422;-0.8154296875;
21:23:25;839.0;1576013007;89.132;37.36621196877371;1.1221084675307422;-0.8154296875;
21:23:26;840.0;1576013008;89.382;37.36621196877371;1.1221084675307422;-0.8154296875;
21:23:27;841.0;1576013009;89.421;37.36621196877371;1.1221084675307422;-0.8154296875;
21:23:28;842.0;1576013010;89.846;37.36621196877371;1.1221084675307422;-0.8154296875;
21:23:29;843.0;1576013011;90.079;37.36621196877371;1.1221084675307422;-0.8154296875;
21:23:30;844.0;1576013011;89.943;37.36621196877371;1.1221084675307422;-0.8154296875;
21:23:31;845.0;1576013012;90.137;37.36621196877371;1.1221084675307422;-0.8154296875;
21:23:32;846.0;1576013013;90.04;37.36621196877371;1.1221084675307422;-0.8154296875;
21:23:33;847.0;1576013014;89.691;37.36621196877371;1.1221084675307422;-0.8154296875;
21:23:34;848.0;1576013015;89.653;37.36621196877371;1.1221084675307422;-0.8154296875;
21:23:35;849.0;1576013016;89.479;37.36621196877371;1.1221084675307422;-0.8154296875;
21:23:36;850.0;1576013017;89.344;37.36621196877371;1.1221084675307422;-0.8154296875;
21:23:37;851.0;1576013018;89.691;37.36621196877371;1.1221084675307422;-0.8154296875;
21:23:38;852.0;1576013019;89.556;37.36621196877371;1.1221084675307422;-0.8154296875;
21:23:39;853.0;1576013020;89.517;37.36621196877371;1.1221084675307422;-0.8154296875;
21:23:40;854.0;1576013021;89.537;37.36621196877371;1.1221084675307422;-0.8154296875;
21:23:41;855.0;1576013022;89.325;37.36621196877371;1.1221084675307422;-0.8154296875;
21:23:42;856.0;1576013023;89.44;37.36621196877371;1.1221084675307422;-0.8154296875;
21:23:43;857.0;1576013024;89.595;37.36621196877371;1.1221084675307422;-0.8154296875;
21:23:44;858.0;1576013025;89.421;37.36621196877371;1.1221084675307422;-0.8154296875;
21:23:45;859.0;1576013026;89.633;37.36621196877371;1.1221084675307422;-0.8154296875;
21:23:46;860.0;1576013027;89.614;37.36621196877371;1.1221084675307422;-0.8154296875;
21:23:47;861.0;1576013028;89.556;37.36621196877371;1.1221084675307422;-0.8154296875;
21:23:48;862.0;1576013029;89.633;37.36621196877371;1.1221084675307422;-0.8154296875;
21:23:49;863.0;1576013031;89.44;37.36621196877371;1.1221084675307422;-0.8154296875;
21:23:50;864.0;1576013032;89.382;37.36621196877371;1.1221084675307422;-0.8154296875;
21:23:51;865.0;1576013033;89.286;37.36621196877371;1.1221084675307422;-0.8154296875;
21:23:52;866.0;1576013034;89.229;37.36621196877371;1.1221084675307422;-0.8154296875;
21:23:53;867.0;1576013035;89.305;37.36621196877371;1.1221084675307422;-0.8154296875;
21:23:54;868.0;1576013036;89.305;37.36621196877371;1.1221084675307422;-0.8154296875;
