Time;Seconds from start for linreg;Unix Time;ch1 po2;Uc;Ubl;Vc;
16:34:24;-2.0;1575995666;96.872;28.83459618745384;0.8659037894130283;-0.654296875;
16:34:25;-1.0;1575995667;97.041;28.576062375898694;0.8581400112882491;-0.6494140625;
16:34:26;0.0;1575995668;97.062;29.222396904786564;0.8775494566001972;-0.66162109375;
16:34:27;1.0;1575995669;97.083;29.610197622119284;0.889195123787366;-0.6689453125;
16:34:28;2.0;1575995670;96.893;29.093129999008987;0.8736675675378075;-0.6591796875;
16:34:29;3.0;1575995671;96.683;28.963863093231417;0.869785678475418;-0.65673828125;
16:34:30;4.0;1575995672;96.641;29.093129999008987;0.8736675675378075;-0.6591796875;
16:34:31;5.0;1575995673;96.348;29.093129999008987;0.8736675675378075;-0.6591796875;
16:34:32;6.0;1575995674;96.431;29.093129999008987;0.8736675675378075;-0.6591796875;
16:34:33;7.0;1575995675;96.431;29.48093071634171;0.8853132347249764;-0.66650390625;
16:34:34;8.0;1575995676;96.578;29.093129999008987;0.8736675675378075;-0.6591796875;
16:34:35;9.0;1575995677;96.767;29.48093071634171;0.8853132347249764;-0.66650390625;
16:34:36;10.0;1575995678;96.599;28.705329281676267;0.8620219003506387;-0.65185546875;
16:34:38;12.0;1575995679;96.557;29.48093071634171;0.8853132347249764;-0.66650390625;
16:34:39;13.0;1575995680;96.662;28.963863093231417;0.869785678475418;-0.65673828125;
16:34:40;14.0;1575995681;96.599;29.093129999008987;0.8736675675378075;-0.6591796875;
16:34:41;15.0;1575995682;96.746;28.963863093231417;0.869785678475418;-0.65673828125;
16:34:42;16.0;1575995683;96.83;28.44679547012112;0.8542581222258595;-0.64697265625;
16:34:43;17.0;1575995684;96.704;29.610197622119284;0.889195123787366;-0.6689453125;
16:34:44;18.0;1575995685;96.893;29.48093071634171;0.8853132347249764;-0.66650390625;
16:34:45;19.0;1575995686;96.62;29.351663810564137;0.8814313456625867;-0.6640625;
16:34:46;20.0;1575995687;96.704;29.48093071634171;0.8853132347249764;-0.66650390625;
16:34:47;21.0;1575995688;96.536;28.83459618745384;0.8659037894130283;-0.654296875;
16:34:48;22.0;1575995689;96.452;29.48093071634171;0.8853132347249764;-0.66650390625;
16:34:49;23.0;1575995690;96.662;29.48093071634171;0.8853132347249764;-0.66650390625;
16:34:50;24.0;1575995691;96.557;28.963863093231417;0.869785678475418;-0.65673828125;
16:34:51;25.0;1575995692;96.683;29.222396904786564;0.8775494566001972;-0.66162109375;
16:34:52;26.0;1575995693;96.725;29.093129999008987;0.8736675675378075;-0.6591796875;
16:34:53;27.0;1575995694;96.746;28.963863093231417;0.869785678475418;-0.65673828125;
16:34:54;28.0;1575995695;96.893;29.73946452789686;0.8930770128497556;-0.67138671875;
16:34:55;29.0;1575995696;96.767;29.48093071634171;0.8853132347249764;-0.66650390625;
16:34:56;30.0;1575995697;96.662;29.351663810564137;0.8814313456625867;-0.6640625;
16:34:57;31.0;1575995698;96.452;28.963863093231417;0.869785678475418;-0.65673828125;
16:34:58;32.0;1575995699;96.557;30.12726524522958;0.9047226800369244;-0.6787109375;
16:34:59;33.0;1575995700;96.683;29.351663810564137;0.8814313456625867;-0.6640625;
16:35:00;34.0;1575995701;96.557;29.73946452789686;0.8930770128497556;-0.67138671875;
16:35:01;35.0;1575995702;96.662;30.256532151007153;0.908604569099314;-0.68115234375;
16:35:02;36.0;1575995703;96.494;29.222396904786564;0.8775494566001972;-0.66162109375;
16:35:03;37.0;1575995704;96.348;30.38579905678473;0.9124864581617037;-0.68359375;
16:35:04;38.0;1575995705;96.369;29.997998339452003;0.9008407909745347;-0.67626953125;
16:35:05;39.0;1575995706;96.39;28.83459618745384;0.8659037894130283;-0.654296875;
16:35:06;40.0;1575995707;96.494;29.093129999008987;0.8736675675378075;-0.6591796875;
16:35:07;41.0;1575995708;96.725;29.222396904786564;0.8775494566001972;-0.66162109375;
16:35:08;42.0;1575995709;96.83;28.963863093231417;0.869785678475418;-0.65673828125;
16:35:09;43.0;1575995710;96.914;29.48093071634171;0.8853132347249764;-0.66650390625;
16:35:10;44.0;1575995711;96.725;28.963863093231417;0.869785678475418;-0.65673828125;
16:35:11;45.0;1575995712;96.578;29.48093071634171;0.8853132347249764;-0.66650390625;
16:35:12;46.0;1575995713;96.557;29.48093071634171;0.8853132347249764;-0.66650390625;
16:35:13;47.0;1575995714;96.641;28.963863093231417;0.869785678475418;-0.65673828125;
16:35:14;48.0;1575995715;96.788;29.093129999008987;0.8736675675378075;-0.6591796875;
16:35:15;49.0;1575995716;96.851;29.222396904786564;0.8775494566001972;-0.66162109375;
16:35:16;50.0;1575995717;96.893;29.222396904786564;0.8775494566001972;-0.66162109375;
16:35:17;51.0;1575995718;97.146;29.48093071634171;0.8853132347249764;-0.66650390625;
16:35:18;52.0;1575995719;97.02;28.83459618745384;0.8659037894130283;-0.654296875;
16:35:19;53.0;1575995720;97.02;29.093129999008987;0.8736675675378075;-0.6591796875;
16:35:20;54.0;1575995721;96.872;29.351663810564137;0.8814313456625867;-0.6640625;
16:35:21;55.0;1575995722;96.578;29.73946452789686;0.8930770128497556;-0.67138671875;
16:35:22;56.0;1575995723;96.431;29.48093071634171;0.8853132347249764;-0.66650390625;
16:35:24;58.0;1575995724;96.641;28.963863093231417;0.869785678475418;-0.65673828125;
16:35:25;59.0;1575995726;96.473;28.705329281676267;0.8620219003506387;-0.65185546875;
16:35:26;60.0;1575995727;96.473;29.093129999008987;0.8736675675378075;-0.6591796875;
16:35:27;61.0;1575995728;96.515;29.868731433674434;0.8969589019121452;-0.673828125;
16:35:28;62.0;1575995729;96.41;29.610197622119284;0.889195123787366;-0.6689453125;
16:35:29;63.0;1575995730;96.369;28.44679547012112;0.8542581222258595;-0.64697265625;
16:35:30;64.0;1575995731;96.704;29.73946452789686;0.8930770128497556;-0.67138671875;
16:35:31;65.0;1575995732;96.473;29.48093071634171;0.8853132347249764;-0.66650390625;
16:35:32;66.0;1575995733;96.473;28.963863093231417;0.869785678475418;-0.65673828125;
16:35:33;67.0;1575995734;96.452;28.963863093231417;0.869785678475418;-0.65673828125;
16:35:34;68.0;1575995735;96.369;29.222396904786564;0.8775494566001972;-0.66162109375;
16:35:35;69.0;1575995736;96.348;29.48093071634171;0.8853132347249764;-0.66650390625;
16:35:36;70.0;1575995737;96.41;29.610197622119284;0.889195123787366;-0.6689453125;
16:35:37;71.0;1575995738;96.348;29.48093071634171;0.8853132347249764;-0.66650390625;
16:35:38;72.0;1575995739;96.306;29.351663810564137;0.8814313456625867;-0.6640625;
16:35:39;73.0;1575995740;96.39;29.222396904786564;0.8775494566001972;-0.66162109375;
16:35:40;74.0;1575995741;96.327;29.48093071634171;0.8853132347249764;-0.66650390625;
16:35:41;75.0;1575995742;96.515;29.610197622119284;0.889195123787366;-0.6689453125;
16:35:42;76.0;1575995743;96.599;29.351663810564137;0.8814313456625867;-0.6640625;
16:35:43;77.0;1575995744;96.599;29.222396904786564;0.8775494566001972;-0.66162109375;
16:35:44;78.0;1575995746;96.62;29.868731433674434;0.8969589019121452;-0.673828125;
16:35:45;79.0;1575995747;96.578;29.222396904786564;0.8775494566001972;-0.66162109375;
16:35:46;80.0;1575995748;96.39;29.73946452789686;0.8930770128497556;-0.67138671875;
16:35:47;81.0;1575995749;96.536;29.222396904786564;0.8775494566001972;-0.66162109375;
16:35:48;82.0;1575995750;96.767;29.997998339452003;0.9008407909745347;-0.67626953125;
16:35:49;83.0;1575995751;96.872;29.48093071634171;0.8853132347249764;-0.66650390625;
16:35:50;84.0;1575995752;96.956;29.48093071634171;0.8853132347249764;-0.66650390625;
16:35:51;85.0;1575995753;96.788;29.351663810564137;0.8814313456625867;-0.6640625;
16:35:52;86.0;1575995754;96.578;29.73946452789686;0.8930770128497556;-0.67138671875;
16:35:53;87.0;1575995755;96.767;29.093129999008987;0.8736675675378075;-0.6591796875;
16:35:54;88.0;1575995756;96.725;29.222396904786564;0.8775494566001972;-0.66162109375;
16:35:55;89.0;1575995757;96.62;29.73946452789686;0.8930770128497556;-0.67138671875;
16:35:56;90.0;1575995758;96.515;29.351663810564137;0.8814313456625867;-0.6640625;
16:35:57;91.0;1575995759;96.014;29.48093071634171;0.8853132347249764;-0.66650390625;
16:35:58;92.0;1575995760;95.972;29.868731433674434;0.8969589019121452;-0.673828125;
16:35:59;93.0;1575995761;96.014;28.963863093231417;0.869785678475418;-0.65673828125;
16:36:00;94.0;1575995762;95.681;29.48093071634171;0.8853132347249764;-0.66650390625;
16:36:01;95.0;1575995763;95.847;28.963863093231417;0.869785678475418;-0.65673828125;
16:36:02;96.0;1575995764;95.993;29.997998339452003;0.9008407909745347;-0.67626953125;
16:36:03;97.0;1575995765;95.909;29.093129999008987;0.8736675675378075;-0.6591796875;
16:36:04;98.0;1575995766;96.515;29.73946452789686;0.8930770128497556;-0.67138671875;
16:36:05;99.0;1575995767;96.494;29.48093071634171;0.8853132347249764;-0.66650390625;
16:36:06;100.0;1575995768;96.41;29.351663810564137;0.8814313456625867;-0.6640625;
16:36:07;101.0;1575995769;96.452;29.222396904786564;0.8775494566001972;-0.66162109375;
16:36:08;102.0;1575995770;96.285;29.997998339452003;0.9008407909745347;-0.67626953125;
16:36:09;103.0;1575995771;96.348;29.351663810564137;0.8814313456625867;-0.6640625;
16:36:10;104.0;1575995772;96.327;29.222396904786564;0.8775494566001972;-0.66162109375;
16:36:11;105.0;1575995773;96.431;29.48093071634171;0.8853132347249764;-0.66650390625;
16:36:13;107.0;1575995774;96.222;29.222396904786564;0.8775494566001972;-0.66162109375;
16:36:14;108.0;1575995775;95.993;29.222396904786564;0.8775494566001972;-0.66162109375;
16:36:15;109.0;1575995776;95.993;29.093129999008987;0.8736675675378075;-0.6591796875;
16:36:16;110.0;1575995777;95.743;29.868731433674434;0.8969589019121452;-0.673828125;
16:36:17;111.0;1575995778;95.806;29.093129999008987;0.8736675675378075;-0.6591796875;
16:36:18;112.0;1575995779;96.076;29.093129999008987;0.8736675675378075;-0.6591796875;
16:36:19;113.0;1575995780;95.972;28.705329281676267;0.8620219003506387;-0.65185546875;
16:36:20;114.0;1575995781;96.034;29.093129999008987;0.8736675675378075;-0.6591796875;
16:36:21;115.0;1575995782;96.306;29.093129999008987;0.8736675675378075;-0.6591796875;
16:36:22;116.0;1575995783;95.993;29.222396904786564;0.8775494566001972;-0.66162109375;
16:36:23;117.0;1575995783;96.014;29.48093071634171;0.8853132347249764;-0.66650390625;
16:36:24;118.0;1575995785;96.097;29.48093071634171;0.8853132347249764;-0.66650390625;
16:36:25;119.0;1575995786;95.868;28.317528564343544;0.8503762331634699;-0.64453125;
16:36:26;120.0;1575995787;96.118;29.351663810564137;0.8814313456625867;-0.6640625;
16:36:27;121.0;1575995788;96.097;29.868731433674434;0.8969589019121452;-0.673828125;
16:36:28;122.0;1575995789;96.201;28.317528564343544;0.8503762331634699;-0.64453125;
16:36:29;123.0;1575995790;96.222;29.610197622119284;0.889195123787366;-0.6689453125;
16:36:30;124.0;1575995791;96.222;29.73946452789686;0.8930770128497556;-0.67138671875;
16:36:31;125.0;1575995792;96.264;29.351663810564137;0.8814313456625867;-0.6640625;
16:36:32;126.0;1575995793;96.097;31.032133585672593;0.9318959034736515;-0.69580078125;
16:36:33;127.0;1575995794;96.076;30.12726524522958;0.9047226800369244;-0.6787109375;
16:36:34;128.0;1575995795;95.847;29.351663810564137;0.8814313456625867;-0.6640625;
16:36:35;129.0;1575995796;95.681;28.963863093231417;0.869785678475418;-0.65673828125;
16:36:36;130.0;1575995797;95.743;29.351663810564137;0.8814313456625867;-0.6640625;
16:36:37;131.0;1575995798;95.806;29.73946452789686;0.8930770128497556;-0.67138671875;
16:36:38;132.0;1575995799;96.034;29.222396904786564;0.8775494566001972;-0.66162109375;
16:36:39;133.0;1575995800;96.139;29.48093071634171;0.8853132347249764;-0.66650390625;
16:36:40;134.0;1575995801;95.889;29.48093071634171;0.8853132347249764;-0.66650390625;
16:36:41;135.0;1575995802;95.702;29.222396904786564;0.8775494566001972;-0.66162109375;
16:36:42;136.0;1575995803;95.681;29.868731433674434;0.8969589019121452;-0.673828125;
16:36:43;137.0;1575995804;95.619;29.222396904786564;0.8775494566001972;-0.66162109375;
16:36:44;138.0;1575995805;95.868;29.351663810564137;0.8814313456625867;-0.6640625;
16:36:45;139.0;1575995806;95.826;29.222396904786564;0.8775494566001972;-0.66162109375;
16:36:46;140.0;1575995807;95.951;29.48093071634171;0.8853132347249764;-0.66650390625;
16:36:47;141.0;1575995808;95.951;29.997998339452003;0.9008407909745347;-0.67626953125;
16:36:48;142.0;1575995809;96.034;29.48093071634171;0.8853132347249764;-0.66650390625;
16:36:49;143.0;1575995810;96.243;27.929727847010824;0.8387305659763011;-0.63720703125;
16:36:50;144.0;1575995811;96.16;28.317528564343544;0.8503762331634699;-0.64453125;
16:36:51;145.0;1575995812;96.285;29.73946452789686;0.8930770128497556;-0.67138671875;
16:36:52;146.0;1575995813;96.055;28.963863093231417;0.869785678475418;-0.65673828125;
16:36:53;147.0;1575995814;95.993;29.868731433674434;0.8969589019121452;-0.673828125;
16:36:54;148.0;1575995815;95.826;29.351663810564137;0.8814313456625867;-0.6640625;
16:36:55;149.0;1575995816;95.889;29.093129999008987;0.8736675675378075;-0.6591796875;
16:36:56;150.0;1575995817;96.034;29.351663810564137;0.8814313456625867;-0.6640625;
16:36:57;151.0;1575995818;95.764;29.48093071634171;0.8853132347249764;-0.66650390625;
16:36:58;152.0;1575995819;95.743;29.610197622119284;0.889195123787366;-0.6689453125;
16:36:59;153.0;1575995820;95.556;29.73946452789686;0.8930770128497556;-0.67138671875;
16:37:00;154.0;1575995821;95.494;28.963863093231417;0.869785678475418;-0.65673828125;
16:37:01;155.0;1575995822;95.764;29.868731433674434;0.8969589019121452;-0.673828125;
16:37:02;156.0;1575995823;95.743;29.351663810564137;0.8814313456625867;-0.6640625;
16:37:03;157.0;1575995824;95.806;29.351663810564137;0.8814313456625867;-0.6640625;
16:37:04;158.0;1575995826;95.764;29.868731433674434;0.8969589019121452;-0.673828125;
16:37:05;159.0;1575995827;95.764;29.093129999008987;0.8736675675378075;-0.6591796875;
16:37:06;160.0;1575995828;95.764;28.963863093231417;0.869785678475418;-0.65673828125;
16:37:07;161.0;1575995829;95.806;29.48093071634171;0.8853132347249764;-0.66650390625;
16:37:08;162.0;1575995830;95.847;29.868731433674434;0.8969589019121452;-0.673828125;
16:37:09;163.0;1575995831;95.515;29.997998339452003;0.9008407909745347;-0.67626953125;
16:37:10;164.0;1575995832;95.515;29.48093071634171;0.8853132347249764;-0.66650390625;
16:37:11;165.0;1575995833;95.37;30.77359977411745;0.9241321253488725;-0.69091796875;
16:37:12;166.0;1575995834;95.494;29.48093071634171;0.8853132347249764;-0.66650390625;
16:37:13;167.0;1575995835;95.639;29.093129999008987;0.8736675675378075;-0.6591796875;
16:37:14;168.0;1575995836;95.826;28.705329281676267;0.8620219003506387;-0.65185546875;
16:37:15;169.0;1575995837;95.909;28.963863093231417;0.869785678475418;-0.65673828125;
16:37:17;171.0;1575995838;95.722;30.77359977411745;0.9241321253488725;-0.69091796875;
16:37:18;172.0;1575995839;95.868;30.5150659625623;0.9163683472240932;-0.68603515625;
16:37:19;173.0;1575995840;95.785;29.997998339452003;0.9008407909745347;-0.67626953125;
16:37:20;174.0;1575995841;95.806;29.610197622119284;0.889195123787366;-0.6689453125;
16:37:21;175.0;1575995842;95.847;29.351663810564137;0.8814313456625867;-0.6640625;
16:37:22;176.0;1575995842;95.743;29.73946452789686;0.8930770128497556;-0.67138671875;
16:37:23;177.0;1575995844;95.764;29.222396904786564;0.8775494566001972;-0.66162109375;
16:37:24;178.0;1575995845;95.785;29.868731433674434;0.8969589019121452;-0.673828125;
16:37:25;179.0;1575995846;95.619;29.610197622119284;0.889195123787366;-0.6689453125;
16:37:26;180.0;1575995847;95.764;29.351663810564137;0.8814313456625867;-0.6640625;
16:37:27;181.0;1575995848;95.598;29.222396904786564;0.8775494566001972;-0.66162109375;
16:37:28;182.0;1575995849;95.453;29.48093071634171;0.8853132347249764;-0.66650390625;
16:37:29;183.0;1575995850;95.536;29.73946452789686;0.8930770128497556;-0.67138671875;
16:37:30;184.0;1575995851;95.349;28.963863093231417;0.869785678475418;-0.65673828125;
16:37:31;185.0;1575995852;95.432;29.868731433674434;0.8969589019121452;-0.673828125;
16:37:32;186.0;1575995853;95.785;29.73946452789686;0.8930770128497556;-0.67138671875;
16:37:33;187.0;1575995854;95.598;29.351663810564137;0.8814313456625867;-0.6640625;
16:37:34;188.0;1575995855;95.515;29.997998339452003;0.9008407909745347;-0.67626953125;
16:37:35;189.0;1575995856;95.432;29.351663810564137;0.8814313456625867;-0.6640625;
16:37:36;190.0;1575995857;95.04;29.48093071634171;0.8853132347249764;-0.66650390625;
16:37:37;191.0;1575995858;95.411;29.222396904786564;0.8775494566001972;-0.66162109375;
16:37:38;192.0;1575995859;95.681;29.868731433674434;0.8969589019121452;-0.673828125;
16:37:39;193.0;1575995860;95.764;29.48093071634171;0.8853132347249764;-0.66650390625;
16:37:40;194.0;1575995861;95.93;29.48093071634171;0.8853132347249764;-0.66650390625;
16:37:41;195.0;1575995862;95.826;30.256532151007153;0.908604569099314;-0.68115234375;
16:37:42;196.0;1575995863;95.619;29.997998339452003;0.9008407909745347;-0.67626953125;
16:37:43;197.0;1575995864;95.743;29.73946452789686;0.8930770128497556;-0.67138671875;
16:37:44;198.0;1575995865;95.66;29.093129999008987;0.8736675675378075;-0.6591796875;
16:37:45;199.0;1575995866;95.639;29.351663810564137;0.8814313456625867;-0.6640625;
16:37:46;200.0;1575995867;95.743;29.351663810564137;0.8814313456625867;-0.6640625;
16:37:47;201.0;1575995868;95.639;29.48093071634171;0.8853132347249764;-0.66650390625;
16:37:48;202.0;1575995869;95.619;29.610197622119284;0.889195123787366;-0.6689453125;
16:37:49;203.0;1575995870;95.743;30.12726524522958;0.9047226800369244;-0.6787109375;
16:37:50;204.0;1575995871;95.556;29.73946452789686;0.8930770128497556;-0.67138671875;
16:37:51;205.0;1575995872;95.329;29.222396904786564;0.8775494566001972;-0.66162109375;
16:37:52;206.0;1575995873;95.225;29.48093071634171;0.8853132347249764;-0.66650390625;
16:37:53;207.0;1575995874;94.978;29.48093071634171;0.8853132347249764;-0.66650390625;
16:37:54;208.0;1575995875;94.937;30.5150659625623;0.9163683472240932;-0.68603515625;
16:37:55;209.0;1575995876;95.205;29.610197622119284;0.889195123787366;-0.6689453125;
16:37:56;210.0;1575995877;95.267;29.610197622119284;0.889195123787366;-0.6689453125;
16:37:57;211.0;1575995878;95.432;29.73946452789686;0.8930770128497556;-0.67138671875;
16:37:58;212.0;1575995879;95.681;29.48093071634171;0.8853132347249764;-0.66650390625;
16:37:59;213.0;1575995880;95.453;29.48093071634171;0.8853132347249764;-0.66650390625;
16:38:00;214.0;1575995881;95.391;29.868731433674434;0.8969589019121452;-0.673828125;
16:38:01;215.0;1575995882;95.081;29.610197622119284;0.889195123787366;-0.6689453125;
16:38:02;216.0;1575995883;94.896;30.256532151007153;0.908604569099314;-0.68115234375;
16:38:03;217.0;1575995884;95.102;29.73946452789686;0.8930770128497556;-0.67138671875;
16:38:04;218.0;1575995885;95.205;29.73946452789686;0.8930770128497556;-0.67138671875;
16:38:05;219.0;1575995886;95.536;29.997998339452003;0.9008407909745347;-0.67626953125;
16:38:06;220.0;1575995887;95.66;29.997998339452003;0.9008407909745347;-0.67626953125;
16:38:07;221.0;1575995888;95.494;29.351663810564137;0.8814313456625867;-0.6640625;
16:38:08;222.0;1575995889;95.515;29.093129999008987;0.8736675675378075;-0.6591796875;
16:38:09;223.0;1575995890;95.432;29.868731433674434;0.8969589019121452;-0.673828125;
16:38:10;224.0;1575995892;95.287;30.12726524522958;0.9047226800369244;-0.6787109375;
16:38:11;225.0;1575995893;95.453;29.222396904786564;0.8775494566001972;-0.66162109375;
16:38:12;226.0;1575995894;95.391;29.48093071634171;0.8853132347249764;-0.66650390625;
16:38:13;227.0;1575995895;95.536;29.73946452789686;0.8930770128497556;-0.67138671875;
16:38:14;228.0;1575995896;95.577;29.48093071634171;0.8853132347249764;-0.66650390625;
16:38:15;229.0;1575995897;95.494;29.610197622119284;0.889195123787366;-0.6689453125;
16:38:16;230.0;1575995898;95.205;29.48093071634171;0.8853132347249764;-0.66650390625;
16:38:17;231.0;1575995899;94.999;29.48093071634171;0.8853132347249764;-0.66650390625;
16:38:18;232.0;1575995900;95.184;30.256532151007153;0.908604569099314;-0.68115234375;
16:38:21;235.0;1575995901;95.556;29.868731433674434;0.8969589019121452;-0.673828125;
16:38:22;236.0;1575995903;95.619;29.48093071634171;0.8853132347249764;-0.66650390625;
16:38:23;237.0;1575995904;95.556;30.12726524522958;0.9047226800369244;-0.6787109375;
16:38:24;238.0;1575995905;95.411;30.12726524522958;0.9047226800369244;-0.6787109375;
16:38:25;239.0;1575995906;95.184;29.48093071634171;0.8853132347249764;-0.66650390625;
16:38:26;240.0;1575995907;95.122;29.351663810564137;0.8814313456625867;-0.6640625;
16:38:27;241.0;1575995908;94.999;29.351663810564137;0.8814313456625867;-0.6640625;
16:38:28;242.0;1575995909;94.999;29.73946452789686;0.8930770128497556;-0.67138671875;
16:38:29;243.0;1575995910;95.143;29.997998339452003;0.9008407909745347;-0.67626953125;
16:38:30;244.0;1575995911;95.164;29.610197622119284;0.889195123787366;-0.6689453125;
16:38:31;245.0;1575995912;95.143;29.610197622119284;0.889195123787366;-0.6689453125;
16:38:32;246.0;1575995913;94.855;30.12726524522958;0.9047226800369244;-0.6787109375;
16:38:33;247.0;1575995914;94.896;29.222396904786564;0.8775494566001972;-0.66162109375;
16:38:34;248.0;1575995915;94.752;29.222396904786564;0.8775494566001972;-0.66162109375;
16:38:35;249.0;1575995916;94.937;29.73946452789686;0.8930770128497556;-0.67138671875;
16:38:36;250.0;1575995917;95.225;29.48093071634171;0.8853132347249764;-0.66650390625;
16:38:37;251.0;1575995918;95.081;29.48093071634171;0.8853132347249764;-0.66650390625;
16:38:38;252.0;1575995919;95.246;30.77359977411745;0.9241321253488725;-0.69091796875;
16:38:39;253.0;1575995920;95.122;30.12726524522958;0.9047226800369244;-0.6787109375;
16:38:40;254.0;1575995921;94.875;29.997998339452003;0.9008407909745347;-0.67626953125;
16:38:41;255.0;1575995922;94.896;29.868731433674434;0.8969589019121452;-0.673828125;
16:38:42;256.0;1575995923;94.67;30.38579905678473;0.9124864581617037;-0.68359375;
16:38:43;257.0;1575995924;94.813;29.48093071634171;0.8853132347249764;-0.66650390625;
16:38:44;258.0;1575995925;94.978;29.868731433674434;0.8969589019121452;-0.673828125;
16:38:45;259.0;1575995926;95.081;29.610197622119284;0.889195123787366;-0.6689453125;
16:38:46;260.0;1575995927;95.349;30.256532151007153;0.908604569099314;-0.68115234375;
16:38:47;261.0;1575995928;95.184;29.351663810564137;0.8814313456625867;-0.6640625;
16:38:48;262.0;1575995929;95.411;30.5150659625623;0.9163683472240932;-0.68603515625;
16:38:49;263.0;1575995930;95.37;29.73946452789686;0.8930770128497556;-0.67138671875;
16:38:50;264.0;1575995931;95.04;30.12726524522958;0.9047226800369244;-0.6787109375;
16:38:51;265.0;1575995932;95.081;29.48093071634171;0.8853132347249764;-0.66650390625;
16:38:52;266.0;1575995933;94.896;29.997998339452003;0.9008407909745347;-0.67626953125;
16:38:53;267.0;1575995934;94.957;29.73946452789686;0.8930770128497556;-0.67138671875;
16:38:54;268.0;1575995935;95.06;29.73946452789686;0.8930770128497556;-0.67138671875;
16:38:55;269.0;1575995936;94.875;29.868731433674434;0.8969589019121452;-0.673828125;
16:38:56;270.0;1575995937;94.855;30.256532151007153;0.908604569099314;-0.68115234375;
16:38:57;271.0;1575995938;94.834;29.610197622119284;0.889195123787366;-0.6689453125;
16:38:58;272.0;1575995940;94.916;29.997998339452003;0.9008407909745347;-0.67626953125;
16:38:59;273.0;1575995941;94.957;29.997998339452003;0.9008407909745347;-0.67626953125;
16:39:00;274.0;1575995942;95.019;29.48093071634171;0.8853132347249764;-0.66650390625;
16:39:01;275.0;1575995943;95.102;29.48093071634171;0.8853132347249764;-0.66650390625;
16:39:02;276.0;1575995944;94.999;29.868731433674434;0.8969589019121452;-0.673828125;
16:39:03;277.0;1575995945;94.772;29.868731433674434;0.8969589019121452;-0.673828125;
16:39:04;278.0;1575995946;94.793;30.38579905678473;0.9124864581617037;-0.68359375;
16:39:05;279.0;1575995947;94.69;29.73946452789686;0.8930770128497556;-0.67138671875;
16:39:06;280.0;1575995948;95.019;29.351663810564137;0.8814313456625867;-0.6640625;
16:39:07;281.0;1575995949;95.287;29.868731433674434;0.8969589019121452;-0.673828125;
16:39:08;282.0;1575995950;95.453;30.256532151007153;0.908604569099314;-0.68115234375;
16:39:09;283.0;1575995951;95.432;29.73946452789686;0.8930770128497556;-0.67138671875;
16:39:10;284.0;1575995952;95.246;29.48093071634171;0.8853132347249764;-0.66650390625;
16:39:11;285.0;1575995953;95.225;29.868731433674434;0.8969589019121452;-0.673828125;
16:39:12;286.0;1575995954;95.06;28.963863093231417;0.869785678475418;-0.65673828125;
16:39:13;287.0;1575995955;94.999;29.868731433674434;0.8969589019121452;-0.673828125;
16:39:14;288.0;1575995956;94.978;30.12726524522958;0.9047226800369244;-0.6787109375;
16:39:15;289.0;1575995957;94.957;29.222396904786564;0.8775494566001972;-0.66162109375;
16:39:16;290.0;1575995958;94.978;29.73946452789686;0.8930770128497556;-0.67138671875;
16:39:17;291.0;1575995959;95.102;29.48093071634171;0.8853132347249764;-0.66650390625;
16:39:18;292.0;1575995960;94.957;29.48093071634171;0.8853132347249764;-0.66650390625;
16:39:19;293.0;1575995960;94.896;29.73946452789686;0.8930770128497556;-0.67138671875;
16:39:20;294.0;1575995962;94.608;29.48093071634171;0.8853132347249764;-0.66650390625;
16:39:21;295.0;1575995963;94.26;29.73946452789686;0.8930770128497556;-0.67138671875;
16:39:22;296.0;1575995964;94.404;29.351663810564137;0.8814313456625867;-0.6640625;
16:39:23;297.0;1575995965;94.588;29.997998339452003;0.9008407909745347;-0.67626953125;
16:39:24;298.0;1575995966;94.711;29.868731433674434;0.8969589019121452;-0.673828125;
16:39:26;300.0;1575995967;95.122;29.73946452789686;0.8930770128497556;-0.67138671875;
16:39:27;301.0;1575995968;95.102;29.48093071634171;0.8853132347249764;-0.66650390625;
16:39:28;302.0;1575995969;94.896;29.997998339452003;0.9008407909745347;-0.67626953125;
16:39:29;303.0;1575995970;94.772;29.610197622119284;0.889195123787366;-0.6689453125;
16:39:30;304.0;1575995971;94.711;29.610197622119284;0.889195123787366;-0.6689453125;
16:39:31;305.0;1575995972;94.629;29.73946452789686;0.8930770128497556;-0.67138671875;
16:39:32;306.0;1575995973;94.567;32.06626883189318;0.9629510159727683;-0.71533203125;
16:39:33;307.0;1575995974;94.67;29.610197622119284;0.889195123787366;-0.6689453125;
16:39:34;308.0;1575995975;94.547;29.48093071634171;0.8853132347249764;-0.66650390625;
16:39:35;309.0;1575995976;94.793;29.997998339452003;0.9008407909745347;-0.67626953125;
16:39:36;310.0;1575995977;94.711;29.73946452789686;0.8930770128497556;-0.67138671875;
16:39:37;311.0;1575995978;94.752;29.868731433674434;0.8969589019121452;-0.673828125;
16:39:38;312.0;1575995979;94.855;30.12726524522958;0.9047226800369244;-0.6787109375;
16:39:39;313.0;1575995980;94.485;29.610197622119284;0.889195123787366;-0.6689453125;
16:39:40;314.0;1575995981;94.731;31.41993430300532;0.9435415706608205;-0.703125;
16:39:41;315.0;1575995982;94.711;29.73946452789686;0.8930770128497556;-0.67138671875;
16:39:42;316.0;1575995983;94.444;29.73946452789686;0.8930770128497556;-0.67138671875;
16:39:43;317.0;1575995984;94.69;29.610197622119284;0.889195123787366;-0.6689453125;
16:39:44;318.0;1575995985;94.711;29.997998339452003;0.9008407909745347;-0.67626953125;
16:39:45;319.0;1575995986;94.731;29.48093071634171;0.8853132347249764;-0.66650390625;
00:00:00;-59666.0;1575995987;-9999.0;29.997998339452003;0.9008407909745347;-0.67626953125;
16:39:46;320.0;1575995987;94.649;29.73946452789686;0.8930770128497556;-0.67138671875;
16:39:47;321.0;1575995988;94.69;29.610197622119284;0.889195123787366;-0.6689453125;
16:39:48;322.0;1575995989;94.69;29.868731433674434;0.8969589019121452;-0.673828125;
16:39:49;323.0;1575995990;94.69;29.997998339452003;0.9008407909745347;-0.67626953125;
16:39:50;324.0;1575995991;94.834;29.868731433674434;0.8969589019121452;-0.673828125;
16:39:51;325.0;1575995992;94.69;28.44679547012112;0.8542581222258595;-0.64697265625;
16:39:52;326.0;1575995993;94.567;29.997998339452003;0.9008407909745347;-0.67626953125;
16:39:53;327.0;1575995994;94.465;29.73946452789686;0.8930770128497556;-0.67138671875;
16:39:54;328.0;1575995995;94.526;29.73946452789686;0.8930770128497556;-0.67138671875;
16:39:55;329.0;1575995996;94.526;30.38579905678473;0.9124864581617037;-0.68359375;
16:39:56;330.0;1575995997;94.608;29.48093071634171;0.8853132347249764;-0.66650390625;
16:39:57;331.0;1575995998;94.731;29.997998339452003;0.9008407909745347;-0.67626953125;
16:39:58;332.0;1575995999;94.896;29.093129999008987;0.8736675675378075;-0.6591796875;
16:39:59;333.0;1575996000;94.752;30.12726524522958;0.9047226800369244;-0.6787109375;
16:40:00;334.0;1575996001;94.547;29.73946452789686;0.8930770128497556;-0.67138671875;
16:40:01;335.0;1575996002;94.465;29.48093071634171;0.8853132347249764;-0.66650390625;
16:40:02;336.0;1575996003;94.199;29.868731433674434;0.8969589019121452;-0.673828125;
16:40:03;337.0;1575996004;94.179;29.997998339452003;0.9008407909745347;-0.67626953125;
16:40:04;338.0;1575996005;94.404;30.12726524522958;0.9047226800369244;-0.6787109375;
16:40:05;339.0;1575996006;94.506;28.963863093231417;0.869785678475418;-0.65673828125;
16:40:06;340.0;1575996007;94.444;29.48093071634171;0.8853132347249764;-0.66650390625;
16:40:07;341.0;1575996008;94.424;29.610197622119284;0.889195123787366;-0.6689453125;
16:40:08;342.0;1575996009;94.383;29.610197622119284;0.889195123787366;-0.6689453125;
16:40:09;343.0;1575996010;94.424;29.868731433674434;0.8969589019121452;-0.673828125;
16:40:10;344.0;1575996011;94.752;29.997998339452003;0.9008407909745347;-0.67626953125;
16:40:11;345.0;1575996012;94.649;29.868731433674434;0.8969589019121452;-0.673828125;
16:40:12;346.0;1575996013;94.772;29.48093071634171;0.8853132347249764;-0.66650390625;
16:40:13;347.0;1575996014;94.526;29.997998339452003;0.9008407909745347;-0.67626953125;
16:40:14;348.0;1575996016;94.363;29.997998339452003;0.9008407909745347;-0.67626953125;
16:40:15;349.0;1575996017;94.506;29.997998339452003;0.9008407909745347;-0.67626953125;
16:40:16;350.0;1575996018;94.404;29.73946452789686;0.8930770128497556;-0.67138671875;
16:40:17;351.0;1575996019;94.567;29.997998339452003;0.9008407909745347;-0.67626953125;
16:40:18;352.0;1575996019;94.342;29.997998339452003;0.9008407909745347;-0.67626953125;
16:40:19;353.0;1575996021;94.322;29.997998339452003;0.9008407909745347;-0.67626953125;
16:40:20;354.0;1575996022;94.179;30.12726524522958;0.9047226800369244;-0.6787109375;
16:40:21;355.0;1575996023;94.057;29.73946452789686;0.8930770128497556;-0.67138671875;
16:40:22;356.0;1575996024;94.383;30.12726524522958;0.9047226800369244;-0.6787109375;
16:40:23;357.0;1575996025;94.363;29.48093071634171;0.8853132347249764;-0.66650390625;
16:40:24;358.0;1575996026;94.424;29.610197622119284;0.889195123787366;-0.6689453125;
16:40:25;359.0;1575996027;94.363;29.73946452789686;0.8930770128497556;-0.67138671875;
16:40:26;360.0;1575996028;93.975;29.997998339452003;0.9008407909745347;-0.67626953125;
16:40:27;361.0;1575996029;94.036;30.256532151007153;0.908604569099314;-0.68115234375;
16:40:28;362.0;1575996030;94.097;29.73946452789686;0.8930770128497556;-0.67138671875;
16:40:30;364.0;1575996031;94.24;29.610197622119284;0.889195123787366;-0.6689453125;
16:40:31;365.0;1575996032;94.24;29.48093071634171;0.8853132347249764;-0.66650390625;
16:40:32;366.0;1575996033;94.24;29.73946452789686;0.8930770128497556;-0.67138671875;
16:40:33;367.0;1575996034;94.199;29.48093071634171;0.8853132347249764;-0.66650390625;
16:40:34;368.0;1575996035;94.138;29.351663810564137;0.8814313456625867;-0.6640625;
16:40:35;369.0;1575996036;94.322;30.256532151007153;0.908604569099314;-0.68115234375;
16:40:36;370.0;1575996037;94.526;29.610197622119284;0.889195123787366;-0.6689453125;
16:40:37;371.0;1575996038;94.465;29.997998339452003;0.9008407909745347;-0.67626953125;
16:40:38;372.0;1575996039;94.526;29.222396904786564;0.8775494566001972;-0.66162109375;
16:40:39;373.0;1575996040;94.506;29.73946452789686;0.8930770128497556;-0.67138671875;
16:40:40;374.0;1575996041;94.444;29.73946452789686;0.8930770128497556;-0.67138671875;
16:40:41;375.0;1575996042;94.69;29.351663810564137;0.8814313456625867;-0.6640625;
16:40:42;376.0;1575996043;94.711;29.997998339452003;0.9008407909745347;-0.67626953125;
16:40:43;377.0;1575996044;94.629;29.868731433674434;0.8969589019121452;-0.673828125;
16:40:44;378.0;1575996045;94.485;30.12726524522958;0.9047226800369244;-0.6787109375;
16:40:45;379.0;1575996046;94.22;29.997998339452003;0.9008407909745347;-0.67626953125;
16:40:46;380.0;1575996047;94.097;29.997998339452003;0.9008407909745347;-0.67626953125;
16:40:47;381.0;1575996048;94.179;30.12726524522958;0.9047226800369244;-0.6787109375;
16:40:48;382.0;1575996049;94.057;29.73946452789686;0.8930770128497556;-0.67138671875;
16:40:49;383.0;1575996050;94.057;29.997998339452003;0.9008407909745347;-0.67626953125;
16:40:50;384.0;1575996051;94.138;30.256532151007153;0.908604569099314;-0.68115234375;
16:40:51;385.0;1575996052;94.077;30.5150659625623;0.9163683472240932;-0.68603515625;
16:40:52;386.0;1575996053;94.097;29.610197622119284;0.889195123787366;-0.6689453125;
16:40:53;387.0;1575996054;93.873;29.351663810564137;0.8814313456625867;-0.6640625;
16:40:54;388.0;1575996055;93.711;29.48093071634171;0.8853132347249764;-0.66650390625;
16:40:55;389.0;1575996056;93.508;29.610197622119284;0.889195123787366;-0.6689453125;
16:40:56;390.0;1575996057;93.61;29.48093071634171;0.8853132347249764;-0.66650390625;
16:40:57;391.0;1575996058;93.955;30.256532151007153;0.908604569099314;-0.68115234375;
16:40:58;392.0;1575996059;94.26;29.610197622119284;0.889195123787366;-0.6689453125;
16:40:59;393.0;1575996060;94.629;28.963863093231417;0.869785678475418;-0.65673828125;
16:41:00;394.0;1575996061;94.404;29.351663810564137;0.8814313456625867;-0.6640625;
16:41:01;395.0;1575996062;94.322;29.868731433674434;0.8969589019121452;-0.673828125;
16:41:02;396.0;1575996063;94.057;29.610197622119284;0.889195123787366;-0.6689453125;
16:41:03;397.0;1575996064;93.996;29.868731433674434;0.8969589019121452;-0.673828125;
16:41:04;398.0;1575996065;94.26;29.610197622119284;0.889195123787366;-0.6689453125;
16:41:05;399.0;1575996066;94.24;29.610197622119284;0.889195123787366;-0.6689453125;
16:41:06;400.0;1575996067;94.281;29.48093071634171;0.8853132347249764;-0.66650390625;
16:41:07;401.0;1575996068;94.22;29.351663810564137;0.8814313456625867;-0.6640625;
16:41:08;402.0;1575996069;94.016;30.12726524522958;0.9047226800369244;-0.6787109375;
16:41:09;403.0;1575996070;94.057;29.48093071634171;0.8853132347249764;-0.66650390625;
16:41:10;404.0;1575996071;93.914;30.5150659625623;0.9163683472240932;-0.68603515625;
16:41:11;405.0;1575996072;94.077;29.868731433674434;0.8969589019121452;-0.673828125;
16:41:12;406.0;1575996073;93.996;29.093129999008987;0.8736675675378075;-0.6591796875;
16:41:13;407.0;1575996074;93.792;30.12726524522958;0.9047226800369244;-0.6787109375;
16:41:14;408.0;1575996075;93.894;30.12726524522958;0.9047226800369244;-0.6787109375;
16:41:15;409.0;1575996076;93.63;30.38579905678473;0.9124864581617037;-0.68359375;
16:41:16;410.0;1575996077;93.792;30.5150659625623;0.9163683472240932;-0.68603515625;
16:41:17;411.0;1575996078;93.975;29.997998339452003;0.9008407909745347;-0.67626953125;
16:41:18;412.0;1575996079;93.873;29.73946452789686;0.8930770128497556;-0.67138671875;
16:41:19;413.0;1575996080;93.914;29.868731433674434;0.8969589019121452;-0.673828125;
16:41:20;414.0;1575996081;93.731;30.644332868339873;0.9202502362864827;-0.6884765625;
16:41:21;415.0;1575996082;93.711;29.48093071634171;0.8853132347249764;-0.66650390625;
16:41:22;416.0;1575996083;93.894;29.997998339452003;0.9008407909745347;-0.67626953125;
16:41:23;417.0;1575996084;93.853;29.222396904786564;0.8775494566001972;-0.66162109375;
16:41:24;418.0;1575996085;93.873;30.12726524522958;0.9047226800369244;-0.6787109375;
16:41:25;419.0;1575996086;93.813;30.38579905678473;0.9124864581617037;-0.68359375;
16:41:26;420.0;1575996087;93.833;29.73946452789686;0.8930770128497556;-0.67138671875;
16:41:27;421.0;1575996088;93.813;29.48093071634171;0.8853132347249764;-0.66650390625;
16:41:28;422.0;1575996089;93.833;29.868731433674434;0.8969589019121452;-0.673828125;
16:41:29;423.0;1575996090;93.853;29.997998339452003;0.9008407909745347;-0.67626953125;
16:41:30;424.0;1575996092;93.873;30.12726524522958;0.9047226800369244;-0.6787109375;
16:41:31;425.0;1575996093;93.996;29.997998339452003;0.9008407909745347;-0.67626953125;
16:41:32;426.0;1575996094;94.077;29.868731433674434;0.8969589019121452;-0.673828125;
16:41:34;428.0;1575996095;94.016;29.73946452789686;0.8930770128497556;-0.67138671875;
16:41:35;429.0;1575996096;93.894;29.73946452789686;0.8930770128497556;-0.67138671875;
16:41:36;430.0;1575996097;93.65;29.610197622119284;0.889195123787366;-0.6689453125;
16:41:37;431.0;1575996098;93.792;29.868731433674434;0.8969589019121452;-0.673828125;
16:41:38;432.0;1575996099;93.711;29.997998339452003;0.9008407909745347;-0.67626953125;
16:41:39;433.0;1575996100;93.752;30.77359977411745;0.9241321253488725;-0.69091796875;
16:41:40;434.0;1575996101;93.996;30.38579905678473;0.9124864581617037;-0.68359375;
16:41:41;435.0;1575996102;93.853;29.997998339452003;0.9008407909745347;-0.67626953125;
16:41:42;436.0;1575996103;93.934;29.997998339452003;0.9008407909745347;-0.67626953125;
16:41:43;437.0;1575996104;93.853;30.12726524522958;0.9047226800369244;-0.6787109375;
16:41:44;438.0;1575996105;93.65;30.5150659625623;0.9163683472240932;-0.68603515625;
16:41:45;439.0;1575996106;93.63;30.256532151007153;0.908604569099314;-0.68115234375;
16:41:46;440.0;1575996107;93.671;29.73946452789686;0.8930770128497556;-0.67138671875;
16:41:47;441.0;1575996108;93.549;29.73946452789686;0.8930770128497556;-0.67138671875;
16:41:48;442.0;1575996109;93.772;30.12726524522958;0.9047226800369244;-0.6787109375;
16:41:49;443.0;1575996110;94.036;30.644332868339873;0.9202502362864827;-0.6884765625;
16:41:50;444.0;1575996111;93.894;29.093129999008987;0.8736675675378075;-0.6591796875;
16:41:51;445.0;1575996112;94.057;29.73946452789686;0.8930770128497556;-0.67138671875;
16:41:52;446.0;1575996113;94.016;30.12726524522958;0.9047226800369244;-0.6787109375;
16:41:53;447.0;1575996114;93.691;30.38579905678473;0.9124864581617037;-0.68359375;
16:41:54;448.0;1575996115;93.813;30.5150659625623;0.9163683472240932;-0.68603515625;
16:41:55;449.0;1575996116;93.813;29.73946452789686;0.8930770128497556;-0.67138671875;
16:41:56;450.0;1575996117;93.772;30.644332868339873;0.9202502362864827;-0.6884765625;
16:41:57;451.0;1575996118;93.873;29.997998339452003;0.9008407909745347;-0.67626953125;
16:41:58;452.0;1575996119;93.63;30.256532151007153;0.908604569099314;-0.68115234375;
16:41:59;453.0;1575996120;93.448;30.256532151007153;0.908604569099314;-0.68115234375;
16:42:00;454.0;1575996121;93.407;30.12726524522958;0.9047226800369244;-0.6787109375;
16:42:01;455.0;1575996122;93.306;30.256532151007153;0.908604569099314;-0.68115234375;
16:42:02;456.0;1575996123;93.488;30.644332868339873;0.9202502362864827;-0.6884765625;
16:42:03;457.0;1575996124;93.731;29.997998339452003;0.9008407909745347;-0.67626953125;
16:42:04;458.0;1575996125;93.671;29.997998339452003;0.9008407909745347;-0.67626953125;
16:42:05;459.0;1575996126;93.731;29.610197622119284;0.889195123787366;-0.6689453125;
16:42:06;460.0;1575996127;93.996;30.256532151007153;0.908604569099314;-0.68115234375;
16:42:07;461.0;1575996128;93.772;30.5150659625623;0.9163683472240932;-0.68603515625;
16:42:08;462.0;1575996129;93.873;29.48093071634171;0.8853132347249764;-0.66650390625;
16:42:09;463.0;1575996130;93.894;30.38579905678473;0.9124864581617037;-0.68359375;
16:42:10;464.0;1575996131;93.569;29.73946452789686;0.8930770128497556;-0.67138671875;
16:42:11;465.0;1575996132;93.671;30.5150659625623;0.9163683472240932;-0.68603515625;
16:42:12;466.0;1575996133;93.387;30.12726524522958;0.9047226800369244;-0.6787109375;
16:42:13;467.0;1575996134;93.407;31.937001926115617;0.9590691269103789;-0.712890625;
16:42:14;468.0;1575996135;93.306;30.5150659625623;0.9163683472240932;-0.68603515625;
16:42:15;469.0;1575996136;93.428;31.678468114560467;0.9513053487855997;-0.7080078125;
16:42:16;470.0;1575996137;93.549;30.12726524522958;0.9047226800369244;-0.6787109375;
16:42:17;471.0;1575996138;93.468;30.256532151007153;0.908604569099314;-0.68115234375;
16:42:18;472.0;1575996139;93.549;29.73946452789686;0.8930770128497556;-0.67138671875;
16:42:19;473.0;1575996140;93.488;30.5150659625623;0.9163683472240932;-0.68603515625;
16:42:20;474.0;1575996141;93.63;29.73946452789686;0.8930770128497556;-0.67138671875;
16:42:21;475.0;1575996142;93.61;30.12726524522958;0.9047226800369244;-0.6787109375;
16:42:22;476.0;1575996143;93.63;29.73946452789686;0.8930770128497556;-0.67138671875;
16:42:23;477.0;1575996144;93.468;30.38579905678473;0.9124864581617037;-0.68359375;
16:42:24;478.0;1575996145;93.347;30.12726524522958;0.9047226800369244;-0.6787109375;
16:42:25;479.0;1575996147;93.347;30.256532151007153;0.908604569099314;-0.68115234375;
16:42:26;480.0;1575996148;93.488;30.38579905678473;0.9124864581617037;-0.68359375;
16:42:27;481.0;1575996149;93.488;30.256532151007153;0.908604569099314;-0.68115234375;
16:42:28;482.0;1575996150;93.691;30.12726524522958;0.9047226800369244;-0.6787109375;
16:42:29;483.0;1575996151;93.671;29.997998339452003;0.9008407909745347;-0.67626953125;
16:42:30;484.0;1575996152;93.407;29.868731433674434;0.8969589019121452;-0.673828125;
16:42:31;485.0;1575996153;93.327;29.73946452789686;0.8930770128497556;-0.67138671875;
16:42:32;486.0;1575996154;93.185;30.38579905678473;0.9124864581617037;-0.68359375;
16:42:33;487.0;1575996155;93.145;30.12726524522958;0.9047226800369244;-0.6787109375;
16:42:34;488.0;1575996156;93.085;30.256532151007153;0.908604569099314;-0.68115234375;
16:42:35;489.0;1575996157;93.004;29.997998339452003;0.9008407909745347;-0.67626953125;
16:42:36;490.0;1575996158;92.984;30.12726524522958;0.9047226800369244;-0.6787109375;
16:42:38;492.0;1575996159;93.024;29.351663810564137;0.8814313456625867;-0.6640625;
16:42:39;493.0;1575996160;93.286;30.12726524522958;0.9047226800369244;-0.6787109375;
16:42:40;494.0;1575996161;93.589;30.256532151007153;0.908604569099314;-0.68115234375;
16:42:41;495.0;1575996162;93.549;29.610197622119284;0.889195123787366;-0.6689453125;
16:42:42;496.0;1575996163;93.65;30.38579905678473;0.9124864581617037;-0.68359375;
16:42:43;497.0;1575996164;93.448;29.48093071634171;0.8853132347249764;-0.66650390625;
16:42:44;498.0;1575996165;93.205;30.644332868339873;0.9202502362864827;-0.6884765625;
16:42:45;499.0;1575996166;92.964;29.73946452789686;0.8930770128497556;-0.67138671875;
16:42:46;500.0;1575996167;92.883;30.12726524522958;0.9047226800369244;-0.6787109375;
16:42:47;501.0;1575996168;93.185;30.256532151007153;0.908604569099314;-0.68115234375;
16:42:48;502.0;1575996169;93.205;29.997998339452003;0.9008407909745347;-0.67626953125;
16:42:49;503.0;1575996170;93.468;29.868731433674434;0.8969589019121452;-0.673828125;
16:42:50;504.0;1575996171;93.508;29.868731433674434;0.8969589019121452;-0.673828125;
16:42:51;505.0;1575996172;93.205;30.38579905678473;0.9124864581617037;-0.68359375;
16:42:52;506.0;1575996173;93.145;29.73946452789686;0.8930770128497556;-0.67138671875;
16:42:53;507.0;1575996174;92.984;30.12726524522958;0.9047226800369244;-0.6787109375;
16:42:54;508.0;1575996175;92.883;29.73946452789686;0.8930770128497556;-0.67138671875;
16:42:55;509.0;1575996176;92.783;29.997998339452003;0.9008407909745347;-0.67626953125;
16:42:56;510.0;1575996177;93.004;30.256532151007153;0.908604569099314;-0.68115234375;
16:42:57;511.0;1575996178;93.044;31.54920120878289;0.94742345972321;-0.70556640625;
16:42:58;512.0;1575996179;93.004;29.868731433674434;0.8969589019121452;-0.673828125;
16:42:59;513.0;1575996180;93.085;29.73946452789686;0.8930770128497556;-0.67138671875;
16:43:00;514.0;1575996181;92.743;32.19553573767076;0.9668329050351581;-0.7177734375;
16:43:01;515.0;1575996182;92.904;29.73946452789686;0.8930770128497556;-0.67138671875;
16:43:02;516.0;1575996183;92.904;29.997998339452003;0.9008407909745347;-0.67626953125;
16:43:03;517.0;1575996184;93.044;31.41993430300532;0.9435415706608205;-0.703125;
16:43:04;518.0;1575996185;93.205;30.902866679895027;0.9280140144112622;-0.693359375;
16:43:05;519.0;1575996186;93.004;30.256532151007153;0.908604569099314;-0.68115234375;
16:43:06;520.0;1575996187;93.004;29.73946452789686;0.8930770128497556;-0.67138671875;
16:43:07;521.0;1575996188;93.064;30.38579905678473;0.9124864581617037;-0.68359375;
16:43:08;522.0;1575996189;93.185;30.256532151007153;0.908604569099314;-0.68115234375;
16:43:09;523.0;1575996190;93.306;29.997998339452003;0.9008407909745347;-0.67626953125;
16:43:10;524.0;1575996191;93.488;30.38579905678473;0.9124864581617037;-0.68359375;
16:43:11;525.0;1575996192;93.306;30.12726524522958;0.9047226800369244;-0.6787109375;
16:43:12;526.0;1575996193;93.327;30.5150659625623;0.9163683472240932;-0.68603515625;
16:43:13;527.0;1575996194;93.347;29.73946452789686;0.8930770128497556;-0.67138671875;
16:43:14;528.0;1575996195;93.165;29.997998339452003;0.9008407909745347;-0.67626953125;
16:43:15;529.0;1575996196;93.387;29.868731433674434;0.8969589019121452;-0.673828125;
16:43:16;530.0;1575996197;93.246;29.997998339452003;0.9008407909745347;-0.67626953125;
16:43:17;531.0;1575996199;93.367;29.222396904786564;0.8775494566001972;-0.66162109375;
16:43:18;532.0;1575996200;93.488;30.38579905678473;0.9124864581617037;-0.68359375;
16:43:19;533.0;1575996201;93.306;28.705329281676267;0.8620219003506387;-0.65185546875;
16:43:20;534.0;1575996202;93.306;29.997998339452003;0.9008407909745347;-0.67626953125;
16:43:21;535.0;1575996203;93.004;30.256532151007153;0.908604569099314;-0.68115234375;
16:43:22;536.0;1575996204;92.763;30.12726524522958;0.9047226800369244;-0.6787109375;
16:43:23;537.0;1575996205;92.663;29.997998339452003;0.9008407909745347;-0.67626953125;
16:43:24;538.0;1575996206;92.843;29.610197622119284;0.889195123787366;-0.6689453125;
16:43:25;539.0;1575996207;92.904;29.997998339452003;0.9008407909745347;-0.67626953125;
16:43:26;540.0;1575996208;93.145;29.868731433674434;0.8969589019121452;-0.673828125;
16:43:27;541.0;1575996209;93.125;29.48093071634171;0.8853132347249764;-0.66650390625;
16:43:28;542.0;1575996210;93.064;30.38579905678473;0.9124864581617037;-0.68359375;
16:43:29;543.0;1575996211;93.286;29.48093071634171;0.8853132347249764;-0.66650390625;
16:43:30;544.0;1575996212;93.064;30.12726524522958;0.9047226800369244;-0.6787109375;
16:43:31;545.0;1575996213;93.347;30.256532151007153;0.908604569099314;-0.68115234375;
16:43:32;546.0;1575996214;93.145;29.868731433674434;0.8969589019121452;-0.673828125;
16:43:33;547.0;1575996215;92.984;29.868731433674434;0.8969589019121452;-0.673828125;
16:43:34;548.0;1575996216;93.024;30.12726524522958;0.9047226800369244;-0.6787109375;
16:43:35;549.0;1575996217;92.843;29.997998339452003;0.9008407909745347;-0.67626953125;
16:43:36;550.0;1575996218;92.843;30.5150659625623;0.9163683472240932;-0.68603515625;
16:43:37;551.0;1575996219;92.763;30.256532151007153;0.908604569099314;-0.68115234375;
16:43:38;552.0;1575996220;92.723;30.12726524522958;0.9047226800369244;-0.6787109375;
16:43:39;553.0;1575996221;92.663;30.12726524522958;0.9047226800369244;-0.6787109375;
16:43:40;554.0;1575996222;92.683;30.38579905678473;0.9124864581617037;-0.68359375;
16:43:42;556.0;1575996223;92.703;29.73946452789686;0.8930770128497556;-0.67138671875;
16:43:43;557.0;1575996224;92.823;29.997998339452003;0.9008407909745347;-0.67626953125;
16:43:44;558.0;1575996225;92.663;30.77359977411745;0.9241321253488725;-0.69091796875;
16:43:45;559.0;1575996226;92.743;30.38579905678473;0.9124864581617037;-0.68359375;
16:43:46;560.0;1575996227;92.623;29.868731433674434;0.8969589019121452;-0.673828125;
16:43:47;561.0;1575996228;92.543;30.12726524522958;0.9047226800369244;-0.6787109375;
16:43:48;562.0;1575996229;92.883;30.644332868339873;0.9202502362864827;-0.6884765625;
16:43:49;563.0;1575996230;92.863;30.12726524522958;0.9047226800369244;-0.6787109375;
16:43:50;564.0;1575996231;93.105;30.256532151007153;0.908604569099314;-0.68115234375;
16:43:51;565.0;1575996232;93.327;31.16140049145017;0.9357777925360412;-0.6982421875;
16:43:52;566.0;1575996233;93.145;30.38579905678473;0.9124864581617037;-0.68359375;
16:43:53;567.0;1575996234;92.904;30.5150659625623;0.9163683472240932;-0.68603515625;
16:43:54;568.0;1575996235;92.863;30.5150659625623;0.9163683472240932;-0.68603515625;
16:43:55;569.0;1575996236;92.663;30.38579905678473;0.9124864581617037;-0.68359375;
16:43:56;570.0;1575996237;92.663;29.868731433674434;0.8969589019121452;-0.673828125;
16:43:57;571.0;1575996238;92.863;30.5150659625623;0.9163683472240932;-0.68603515625;
16:43:58;572.0;1575996239;92.663;30.256532151007153;0.908604569099314;-0.68115234375;
16:43:59;573.0;1575996240;92.603;30.644332868339873;0.9202502362864827;-0.6884765625;
16:44:00;574.0;1575996241;92.623;29.997998339452003;0.9008407909745347;-0.67626953125;
16:44:01;575.0;1575996242;92.543;30.5150659625623;0.9163683472240932;-0.68603515625;
16:44:02;576.0;1575996243;92.583;30.5150659625623;0.9163683472240932;-0.68603515625;
16:44:03;577.0;1575996244;92.663;30.5150659625623;0.9163683472240932;-0.68603515625;
16:44:04;578.0;1575996245;92.623;30.38579905678473;0.9124864581617037;-0.68359375;
16:44:05;579.0;1575996246;92.603;30.38579905678473;0.9124864581617037;-0.68359375;
16:44:06;580.0;1575996247;92.643;30.12726524522958;0.9047226800369244;-0.6787109375;
16:44:07;581.0;1575996248;92.383;29.48093071634171;0.8853132347249764;-0.66650390625;
16:44:08;582.0;1575996249;92.483;31.032133585672593;0.9318959034736515;-0.69580078125;
16:44:09;583.0;1575996250;92.583;30.256532151007153;0.908604569099314;-0.68115234375;
16:44:10;584.0;1575996251;92.543;30.644332868339873;0.9202502362864827;-0.6884765625;
16:44:11;585.0;1575996252;92.583;29.997998339452003;0.9008407909745347;-0.67626953125;
16:44:12;586.0;1575996253;92.403;30.256532151007153;0.908604569099314;-0.68115234375;
16:44:13;587.0;1575996254;92.223;29.997998339452003;0.9008407909745347;-0.67626953125;
16:44:14;588.0;1575996255;92.203;29.351663810564137;0.8814313456625867;-0.6640625;
16:44:15;589.0;1575996256;92.323;30.256532151007153;0.908604569099314;-0.68115234375;
16:44:16;590.0;1575996257;92.583;29.093129999008987;0.8736675675378075;-0.6591796875;
16:44:17;591.0;1575996258;92.743;29.997998339452003;0.9008407909745347;-0.67626953125;
16:44:18;592.0;1575996259;92.924;29.610197622119284;0.889195123787366;-0.6689453125;
16:44:19;593.0;1575996260;92.823;30.77359977411745;0.9241321253488725;-0.69091796875;
16:44:20;594.0;1575996261;92.423;30.256532151007153;0.908604569099314;-0.68115234375;
16:44:21;595.0;1575996262;92.363;30.12726524522958;0.9047226800369244;-0.6787109375;
16:44:22;596.0;1575996263;92.064;30.256532151007153;0.908604569099314;-0.68115234375;
16:44:23;597.0;1575996265;92.064;30.5150659625623;0.9163683472240932;-0.68603515625;
16:44:24;598.0;1575996266;92.323;29.997998339452003;0.9008407909745347;-0.67626953125;
16:44:25;599.0;1575996267;92.343;29.997998339452003;0.9008407909745347;-0.67626953125;
16:44:26;600.0;1575996268;92.543;29.997998339452003;0.9008407909745347;-0.67626953125;
16:44:27;601.0;1575996269;92.443;29.868731433674434;0.8969589019121452;-0.673828125;
16:44:28;602.0;1575996270;92.483;30.256532151007153;0.908604569099314;-0.68115234375;
16:44:29;603.0;1575996271;92.683;29.868731433674434;0.8969589019121452;-0.673828125;
16:44:30;604.0;1575996272;92.803;29.997998339452003;0.9008407909745347;-0.67626953125;
16:44:31;605.0;1575996273;93.024;30.38579905678473;0.9124864581617037;-0.68359375;
16:44:32;606.0;1575996274;92.843;30.644332868339873;0.9202502362864827;-0.6884765625;
16:44:33;607.0;1575996275;92.503;30.256532151007153;0.908604569099314;-0.68115234375;
16:44:34;608.0;1575996276;92.223;30.256532151007153;0.908604569099314;-0.68115234375;
16:44:35;609.0;1575996277;92.323;29.73946452789686;0.8930770128497556;-0.67138671875;
16:44:36;610.0;1575996278;92.243;30.256532151007153;0.908604569099314;-0.68115234375;
16:44:37;611.0;1575996279;92.183;30.12726524522958;0.9047226800369244;-0.6787109375;
16:44:38;612.0;1575996280;92.363;30.256532151007153;0.908604569099314;-0.68115234375;
16:44:39;613.0;1575996281;92.243;29.997998339452003;0.9008407909745347;-0.67626953125;
16:44:40;614.0;1575996282;92.503;30.77359977411745;0.9241321253488725;-0.69091796875;
16:44:41;615.0;1575996283;92.703;30.5150659625623;0.9163683472240932;-0.68603515625;
16:44:42;616.0;1575996284;92.563;30.902866679895027;0.9280140144112622;-0.693359375;
16:44:43;617.0;1575996285;92.783;30.256532151007153;0.908604569099314;-0.68115234375;
16:44:44;618.0;1575996286;92.583;30.5150659625623;0.9163683472240932;-0.68603515625;
16:44:46;620.0;1575996287;92.643;29.997998339452003;0.9008407909745347;-0.67626953125;
16:44:47;621.0;1575996288;92.603;29.997998339452003;0.9008407909745347;-0.67626953125;
16:44:48;622.0;1575996289;92.383;29.868731433674434;0.8969589019121452;-0.673828125;
16:44:49;623.0;1575996290;92.283;30.38579905678473;0.9124864581617037;-0.68359375;
16:44:50;624.0;1575996291;92.163;29.73946452789686;0.8930770128497556;-0.67138671875;
16:44:51;625.0;1575996292;92.004;30.644332868339873;0.9202502362864827;-0.6884765625;
16:44:52;626.0;1575996293;91.905;29.997998339452003;0.9008407909745347;-0.67626953125;
16:44:53;627.0;1575996294;92.084;30.12726524522958;0.9047226800369244;-0.6787109375;
16:44:54;628.0;1575996295;92.144;30.5150659625623;0.9163683472240932;-0.68603515625;
16:44:55;629.0;1575996296;92.303;30.12726524522958;0.9047226800369244;-0.6787109375;
16:44:56;630.0;1575996297;92.203;30.12726524522958;0.9047226800369244;-0.6787109375;
16:44:57;631.0;1575996298;92.203;30.256532151007153;0.908604569099314;-0.68115234375;
16:44:58;632.0;1575996299;92.084;30.77359977411745;0.9241321253488725;-0.69091796875;
16:44:59;633.0;1575996300;92.183;30.256532151007153;0.908604569099314;-0.68115234375;
16:45:00;634.0;1575996301;92.283;29.610197622119284;0.889195123787366;-0.6689453125;
16:45:01;635.0;1575996302;92.064;29.997998339452003;0.9008407909745347;-0.67626953125;
16:45:02;636.0;1575996303;92.124;30.38579905678473;0.9124864581617037;-0.68359375;
16:45:03;637.0;1575996304;92.004;30.256532151007153;0.908604569099314;-0.68115234375;
16:45:04;638.0;1575996305;92.004;29.997998339452003;0.9008407909745347;-0.67626953125;
16:45:05;639.0;1575996306;92.163;30.38579905678473;0.9124864581617037;-0.68359375;
16:45:06;640.0;1575996307;92.283;30.12726524522958;0.9047226800369244;-0.6787109375;
16:45:07;641.0;1575996308;92.263;31.80773502033804;0.9551872378479893;-0.71044921875;
16:45:08;642.0;1575996309;92.104;29.997998339452003;0.9008407909745347;-0.67626953125;
16:45:09;643.0;1575996310;92.044;30.256532151007153;0.908604569099314;-0.68115234375;
16:45:10;644.0;1575996311;91.885;30.5150659625623;0.9163683472240932;-0.68603515625;
16:45:11;645.0;1575996312;92.104;29.997998339452003;0.9008407909745347;-0.67626953125;
16:45:12;646.0;1575996313;92.363;30.38579905678473;0.9124864581617037;-0.68359375;
16:45:13;647.0;1575996314;92.203;30.38579905678473;0.9124864581617037;-0.68359375;
16:45:14;648.0;1575996315;92.323;29.868731433674434;0.8969589019121452;-0.673828125;
16:45:15;649.0;1575996316;91.965;29.48093071634171;0.8853132347249764;-0.66650390625;
16:45:16;650.0;1575996317;91.766;29.610197622119284;0.889195123787366;-0.6689453125;
16:45:17;651.0;1575996318;91.965;29.73946452789686;0.8930770128497556;-0.67138671875;
16:45:18;652.0;1575996319;91.925;30.12726524522958;0.9047226800369244;-0.6787109375;
16:45:19;653.0;1575996320;92.144;30.5150659625623;0.9163683472240932;-0.68603515625;
16:45:20;654.0;1575996321;92.263;29.868731433674434;0.8969589019121452;-0.673828125;
16:45:21;655.0;1575996322;92.144;30.5150659625623;0.9163683472240932;-0.68603515625;
16:45:22;656.0;1575996323;92.044;30.5150659625623;0.9163683472240932;-0.68603515625;
16:45:23;657.0;1575996324;91.885;30.5150659625623;0.9163683472240932;-0.68603515625;
16:45:24;658.0;1575996325;91.865;30.12726524522958;0.9047226800369244;-0.6787109375;
16:45:25;659.0;1575996326;91.965;29.610197622119284;0.889195123787366;-0.6689453125;
16:45:26;660.0;1575996327;91.865;29.73946452789686;0.8930770128497556;-0.67138671875;
16:45:27;661.0;1575996328;91.965;30.77359977411745;0.9241321253488725;-0.69091796875;
16:45:28;662.0;1575996329;92.064;29.997998339452003;0.9008407909745347;-0.67626953125;
16:45:29;663.0;1575996330;92.183;29.868731433674434;0.8969589019121452;-0.673828125;
16:45:30;664.0;1575996331;92.263;30.256532151007153;0.908604569099314;-0.68115234375;
16:45:31;665.0;1575996332;92.363;30.256532151007153;0.908604569099314;-0.68115234375;
16:45:32;666.0;1575996333;92.403;30.77359977411745;0.9241321253488725;-0.69091796875;
16:45:33;667.0;1575996334;92.124;30.38579905678473;0.9124864581617037;-0.68359375;
16:45:34;668.0;1575996335;92.044;29.610197622119284;0.889195123787366;-0.6689453125;
16:45:35;669.0;1575996336;91.885;30.5150659625623;0.9163683472240932;-0.68603515625;
16:45:36;670.0;1575996337;91.746;30.644332868339873;0.9202502362864827;-0.6884765625;
16:45:37;671.0;1575996338;91.726;29.48093071634171;0.8853132347249764;-0.66650390625;
16:45:38;672.0;1575996339;91.786;30.5150659625623;0.9163683472240932;-0.68603515625;
16:45:39;673.0;1575996340;91.786;30.256532151007153;0.908604569099314;-0.68115234375;
16:45:40;674.0;1575996341;91.608;30.12726524522958;0.9047226800369244;-0.6787109375;
16:45:41;675.0;1575996342;91.746;30.256532151007153;0.908604569099314;-0.68115234375;
16:45:42;676.0;1575996343;91.786;29.48093071634171;0.8853132347249764;-0.66650390625;
16:45:43;677.0;1575996344;91.905;31.032133585672593;0.9318959034736515;-0.69580078125;
16:45:44;678.0;1575996345;92.024;30.902866679895027;0.9280140144112622;-0.693359375;
16:45:45;679.0;1575996346;92.124;30.12726524522958;0.9047226800369244;-0.6787109375;
16:45:46;680.0;1575996348;92.183;30.256532151007153;0.908604569099314;-0.68115234375;
16:45:47;681.0;1575996349;92.144;30.77359977411745;0.9241321253488725;-0.69091796875;
16:45:48;682.0;1575996350;92.024;29.997998339452003;0.9008407909745347;-0.67626953125;
16:45:49;683.0;1575996351;92.004;30.644332868339873;0.9202502362864827;-0.6884765625;
16:45:51;685.0;1575996352;91.885;30.902866679895027;0.9280140144112622;-0.693359375;
16:45:52;686.0;1575996353;91.845;31.032133585672593;0.9318959034736515;-0.69580078125;
16:45:53;687.0;1575996354;91.865;30.644332868339873;0.9202502362864827;-0.6884765625;
16:45:54;688.0;1575996355;91.707;30.644332868339873;0.9202502362864827;-0.6884765625;
16:45:55;689.0;1575996356;91.687;30.38579905678473;0.9124864581617037;-0.68359375;
16:45:56;690.0;1575996357;91.627;30.38579905678473;0.9124864581617037;-0.68359375;
16:45:57;691.0;1575996358;91.726;30.644332868339873;0.9202502362864827;-0.6884765625;
16:45:58;692.0;1575996359;91.766;29.997998339452003;0.9008407909745347;-0.67626953125;
16:45:59;693.0;1575996360;91.806;30.38579905678473;0.9124864581617037;-0.68359375;
16:46:00;694.0;1575996361;91.667;30.644332868339873;0.9202502362864827;-0.6884765625;
16:46:01;695.0;1575996362;91.687;30.77359977411745;0.9241321253488725;-0.69091796875;
16:46:02;696.0;1575996363;91.568;30.77359977411745;0.9241321253488725;-0.69091796875;
16:46:03;697.0;1575996364;91.667;30.38579905678473;0.9124864581617037;-0.68359375;
16:46:04;698.0;1575996365;91.786;32.58333645500348;0.9784785722223269;-0.72509765625;
16:46:05;699.0;1575996366;91.746;30.902866679895027;0.9280140144112622;-0.693359375;
16:46:06;700.0;1575996367;91.905;30.5150659625623;0.9163683472240932;-0.68603515625;
16:46:07;701.0;1575996368;91.726;30.256532151007153;0.908604569099314;-0.68115234375;
16:46:08;702.0;1575996369;91.865;30.38579905678473;0.9124864581617037;-0.68359375;
16:46:09;703.0;1575996370;91.945;30.77359977411745;0.9241321253488725;-0.69091796875;
16:46:10;704.0;1575996371;91.667;31.80773502033804;0.9551872378479893;-0.71044921875;
16:46:11;705.0;1575996372;91.687;31.16140049145017;0.9357777925360412;-0.6982421875;
16:46:13;707.0;1575996373;91.687;30.38579905678473;0.9124864581617037;-0.68359375;
16:46:14;708.0;1575996375;91.726;30.77359977411745;0.9241321253488725;-0.69091796875;
16:46:15;709.0;1575996376;91.726;30.5150659625623;0.9163683472240932;-0.68603515625;
16:46:16;710.0;1575996377;91.469;30.644332868339873;0.9202502362864827;-0.6884765625;
16:46:17;711.0;1575996378;91.529;31.032133585672593;0.9318959034736515;-0.69580078125;
16:46:18;712.0;1575996379;91.746;30.5150659625623;0.9163683472240932;-0.68603515625;
16:46:19;713.0;1575996380;91.845;30.38579905678473;0.9124864581617037;-0.68359375;
16:46:20;714.0;1575996381;91.925;30.5150659625623;0.9163683472240932;-0.68603515625;
16:46:21;715.0;1575996382;91.905;30.644332868339873;0.9202502362864827;-0.6884765625;
16:46:22;716.0;1575996383;91.746;29.997998339452003;0.9008407909745347;-0.67626953125;
16:46:23;717.0;1575996384;91.489;30.644332868339873;0.9202502362864827;-0.6884765625;
16:46:24;718.0;1575996385;91.351;30.5150659625623;0.9163683472240932;-0.68603515625;
16:46:25;719.0;1575996386;91.39;30.644332868339873;0.9202502362864827;-0.6884765625;
16:46:26;720.0;1575996387;91.509;30.38579905678473;0.9124864581617037;-0.68359375;
16:46:27;721.0;1575996388;91.568;30.77359977411745;0.9241321253488725;-0.69091796875;
16:46:28;722.0;1575996389;91.707;30.644332868339873;0.9202502362864827;-0.6884765625;
16:46:29;723.0;1575996390;91.786;30.5150659625623;0.9163683472240932;-0.68603515625;
16:46:30;724.0;1575996391;91.726;30.644332868339873;0.9202502362864827;-0.6884765625;
16:46:31;725.0;1575996392;91.766;31.16140049145017;0.9357777925360412;-0.6982421875;
16:46:32;726.0;1575996393;91.627;30.256532151007153;0.908604569099314;-0.68115234375;
16:46:33;727.0;1575996394;91.292;30.5150659625623;0.9163683472240932;-0.68603515625;
16:46:34;728.0;1575996395;91.311;30.77359977411745;0.9241321253488725;-0.69091796875;
16:46:35;729.0;1575996396;91.193;31.032133585672593;0.9318959034736515;-0.69580078125;
16:46:36;730.0;1575996398;91.115;30.902866679895027;0.9280140144112622;-0.693359375;
16:46:37;731.0;1575996399;91.272;29.997998339452003;0.9008407909745347;-0.67626953125;
16:46:38;732.0;1575996400;91.292;30.77359977411745;0.9241321253488725;-0.69091796875;
16:46:39;733.0;1575996401;91.39;30.902866679895027;0.9280140144112622;-0.693359375;
16:46:40;734.0;1575996402;91.548;30.256532151007153;0.908604569099314;-0.68115234375;
16:46:41;735.0;1575996403;91.608;30.5150659625623;0.9163683472240932;-0.68603515625;
16:46:42;736.0;1575996404;91.647;29.351663810564137;0.8814313456625867;-0.6640625;
16:46:43;737.0;1575996405;91.647;30.38579905678473;0.9124864581617037;-0.68359375;
16:46:44;738.0;1575996406;91.489;30.5150659625623;0.9163683472240932;-0.68603515625;
16:46:45;739.0;1575996407;91.331;30.5150659625623;0.9163683472240932;-0.68603515625;
16:46:46;740.0;1575996408;91.154;29.997998339452003;0.9008407909745347;-0.67626953125;
16:46:47;741.0;1575996409;91.075;30.644332868339873;0.9202502362864827;-0.6884765625;
16:46:48;742.0;1575996410;91.075;30.5150659625623;0.9163683472240932;-0.68603515625;
16:46:49;743.0;1575996411;91.193;30.38579905678473;0.9124864581617037;-0.68359375;
16:46:50;744.0;1575996412;91.311;29.222396904786564;0.8775494566001972;-0.66162109375;
16:46:51;745.0;1575996413;91.272;30.38579905678473;0.9124864581617037;-0.68359375;
16:46:52;746.0;1575996414;91.45;30.77359977411745;0.9241321253488725;-0.69091796875;
16:46:53;747.0;1575996415;91.43;30.256532151007153;0.908604569099314;-0.68115234375;
16:46:55;749.0;1575996416;91.627;30.902866679895027;0.9280140144112622;-0.693359375;
16:46:56;750.0;1575996417;91.766;31.032133585672593;0.9318959034736515;-0.69580078125;
16:46:57;751.0;1575996418;91.687;30.38579905678473;0.9124864581617037;-0.68359375;
16:46:58;752.0;1575996419;91.687;29.868731433674434;0.8969589019121452;-0.673828125;
16:46:59;753.0;1575996420;91.154;30.38579905678473;0.9124864581617037;-0.68359375;
16:47:00;754.0;1575996421;90.997;30.644332868339873;0.9202502362864827;-0.6884765625;
16:47:01;755.0;1575996422;90.859;30.644332868339873;0.9202502362864827;-0.6884765625;
16:47:02;756.0;1575996423;90.742;30.5150659625623;0.9163683472240932;-0.68603515625;
16:47:03;757.0;1575996424;91.016;30.644332868339873;0.9202502362864827;-0.6884765625;
16:47:04;758.0;1575996425;91.331;30.644332868339873;0.9202502362864827;-0.6884765625;
16:47:05;759.0;1575996426;91.213;30.644332868339873;0.9202502362864827;-0.6884765625;
16:47:06;760.0;1575996427;91.174;30.644332868339873;0.9202502362864827;-0.6884765625;
16:47:07;761.0;1575996428;91.115;31.41993430300532;0.9435415706608205;-0.703125;
16:47:08;762.0;1575996429;90.879;30.77359977411745;0.9241321253488725;-0.69091796875;
16:47:09;763.0;1575996430;91.213;30.644332868339873;0.9202502362864827;-0.6884765625;
16:47:10;764.0;1575996431;91.39;30.5150659625623;0.9163683472240932;-0.68603515625;
16:47:12;766.0;1575996432;91.43;31.16140049145017;0.9357777925360412;-0.6982421875;
16:47:13;767.0;1575996434;91.311;30.256532151007153;0.908604569099314;-0.68115234375;
16:47:14;768.0;1575996435;91.036;30.77359977411745;0.9241321253488725;-0.69091796875;
16:47:15;769.0;1575996436;90.997;30.644332868339873;0.9202502362864827;-0.6884765625;
16:47:16;770.0;1575996437;91.252;30.256532151007153;0.908604569099314;-0.68115234375;
16:47:17;771.0;1575996438;91.331;30.5150659625623;0.9163683472240932;-0.68603515625;
16:47:18;772.0;1575996439;91.509;30.38579905678473;0.9124864581617037;-0.68359375;
16:47:19;773.0;1575996440;91.469;30.38579905678473;0.9124864581617037;-0.68359375;
16:47:20;774.0;1575996441;91.134;30.38579905678473;0.9124864581617037;-0.68359375;
16:47:21;775.0;1575996442;91.115;30.256532151007153;0.908604569099314;-0.68115234375;
16:47:22;776.0;1575996443;90.977;30.77359977411745;0.9241321253488725;-0.69091796875;
16:47:23;777.0;1575996444;91.213;30.38579905678473;0.9124864581617037;-0.68359375;
16:47:24;778.0;1575996445;91.095;30.256532151007153;0.908604569099314;-0.68115234375;
16:47:25;779.0;1575996446;90.859;30.38579905678473;0.9124864581617037;-0.68359375;
16:47:26;780.0;1575996448;90.957;30.256532151007153;0.908604569099314;-0.68115234375;
16:47:27;781.0;1575996449;90.703;30.5150659625623;0.9163683472240932;-0.68603515625;
16:47:28;782.0;1575996450;90.879;31.032133585672593;0.9318959034736515;-0.69580078125;
16:47:29;783.0;1575996451;90.82;30.38579905678473;0.9124864581617037;-0.68359375;
16:47:30;784.0;1575996452;90.722;31.80773502033804;0.9551872378479893;-0.71044921875;
16:47:31;785.0;1575996453;90.585;30.77359977411745;0.9241321253488725;-0.69091796875;
16:47:32;786.0;1575996454;90.527;30.644332868339873;0.9202502362864827;-0.6884765625;
16:47:33;787.0;1575996455;90.624;30.644332868339873;0.9202502362864827;-0.6884765625;
16:47:34;788.0;1575996456;90.722;30.5150659625623;0.9163683472240932;-0.68603515625;
16:47:35;789.0;1575996457;90.879;30.77359977411745;0.9241321253488725;-0.69091796875;
16:47:36;790.0;1575996458;91.095;30.5150659625623;0.9163683472240932;-0.68603515625;
16:47:37;791.0;1575996459;91.233;31.16140049145017;0.9357777925360412;-0.6982421875;
16:47:38;792.0;1575996460;91.174;31.032133585672593;0.9318959034736515;-0.69580078125;
16:47:39;793.0;1575996461;91.056;30.5150659625623;0.9163683472240932;-0.68603515625;
16:47:40;794.0;1575996462;90.84;31.032133585672593;0.9318959034736515;-0.69580078125;
16:47:41;795.0;1575996463;90.683;30.77359977411745;0.9241321253488725;-0.69091796875;
16:47:42;796.0;1575996464;90.663;30.5150659625623;0.9163683472240932;-0.68603515625;
16:47:43;797.0;1575996465;90.566;30.77359977411745;0.9241321253488725;-0.69091796875;
16:47:44;798.0;1575996466;90.624;30.5150659625623;0.9163683472240932;-0.68603515625;
16:47:45;799.0;1575996467;90.899;30.77359977411745;0.9241321253488725;-0.69091796875;
16:47:46;800.0;1575996468;90.977;30.77359977411745;0.9241321253488725;-0.69091796875;
16:47:47;801.0;1575996469;91.036;30.902866679895027;0.9280140144112622;-0.693359375;
16:47:48;802.0;1575996470;90.918;30.12726524522958;0.9047226800369244;-0.6787109375;
16:47:49;803.0;1575996471;90.546;30.902866679895027;0.9280140144112622;-0.693359375;
16:47:50;804.0;1575996472;90.351;30.902866679895027;0.9280140144112622;-0.693359375;
16:47:51;805.0;1575996473;90.507;29.997998339452003;0.9008407909745347;-0.67626953125;
16:47:52;806.0;1575996474;90.41;30.77359977411745;0.9241321253488725;-0.69091796875;
16:47:53;807.0;1575996475;90.644;31.16140049145017;0.9357777925360412;-0.6982421875;
16:47:54;808.0;1575996476;90.82;31.41993430300532;0.9435415706608205;-0.703125;
16:47:55;809.0;1575996477;90.82;30.5150659625623;0.9163683472240932;-0.68603515625;
16:47:56;810.0;1575996478;91.036;30.644332868339873;0.9202502362864827;-0.6884765625;
16:47:57;811.0;1575996479;90.879;31.16140049145017;0.9357777925360412;-0.6982421875;
16:47:59;813.0;1575996480;90.742;30.644332868339873;0.9202502362864827;-0.6884765625;
16:48:00;814.0;1575996481;90.644;29.351663810564137;0.8814313456625867;-0.6640625;
16:48:01;815.0;1575996482;90.82;30.902866679895027;0.9280140144112622;-0.693359375;
16:48:02;816.0;1575996483;90.82;31.16140049145017;0.9357777925360412;-0.6982421875;
16:48:03;817.0;1575996484;90.899;30.5150659625623;0.9163683472240932;-0.68603515625;
16:48:04;818.0;1575996485;91.075;30.77359977411745;0.9241321253488725;-0.69091796875;
16:48:05;819.0;1575996486;90.977;30.77359977411745;0.9241321253488725;-0.69091796875;
16:48:06;820.0;1575996487;91.134;31.290667397227747;0.9396596815984309;-0.70068359375;
16:48:07;821.0;1575996488;91.154;30.644332868339873;0.9202502362864827;-0.6884765625;
16:48:08;822.0;1575996489;91.075;30.644332868339873;0.9202502362864827;-0.6884765625;
16:48:09;823.0;1575996490;90.938;30.38579905678473;0.9124864581617037;-0.68359375;
16:48:10;824.0;1575996491;90.82;30.644332868339873;0.9202502362864827;-0.6884765625;
16:48:11;825.0;1575996491;90.82;31.16140049145017;0.9357777925360412;-0.6982421875;
16:48:12;826.0;1575996493;90.879;31.16140049145017;0.9357777925360412;-0.6982421875;
16:48:13;827.0;1575996494;90.938;30.644332868339873;0.9202502362864827;-0.6884765625;
16:48:14;828.0;1575996495;90.977;30.644332868339873;0.9202502362864827;-0.6884765625;
16:48:15;829.0;1575996496;90.84;30.5150659625623;0.9163683472240932;-0.68603515625;
16:48:16;830.0;1575996497;90.703;31.16140049145017;0.9357777925360412;-0.6982421875;
16:48:17;831.0;1575996498;90.566;30.902866679895027;0.9280140144112622;-0.693359375;
16:48:18;832.0;1575996499;90.39;30.77359977411745;0.9241321253488725;-0.69091796875;
16:48:19;833.0;1575996500;90.39;30.902866679895027;0.9280140144112622;-0.693359375;
16:48:20;834.0;1575996501;90.429;30.644332868339873;0.9202502362864827;-0.6884765625;
16:48:21;835.0;1575996502;90.585;30.77359977411745;0.9241321253488725;-0.69091796875;
16:48:22;836.0;1575996503;90.703;30.644332868339873;0.9202502362864827;-0.6884765625;
16:48:23;837.0;1575996504;90.82;30.77359977411745;0.9241321253488725;-0.69091796875;
16:48:24;838.0;1575996505;90.546;30.902866679895027;0.9280140144112622;-0.693359375;
16:48:25;839.0;1575996506;90.332;30.5150659625623;0.9163683472240932;-0.68603515625;
16:48:26;840.0;1575996507;90.273;31.032133585672593;0.9318959034736515;-0.69580078125;
16:48:27;841.0;1575996508;90.156;30.5150659625623;0.9163683472240932;-0.68603515625;
16:48:28;842.0;1575996509;90.273;31.16140049145017;0.9357777925360412;-0.6982421875;
16:48:29;843.0;1575996510;90.254;30.644332868339873;0.9202502362864827;-0.6884765625;
16:48:30;844.0;1575996511;90.312;30.5150659625623;0.9163683472240932;-0.68603515625;
16:48:31;845.0;1575996512;90.468;31.16140049145017;0.9357777925360412;-0.6982421875;
16:48:32;846.0;1575996513;90.703;30.77359977411745;0.9241321253488725;-0.69091796875;
16:48:33;847.0;1575996514;90.957;30.5150659625623;0.9163683472240932;-0.68603515625;
16:48:34;848.0;1575996515;90.879;30.5150659625623;0.9163683472240932;-0.68603515625;
16:48:35;849.0;1575996516;90.938;31.54920120878289;0.94742345972321;-0.70556640625;
16:48:36;850.0;1575996517;90.918;32.06626883189318;0.9629510159727683;-0.71533203125;
16:48:37;851.0;1575996518;90.663;30.644332868339873;0.9202502362864827;-0.6884765625;
16:48:38;852.0;1575996519;90.742;32.06626883189318;0.9629510159727683;-0.71533203125;
16:48:39;853.0;1575996520;90.449;30.5150659625623;0.9163683472240932;-0.68603515625;
16:48:40;854.0;1575996521;90.215;30.902866679895027;0.9280140144112622;-0.693359375;
16:48:41;855.0;1575996522;90.351;30.5150659625623;0.9163683472240932;-0.68603515625;
16:48:42;856.0;1575996523;90.527;30.644332868339873;0.9202502362864827;-0.6884765625;
16:48:43;857.0;1575996524;90.566;30.77359977411745;0.9241321253488725;-0.69091796875;
16:48:44;858.0;1575996525;90.742;31.290667397227747;0.9396596815984309;-0.70068359375;
16:48:45;859.0;1575996526;90.644;30.902866679895027;0.9280140144112622;-0.693359375;
16:48:46;860.0;1575996527;90.429;30.644332868339873;0.9202502362864827;-0.6884765625;
16:48:47;861.0;1575996528;90.507;31.032133585672593;0.9318959034736515;-0.69580078125;
16:48:48;862.0;1575996529;90.507;31.032133585672593;0.9318959034736515;-0.69580078125;
16:48:49;863.0;1575996530;90.605;31.032133585672593;0.9318959034736515;-0.69580078125;
16:48:50;864.0;1575996531;90.722;30.5150659625623;0.9163683472240932;-0.68603515625;
16:48:51;865.0;1575996532;90.703;30.5150659625623;0.9163683472240932;-0.68603515625;
16:48:52;866.0;1575996533;90.722;30.644332868339873;0.9202502362864827;-0.6884765625;
16:48:53;867.0;1575996534;90.703;31.032133585672593;0.9318959034736515;-0.69580078125;
