Time;Seconds from start for linreg;Unix Time;ch1 po2;Uc;Ubl;Vc;
00:54:24;-2.0;1576025666;94.813;30.5150659625623;0.9163683472240932;-0.68603515625;
00:54:25;-1.0;1576025667;94.526;31.80773502033804;0.9551872378479893;-0.71044921875;
00:54:26;0.0;1576025668;94.138;31.16140049145017;0.9357777925360412;-0.6982421875;
00:54:27;1.0;1576025669;94.363;31.54920120878289;0.94742345972321;-0.70556640625;
00:54:28;2.0;1576025670;94.547;31.032133585672593;0.9318959034736515;-0.69580078125;
00:54:30;4.0;1576025671;94.629;32.06626883189318;0.9629510159727683;-0.71533203125;
00:54:31;5.0;1576025672;94.999;31.290667397227747;0.9396596815984309;-0.70068359375;
00:54:32;6.0;1576025673;94.752;31.678468114560467;0.9513053487855997;-0.7080078125;
00:54:33;7.0;1576025674;94.67;31.290667397227747;0.9396596815984309;-0.70068359375;
00:54:34;8.0;1576025675;94.629;31.41993430300532;0.9435415706608205;-0.703125;
00:54:35;9.0;1576025676;94.322;31.41993430300532;0.9435415706608205;-0.703125;
00:54:36;10.0;1576025677;94.342;31.54920120878289;0.94742345972321;-0.70556640625;
00:54:37;11.0;1576025678;94.281;33.4882047954465;1.005651795659054;-0.7421875;
00:54:38;12.0;1576025679;94.199;31.54920120878289;0.94742345972321;-0.70556640625;
00:54:39;13.0;1576025680;93.996;31.54920120878289;0.94742345972321;-0.70556640625;
00:54:40;14.0;1576025681;94.22;31.937001926115617;0.9590691269103789;-0.712890625;
00:54:41;15.0;1576025682;94.424;32.06626883189318;0.9629510159727683;-0.71533203125;
00:54:42;16.0;1576025683;94.485;31.54920120878289;0.94742345972321;-0.70556640625;
00:54:43;17.0;1576025684;94.834;32.71260336078105;0.9823604612847164;-0.7275390625;
00:54:44;18.0;1576025685;94.526;31.41993430300532;0.9435415706608205;-0.703125;
00:54:45;19.0;1576025686;94.342;31.54920120878289;0.94742345972321;-0.70556640625;
00:54:46;20.0;1576025687;94.465;31.54920120878289;0.94742345972321;-0.70556640625;
00:54:47;21.0;1576025688;94.69;31.678468114560467;0.9513053487855997;-0.7080078125;
00:54:48;22.0;1576025689;94.793;31.41993430300532;0.9435415706608205;-0.703125;
00:54:49;23.0;1576025690;94.793;31.80773502033804;0.9551872378479893;-0.71044921875;
00:54:50;24.0;1576025691;94.937;31.290667397227747;0.9396596815984309;-0.70068359375;
00:54:51;25.0;1576025692;94.649;31.41993430300532;0.9435415706608205;-0.703125;
00:54:52;26.0;1576025693;94.588;31.41993430300532;0.9435415706608205;-0.703125;
00:54:53;27.0;1576025694;94.649;30.5150659625623;0.9163683472240932;-0.68603515625;
00:54:54;28.0;1576025695;94.67;31.80773502033804;0.9551872378479893;-0.71044921875;
00:54:55;29.0;1576025696;94.875;31.16140049145017;0.9357777925360412;-0.6982421875;
00:54:56;30.0;1576025696;94.896;32.19553573767076;0.9668329050351581;-0.7177734375;
00:54:57;31.0;1576025698;94.772;31.290667397227747;0.9396596815984309;-0.70068359375;
00:54:58;32.0;1576025699;94.383;31.290667397227747;0.9396596815984309;-0.70068359375;
00:54:59;33.0;1576025700;94.199;31.54920120878289;0.94742345972321;-0.70556640625;
00:55:00;34.0;1576025701;94.118;31.80773502033804;0.9551872378479893;-0.71044921875;
00:55:01;35.0;1576025702;94.383;31.41993430300532;0.9435415706608205;-0.703125;
00:55:02;36.0;1576025703;94.465;31.54920120878289;0.94742345972321;-0.70556640625;
00:55:03;37.0;1576025704;94.363;31.80773502033804;0.9551872378479893;-0.71044921875;
00:55:04;38.0;1576025705;94.363;31.41993430300532;0.9435415706608205;-0.703125;
00:55:05;39.0;1576025706;94.24;31.54920120878289;0.94742345972321;-0.70556640625;
00:55:06;40.0;1576025707;94.057;31.54920120878289;0.94742345972321;-0.70556640625;
00:55:07;41.0;1576025709;94.077;31.678468114560467;0.9513053487855997;-0.7080078125;
00:55:08;42.0;1576025710;94.26;31.41993430300532;0.9435415706608205;-0.703125;
00:55:09;43.0;1576025711;94.057;31.54920120878289;0.94742345972321;-0.70556640625;
00:55:10;44.0;1576025712;94.301;31.54920120878289;0.94742345972321;-0.70556640625;
00:55:11;45.0;1576025713;94.383;31.80773502033804;0.9551872378479893;-0.71044921875;
00:55:12;46.0;1576025714;94.24;31.80773502033804;0.9551872378479893;-0.71044921875;
00:55:13;47.0;1576025715;94.424;32.71260336078105;0.9823604612847164;-0.7275390625;
00:55:14;48.0;1576025716;94.281;31.80773502033804;0.9551872378479893;-0.71044921875;
00:55:15;49.0;1576025717;94.322;31.54920120878289;0.94742345972321;-0.70556640625;
00:55:16;50.0;1576025718;94.383;31.54920120878289;0.94742345972321;-0.70556640625;
00:55:17;51.0;1576025719;94.526;30.902866679895027;0.9280140144112622;-0.693359375;
00:55:18;52.0;1576025720;94.608;33.35893788966893;1.0017699065966645;-0.73974609375;
00:55:19;53.0;1576025721;94.855;31.54920120878289;0.94742345972321;-0.70556640625;
00:55:20;54.0;1576025722;94.978;31.290667397227747;0.9396596815984309;-0.70068359375;
00:55:21;55.0;1576025723;94.957;31.032133585672593;0.9318959034736515;-0.69580078125;
00:55:22;56.0;1576025724;94.978;31.41993430300532;0.9435415706608205;-0.703125;
00:55:23;57.0;1576025725;94.69;31.41993430300532;0.9435415706608205;-0.703125;
00:55:24;58.0;1576025726;94.608;31.290667397227747;0.9396596815984309;-0.70068359375;
00:55:25;59.0;1576025727;94.547;31.290667397227747;0.9396596815984309;-0.70068359375;
00:55:26;60.0;1576025728;94.465;31.54920120878289;0.94742345972321;-0.70556640625;
00:55:27;61.0;1576025729;94.629;31.16140049145017;0.9357777925360412;-0.6982421875;
00:55:28;62.0;1576025730;94.465;31.678468114560467;0.9513053487855997;-0.7080078125;
00:55:29;63.0;1576025731;94.404;30.644332868339873;0.9202502362864827;-0.6884765625;
00:55:30;64.0;1576025732;94.506;31.54920120878289;0.94742345972321;-0.70556640625;
00:55:31;65.0;1576025733;94.22;31.290667397227747;0.9396596815984309;-0.70068359375;
00:55:32;66.0;1576025734;94.485;32.19553573767076;0.9668329050351581;-0.7177734375;
00:55:34;68.0;1576025735;94.506;29.48093071634171;0.8853132347249764;-0.66650390625;
00:55:35;69.0;1576025736;94.444;31.54920120878289;0.94742345972321;-0.70556640625;
00:55:36;70.0;1576025737;94.506;31.290667397227747;0.9396596815984309;-0.70068359375;
00:55:37;71.0;1576025738;94.322;31.678468114560467;0.9513053487855997;-0.7080078125;
00:55:38;72.0;1576025739;94.322;31.54920120878289;0.94742345972321;-0.70556640625;
00:55:39;73.0;1576025740;94.465;31.290667397227747;0.9396596815984309;-0.70068359375;
00:55:40;74.0;1576025741;94.567;31.80773502033804;0.9551872378479893;-0.71044921875;
00:55:41;75.0;1576025742;94.506;31.54920120878289;0.94742345972321;-0.70556640625;
00:55:42;76.0;1576025743;94.281;31.41993430300532;0.9435415706608205;-0.703125;
00:55:43;77.0;1576025744;94.179;31.937001926115617;0.9590691269103789;-0.712890625;
00:55:44;78.0;1576025745;94.281;31.54920120878289;0.94742345972321;-0.70556640625;
00:55:45;79.0;1576025746;94.363;31.032133585672593;0.9318959034736515;-0.69580078125;
00:55:46;80.0;1576025747;94.506;31.80773502033804;0.9551872378479893;-0.71044921875;
00:55:47;81.0;1576025748;94.485;31.54920120878289;0.94742345972321;-0.70556640625;
00:55:48;82.0;1576025749;94.077;31.54920120878289;0.94742345972321;-0.70556640625;
00:55:49;83.0;1576025750;94.118;31.678468114560467;0.9513053487855997;-0.7080078125;
00:55:50;84.0;1576025751;94.22;31.290667397227747;0.9396596815984309;-0.70068359375;
00:55:51;85.0;1576025752;94.016;31.54920120878289;0.94742345972321;-0.70556640625;
00:55:52;86.0;1576025753;94.097;31.54920120878289;0.94742345972321;-0.70556640625;
00:55:53;87.0;1576025754;94.057;31.16140049145017;0.9357777925360412;-0.6982421875;
00:55:55;89.0;1576025755;94.199;31.16140049145017;0.9357777925360412;-0.6982421875;
00:55:56;90.0;1576025757;94.404;31.54920120878289;0.94742345972321;-0.70556640625;
00:55:57;91.0;1576025758;94.301;9999.0;9999.0;9999.0;
00:55:58;92.0;1576025759;94.322;31.80773502033804;0.9551872378479893;-0.71044921875;
00:55:59;93.0;1576025760;94.138;31.54920120878289;0.94742345972321;-0.70556640625;
00:56:00;94.0;1576025761;93.975;31.16140049145017;0.9357777925360412;-0.6982421875;
00:56:01;95.0;1576025762;93.955;30.644332868339873;0.9202502362864827;-0.6884765625;
00:56:02;96.0;1576025763;93.894;30.77359977411745;0.9241321253488725;-0.69091796875;
00:56:03;97.0;1576025764;94.077;31.54920120878289;0.94742345972321;-0.70556640625;
00:56:04;98.0;1576025765;94.138;31.80773502033804;0.9551872378479893;-0.71044921875;
00:56:05;99.0;1576025766;94.179;31.54920120878289;0.94742345972321;-0.70556640625;
00:56:06;100.0;1576025767;93.914;31.54920120878289;0.94742345972321;-0.70556640625;
00:56:07;101.0;1576025768;93.975;31.41993430300532;0.9435415706608205;-0.703125;
00:56:08;102.0;1576025769;93.792;31.54920120878289;0.94742345972321;-0.70556640625;
00:56:09;103.0;1576025770;93.792;31.41993430300532;0.9435415706608205;-0.703125;
00:56:10;104.0;1576025771;93.894;31.41993430300532;0.9435415706608205;-0.703125;
00:56:11;105.0;1576025772;93.873;31.678468114560467;0.9513053487855997;-0.7080078125;
00:56:12;106.0;1576025773;94.057;31.678468114560467;0.9513053487855997;-0.7080078125;
00:56:13;107.0;1576025774;93.894;31.678468114560467;0.9513053487855997;-0.7080078125;
00:56:14;108.0;1576025775;93.813;31.41993430300532;0.9435415706608205;-0.703125;
00:56:15;109.0;1576025776;93.691;31.41993430300532;0.9435415706608205;-0.703125;
00:56:16;110.0;1576025777;93.61;31.41993430300532;0.9435415706608205;-0.703125;
00:56:17;111.0;1576025778;93.448;31.16140049145017;0.9357777925360412;-0.6982421875;
00:56:18;112.0;1576025779;93.569;31.678468114560467;0.9513053487855997;-0.7080078125;
00:56:19;113.0;1576025780;93.448;31.54920120878289;0.94742345972321;-0.70556640625;
00:56:20;114.0;1576025781;93.488;32.19553573767076;0.9668329050351581;-0.7177734375;
00:56:21;115.0;1576025782;93.934;31.290667397227747;0.9396596815984309;-0.70068359375;
00:56:22;116.0;1576025783;93.752;31.54920120878289;0.94742345972321;-0.70556640625;
00:56:23;117.0;1576025784;93.996;31.678468114560467;0.9513053487855997;-0.7080078125;
00:56:24;118.0;1576025785;93.955;31.678468114560467;0.9513053487855997;-0.7080078125;
00:56:25;119.0;1576025786;93.428;31.54920120878289;0.94742345972321;-0.70556640625;
00:56:26;120.0;1576025787;93.63;31.54920120878289;0.94742345972321;-0.70556640625;
00:56:27;121.0;1576025788;93.589;31.41993430300532;0.9435415706608205;-0.703125;
00:56:28;122.0;1576025789;93.731;31.41993430300532;0.9435415706608205;-0.703125;
00:56:29;123.0;1576025791;94.138;31.16140049145017;0.9357777925360412;-0.6982421875;
00:56:30;124.0;1576025792;94.036;31.16140049145017;0.9357777925360412;-0.6982421875;
00:56:31;125.0;1576025793;93.934;31.290667397227747;0.9396596815984309;-0.70068359375;
00:56:32;126.0;1576025794;93.772;31.80773502033804;0.9551872378479893;-0.71044921875;
00:56:33;127.0;1576025795;93.792;31.54920120878289;0.94742345972321;-0.70556640625;
00:56:34;128.0;1576025796;93.873;31.54920120878289;0.94742345972321;-0.70556640625;
00:56:35;129.0;1576025797;93.873;30.256532151007153;0.908604569099314;-0.68115234375;
00:56:36;130.0;1576025798;94.057;31.54920120878289;0.94742345972321;-0.70556640625;
00:56:37;131.0;1576025799;94.138;31.41993430300532;0.9435415706608205;-0.703125;
00:56:39;133.0;1576025800;94.036;31.678468114560467;0.9513053487855997;-0.7080078125;
00:56:40;134.0;1576025801;94.097;31.678468114560467;0.9513053487855997;-0.7080078125;
00:56:41;135.0;1576025802;93.772;31.80773502033804;0.9551872378479893;-0.71044921875;
00:56:42;136.0;1576025803;93.691;32.06626883189318;0.9629510159727683;-0.71533203125;
00:56:43;137.0;1576025804;93.772;31.678468114560467;0.9513053487855997;-0.7080078125;
00:56:44;138.0;1576025805;93.996;33.35893788966893;1.0017699065966645;-0.73974609375;
00:56:45;139.0;1576025806;94.363;31.54920120878289;0.94742345972321;-0.70556640625;
00:56:46;140.0;1576025807;94.138;31.54920120878289;0.94742345972321;-0.70556640625;
00:56:47;141.0;1576025808;93.873;31.80773502033804;0.9551872378479893;-0.71044921875;
00:56:48;142.0;1576025809;93.63;31.678468114560467;0.9513053487855997;-0.7080078125;
00:56:49;143.0;1576025810;93.569;31.80773502033804;0.9551872378479893;-0.71044921875;
00:56:50;144.0;1576025811;93.813;33.87600551277922;1.017297462846223;-0.74951171875;
00:56:51;145.0;1576025812;93.955;9999.0;9999.0;9999.0;
00:56:52;146.0;1576025813;93.975;31.937001926115617;0.9590691269103789;-0.712890625;
00:56:53;147.0;1576025814;93.691;32.19553573767076;0.9668329050351581;-0.7177734375;
00:56:54;148.0;1576025814;93.448;31.678468114560467;0.9513053487855997;-0.7080078125;
00:56:55;149.0;1576025816;93.508;32.06626883189318;0.9629510159727683;-0.71533203125;
00:56:56;150.0;1576025817;93.448;31.937001926115617;0.9590691269103789;-0.712890625;
00:56:57;151.0;1576025818;93.549;31.80773502033804;0.9551872378479893;-0.71044921875;
00:56:58;152.0;1576025819;93.508;31.54920120878289;0.94742345972321;-0.70556640625;
00:56:59;153.0;1576025820;93.569;31.80773502033804;0.9551872378479893;-0.71044921875;
00:57:00;154.0;1576025821;93.448;31.54920120878289;0.94742345972321;-0.70556640625;
00:57:01;155.0;1576025822;93.246;31.54920120878289;0.94742345972321;-0.70556640625;
00:57:02;156.0;1576025823;93.407;32.06626883189318;0.9629510159727683;-0.71533203125;
00:57:03;157.0;1576025824;93.327;31.937001926115617;0.9590691269103789;-0.712890625;
00:57:04;158.0;1576025825;93.63;31.678468114560467;0.9513053487855997;-0.7080078125;
00:57:05;159.0;1576025826;93.873;31.54920120878289;0.94742345972321;-0.70556640625;
00:57:06;160.0;1576025827;93.65;31.54920120878289;0.94742345972321;-0.70556640625;
00:57:07;161.0;1576025828;93.691;31.54920120878289;0.94742345972321;-0.70556640625;
00:57:08;162.0;1576025829;93.731;31.54920120878289;0.94742345972321;-0.70556640625;
00:57:09;163.0;1576025830;93.996;31.937001926115617;0.9590691269103789;-0.712890625;
00:57:10;164.0;1576025831;94.057;31.678468114560467;0.9513053487855997;-0.7080078125;
00:57:11;165.0;1576025832;94.016;31.54920120878289;0.94742345972321;-0.70556640625;
00:57:12;166.0;1576025833;93.813;31.937001926115617;0.9590691269103789;-0.712890625;
00:57:13;167.0;1576025834;93.226;31.41993430300532;0.9435415706608205;-0.703125;
00:57:14;168.0;1576025835;93.347;31.41993430300532;0.9435415706608205;-0.703125;
00:57:15;169.0;1576025836;93.286;32.324802643448336;0.9707147940975477;-0.72021484375;
00:57:16;170.0;1576025838;93.085;31.80773502033804;0.9551872378479893;-0.71044921875;
00:57:17;171.0;1576025839;93.347;31.80773502033804;0.9551872378479893;-0.71044921875;
00:57:18;172.0;1576025840;93.448;31.937001926115617;0.9590691269103789;-0.712890625;
00:57:19;173.0;1576025841;93.468;32.58333645500348;0.9784785722223269;-0.72509765625;
00:57:20;174.0;1576025842;93.529;31.41993430300532;0.9435415706608205;-0.703125;
00:57:21;175.0;1576025843;93.468;33.61747170122407;1.0095336847214436;-0.74462890625;
00:57:22;176.0;1576025844;93.327;31.54920120878289;0.94742345972321;-0.70556640625;
00:57:23;177.0;1576025845;93.367;31.937001926115617;0.9590691269103789;-0.712890625;
00:57:24;178.0;1576025846;93.306;31.54920120878289;0.94742345972321;-0.70556640625;
00:57:25;179.0;1576025847;93.327;31.937001926115617;0.9590691269103789;-0.712890625;
00:57:26;180.0;1576025848;93.387;31.54920120878289;0.94742345972321;-0.70556640625;
00:57:27;181.0;1576025849;93.529;31.678468114560467;0.9513053487855997;-0.7080078125;
00:57:28;182.0;1576025850;93.63;31.80773502033804;0.9551872378479893;-0.71044921875;
00:57:29;183.0;1576025851;93.752;32.71260336078105;0.9823604612847164;-0.7275390625;
00:57:30;184.0;1576025852;93.711;31.54920120878289;0.94742345972321;-0.70556640625;
00:57:31;185.0;1576025853;93.327;30.644332868339873;0.9202502362864827;-0.6884765625;
00:57:32;186.0;1576025854;93.306;31.937001926115617;0.9590691269103789;-0.712890625;
00:57:33;187.0;1576025855;93.085;31.678468114560467;0.9513053487855997;-0.7080078125;
00:57:34;188.0;1576025856;93.064;31.80773502033804;0.9551872378479893;-0.71044921875;
00:57:35;189.0;1576025857;93.185;32.06626883189318;0.9629510159727683;-0.71533203125;
00:57:36;190.0;1576025858;93.205;31.937001926115617;0.9590691269103789;-0.712890625;
00:57:37;191.0;1576025859;93.286;31.937001926115617;0.9590691269103789;-0.712890625;
00:57:38;192.0;1576025860;93.044;30.902866679895027;0.9280140144112622;-0.693359375;
00:57:39;193.0;1576025861;93.085;31.54920120878289;0.94742345972321;-0.70556640625;
00:57:40;194.0;1576025862;93.145;31.80773502033804;0.9551872378479893;-0.71044921875;
00:57:41;195.0;1576025863;93.145;31.54920120878289;0.94742345972321;-0.70556640625;
00:57:43;197.0;1576025864;93.387;31.80773502033804;0.9551872378479893;-0.71044921875;
00:57:44;198.0;1576025865;93.407;30.77359977411745;0.9241321253488725;-0.69091796875;
00:57:45;199.0;1576025866;93.428;32.324802643448336;0.9707147940975477;-0.72021484375;
00:57:46;200.0;1576025867;93.327;31.16140049145017;0.9357777925360412;-0.6982421875;
00:57:47;201.0;1576025868;93.306;32.19553573767076;0.9668329050351581;-0.7177734375;
00:57:48;202.0;1576025869;93.407;31.290667397227747;0.9396596815984309;-0.70068359375;
00:57:49;203.0;1576025870;93.347;31.80773502033804;0.9551872378479893;-0.71044921875;
00:57:50;204.0;1576025871;93.266;32.06626883189318;0.9629510159727683;-0.71533203125;
00:57:51;205.0;1576025872;93.145;32.06626883189318;0.9629510159727683;-0.71533203125;
00:57:52;206.0;1576025873;93.004;31.54920120878289;0.94742345972321;-0.70556640625;
00:57:53;207.0;1576025873;93.105;31.678468114560467;0.9513053487855997;-0.7080078125;
00:57:54;208.0;1576025875;93.387;31.678468114560467;0.9513053487855997;-0.7080078125;
00:57:55;209.0;1576025876;93.549;31.678468114560467;0.9513053487855997;-0.7080078125;
00:57:56;210.0;1576025877;93.589;32.19553573767076;0.9668329050351581;-0.7177734375;
00:57:57;211.0;1576025878;93.407;31.54920120878289;0.94742345972321;-0.70556640625;
00:57:58;212.0;1576025879;93.327;32.06626883189318;0.9629510159727683;-0.71533203125;
00:57:59;213.0;1576025880;93.185;31.54920120878289;0.94742345972321;-0.70556640625;
00:58:00;214.0;1576025881;93.085;32.06626883189318;0.9629510159727683;-0.71533203125;
00:58:01;215.0;1576025882;92.964;32.06626883189318;0.9629510159727683;-0.71533203125;
00:58:02;216.0;1576025883;92.964;31.54920120878289;0.94742345972321;-0.70556640625;
00:58:03;217.0;1576025884;92.944;32.06626883189318;0.9629510159727683;-0.71533203125;
00:58:04;218.0;1576025885;92.944;31.678468114560467;0.9513053487855997;-0.7080078125;
00:58:05;219.0;1576025886;93.327;31.80773502033804;0.9551872378479893;-0.71044921875;
00:58:06;220.0;1576025887;93.165;31.16140049145017;0.9357777925360412;-0.6982421875;
00:58:07;221.0;1576025888;93.165;31.80773502033804;0.9551872378479893;-0.71044921875;
00:58:08;222.0;1576025889;93.165;31.80773502033804;0.9551872378479893;-0.71044921875;
00:58:09;223.0;1576025890;92.883;32.19553573767076;0.9668329050351581;-0.7177734375;
00:58:10;224.0;1576025891;92.984;32.58333645500348;0.9784785722223269;-0.72509765625;
00:58:11;225.0;1576025892;92.964;31.54920120878289;0.94742345972321;-0.70556640625;
00:58:12;226.0;1576025893;93.024;31.54920120878289;0.94742345972321;-0.70556640625;
00:58:13;227.0;1576025894;92.984;31.54920120878289;0.94742345972321;-0.70556640625;
00:58:14;228.0;1576025895;92.984;31.937001926115617;0.9590691269103789;-0.712890625;
00:58:15;229.0;1576025896;92.944;31.290667397227747;0.9396596815984309;-0.70068359375;
00:58:16;230.0;1576025897;92.883;31.54920120878289;0.94742345972321;-0.70556640625;
00:58:17;231.0;1576025898;92.924;31.54920120878289;0.94742345972321;-0.70556640625;
00:58:18;232.0;1576025899;92.964;31.290667397227747;0.9396596815984309;-0.70068359375;
00:58:19;233.0;1576025900;93.044;31.80773502033804;0.9551872378479893;-0.71044921875;
00:58:20;234.0;1576025901;93.145;31.678468114560467;0.9513053487855997;-0.7080078125;
00:58:21;235.0;1576025902;93.085;31.80773502033804;0.9551872378479893;-0.71044921875;
00:58:22;236.0;1576025903;93.024;32.06626883189318;0.9629510159727683;-0.71533203125;
00:58:23;237.0;1576025904;93.145;32.06626883189318;0.9629510159727683;-0.71533203125;
00:58:24;238.0;1576025905;92.984;31.41993430300532;0.9435415706608205;-0.703125;
00:58:25;239.0;1576025906;93.024;31.54920120878289;0.94742345972321;-0.70556640625;
00:58:26;240.0;1576025907;93.004;31.41993430300532;0.9435415706608205;-0.703125;
00:58:27;241.0;1576025908;92.863;31.678468114560467;0.9513053487855997;-0.7080078125;
00:58:28;242.0;1576025909;92.883;32.19553573767076;0.9668329050351581;-0.7177734375;
00:58:29;243.0;1576025910;93.004;32.45406954922591;0.9745966831599374;-0.72265625;
00:58:30;244.0;1576025911;92.924;31.54920120878289;0.94742345972321;-0.70556640625;
00:58:31;245.0;1576025912;92.924;31.678468114560467;0.9513053487855997;-0.7080078125;
00:58:32;246.0;1576025913;92.924;31.80773502033804;0.9551872378479893;-0.71044921875;
00:58:33;247.0;1576025914;92.783;31.54920120878289;0.94742345972321;-0.70556640625;
00:58:34;248.0;1576025915;92.783;31.80773502033804;0.9551872378479893;-0.71044921875;
00:58:35;249.0;1576025916;92.803;32.06626883189318;0.9629510159727683;-0.71533203125;
00:58:36;250.0;1576025917;92.803;31.678468114560467;0.9513053487855997;-0.7080078125;
00:58:37;251.0;1576025918;92.743;31.54920120878289;0.94742345972321;-0.70556640625;
00:58:38;252.0;1576025919;92.823;32.06626883189318;0.9629510159727683;-0.71533203125;
00:58:39;253.0;1576025920;92.803;32.06626883189318;0.9629510159727683;-0.71533203125;
00:58:40;254.0;1576025921;92.603;31.937001926115617;0.9590691269103789;-0.712890625;
00:58:41;255.0;1576025922;92.563;31.41993430300532;0.9435415706608205;-0.703125;
00:58:42;256.0;1576025924;92.443;32.58333645500348;0.9784785722223269;-0.72509765625;
00:58:43;257.0;1576025925;92.483;32.06626883189318;0.9629510159727683;-0.71533203125;
00:58:44;258.0;1576025926;92.924;31.678468114560467;0.9513053487855997;-0.7080078125;
00:58:45;259.0;1576025927;93.105;31.937001926115617;0.9590691269103789;-0.712890625;
00:58:47;261.0;1576025928;93.125;31.80773502033804;0.9551872378479893;-0.71044921875;
00:58:48;262.0;1576025929;93.004;31.937001926115617;0.9590691269103789;-0.712890625;
00:58:49;263.0;1576025930;92.483;31.80773502033804;0.9551872378479893;-0.71044921875;
00:58:50;264.0;1576025931;92.423;32.324802643448336;0.9707147940975477;-0.72021484375;
00:58:52;266.0;1576025932;92.663;31.937001926115617;0.9590691269103789;-0.712890625;
00:58:53;267.0;1576025934;92.823;32.19553573767076;0.9668329050351581;-0.7177734375;
00:58:54;268.0;1576025935;92.783;31.80773502033804;0.9551872378479893;-0.71044921875;
00:58:55;269.0;1576025936;92.683;32.06626883189318;0.9629510159727683;-0.71533203125;
00:58:56;270.0;1576025937;92.343;31.80773502033804;0.9551872378479893;-0.71044921875;
00:58:57;271.0;1576025938;92.343;32.19553573767076;0.9668329050351581;-0.7177734375;
00:58:58;272.0;1576025939;92.343;32.45406954922591;0.9745966831599374;-0.72265625;
00:58:59;273.0;1576025940;92.343;31.937001926115617;0.9590691269103789;-0.712890625;
00:59:00;274.0;1576025941;92.403;32.45406954922591;0.9745966831599374;-0.72265625;
00:59:01;275.0;1576025942;92.343;33.22967098389135;0.9978880175342749;-0.7373046875;
00:59:02;276.0;1576025943;92.623;32.06626883189318;0.9629510159727683;-0.71533203125;
00:59:03;277.0;1576025944;92.703;32.71260336078105;0.9823604612847164;-0.7275390625;
00:59:04;278.0;1576025945;92.803;32.06626883189318;0.9629510159727683;-0.71533203125;
00:59:05;279.0;1576025946;93.105;32.06626883189318;0.9629510159727683;-0.71533203125;
00:59:06;280.0;1576025947;92.944;32.06626883189318;0.9629510159727683;-0.71533203125;
00:59:07;281.0;1576025948;92.803;32.58333645500348;0.9784785722223269;-0.72509765625;
00:59:08;282.0;1576025949;92.863;31.80773502033804;0.9551872378479893;-0.71044921875;
00:59:09;283.0;1576025950;92.723;32.06626883189318;0.9629510159727683;-0.71533203125;
00:59:10;284.0;1576025951;92.523;31.937001926115617;0.9590691269103789;-0.712890625;
00:59:11;285.0;1576025952;92.603;32.06626883189318;0.9629510159727683;-0.71533203125;
00:59:12;286.0;1576025953;92.403;32.324802643448336;0.9707147940975477;-0.72021484375;
00:59:13;287.0;1576025954;92.343;32.06626883189318;0.9629510159727683;-0.71533203125;
00:59:14;288.0;1576025955;92.323;31.80773502033804;0.9551872378479893;-0.71044921875;
00:59:15;289.0;1576025956;92.223;32.19553573767076;0.9668329050351581;-0.7177734375;
00:59:16;290.0;1576025957;92.323;32.06626883189318;0.9629510159727683;-0.71533203125;
00:59:17;291.0;1576025958;92.203;32.324802643448336;0.9707147940975477;-0.72021484375;
00:59:18;292.0;1576025959;92.084;32.324802643448336;0.9707147940975477;-0.72021484375;
00:59:19;293.0;1576025960;92.183;31.54920120878289;0.94742345972321;-0.70556640625;
00:59:20;294.0;1576025961;92.203;32.971137172336206;0.9901242394094958;-0.732421875;
00:59:21;295.0;1576025962;92.223;31.937001926115617;0.9590691269103789;-0.712890625;
00:59:22;296.0;1576025963;92.543;32.324802643448336;0.9707147940975477;-0.72021484375;
00:59:23;297.0;1576025964;92.683;31.80773502033804;0.9551872378479893;-0.71044921875;
00:59:24;298.0;1576025965;92.743;32.06626883189318;0.9629510159727683;-0.71533203125;
00:59:25;299.0;1576025966;92.783;32.19553573767076;0.9668329050351581;-0.7177734375;
00:59:26;300.0;1576025967;92.683;32.324802643448336;0.9707147940975477;-0.72021484375;
00:59:27;301.0;1576025968;92.483;31.937001926115617;0.9590691269103789;-0.712890625;
00:59:28;302.0;1576025969;92.523;32.06626883189318;0.9629510159727683;-0.71533203125;
00:59:29;303.0;1576025970;92.763;32.06626883189318;0.9629510159727683;-0.71533203125;
00:59:30;304.0;1576025971;92.583;31.54920120878289;0.94742345972321;-0.70556640625;
00:59:31;305.0;1576025972;92.503;32.19553573767076;0.9668329050351581;-0.7177734375;
00:59:32;306.0;1576025974;92.423;32.58333645500348;0.9784785722223269;-0.72509765625;
00:59:33;307.0;1576025975;92.263;32.19553573767076;0.9668329050351581;-0.7177734375;
00:59:34;308.0;1576025976;92.363;34.00527241855679;1.0211793519086125;-0.751953125;
00:59:35;309.0;1576025977;92.403;33.22967098389135;0.9978880175342749;-0.7373046875;
00:59:36;310.0;1576025978;92.463;32.45406954922591;0.9745966831599374;-0.72265625;
00:59:37;311.0;1576025979;92.323;32.58333645500348;0.9784785722223269;-0.72509765625;
00:59:38;312.0;1576025980;92.343;32.06626883189318;0.9629510159727683;-0.71533203125;
00:59:39;313.0;1576025981;92.283;31.678468114560467;0.9513053487855997;-0.7080078125;
00:59:40;314.0;1576025982;92.163;32.06626883189318;0.9629510159727683;-0.71533203125;
00:59:41;315.0;1576025983;92.363;31.80773502033804;0.9551872378479893;-0.71044921875;
00:59:42;316.0;1576025984;92.463;32.19553573767076;0.9668329050351581;-0.7177734375;
00:59:43;317.0;1576025985;92.383;32.06626883189318;0.9629510159727683;-0.71533203125;
00:59:44;318.0;1576025986;92.423;31.678468114560467;0.9513053487855997;-0.7080078125;
00:59:45;319.0;1576025987;92.203;31.80773502033804;0.9551872378479893;-0.71044921875;
00:59:46;320.0;1576025988;91.984;31.937001926115617;0.9590691269103789;-0.712890625;
00:59:47;321.0;1576025989;92.223;32.324802643448336;0.9707147940975477;-0.72021484375;
00:59:48;322.0;1576025990;92.144;31.80773502033804;0.9551872378479893;-0.71044921875;
00:59:49;323.0;1576025991;92.183;32.19553573767076;0.9668329050351581;-0.7177734375;
00:59:51;325.0;1576025991;92.163;31.54920120878289;0.94742345972321;-0.70556640625;
00:59:52;326.0;1576025993;92.044;32.06626883189318;0.9629510159727683;-0.71533203125;
00:59:53;327.0;1576025994;92.084;30.644332868339873;0.9202502362864827;-0.6884765625;
00:59:54;328.0;1576025995;92.024;31.16140049145017;0.9357777925360412;-0.6982421875;
00:59:55;329.0;1576025996;92.223;31.678468114560467;0.9513053487855997;-0.7080078125;
00:59:56;330.0;1576025997;92.263;32.58333645500348;0.9784785722223269;-0.72509765625;
00:59:57;331.0;1576025998;91.865;32.19553573767076;0.9668329050351581;-0.7177734375;
00:59:58;332.0;1576025999;91.806;30.77359977411745;0.9241321253488725;-0.69091796875;
00:59:59;333.0;1576026000;91.548;32.45406954922591;0.9745966831599374;-0.72265625;
01:00:00;334.0;1576026001;91.529;31.937001926115617;0.9590691269103789;-0.712890625;
01:00:01;335.0;1576026002;91.826;31.80773502033804;0.9551872378479893;-0.71044921875;
01:00:02;336.0;1576026003;91.826;32.06626883189318;0.9629510159727683;-0.71533203125;
01:00:03;337.0;1576026004;92.044;32.06626883189318;0.9629510159727683;-0.71533203125;
01:00:04;338.0;1576026005;91.845;32.324802643448336;0.9707147940975477;-0.72021484375;
01:00:05;339.0;1576026006;91.965;32.324802643448336;0.9707147940975477;-0.72021484375;
01:00:06;340.0;1576026007;92.183;31.678468114560467;0.9513053487855997;-0.7080078125;
01:00:07;341.0;1576026008;91.925;32.19553573767076;0.9668329050351581;-0.7177734375;
01:00:08;342.0;1576026009;92.024;32.06626883189318;0.9629510159727683;-0.71533203125;
01:00:09;343.0;1576026010;91.707;32.71260336078105;0.9823604612847164;-0.7275390625;
01:00:10;344.0;1576026011;91.509;32.06626883189318;0.9629510159727683;-0.71533203125;
01:00:11;345.0;1576026012;91.746;32.971137172336206;0.9901242394094958;-0.732421875;
01:00:12;346.0;1576026013;91.826;31.80773502033804;0.9551872378479893;-0.71044921875;
01:00:13;347.0;1576026014;92.024;32.06626883189318;0.9629510159727683;-0.71533203125;
01:00:14;348.0;1576026015;92.124;31.54920120878289;0.94742345972321;-0.70556640625;
01:00:15;349.0;1576026016;92.064;31.54920120878289;0.94742345972321;-0.70556640625;
01:00:16;350.0;1576026017;91.945;32.45406954922591;0.9745966831599374;-0.72265625;
01:00:17;351.0;1576026018;92.104;32.19553573767076;0.9668329050351581;-0.7177734375;
01:00:18;352.0;1576026019;91.965;32.06626883189318;0.9629510159727683;-0.71533203125;
01:00:19;353.0;1576026020;91.905;32.324802643448336;0.9707147940975477;-0.72021484375;
01:00:20;354.0;1576026021;91.806;32.58333645500348;0.9784785722223269;-0.72509765625;
01:00:21;355.0;1576026022;91.509;32.19553573767076;0.9668329050351581;-0.7177734375;
01:00:22;356.0;1576026023;91.608;32.19553573767076;0.9668329050351581;-0.7177734375;
01:00:23;357.0;1576026024;91.509;32.06626883189318;0.9629510159727683;-0.71533203125;
01:00:24;358.0;1576026025;91.806;32.06626883189318;0.9629510159727683;-0.71533203125;
01:00:25;359.0;1576026026;91.826;32.19553573767076;0.9668329050351581;-0.7177734375;
01:00:26;360.0;1576026027;91.43;32.19553573767076;0.9668329050351581;-0.7177734375;
01:00:27;361.0;1576026028;91.548;31.937001926115617;0.9590691269103789;-0.712890625;
01:00:28;362.0;1576026030;91.39;31.937001926115617;0.9590691269103789;-0.712890625;
01:00:29;363.0;1576026031;91.311;31.937001926115617;0.9590691269103789;-0.712890625;
01:00:30;364.0;1576026032;91.826;31.032133585672593;0.9318959034736515;-0.69580078125;
01:00:31;365.0;1576026033;91.667;32.06626883189318;0.9629510159727683;-0.71533203125;
01:00:32;366.0;1576026034;91.627;32.45406954922591;0.9745966831599374;-0.72265625;
01:00:33;367.0;1576026035;91.726;30.12726524522958;0.9047226800369244;-0.6787109375;
01:00:34;368.0;1576026036;91.647;31.937001926115617;0.9590691269103789;-0.712890625;
01:00:35;369.0;1576026037;91.548;32.06626883189318;0.9629510159727683;-0.71533203125;
01:00:36;370.0;1576026038;91.667;31.80773502033804;0.9551872378479893;-0.71044921875;
01:00:37;371.0;1576026039;91.707;32.324802643448336;0.9707147940975477;-0.72021484375;
01:00:38;372.0;1576026040;91.766;31.80773502033804;0.9551872378479893;-0.71044921875;
01:00:39;373.0;1576026041;91.965;31.80773502033804;0.9551872378479893;-0.71044921875;
01:00:40;374.0;1576026042;91.925;32.324802643448336;0.9707147940975477;-0.72021484375;
01:00:41;375.0;1576026043;92.084;32.19553573767076;0.9668329050351581;-0.7177734375;
01:00:42;376.0;1576026044;91.885;32.45406954922591;0.9745966831599374;-0.72265625;
01:00:43;377.0;1576026045;91.865;32.58333645500348;0.9784785722223269;-0.72509765625;
01:00:44;378.0;1576026046;91.667;32.58333645500348;0.9784785722223269;-0.72509765625;
01:00:45;379.0;1576026047;91.568;32.71260336078105;0.9823604612847164;-0.7275390625;
01:00:46;380.0;1576026048;91.647;33.61747170122407;1.0095336847214436;-0.74462890625;
01:00:47;381.0;1576026049;91.509;32.324802643448336;0.9707147940975477;-0.72021484375;
01:00:48;382.0;1576026050;91.726;31.937001926115617;0.9590691269103789;-0.712890625;
01:00:49;383.0;1576026050;91.647;32.324802643448336;0.9707147940975477;-0.72021484375;
01:00:50;384.0;1576026052;91.548;32.19553573767076;0.9668329050351581;-0.7177734375;
01:00:51;385.0;1576026053;91.766;31.937001926115617;0.9590691269103789;-0.712890625;
01:00:52;386.0;1576026054;91.627;32.324802643448336;0.9707147940975477;-0.72021484375;
01:00:53;387.0;1576026055;91.608;32.58333645500348;0.9784785722223269;-0.72509765625;
01:00:55;389.0;1576026056;91.647;32.324802643448336;0.9707147940975477;-0.72021484375;
01:00:56;390.0;1576026057;91.568;32.45406954922591;0.9745966831599374;-0.72265625;
01:00:57;391.0;1576026058;91.351;32.45406954922591;0.9745966831599374;-0.72265625;
01:00:58;392.0;1576026059;91.351;32.324802643448336;0.9707147940975477;-0.72021484375;
01:00:59;393.0;1576026060;91.469;32.58333645500348;0.9784785722223269;-0.72509765625;
01:01:00;394.0;1576026061;91.39;32.06626883189318;0.9629510159727683;-0.71533203125;
01:01:01;395.0;1576026062;91.726;32.06626883189318;0.9629510159727683;-0.71533203125;
01:01:02;396.0;1576026063;91.766;32.19553573767076;0.9668329050351581;-0.7177734375;
01:01:03;397.0;1576026064;91.726;32.58333645500348;0.9784785722223269;-0.72509765625;
01:01:04;398.0;1576026065;91.687;32.06626883189318;0.9629510159727683;-0.71533203125;
01:01:05;399.0;1576026066;91.707;32.06626883189318;0.9629510159727683;-0.71533203125;
01:01:06;400.0;1576026067;91.687;32.45406954922591;0.9745966831599374;-0.72265625;
01:01:07;401.0;1576026068;91.627;31.16140049145017;0.9357777925360412;-0.6982421875;
01:01:08;402.0;1576026069;91.826;30.12726524522958;0.9047226800369244;-0.6787109375;
01:01:09;403.0;1576026070;91.568;31.937001926115617;0.9590691269103789;-0.712890625;
01:01:10;404.0;1576026071;91.529;32.06626883189318;0.9629510159727683;-0.71533203125;
01:01:11;405.0;1576026072;91.627;30.5150659625623;0.9163683472240932;-0.68603515625;
01:01:12;406.0;1576026073;91.509;32.324802643448336;0.9707147940975477;-0.72021484375;
01:01:13;407.0;1576026074;91.746;28.576062375898694;0.8581400112882491;-0.6494140625;
01:01:14;408.0;1576026075;91.826;32.324802643448336;0.9707147940975477;-0.72021484375;
01:01:15;409.0;1576026076;91.786;32.45406954922591;0.9745966831599374;-0.72265625;
01:01:16;410.0;1576026077;91.726;32.45406954922591;0.9745966831599374;-0.72265625;
01:01:17;411.0;1576026078;91.608;32.45406954922591;0.9745966831599374;-0.72265625;
01:01:18;412.0;1576026079;91.41;31.678468114560467;0.9513053487855997;-0.7080078125;
01:01:19;413.0;1576026080;91.39;32.324802643448336;0.9707147940975477;-0.72021484375;
01:01:20;414.0;1576026081;91.292;32.971137172336206;0.9901242394094958;-0.732421875;
01:01:21;415.0;1576026082;91.233;32.324802643448336;0.9707147940975477;-0.72021484375;
01:01:22;416.0;1576026083;91.469;32.58333645500348;0.9784785722223269;-0.72509765625;
01:01:23;417.0;1576026084;91.45;32.324802643448336;0.9707147940975477;-0.72021484375;
01:01:24;418.0;1576026085;91.687;32.19553573767076;0.9668329050351581;-0.7177734375;
01:01:25;419.0;1576026086;91.687;32.06626883189318;0.9629510159727683;-0.71533203125;
01:01:26;420.0;1576026087;91.588;32.19553573767076;0.9668329050351581;-0.7177734375;
01:01:27;421.0;1576026088;91.43;32.58333645500348;0.9784785722223269;-0.72509765625;
01:01:28;422.0;1576026089;91.351;32.324802643448336;0.9707147940975477;-0.72021484375;
01:01:29;423.0;1576026090;91.371;32.06626883189318;0.9629510159727683;-0.71533203125;
01:01:30;424.0;1576026091;91.213;32.19553573767076;0.9668329050351581;-0.7177734375;
01:01:31;425.0;1576026092;91.016;31.80773502033804;0.9551872378479893;-0.71044921875;
01:01:32;426.0;1576026093;90.957;31.80773502033804;0.9551872378479893;-0.71044921875;
01:01:33;427.0;1576026094;90.938;32.58333645500348;0.9784785722223269;-0.72509765625;
01:01:34;428.0;1576026095;91.016;32.45406954922591;0.9745966831599374;-0.72265625;
01:01:35;429.0;1576026096;91.154;32.19553573767076;0.9668329050351581;-0.7177734375;
01:01:36;430.0;1576026097;91.174;32.324802643448336;0.9707147940975477;-0.72021484375;
01:01:37;431.0;1576026098;91.233;32.45406954922591;0.9745966831599374;-0.72265625;
01:01:38;432.0;1576026099;91.193;33.100404078113776;0.9940061284718853;-0.73486328125;
01:01:39;433.0;1576026100;91.154;32.06626883189318;0.9629510159727683;-0.71533203125;
01:01:40;434.0;1576026101;91.134;32.06626883189318;0.9629510159727683;-0.71533203125;
01:01:41;435.0;1576026102;90.997;32.58333645500348;0.9784785722223269;-0.72509765625;
01:01:42;436.0;1576026103;90.82;32.06626883189318;0.9629510159727683;-0.71533203125;
01:01:43;437.0;1576026104;90.957;31.937001926115617;0.9590691269103789;-0.712890625;
01:01:44;438.0;1576026105;90.918;32.06626883189318;0.9629510159727683;-0.71533203125;
01:01:45;439.0;1576026106;91.075;31.80773502033804;0.9551872378479893;-0.71044921875;
01:01:46;440.0;1576026107;91.331;32.06626883189318;0.9629510159727683;-0.71533203125;
01:01:47;441.0;1576026108;91.43;32.45406954922591;0.9745966831599374;-0.72265625;
01:01:48;442.0;1576026109;91.272;32.45406954922591;0.9745966831599374;-0.72265625;
01:01:49;443.0;1576026111;91.193;32.324802643448336;0.9707147940975477;-0.72021484375;
01:01:50;444.0;1576026112;91.233;32.19553573767076;0.9668329050351581;-0.7177734375;
01:01:51;445.0;1576026113;91.174;31.80773502033804;0.9551872378479893;-0.71044921875;
01:01:52;446.0;1576026114;91.252;32.324802643448336;0.9707147940975477;-0.72021484375;
01:01:53;447.0;1576026115;91.134;32.58333645500348;0.9784785722223269;-0.72509765625;
01:01:54;448.0;1576026116;90.859;32.06626883189318;0.9629510159727683;-0.71533203125;
01:01:55;449.0;1576026117;90.761;32.06626883189318;0.9629510159727683;-0.71533203125;
01:01:56;450.0;1576026118;90.722;32.71260336078105;0.9823604612847164;-0.7275390625;
01:01:57;451.0;1576026119;90.938;32.71260336078105;0.9823604612847164;-0.7275390625;
01:01:59;453.0;1576026120;91.134;32.324802643448336;0.9707147940975477;-0.72021484375;
01:02:00;454.0;1576026121;91.154;31.80773502033804;0.9551872378479893;-0.71044921875;
01:02:01;455.0;1576026122;91.154;32.06626883189318;0.9629510159727683;-0.71533203125;
01:02:02;456.0;1576026123;91.095;32.06626883189318;0.9629510159727683;-0.71533203125;
01:02:03;457.0;1576026124;90.918;32.324802643448336;0.9707147940975477;-0.72021484375;
01:02:04;458.0;1576026125;90.683;32.58333645500348;0.9784785722223269;-0.72509765625;
01:02:05;459.0;1576026126;90.585;31.54920120878289;0.94742345972321;-0.70556640625;
01:02:06;460.0;1576026127;90.371;32.06626883189318;0.9629510159727683;-0.71533203125;
01:02:07;461.0;1576026128;90.546;33.100404078113776;0.9940061284718853;-0.73486328125;
01:02:08;462.0;1576026129;90.918;32.19553573767076;0.9668329050351581;-0.7177734375;
01:02:09;463.0;1576026130;91.154;32.06626883189318;0.9629510159727683;-0.71533203125;
01:02:10;464.0;1576026131;91.489;32.58333645500348;0.9784785722223269;-0.72509765625;
01:02:11;465.0;1576026132;91.272;31.80773502033804;0.9551872378479893;-0.71044921875;
01:02:12;466.0;1576026133;90.918;32.06626883189318;0.9629510159727683;-0.71533203125;
01:02:13;467.0;1576026134;90.781;33.22967098389135;0.9978880175342749;-0.7373046875;
01:02:14;468.0;1576026135;90.429;32.06626883189318;0.9629510159727683;-0.71533203125;
01:02:15;469.0;1576026136;90.644;31.937001926115617;0.9590691269103789;-0.712890625;
01:02:16;470.0;1576026137;91.075;32.58333645500348;0.9784785722223269;-0.72509765625;
01:02:17;471.0;1576026138;91.036;32.19553573767076;0.9668329050351581;-0.7177734375;
01:02:18;472.0;1576026139;91.056;32.19553573767076;0.9668329050351581;-0.7177734375;
01:02:19;473.0;1576026140;91.056;32.71260336078105;0.9823604612847164;-0.7275390625;
01:02:20;474.0;1576026141;90.879;32.06626883189318;0.9629510159727683;-0.71533203125;
01:02:21;475.0;1576026142;91.056;32.58333645500348;0.9784785722223269;-0.72509765625;
01:02:22;476.0;1576026143;91.213;34.00527241855679;1.0211793519086125;-0.751953125;
01:02:23;477.0;1576026144;91.193;32.324802643448336;0.9707147940975477;-0.72021484375;
01:02:24;478.0;1576026145;90.859;32.06626883189318;0.9629510159727683;-0.71533203125;
01:02:25;479.0;1576026146;90.683;32.58333645500348;0.9784785722223269;-0.72509765625;
01:02:26;480.0;1576026147;90.781;32.45406954922591;0.9745966831599374;-0.72265625;
01:02:27;481.0;1576026148;90.703;31.80773502033804;0.9551872378479893;-0.71044921875;
01:02:28;482.0;1576026149;90.899;31.937001926115617;0.9590691269103789;-0.712890625;
01:02:29;483.0;1576026150;91.075;32.45406954922591;0.9745966831599374;-0.72265625;
01:02:30;484.0;1576026151;91.095;32.45406954922591;0.9745966831599374;-0.72265625;
01:02:31;485.0;1576026152;91.016;32.06626883189318;0.9629510159727683;-0.71533203125;
01:02:32;486.0;1576026153;91.193;32.58333645500348;0.9784785722223269;-0.72509765625;
01:02:33;487.0;1576026154;90.859;32.19553573767076;0.9668329050351581;-0.7177734375;
01:02:34;488.0;1576026155;90.644;31.937001926115617;0.9590691269103789;-0.712890625;
01:02:35;489.0;1576026157;90.801;32.45406954922591;0.9745966831599374;-0.72265625;
01:02:36;490.0;1576026158;90.546;32.324802643448336;0.9707147940975477;-0.72021484375;
01:02:37;491.0;1576026159;90.761;32.19553573767076;0.9668329050351581;-0.7177734375;
01:02:38;492.0;1576026160;90.879;32.45406954922591;0.9745966831599374;-0.72265625;
01:02:39;493.0;1576026161;90.918;32.45406954922591;0.9745966831599374;-0.72265625;
01:02:40;494.0;1576026162;91.036;32.58333645500348;0.9784785722223269;-0.72509765625;
01:02:41;495.0;1576026163;91.056;32.19553573767076;0.9668329050351581;-0.7177734375;
01:02:42;496.0;1576026164;90.918;32.71260336078105;0.9823604612847164;-0.7275390625;
01:02:43;497.0;1576026165;90.703;32.19553573767076;0.9668329050351581;-0.7177734375;
01:02:44;498.0;1576026166;90.429;32.06626883189318;0.9629510159727683;-0.71533203125;
01:02:45;499.0;1576026167;90.527;32.71260336078105;0.9823604612847164;-0.7275390625;
01:02:46;500.0;1576026168;90.488;31.80773502033804;0.9551872378479893;-0.71044921875;
01:02:47;501.0;1576026168;90.39;32.58333645500348;0.9784785722223269;-0.72509765625;
01:02:48;502.0;1576026170;90.624;32.19553573767076;0.9668329050351581;-0.7177734375;
01:02:49;503.0;1576026171;90.546;31.937001926115617;0.9590691269103789;-0.712890625;
01:02:50;504.0;1576026172;90.527;32.58333645500348;0.9784785722223269;-0.72509765625;
01:02:51;505.0;1576026173;90.683;32.324802643448336;0.9707147940975477;-0.72021484375;
01:02:52;506.0;1576026174;90.507;32.45406954922591;0.9745966831599374;-0.72265625;
01:02:53;507.0;1576026175;90.351;32.58333645500348;0.9784785722223269;-0.72509765625;
01:02:54;508.0;1576026176;90.254;32.58333645500348;0.9784785722223269;-0.72509765625;
01:02:55;509.0;1576026177;90.234;32.71260336078105;0.9823604612847164;-0.7275390625;
01:02:56;510.0;1576026178;90.371;33.100404078113776;0.9940061284718853;-0.73486328125;
01:02:57;511.0;1576026179;90.351;32.58333645500348;0.9784785722223269;-0.72509765625;
01:02:58;512.0;1576026180;90.273;32.45406954922591;0.9745966831599374;-0.72265625;
01:02:59;513.0;1576026181;90.059;35.168674570554955;1.0561163534701188;-0.77392578125;
01:03:00;514.0;1576026182;90.234;32.19553573767076;0.9668329050351581;-0.7177734375;
01:03:01;515.0;1576026183;90.195;32.19553573767076;0.9668329050351581;-0.7177734375;
01:03:03;517.0;1576026184;90.059;33.22967098389135;0.9978880175342749;-0.7373046875;
01:03:04;518.0;1576026185;90.234;31.80773502033804;0.9551872378479893;-0.71044921875;
01:03:05;519.0;1576026186;89.943;32.45406954922591;0.9745966831599374;-0.72265625;
01:03:06;520.0;1576026187;89.827;32.45406954922591;0.9745966831599374;-0.72265625;
01:03:07;521.0;1576026188;90.156;32.19553573767076;0.9668329050351581;-0.7177734375;
01:03:08;522.0;1576026189;89.885;32.06626883189318;0.9629510159727683;-0.71533203125;
01:03:09;523.0;1576026190;90.079;32.19553573767076;0.9668329050351581;-0.7177734375;
01:03:10;524.0;1576026191;90.195;32.971137172336206;0.9901242394094958;-0.732421875;
01:03:11;525.0;1576026192;90.137;32.06626883189318;0.9629510159727683;-0.71533203125;
01:03:12;526.0;1576026193;90.39;31.54920120878289;0.94742345972321;-0.70556640625;
01:03:13;527.0;1576026194;90.079;32.06626883189318;0.9629510159727683;-0.71533203125;
01:03:14;528.0;1576026195;90.059;32.58333645500348;0.9784785722223269;-0.72509765625;
01:03:15;529.0;1576026196;90.098;32.19553573767076;0.9668329050351581;-0.7177734375;
01:03:16;530.0;1576026197;90.118;32.45406954922591;0.9745966831599374;-0.72265625;
01:03:17;531.0;1576026198;90.449;32.58333645500348;0.9784785722223269;-0.72509765625;
01:03:18;532.0;1576026199;90.546;32.19553573767076;0.9668329050351581;-0.7177734375;
01:03:19;533.0;1576026200;90.39;32.19553573767076;0.9668329050351581;-0.7177734375;
01:03:20;534.0;1576026201;90.39;32.971137172336206;0.9901242394094958;-0.732421875;
01:03:21;535.0;1576026202;90.156;32.71260336078105;0.9823604612847164;-0.7275390625;
01:03:22;536.0;1576026203;90.118;31.678468114560467;0.9513053487855997;-0.7080078125;
01:03:23;537.0;1576026204;90.176;32.324802643448336;0.9707147940975477;-0.72021484375;
01:03:24;538.0;1576026205;90.118;32.324802643448336;0.9707147940975477;-0.72021484375;
01:03:25;539.0;1576026206;90.118;32.06626883189318;0.9629510159727683;-0.71533203125;
01:03:26;540.0;1576026207;90.059;31.937001926115617;0.9590691269103789;-0.712890625;
01:03:27;541.0;1576026208;89.982;32.58333645500348;0.9784785722223269;-0.72509765625;
01:03:28;542.0;1576026209;90.04;32.58333645500348;0.9784785722223269;-0.72509765625;
01:03:29;543.0;1576026210;90.215;32.58333645500348;0.9784785722223269;-0.72509765625;
01:03:30;544.0;1576026211;90.254;32.324802643448336;0.9707147940975477;-0.72021484375;
01:03:31;545.0;1576026212;90.254;32.45406954922591;0.9745966831599374;-0.72265625;
01:03:32;546.0;1576026213;90.254;32.06626883189318;0.9629510159727683;-0.71533203125;
01:03:33;547.0;1576026214;90.215;32.45406954922591;0.9745966831599374;-0.72265625;
01:03:34;548.0;1576026215;90.156;32.45406954922591;0.9745966831599374;-0.72265625;
01:03:35;549.0;1576026216;90.39;31.80773502033804;0.9551872378479893;-0.71044921875;
01:03:36;550.0;1576026217;90.429;31.80773502033804;0.9551872378479893;-0.71044921875;
01:03:37;551.0;1576026218;90.371;32.324802643448336;0.9707147940975477;-0.72021484375;
01:03:38;552.0;1576026219;90.488;32.45406954922591;0.9745966831599374;-0.72265625;
01:03:39;553.0;1576026220;90.351;32.58333645500348;0.9784785722223269;-0.72509765625;
01:03:40;554.0;1576026221;90.332;33.87600551277922;1.017297462846223;-0.74951171875;
01:03:41;555.0;1576026222;90.215;33.100404078113776;0.9940061284718853;-0.73486328125;
01:03:42;556.0;1576026223;90.215;33.100404078113776;0.9940061284718853;-0.73486328125;
01:03:43;557.0;1576026224;90.254;33.4882047954465;1.005651795659054;-0.7421875;
01:03:44;558.0;1576026225;90.137;32.58333645500348;0.9784785722223269;-0.72509765625;
01:03:45;559.0;1576026226;90.351;33.22967098389135;0.9978880175342749;-0.7373046875;
01:03:46;560.0;1576026227;90.312;32.19553573767076;0.9668329050351581;-0.7177734375;
01:03:47;561.0;1576026228;90.234;32.324802643448336;0.9707147940975477;-0.72021484375;
01:03:48;562.0;1576026229;90.234;33.61747170122407;1.0095336847214436;-0.74462890625;
01:03:49;563.0;1576026230;90.001;32.324802643448336;0.9707147940975477;-0.72021484375;
01:03:50;564.0;1576026231;89.846;32.71260336078105;0.9823604612847164;-0.7275390625;
01:03:51;565.0;1576026232;89.711;33.35893788966893;1.0017699065966645;-0.73974609375;
01:03:52;566.0;1576026233;89.73;32.324802643448336;0.9707147940975477;-0.72021484375;
01:03:53;567.0;1576026234;89.904;32.58333645500348;0.9784785722223269;-0.72509765625;
01:03:54;568.0;1576026235;89.982;33.35893788966893;1.0017699065966645;-0.73974609375;
01:03:55;569.0;1576026236;90.001;32.71260336078105;0.9823604612847164;-0.7275390625;
01:03:56;570.0;1576026237;89.943;32.324802643448336;0.9707147940975477;-0.72021484375;
01:03:57;571.0;1576026238;89.788;31.937001926115617;0.9590691269103789;-0.712890625;
01:03:58;572.0;1576026239;89.788;32.324802643448336;0.9707147940975477;-0.72021484375;
01:03:59;573.0;1576026240;90.04;32.19553573767076;0.9668329050351581;-0.7177734375;
01:04:00;574.0;1576026241;90.098;32.06626883189318;0.9629510159727683;-0.71533203125;
01:04:01;575.0;1576026242;90.234;32.58333645500348;0.9784785722223269;-0.72509765625;
01:04:02;576.0;1576026243;90.001;32.71260336078105;0.9823604612847164;-0.7275390625;
01:04:03;577.0;1576026244;89.943;32.45406954922591;0.9745966831599374;-0.72265625;
01:04:04;578.0;1576026245;89.807;32.71260336078105;0.9823604612847164;-0.7275390625;
01:04:05;579.0;1576026247;89.73;32.45406954922591;0.9745966831599374;-0.72265625;
01:04:06;580.0;1576026248;90.079;32.45406954922591;0.9745966831599374;-0.72265625;
01:04:08;582.0;1576026249;90.001;31.16140049145017;0.9357777925360412;-0.6982421875;
01:04:09;583.0;1576026250;90.195;32.324802643448336;0.9707147940975477;-0.72021484375;
01:04:10;584.0;1576026251;90.312;32.45406954922591;0.9745966831599374;-0.72265625;
01:04:11;585.0;1576026252;90.04;32.19553573767076;0.9668329050351581;-0.7177734375;
01:04:12;586.0;1576026253;90.02;32.58333645500348;0.9784785722223269;-0.72509765625;
01:04:13;587.0;1576026254;89.846;32.71260336078105;0.9823604612847164;-0.7275390625;
01:04:14;588.0;1576026255;89.633;32.971137172336206;0.9901242394094958;-0.732421875;
01:04:15;589.0;1576026256;89.788;32.06626883189318;0.9629510159727683;-0.71533203125;
01:04:16;590.0;1576026257;89.73;32.58333645500348;0.9784785722223269;-0.72509765625;
01:04:17;591.0;1576026258;89.614;32.45406954922591;0.9745966831599374;-0.72265625;
01:04:18;592.0;1576026259;89.749;32.06626883189318;0.9629510159727683;-0.71533203125;
01:04:19;593.0;1576026260;89.691;32.58333645500348;0.9784785722223269;-0.72509765625;
01:04:20;594.0;1576026261;89.672;32.45406954922591;0.9745966831599374;-0.72265625;
01:04:21;595.0;1576026262;89.653;32.19553573767076;0.9668329050351581;-0.7177734375;
01:04:22;596.0;1576026263;89.421;32.324802643448336;0.9707147940975477;-0.72021484375;
01:04:23;597.0;1576026264;89.402;33.4882047954465;1.005651795659054;-0.7421875;
01:04:24;598.0;1576026265;89.556;34.00527241855679;1.0211793519086125;-0.751953125;
01:04:25;599.0;1576026266;89.749;31.937001926115617;0.9590691269103789;-0.712890625;
01:04:26;600.0;1576026267;89.711;32.06626883189318;0.9629510159727683;-0.71533203125;
01:04:27;601.0;1576026268;89.672;32.45406954922591;0.9745966831599374;-0.72265625;
01:04:28;602.0;1576026269;89.769;32.71260336078105;0.9823604612847164;-0.7275390625;
01:04:29;603.0;1576026270;89.827;32.58333645500348;0.9784785722223269;-0.72509765625;
01:04:30;604.0;1576026271;90.001;32.324802643448336;0.9707147940975477;-0.72021484375;
01:04:31;605.0;1576026272;89.923;33.61747170122407;1.0095336847214436;-0.74462890625;
01:04:32;606.0;1576026273;89.614;32.58333645500348;0.9784785722223269;-0.72509765625;
01:04:33;607.0;1576026274;89.498;32.58333645500348;0.9784785722223269;-0.72509765625;
01:04:34;608.0;1576026275;89.267;32.324802643448336;0.9707147940975477;-0.72021484375;
01:04:35;609.0;1576026276;89.344;33.22967098389135;0.9978880175342749;-0.7373046875;
01:04:36;610.0;1576026277;89.44;32.58333645500348;0.9784785722223269;-0.72509765625;
01:04:37;611.0;1576026278;89.325;33.100404078113776;0.9940061284718853;-0.73486328125;
01:04:38;612.0;1576026279;89.421;33.4882047954465;1.005651795659054;-0.7421875;
01:04:39;613.0;1576026280;89.46;32.58333645500348;0.9784785722223269;-0.72509765625;
01:04:40;614.0;1576026281;89.344;32.58333645500348;0.9784785722223269;-0.72509765625;
01:04:41;615.0;1576026282;89.556;32.324802643448336;0.9707147940975477;-0.72021484375;
01:04:42;616.0;1576026283;89.691;32.58333645500348;0.9784785722223269;-0.72509765625;
01:04:43;617.0;1576026284;89.73;32.58333645500348;0.9784785722223269;-0.72509765625;
01:04:44;618.0;1576026285;89.749;32.58333645500348;0.9784785722223269;-0.72509765625;
01:04:45;619.0;1576026286;89.711;32.19553573767076;0.9668329050351581;-0.7177734375;
01:04:46;620.0;1576026287;89.575;32.971137172336206;0.9901242394094958;-0.732421875;
01:04:47;621.0;1576026288;89.46;32.58333645500348;0.9784785722223269;-0.72509765625;
01:04:48;622.0;1576026289;89.711;33.100404078113776;0.9940061284718853;-0.73486328125;
01:04:49;623.0;1576026290;89.537;32.324802643448336;0.9707147940975477;-0.72021484375;
01:04:50;624.0;1576026291;89.537;32.971137172336206;0.9901242394094958;-0.732421875;
01:04:51;625.0;1576026293;89.807;32.58333645500348;0.9784785722223269;-0.72509765625;
01:04:52;626.0;1576026294;89.73;32.45406954922591;0.9745966831599374;-0.72265625;
01:04:53;627.0;1576026295;89.614;32.324802643448336;0.9707147940975477;-0.72021484375;
01:04:54;628.0;1576026296;89.653;32.58333645500348;0.9784785722223269;-0.72509765625;
01:04:55;629.0;1576026297;89.46;33.100404078113776;0.9940061284718853;-0.73486328125;
01:04:56;630.0;1576026298;89.595;32.58333645500348;0.9784785722223269;-0.72509765625;
01:04:57;631.0;1576026299;89.73;32.58333645500348;0.9784785722223269;-0.72509765625;
01:04:58;632.0;1576026300;89.691;32.19553573767076;0.9668329050351581;-0.7177734375;
01:04:59;633.0;1576026301;89.614;32.06626883189318;0.9629510159727683;-0.71533203125;
01:05:00;634.0;1576026302;89.402;32.324802643448336;0.9707147940975477;-0.72021484375;
01:05:01;635.0;1576026303;89.44;31.937001926115617;0.9590691269103789;-0.712890625;
01:05:02;636.0;1576026304;89.479;32.324802643448336;0.9707147940975477;-0.72021484375;
01:05:03;637.0;1576026305;89.479;32.71260336078105;0.9823604612847164;-0.7275390625;
01:05:04;638.0;1576026306;89.537;33.100404078113776;0.9940061284718853;-0.73486328125;
01:05:05;639.0;1576026307;89.575;32.971137172336206;0.9901242394094958;-0.732421875;
01:05:06;640.0;1576026308;89.595;32.58333645500348;0.9784785722223269;-0.72509765625;
01:05:07;641.0;1576026309;89.633;32.971137172336206;0.9901242394094958;-0.732421875;
01:05:08;642.0;1576026310;89.537;32.971137172336206;0.9901242394094958;-0.732421875;
01:05:09;643.0;1576026311;89.44;32.71260336078105;0.9823604612847164;-0.7275390625;
01:05:10;644.0;1576026312;89.479;32.58333645500348;0.9784785722223269;-0.72509765625;
01:05:12;646.0;1576026313;89.595;32.06626883189318;0.9629510159727683;-0.71533203125;
01:05:13;647.0;1576026314;89.73;32.06626883189318;0.9629510159727683;-0.71533203125;
01:05:14;648.0;1576026315;89.575;32.19553573767076;0.9668329050351581;-0.7177734375;
01:05:15;649.0;1576026316;89.595;32.06626883189318;0.9629510159727683;-0.71533203125;
01:05:16;650.0;1576026317;89.325;32.58333645500348;0.9784785722223269;-0.72509765625;
01:05:17;651.0;1576026318;89.229;32.71260336078105;0.9823604612847164;-0.7275390625;
01:05:18;652.0;1576026319;89.421;32.71260336078105;0.9823604612847164;-0.7275390625;
01:05:19;653.0;1576026320;89.171;32.58333645500348;0.9784785722223269;-0.72509765625;
01:05:20;654.0;1576026321;89.094;32.58333645500348;0.9784785722223269;-0.72509765625;
01:05:21;655.0;1576026322;88.864;32.71260336078105;0.9823604612847164;-0.7275390625;
01:05:22;656.0;1576026323;88.826;32.324802643448336;0.9707147940975477;-0.72021484375;
01:05:23;657.0;1576026324;88.941;32.45406954922591;0.9745966831599374;-0.72265625;
01:05:24;658.0;1576026325;89.113;32.71260336078105;0.9823604612847164;-0.7275390625;
01:05:25;659.0;1576026326;89.344;32.45406954922591;0.9745966831599374;-0.72265625;
01:05:26;660.0;1576026327;89.479;31.80773502033804;0.9551872378479893;-0.71044921875;
01:05:27;661.0;1576026328;89.479;32.45406954922591;0.9745966831599374;-0.72265625;
01:05:28;662.0;1576026329;89.479;32.45406954922591;0.9745966831599374;-0.72265625;
01:05:29;663.0;1576026330;89.209;32.71260336078105;0.9823604612847164;-0.7275390625;
01:05:30;664.0;1576026331;88.96;32.58333645500348;0.9784785722223269;-0.72509765625;
01:05:31;665.0;1576026332;88.883;33.746738607001646;1.0134155737838333;-0.7470703125;
01:05:32;666.0;1576026333;88.864;32.19553573767076;0.9668329050351581;-0.7177734375;
01:05:33;667.0;1576026334;89.267;32.58333645500348;0.9784785722223269;-0.72509765625;
01:05:34;668.0;1576026335;89.286;33.35893788966893;1.0017699065966645;-0.73974609375;
01:05:35;669.0;1576026336;89.363;32.58333645500348;0.9784785722223269;-0.72509765625;
01:05:36;670.0;1576026337;89.171;32.971137172336206;0.9901242394094958;-0.732421875;
01:05:37;671.0;1576026338;88.941;32.324802643448336;0.9707147940975477;-0.72021484375;
01:05:38;672.0;1576026339;88.96;32.324802643448336;0.9707147940975477;-0.72021484375;
01:05:39;673.0;1576026340;88.902;32.971137172336206;0.9901242394094958;-0.732421875;
01:05:40;674.0;1576026341;89.036;32.324802643448336;0.9707147940975477;-0.72021484375;
01:05:41;675.0;1576026342;88.807;32.71260336078105;0.9823604612847164;-0.7275390625;
01:05:42;676.0;1576026343;88.749;32.971137172336206;0.9901242394094958;-0.732421875;
01:05:43;677.0;1576026344;88.749;32.45406954922591;0.9745966831599374;-0.72265625;
01:05:44;678.0;1576026345;88.73;32.58333645500348;0.9784785722223269;-0.72509765625;
01:05:45;679.0;1576026346;88.845;33.100404078113776;0.9940061284718853;-0.73486328125;
01:05:46;680.0;1576026347;88.902;33.100404078113776;0.9940061284718853;-0.73486328125;
01:05:47;681.0;1576026348;89.075;32.58333645500348;0.9784785722223269;-0.72509765625;
01:05:48;682.0;1576026349;89.152;32.71260336078105;0.9823604612847164;-0.7275390625;
01:05:49;683.0;1576026350;89.209;32.58333645500348;0.9784785722223269;-0.72509765625;
01:05:50;684.0;1576026351;89.19;33.35893788966893;1.0017699065966645;-0.73974609375;
01:05:51;685.0;1576026352;88.845;33.100404078113776;0.9940061284718853;-0.73486328125;
01:05:52;686.0;1576026353;88.845;32.971137172336206;0.9901242394094958;-0.732421875;
01:05:53;687.0;1576026354;88.864;32.71260336078105;0.9823604612847164;-0.7275390625;
01:05:54;688.0;1576026355;88.96;32.71260336078105;0.9823604612847164;-0.7275390625;
01:05:55;689.0;1576026356;89.19;33.61747170122407;1.0095336847214436;-0.74462890625;
01:05:56;690.0;1576026358;89.094;31.80773502033804;0.9551872378479893;-0.71044921875;
01:05:57;691.0;1576026359;89.036;33.35893788966893;1.0017699065966645;-0.73974609375;
01:05:58;692.0;1576026360;88.902;33.35893788966893;1.0017699065966645;-0.73974609375;
01:05:59;693.0;1576026361;88.711;9999.0;9999.0;9999.0;
01:06:00;694.0;1576026362;88.501;32.71260336078105;0.9823604612847164;-0.7275390625;
01:06:01;695.0;1576026363;88.52;32.45406954922591;0.9745966831599374;-0.72265625;
01:06:02;696.0;1576026364;88.558;33.4882047954465;1.005651795659054;-0.7421875;
01:06:03;697.0;1576026365;88.768;32.58333645500348;0.9784785722223269;-0.72509765625;
01:06:04;698.0;1576026366;88.941;33.22967098389135;0.9978880175342749;-0.7373046875;
01:06:05;699.0;1576026367;88.883;33.100404078113776;0.9940061284718853;-0.73486328125;
01:06:06;700.0;1576026368;88.922;32.71260336078105;0.9823604612847164;-0.7275390625;
01:06:07;701.0;1576026369;89.132;32.06626883189318;0.9629510159727683;-0.71533203125;
01:06:08;702.0;1576026370;89.286;32.19553573767076;0.9668329050351581;-0.7177734375;
01:06:09;703.0;1576026371;89.344;32.971137172336206;0.9901242394094958;-0.732421875;
01:06:10;704.0;1576026372;89.229;32.971137172336206;0.9901242394094958;-0.732421875;
01:06:11;705.0;1576026373;89.036;33.100404078113776;0.9940061284718853;-0.73486328125;
01:06:12;706.0;1576026374;88.768;33.100404078113776;0.9940061284718853;-0.73486328125;
01:06:13;707.0;1576026375;88.749;32.971137172336206;0.9901242394094958;-0.732421875;
01:06:14;708.0;1576026376;88.749;32.45406954922591;0.9745966831599374;-0.72265625;
01:06:16;710.0;1576026377;88.387;32.971137172336206;0.9901242394094958;-0.732421875;
01:06:17;711.0;1576026378;88.501;32.58333645500348;0.9784785722223269;-0.72509765625;
01:06:18;712.0;1576026379;88.711;32.58333645500348;0.9784785722223269;-0.72509765625;
01:06:19;713.0;1576026380;88.807;32.971137172336206;0.9901242394094958;-0.732421875;
01:06:20;714.0;1576026381;89.017;32.71260336078105;0.9823604612847164;-0.7275390625;
01:06:21;715.0;1576026382;88.826;32.58333645500348;0.9784785722223269;-0.72509765625;
01:06:22;716.0;1576026383;88.539;32.971137172336206;0.9901242394094958;-0.732421875;
01:06:23;717.0;1576026384;88.463;32.971137172336206;0.9901242394094958;-0.732421875;
01:06:24;718.0;1576026385;88.406;32.971137172336206;0.9901242394094958;-0.732421875;
01:06:25;719.0;1576026386;88.387;32.971137172336206;0.9901242394094958;-0.732421875;
01:06:26;720.0;1576026387;88.558;32.19553573767076;0.9668329050351581;-0.7177734375;
01:06:27;721.0;1576026388;88.539;32.971137172336206;0.9901242394094958;-0.732421875;
01:06:28;722.0;1576026389;88.482;33.100404078113776;0.9940061284718853;-0.73486328125;
01:06:29;723.0;1576026390;88.788;32.45406954922591;0.9745966831599374;-0.72265625;
01:06:30;724.0;1576026391;88.635;32.45406954922591;0.9745966831599374;-0.72265625;
01:06:31;725.0;1576026392;88.597;32.971137172336206;0.9901242394094958;-0.732421875;
01:06:32;726.0;1576026393;88.807;33.100404078113776;0.9940061284718853;-0.73486328125;
01:06:33;727.0;1576026394;88.616;32.58333645500348;0.9784785722223269;-0.72509765625;
01:06:34;728.0;1576026395;88.482;33.35893788966893;1.0017699065966645;-0.73974609375;
01:06:35;729.0;1576026396;88.501;33.100404078113776;0.9940061284718853;-0.73486328125;
01:06:36;730.0;1576026397;88.425;32.971137172336206;0.9901242394094958;-0.732421875;
01:06:37;731.0;1576026398;88.425;32.58333645500348;0.9784785722223269;-0.72509765625;
01:06:38;732.0;1576026399;88.52;32.971137172336206;0.9901242394094958;-0.732421875;
01:06:39;733.0;1576026400;88.654;33.22967098389135;0.9978880175342749;-0.7373046875;
01:06:40;734.0;1576026401;88.482;32.71260336078105;0.9823604612847164;-0.7275390625;
01:06:41;735.0;1576026402;88.692;33.35893788966893;1.0017699065966645;-0.73974609375;
01:06:42;736.0;1576026403;88.807;32.971137172336206;0.9901242394094958;-0.732421875;
01:06:44;738.0;1576026404;88.864;32.58333645500348;0.9784785722223269;-0.72509765625;
01:06:45;739.0;1576026406;88.807;32.71260336078105;0.9823604612847164;-0.7275390625;
01:06:46;740.0;1576026407;88.577;33.35893788966893;1.0017699065966645;-0.73974609375;
01:06:47;741.0;1576026408;88.482;33.22967098389135;0.9978880175342749;-0.7373046875;
01:06:48;742.0;1576026409;88.463;32.58333645500348;0.9784785722223269;-0.72509765625;
01:06:49;743.0;1576026410;88.349;32.58333645500348;0.9784785722223269;-0.72509765625;
01:06:50;744.0;1576026411;88.463;32.58333645500348;0.9784785722223269;-0.72509765625;
01:06:51;745.0;1576026412;88.406;32.324802643448336;0.9707147940975477;-0.72021484375;
01:06:52;746.0;1576026413;88.33;32.71260336078105;0.9823604612847164;-0.7275390625;
01:06:53;747.0;1576026414;88.273;32.58333645500348;0.9784785722223269;-0.72509765625;
01:06:54;748.0;1576026415;88.083;33.100404078113776;0.9940061284718853;-0.73486328125;
01:06:55;749.0;1576026416;88.387;32.45406954922591;0.9745966831599374;-0.72265625;
01:06:56;750.0;1576026417;88.425;32.58333645500348;0.9784785722223269;-0.72509765625;
01:06:57;751.0;1576026418;88.463;32.58333645500348;0.9784785722223269;-0.72509765625;
01:06:58;752.0;1576026419;88.807;31.80773502033804;0.9551872378479893;-0.71044921875;
01:06:59;753.0;1576026420;88.501;33.100404078113776;0.9940061284718853;-0.73486328125;
01:07:00;754.0;1576026421;88.482;32.45406954922591;0.9745966831599374;-0.72265625;
01:07:01;755.0;1576026422;88.577;33.35893788966893;1.0017699065966645;-0.73974609375;
01:07:02;756.0;1576026423;88.444;31.54920120878289;0.94742345972321;-0.70556640625;
01:07:03;757.0;1576026424;88.558;32.58333645500348;0.9784785722223269;-0.72509765625;
01:07:04;758.0;1576026425;88.673;32.58333645500348;0.9784785722223269;-0.72509765625;
01:07:05;759.0;1576026426;88.52;32.58333645500348;0.9784785722223269;-0.72509765625;
01:07:06;760.0;1576026427;88.311;32.971137172336206;0.9901242394094958;-0.732421875;
01:07:07;761.0;1576026429;88.273;32.71260336078105;0.9823604612847164;-0.7275390625;
01:07:08;762.0;1576026430;88.007;32.71260336078105;0.9823604612847164;-0.7275390625;
01:07:09;763.0;1576026431;87.969;33.100404078113776;0.9940061284718853;-0.73486328125;
01:07:10;764.0;1576026432;87.951;32.58333645500348;0.9784785722223269;-0.72509765625;
01:07:11;765.0;1576026433;87.78;32.71260336078105;0.9823604612847164;-0.7275390625;
01:07:12;766.0;1576026434;88.045;32.58333645500348;0.9784785722223269;-0.72509765625;
01:07:13;767.0;1576026435;88.007;32.45406954922591;0.9745966831599374;-0.72265625;
01:07:14;768.0;1576026436;88.102;32.971137172336206;0.9901242394094958;-0.732421875;
01:07:15;769.0;1576026437;88.121;32.58333645500348;0.9784785722223269;-0.72509765625;
01:07:16;770.0;1576026438;87.762;31.290667397227747;0.9396596815984309;-0.70068359375;
01:07:17;771.0;1576026439;87.875;32.58333645500348;0.9784785722223269;-0.72509765625;
01:07:18;772.0;1576026440;87.837;33.100404078113776;0.9940061284718853;-0.73486328125;
01:07:20;774.0;1576026441;88.007;33.22967098389135;0.9978880175342749;-0.7373046875;
01:07:21;775.0;1576026442;88.33;33.100404078113776;0.9940061284718853;-0.73486328125;
01:07:22;776.0;1576026443;88.121;32.971137172336206;0.9901242394094958;-0.732421875;
01:07:23;777.0;1576026444;88.197;32.19553573767076;0.9668329050351581;-0.7177734375;
01:07:24;778.0;1576026445;88.121;32.45406954922591;0.9745966831599374;-0.72265625;
01:07:25;779.0;1576026446;87.951;32.06626883189318;0.9629510159727683;-0.71533203125;
01:07:26;780.0;1576026447;88.026;32.71260336078105;0.9823604612847164;-0.7275390625;
01:07:27;781.0;1576026448;88.178;33.100404078113776;0.9940061284718853;-0.73486328125;
01:07:28;782.0;1576026449;88.216;32.45406954922591;0.9745966831599374;-0.72265625;
01:07:29;783.0;1576026450;88.349;33.35893788966893;1.0017699065966645;-0.73974609375;
01:07:30;784.0;1576026451;88.463;33.100404078113776;0.9940061284718853;-0.73486328125;
01:07:31;785.0;1576026452;88.159;9999.0;9999.0;9999.0;
01:07:32;786.0;1576026453;88.216;32.971137172336206;0.9901242394094958;-0.732421875;
01:07:33;787.0;1576026454;88.159;32.971137172336206;0.9901242394094958;-0.732421875;
01:07:34;788.0;1576026455;88.026;32.971137172336206;0.9901242394094958;-0.732421875;
01:07:35;789.0;1576026456;88.216;33.35893788966893;1.0017699065966645;-0.73974609375;
01:07:36;790.0;1576026457;88.178;32.58333645500348;0.9784785722223269;-0.72509765625;
01:07:37;791.0;1576026458;88.14;33.100404078113776;0.9940061284718853;-0.73486328125;
01:07:38;792.0;1576026459;88.406;33.22967098389135;0.9978880175342749;-0.7373046875;
01:07:39;793.0;1576026460;88.292;33.746738607001646;1.0134155737838333;-0.7470703125;
01:07:40;794.0;1576026461;88.292;32.324802643448336;0.9707147940975477;-0.72021484375;
01:07:41;795.0;1576026462;88.425;32.971137172336206;0.9901242394094958;-0.732421875;
01:07:42;796.0;1576026463;88.159;32.71260336078105;0.9823604612847164;-0.7275390625;
01:07:43;797.0;1576026463;88.102;33.22967098389135;0.9978880175342749;-0.7373046875;
01:07:44;798.0;1576026465;87.988;33.87600551277922;1.017297462846223;-0.74951171875;
01:07:45;799.0;1576026466;87.818;33.61747170122407;1.0095336847214436;-0.74462890625;
01:07:46;800.0;1576026467;87.932;32.971137172336206;0.9901242394094958;-0.732421875;
01:07:47;801.0;1576026468;88.045;32.971137172336206;0.9901242394094958;-0.732421875;
01:07:48;802.0;1576026469;87.988;32.971137172336206;0.9901242394094958;-0.732421875;
01:07:49;803.0;1576026470;88.064;33.4882047954465;1.005651795659054;-0.7421875;
01:07:50;804.0;1576026471;88.216;33.22967098389135;0.9978880175342749;-0.7373046875;
01:07:51;805.0;1576026472;88.121;33.35893788966893;1.0017699065966645;-0.73974609375;
01:07:52;806.0;1576026473;87.988;33.22967098389135;0.9978880175342749;-0.7373046875;
01:07:53;807.0;1576026475;87.913;32.971137172336206;0.9901242394094958;-0.732421875;
01:07:54;808.0;1576026476;87.686;33.22967098389135;0.9978880175342749;-0.7373046875;
01:07:55;809.0;1576026477;87.498;33.100404078113776;0.9940061284718853;-0.73486328125;
01:07:56;810.0;1576026478;87.629;33.35893788966893;1.0017699065966645;-0.73974609375;
01:07:57;811.0;1576026479;87.686;32.58333645500348;0.9784785722223269;-0.72509765625;
01:07:58;812.0;1576026480;87.762;33.22967098389135;0.9978880175342749;-0.7373046875;
01:07:59;813.0;1576026481;88.026;33.35893788966893;1.0017699065966645;-0.73974609375;
01:08:00;814.0;1576026482;87.988;33.35893788966893;1.0017699065966645;-0.73974609375;
01:08:01;815.0;1576026483;88.026;33.746738607001646;1.0134155737838333;-0.7470703125;
01:08:02;816.0;1576026484;87.724;33.4882047954465;1.005651795659054;-0.7421875;
01:08:03;817.0;1576026485;87.629;32.71260336078105;0.9823604612847164;-0.7275390625;
01:08:04;818.0;1576026486;87.837;31.678468114560467;0.9513053487855997;-0.7080078125;
01:08:05;819.0;1576026487;87.762;33.22967098389135;0.9978880175342749;-0.7373046875;
01:08:06;820.0;1576026488;88.026;33.35893788966893;1.0017699065966645;-0.73974609375;
01:08:07;821.0;1576026489;88.045;33.4882047954465;1.005651795659054;-0.7421875;
01:08:08;822.0;1576026490;88.064;32.58333645500348;0.9784785722223269;-0.72509765625;
01:08:09;823.0;1576026491;88.007;33.35893788966893;1.0017699065966645;-0.73974609375;
01:08:10;824.0;1576026492;88.064;33.22967098389135;0.9978880175342749;-0.7373046875;
01:08:11;825.0;1576026493;88.064;33.22967098389135;0.9978880175342749;-0.7373046875;
01:08:12;826.0;1576026494;88.045;33.22967098389135;0.9978880175342749;-0.7373046875;
01:08:13;827.0;1576026495;87.837;33.4882047954465;1.005651795659054;-0.7421875;
01:08:14;828.0;1576026496;87.969;33.100404078113776;0.9940061284718853;-0.73486328125;
01:08:15;829.0;1576026497;87.988;32.971137172336206;0.9901242394094958;-0.732421875;
01:08:16;830.0;1576026498;87.951;33.22967098389135;0.9978880175342749;-0.7373046875;
01:08:17;831.0;1576026499;88.197;32.971137172336206;0.9901242394094958;-0.732421875;
01:08:18;832.0;1576026500;87.856;33.22967098389135;0.9978880175342749;-0.7373046875;
01:08:19;833.0;1576026501;87.951;33.22967098389135;0.9978880175342749;-0.7373046875;
01:08:20;834.0;1576026502;87.837;33.22967098389135;0.9978880175342749;-0.7373046875;
01:08:21;835.0;1576026503;87.686;33.22967098389135;0.9978880175342749;-0.7373046875;
01:08:22;836.0;1576026504;87.913;33.4882047954465;1.005651795659054;-0.7421875;
01:08:24;838.0;1576026505;87.743;32.58333645500348;0.9784785722223269;-0.72509765625;
01:08:25;839.0;1576026506;87.705;33.22967098389135;0.9978880175342749;-0.7373046875;
01:08:26;840.0;1576026507;87.686;32.971137172336206;0.9901242394094958;-0.732421875;
01:08:27;841.0;1576026508;87.535;34.522340041667086;1.0367069081581708;-0.76171875;
01:08:28;842.0;1576026509;87.385;33.4882047954465;1.005651795659054;-0.7421875;
01:08:29;843.0;1576026510;87.328;33.35893788966893;1.0017699065966645;-0.73974609375;
01:08:30;844.0;1576026511;87.235;33.35893788966893;1.0017699065966645;-0.73974609375;
01:08:31;845.0;1576026512;87.291;32.971137172336206;0.9901242394094958;-0.732421875;
01:08:32;846.0;1576026513;87.479;33.35893788966893;1.0017699065966645;-0.73974609375;
01:08:33;847.0;1576026514;87.573;32.58333645500348;0.9784785722223269;-0.72509765625;
01:08:34;848.0;1576026515;87.705;33.35893788966893;1.0017699065966645;-0.73974609375;
01:08:35;849.0;1576026516;87.479;32.71260336078105;0.9823604612847164;-0.7275390625;
01:08:36;850.0;1576026517;87.535;32.58333645500348;0.9784785722223269;-0.72509765625;
01:08:37;851.0;1576026518;87.516;32.58333645500348;0.9784785722223269;-0.72509765625;
01:08:38;852.0;1576026519;87.498;33.100404078113776;0.9940061284718853;-0.73486328125;
01:08:39;853.0;1576026520;87.705;33.35893788966893;1.0017699065966645;-0.73974609375;
01:08:40;854.0;1576026521;87.724;33.22967098389135;0.9978880175342749;-0.7373046875;
01:08:42;856.0;1576026522;87.988;33.35893788966893;1.0017699065966645;-0.73974609375;
01:08:43;857.0;1576026524;88.064;33.100404078113776;0.9940061284718853;-0.73486328125;
01:08:44;858.0;1576026525;88.007;32.45406954922591;0.9745966831599374;-0.72265625;
01:08:45;859.0;1576026526;87.894;33.35893788966893;1.0017699065966645;-0.73974609375;
01:08:46;860.0;1576026527;87.743;33.35893788966893;1.0017699065966645;-0.73974609375;
01:08:47;861.0;1576026528;87.404;32.971137172336206;0.9901242394094958;-0.732421875;
01:08:48;862.0;1576026529;87.535;33.35893788966893;1.0017699065966645;-0.73974609375;
01:08:49;863.0;1576026530;87.422;33.100404078113776;0.9940061284718853;-0.73486328125;
01:08:50;864.0;1576026531;87.46;32.06626883189318;0.9629510159727683;-0.71533203125;
01:08:51;865.0;1576026532;87.554;33.35893788966893;1.0017699065966645;-0.73974609375;
01:08:52;866.0;1576026533;87.197;32.58333645500348;0.9784785722223269;-0.72509765625;
01:08:53;867.0;1576026534;87.46;33.100404078113776;0.9940061284718853;-0.73486328125;
01:08:54;868.0;1576026535;87.498;32.45406954922591;0.9745966831599374;-0.72265625;
