Time;Seconds from start for linreg;Unix Time;ch1 po2;Uc;Ubl;Vc;
14:56:22;-2.0;1574002584;78.859;18.55708334949803;0.5084132424520008;-0.45654296875;
14:56:23;-1.0;1574002585;78.809;18.55708334949803;0.5084132424520008;-0.45654296875;
14:56:24;0.0;1574002585;78.691;18.55708334949803;0.5084132424520008;-0.45654296875;
14:56:25;1.0;1574002586;78.775;18.55708334949803;0.5084132424520008;-0.45654296875;
14:56:26;2.0;1574002587;78.775;18.55708334949803;0.5084132424520008;-0.45654296875;
14:56:27;3.0;1574002588;78.623;18.55708334949803;0.5084132424520008;-0.45654296875;
14:56:28;4.0;1574002589;78.775;18.55708334949803;0.5084132424520008;-0.45654296875;
14:56:29;5.0;1574002590;78.539;18.55708334949803;0.5084132424520008;-0.45654296875;
14:56:30;6.0;1574002591;78.539;18.55708334949803;0.5084132424520008;-0.45654296875;
14:56:31;7.0;1574002592;78.691;18.55708334949803;0.5084132424520008;-0.45654296875;
14:56:32;8.0;1574002593;78.843;18.55708334949803;0.5084132424520008;-0.45654296875;
14:56:33;9.0;1574002594;78.792;18.55708334949803;0.5084132424520008;-0.45654296875;
14:56:34;10.0;1574002595;79.096;18.55708334949803;0.5084132424520008;-0.45654296875;
14:56:35;11.0;1574002596;79.215;18.55708334949803;0.5084132424520008;-0.45654296875;
14:56:36;12.0;1574002597;79.046;18.55708334949803;0.5084132424520008;-0.45654296875;
14:56:37;13.0;1574002598;79.368;18.55708334949803;0.5084132424520008;-0.45654296875;
14:56:38;14.0;1574002599;79.232;18.55708334949803;0.5084132424520008;-0.45654296875;
14:56:39;15.0;1574002600;78.944;18.55708334949803;0.5084132424520008;-0.45654296875;
14:56:40;16.0;1574002601;78.978;18.55708334949803;0.5084132424520008;-0.45654296875;
14:56:41;17.0;1574002602;78.893;18.55708334949803;0.5084132424520008;-0.45654296875;
14:56:42;18.0;1574002603;78.91;18.55708334949803;0.5084132424520008;-0.45654296875;
14:56:43;19.0;1574002605;79.249;18.55708334949803;0.5084132424520008;-0.45654296875;
14:56:44;20.0;1574002606;79.181;18.55708334949803;0.5084132424520008;-0.45654296875;
14:56:45;21.0;1574002607;79.266;18.55708334949803;0.5084132424520008;-0.45654296875;
14:56:46;22.0;1574002608;79.249;18.55708334949803;0.5084132424520008;-0.45654296875;
14:56:47;23.0;1574002609;79.232;18.55708334949803;0.5084132424520008;-0.45654296875;
14:56:48;24.0;1574002610;79.113;18.55708334949803;0.5084132424520008;-0.45654296875;
14:56:49;25.0;1574002611;78.978;18.55708334949803;0.5084132424520008;-0.45654296875;
14:56:50;26.0;1574002612;78.961;18.55708334949803;0.5084132424520008;-0.45654296875;
14:56:51;27.0;1574002613;78.961;18.55708334949803;0.5084132424520008;-0.45654296875;
14:56:52;28.0;1574002614;79.266;18.55708334949803;0.5084132424520008;-0.45654296875;
14:56:53;29.0;1574002615;79.385;18.55708334949803;0.5084132424520008;-0.45654296875;
14:56:54;30.0;1574002616;79.402;18.55708334949803;0.5084132424520008;-0.45654296875;
14:56:55;31.0;1574002617;79.249;18.55708334949803;0.5084132424520008;-0.45654296875;
14:56:56;32.0;1574002618;78.961;18.55708334949803;0.5084132424520008;-0.45654296875;
14:56:58;34.0;1574002619;79.029;18.55708334949803;0.5084132424520008;-0.45654296875;
14:56:59;35.0;1574002620;79.046;18.55708334949803;0.5084132424520008;-0.45654296875;
14:57:00;36.0;1574002621;79.079;18.55708334949803;0.5084132424520008;-0.45654296875;
14:57:01;37.0;1574002622;79.334;18.55708334949803;0.5084132424520008;-0.45654296875;
14:57:02;38.0;1574002623;79.436;18.55708334949803;0.5084132424520008;-0.45654296875;
14:57:03;39.0;1574002624;79.402;18.55708334949803;0.5084132424520008;-0.45654296875;
14:57:04;40.0;1574002625;79.538;18.55708334949803;0.5084132424520008;-0.45654296875;
14:57:05;41.0;1574002626;79.453;18.55708334949803;0.5084132424520008;-0.45654296875;
14:57:06;42.0;1574002627;79.147;18.55708334949803;0.5084132424520008;-0.45654296875;
14:57:07;43.0;1574002628;79.012;18.55708334949803;0.5084132424520008;-0.45654296875;
14:57:08;44.0;1574002629;78.826;18.55708334949803;0.5084132424520008;-0.45654296875;
14:57:09;45.0;1574002630;78.91;18.55708334949803;0.5084132424520008;-0.45654296875;
14:57:10;46.0;1574002631;79.266;18.55708334949803;0.5084132424520008;-0.45654296875;
14:57:11;47.0;1574002632;79.283;18.55708334949803;0.5084132424520008;-0.45654296875;
14:57:12;48.0;1574002633;79.436;18.55708334949803;0.5084132424520008;-0.45654296875;
14:57:13;49.0;1574002634;79.419;18.55708334949803;0.5084132424520008;-0.45654296875;
14:57:14;50.0;1574002635;79.079;18.55708334949803;0.5084132424520008;-0.45654296875;
14:57:15;51.0;1574002636;79.13;18.55708334949803;0.5084132424520008;-0.45654296875;
14:57:16;52.0;1574002637;79.164;18.55708334949803;0.5084132424520008;-0.45654296875;
14:57:17;53.0;1574002638;79.198;18.55708334949803;0.5084132424520008;-0.45654296875;
14:57:18;54.0;1574002639;79.334;18.55708334949803;0.5084132424520008;-0.45654296875;
14:57:19;55.0;1574002640;79.232;18.55708334949803;0.5084132424520008;-0.45654296875;
14:57:20;56.0;1574002641;79.266;18.55708334949803;0.5084132424520008;-0.45654296875;
14:57:22;58.0;1574002642;79.079;18.55708334949803;0.5084132424520008;-0.45654296875;
14:57:23;59.0;1574002644;79.113;18.55708334949803;0.5084132424520008;-0.45654296875;
14:57:24;60.0;1574002645;79.029;18.55708334949803;0.5084132424520008;-0.45654296875;
14:57:25;61.0;1574002646;79.079;18.55708334949803;0.5084132424520008;-0.45654296875;
14:57:26;62.0;1574002647;79.13;18.55708334949803;0.5084132424520008;-0.45654296875;
14:57:27;63.0;1574002648;79.096;18.55708334949803;0.5084132424520008;-0.45654296875;
14:57:28;64.0;1574002649;79.147;18.55708334949803;0.5084132424520008;-0.45654296875;
14:57:29;65.0;1574002650;79.012;18.55708334949803;0.5084132424520008;-0.45654296875;
14:57:30;66.0;1574002651;79.13;18.55708334949803;0.5084132424520008;-0.45654296875;
14:57:31;67.0;1574002652;79.385;18.55708334949803;0.5084132424520008;-0.45654296875;
14:57:32;68.0;1574002653;79.232;18.55708334949803;0.5084132424520008;-0.45654296875;
14:57:33;69.0;1574002654;79.181;18.55708334949803;0.5084132424520008;-0.45654296875;
14:57:34;70.0;1574002655;79.147;18.55708334949803;0.5084132424520008;-0.45654296875;
14:57:35;71.0;1574002656;78.961;18.55708334949803;0.5084132424520008;-0.45654296875;
14:57:36;72.0;1574002657;79.13;18.55708334949803;0.5084132424520008;-0.45654296875;
14:57:37;73.0;1574002658;79.3;18.55708334949803;0.5084132424520008;-0.45654296875;
14:57:38;74.0;1574002659;79.317;18.55708334949803;0.5084132424520008;-0.45654296875;
14:57:39;75.0;1574002660;79.556;18.55708334949803;0.5084132424520008;-0.45654296875;
14:57:40;76.0;1574002662;79.538;18.55708334949803;0.5084132424520008;-0.45654296875;
14:57:41;77.0;1574002663;79.538;18.55708334949803;0.5084132424520008;-0.45654296875;
14:57:42;78.0;1574002664;79.556;18.55708334949803;0.5084132424520008;-0.45654296875;
14:57:43;79.0;1574002665;79.317;18.55708334949803;0.5084132424520008;-0.45654296875;
14:57:44;80.0;1574002666;79.3;18.55708334949803;0.5084132424520008;-0.45654296875;
14:57:45;81.0;1574002667;79.59;18.55708334949803;0.5084132424520008;-0.45654296875;
14:57:46;82.0;1574002668;79.436;18.55708334949803;0.5084132424520008;-0.45654296875;
14:57:47;83.0;1574002669;79.556;18.55708334949803;0.5084132424520008;-0.45654296875;
14:57:48;84.0;1574002670;79.573;18.55708334949803;0.5084132424520008;-0.45654296875;
14:57:49;85.0;1574002671;79.334;18.55708334949803;0.5084132424520008;-0.45654296875;
14:57:50;86.0;1574002672;79.538;18.55708334949803;0.5084132424520008;-0.45654296875;
14:57:51;87.0;1574002673;79.675;18.55708334949803;0.5084132424520008;-0.45654296875;
14:57:52;88.0;1574002674;79.521;18.55708334949803;0.5084132424520008;-0.45654296875;
14:57:53;89.0;1574002675;79.419;18.55708334949803;0.5084132424520008;-0.45654296875;
14:57:54;90.0;1574002676;79.453;18.55708334949803;0.5084132424520008;-0.45654296875;
14:57:55;91.0;1574002677;79.147;18.55708334949803;0.5084132424520008;-0.45654296875;
14:57:56;92.0;1574002678;79.283;18.55708334949803;0.5084132424520008;-0.45654296875;
14:57:57;93.0;1574002679;79.317;18.55708334949803;0.5084132424520008;-0.45654296875;
14:57:58;94.0;1574002680;79.521;18.55708334949803;0.5084132424520008;-0.45654296875;
14:57:59;95.0;1574002681;79.726;18.55708334949803;0.5084132424520008;-0.45654296875;
14:58:00;96.0;1574002682;79.829;18.55708334949803;0.5084132424520008;-0.45654296875;
14:58:02;98.0;1574002683;79.692;18.55708334949803;0.5084132424520008;-0.45654296875;
14:58:03;99.0;1574002684;79.573;18.55708334949803;0.5084132424520008;-0.45654296875;
14:58:04;100.0;1574002685;79.521;18.55708334949803;0.5084132424520008;-0.45654296875;
14:58:05;101.0;1574002686;79.538;18.55708334949803;0.5084132424520008;-0.45654296875;
14:58:06;102.0;1574002687;79.504;18.55708334949803;0.5084132424520008;-0.45654296875;
14:58:07;103.0;1574002688;79.436;18.55708334949803;0.5084132424520008;-0.45654296875;
14:58:08;104.0;1574002689;79.624;18.55708334949803;0.5084132424520008;-0.45654296875;
14:58:09;105.0;1574002690;79.675;18.55708334949803;0.5084132424520008;-0.45654296875;
14:58:10;106.0;1574002691;79.829;18.55708334949803;0.5084132424520008;-0.45654296875;
14:58:11;107.0;1574002692;79.726;18.55708334949803;0.5084132424520008;-0.45654296875;
14:58:12;108.0;1574002693;79.692;18.55708334949803;0.5084132424520008;-0.45654296875;
14:58:13;109.0;1574002694;79.778;18.55708334949803;0.5084132424520008;-0.45654296875;
14:58:14;110.0;1574002695;80.31;18.55708334949803;0.5084132424520008;-0.45654296875;
14:58:15;111.0;1574002696;80.43;18.55708334949803;0.5084132424520008;-0.45654296875;
14:58:16;112.0;1574002697;80.258;18.55708334949803;0.5084132424520008;-0.45654296875;
14:58:17;113.0;1574002698;80.292;18.55708334949803;0.5084132424520008;-0.45654296875;
14:58:18;114.0;1574002699;79.521;18.55708334949803;0.5084132424520008;-0.45654296875;
14:58:19;115.0;1574002700;79.385;18.55708334949803;0.5084132424520008;-0.45654296875;
14:58:21;117.0;1574002701;79.164;18.55708334949803;0.5084132424520008;-0.45654296875;
14:58:22;118.0;1574002703;79.266;18.55708334949803;0.5084132424520008;-0.45654296875;
14:58:23;119.0;1574002704;79.521;18.55708334949803;0.5084132424520008;-0.45654296875;
14:58:24;120.0;1574002705;79.573;18.55708334949803;0.5084132424520008;-0.45654296875;
14:58:25;121.0;1574002706;79.778;18.55708334949803;0.5084132424520008;-0.45654296875;
14:58:26;122.0;1574002707;80.172;18.55708334949803;0.5084132424520008;-0.45654296875;
14:58:27;123.0;1574002708;80.206;18.55708334949803;0.5084132424520008;-0.45654296875;
14:58:28;124.0;1574002709;80.138;18.55708334949803;0.5084132424520008;-0.45654296875;
14:58:29;125.0;1574002710;79.863;18.55708334949803;0.5084132424520008;-0.45654296875;
14:58:30;126.0;1574002711;79.504;18.55708334949803;0.5084132424520008;-0.45654296875;
14:58:31;127.0;1574002712;79.402;18.55708334949803;0.5084132424520008;-0.45654296875;
14:58:32;128.0;1574002713;79.487;18.55708334949803;0.5084132424520008;-0.45654296875;
14:58:33;129.0;1574002715;79.573;18.55708334949803;0.5084132424520008;-0.45654296875;
14:58:34;130.0;1574002716;79.726;18.55708334949803;0.5084132424520008;-0.45654296875;
14:58:35;131.0;1574002717;79.778;18.55708334949803;0.5084132424520008;-0.45654296875;
14:58:36;132.0;1574002718;79.709;18.55708334949803;0.5084132424520008;-0.45654296875;
14:58:37;133.0;1574002719;80.035;18.55708334949803;0.5084132424520008;-0.45654296875;
14:58:38;134.0;1574002720;80.052;18.55708334949803;0.5084132424520008;-0.45654296875;
14:58:39;135.0;1574002721;80.069;18.55708334949803;0.5084132424520008;-0.45654296875;
14:58:40;136.0;1574002722;80.275;18.55708334949803;0.5084132424520008;-0.45654296875;
14:58:41;137.0;1574002722;80.086;18.55708334949803;0.5084132424520008;-0.45654296875;
14:58:42;138.0;1574002723;80.344;18.55708334949803;0.5084132424520008;-0.45654296875;
14:58:43;139.0;1574002724;80.086;18.55708334949803;0.5084132424520008;-0.45654296875;
14:58:44;140.0;1574002725;79.795;18.55708334949803;0.5084132424520008;-0.45654296875;
14:58:45;141.0;1574002726;79.726;18.55708334949803;0.5084132424520008;-0.45654296875;
14:58:46;142.0;1574002727;79.607;18.55708334949803;0.5084132424520008;-0.45654296875;
14:58:47;143.0;1574002728;79.436;18.55708334949803;0.5084132424520008;-0.45654296875;
14:58:48;144.0;1574002729;79.573;18.55708334949803;0.5084132424520008;-0.45654296875;
14:58:49;145.0;1574002730;79.812;18.55708334949803;0.5084132424520008;-0.45654296875;
14:58:50;146.0;1574002731;79.607;18.55708334949803;0.5084132424520008;-0.45654296875;
14:58:51;147.0;1574002732;79.897;18.55708334949803;0.5084132424520008;-0.45654296875;
14:58:52;148.0;1574002733;80.0;18.55708334949803;0.5084132424520008;-0.45654296875;
14:58:53;149.0;1574002734;79.88;18.55708334949803;0.5084132424520008;-0.45654296875;
14:58:54;150.0;1574002736;80.189;18.55708334949803;0.5084132424520008;-0.45654296875;
14:58:55;151.0;1574002737;80.361;18.55708334949803;0.5084132424520008;-0.45654296875;
14:58:56;152.0;1574002738;80.379;18.55708334949803;0.5084132424520008;-0.45654296875;
14:58:57;153.0;1574002739;80.361;18.55708334949803;0.5084132424520008;-0.45654296875;
14:58:58;154.0;1574002740;80.241;18.55708334949803;0.5084132424520008;-0.45654296875;
14:58:59;155.0;1574002741;80.206;18.55708334949803;0.5084132424520008;-0.45654296875;
14:59:00;156.0;1574002742;80.069;18.55708334949803;0.5084132424520008;-0.45654296875;
14:59:01;157.0;1574002743;79.915;18.55708334949803;0.5084132424520008;-0.45654296875;
14:59:02;158.0;1574002744;79.863;18.55708334949803;0.5084132424520008;-0.45654296875;
14:59:03;159.0;1574002745;79.76;18.55708334949803;0.5084132424520008;-0.45654296875;
14:59:04;160.0;1574002746;79.573;18.55708334949803;0.5084132424520008;-0.45654296875;
14:59:06;162.0;1574002747;79.573;18.55708334949803;0.5084132424520008;-0.45654296875;
14:59:07;163.0;1574002748;79.658;18.55708334949803;0.5084132424520008;-0.45654296875;
14:59:08;164.0;1574002749;79.368;18.55708334949803;0.5084132424520008;-0.45654296875;
14:59:09;165.0;1574002750;79.385;18.55708334949803;0.5084132424520008;-0.45654296875;
14:59:10;166.0;1574002751;79.402;18.55708334949803;0.5084132424520008;-0.45654296875;
14:59:11;167.0;1574002752;79.368;18.55708334949803;0.5084132424520008;-0.45654296875;
14:59:12;168.0;1574002753;79.795;18.55708334949803;0.5084132424520008;-0.45654296875;
14:59:13;169.0;1574002754;80.103;18.55708334949803;0.5084132424520008;-0.45654296875;
14:59:14;170.0;1574002755;80.224;18.55708334949803;0.5084132424520008;-0.45654296875;
14:59:15;171.0;1574002756;80.241;18.55708334949803;0.5084132424520008;-0.45654296875;
14:59:16;172.0;1574002757;79.949;18.55708334949803;0.5084132424520008;-0.45654296875;
14:59:17;173.0;1574002758;79.795;18.55708334949803;0.5084132424520008;-0.45654296875;
14:59:18;174.0;1574002759;79.915;18.55708334949803;0.5084132424520008;-0.45654296875;
14:59:20;176.0;1574002760;80.189;18.55708334949803;0.5084132424520008;-0.45654296875;
14:59:21;177.0;1574002762;80.206;18.55708334949803;0.5084132424520008;-0.45654296875;
14:59:22;178.0;1574002763;80.206;18.55708334949803;0.5084132424520008;-0.45654296875;
14:59:23;179.0;1574002764;80.155;18.55708334949803;0.5084132424520008;-0.45654296875;
14:59:24;180.0;1574002765;79.897;18.55708334949803;0.5084132424520008;-0.45654296875;
14:59:25;181.0;1574002766;79.778;18.55708334949803;0.5084132424520008;-0.45654296875;
14:59:26;182.0;1574002767;79.658;18.55708334949803;0.5084132424520008;-0.45654296875;
14:59:27;183.0;1574002768;79.88;18.55708334949803;0.5084132424520008;-0.45654296875;
14:59:28;184.0;1574002769;79.692;18.55708334949803;0.5084132424520008;-0.45654296875;
14:59:29;185.0;1574002770;79.658;18.55708334949803;0.5084132424520008;-0.45654296875;
14:59:30;186.0;1574002771;79.658;18.55708334949803;0.5084132424520008;-0.45654296875;
14:59:31;187.0;1574002772;79.59;18.55708334949803;0.5084132424520008;-0.45654296875;
14:59:32;188.0;1574002773;79.607;18.55708334949803;0.5084132424520008;-0.45654296875;
14:59:33;189.0;1574002774;79.915;18.55708334949803;0.5084132424520008;-0.45654296875;
14:59:34;190.0;1574002775;79.915;18.55708334949803;0.5084132424520008;-0.45654296875;
14:59:35;191.0;1574002776;79.743;18.55708334949803;0.5084132424520008;-0.45654296875;
14:59:36;192.0;1574002777;79.88;18.55708334949803;0.5084132424520008;-0.45654296875;
14:59:37;193.0;1574002778;79.709;18.55708334949803;0.5084132424520008;-0.45654296875;
14:59:38;194.0;1574002779;79.59;18.55708334949803;0.5084132424520008;-0.45654296875;
14:59:39;195.0;1574002780;79.915;18.55708334949803;0.5084132424520008;-0.45654296875;
14:59:40;196.0;1574002781;79.897;18.55708334949803;0.5084132424520008;-0.45654296875;
14:59:41;197.0;1574002783;79.743;18.55708334949803;0.5084132424520008;-0.45654296875;
14:59:42;198.0;1574002784;79.846;18.55708334949803;0.5084132424520008;-0.45654296875;
14:59:43;199.0;1574002785;79.709;18.55708334949803;0.5084132424520008;-0.45654296875;
14:59:44;200.0;1574002786;79.88;18.55708334949803;0.5084132424520008;-0.45654296875;
14:59:45;201.0;1574002787;80.206;18.55708334949803;0.5084132424520008;-0.45654296875;
14:59:46;202.0;1574002788;80.344;18.55708334949803;0.5084132424520008;-0.45654296875;
14:59:47;203.0;1574002789;80.224;18.55708334949803;0.5084132424520008;-0.45654296875;
14:59:48;204.0;1574002790;80.035;18.55708334949803;0.5084132424520008;-0.45654296875;
14:59:49;205.0;1574002791;79.863;18.55708334949803;0.5084132424520008;-0.45654296875;
14:59:50;206.0;1574002792;79.607;18.55708334949803;0.5084132424520008;-0.45654296875;
14:59:51;207.0;1574002792;79.846;18.55708334949803;0.5084132424520008;-0.45654296875;
14:59:52;208.0;1574002793;80.0;18.55708334949803;0.5084132424520008;-0.45654296875;
14:59:53;209.0;1574002794;80.017;18.55708334949803;0.5084132424520008;-0.45654296875;
14:59:54;210.0;1574002795;80.275;18.55708334949803;0.5084132424520008;-0.45654296875;
14:59:55;211.0;1574002796;80.052;18.55708334949803;0.5084132424520008;-0.45654296875;
14:59:56;212.0;1574002797;80.017;18.55708334949803;0.5084132424520008;-0.45654296875;
14:59:57;213.0;1574002798;79.88;18.55708334949803;0.5084132424520008;-0.45654296875;
14:59:58;214.0;1574002799;79.641;18.55708334949803;0.5084132424520008;-0.45654296875;
14:59:59;215.0;1574002801;79.709;18.55708334949803;0.5084132424520008;-0.45654296875;
15:00:00;216.0;1574002802;79.607;18.55708334949803;0.5084132424520008;-0.45654296875;
15:00:01;217.0;1574002803;79.726;18.55708334949803;0.5084132424520008;-0.45654296875;
15:00:02;218.0;1574002804;79.726;18.55708334949803;0.5084132424520008;-0.45654296875;
15:00:03;219.0;1574002805;79.743;18.55708334949803;0.5084132424520008;-0.45654296875;
15:00:04;220.0;1574002806;79.778;18.55708334949803;0.5084132424520008;-0.45654296875;
15:00:05;221.0;1574002807;79.846;18.55708334949803;0.5084132424520008;-0.45654296875;
15:00:06;222.0;1574002808;79.897;18.55708334949803;0.5084132424520008;-0.45654296875;
15:00:07;223.0;1574002809;79.709;18.55708334949803;0.5084132424520008;-0.45654296875;
15:00:08;224.0;1574002810;79.829;18.55708334949803;0.5084132424520008;-0.45654296875;
15:00:10;226.0;1574002811;79.829;18.55708334949803;0.5084132424520008;-0.45654296875;
15:00:11;227.0;1574002812;79.932;18.55708334949803;0.5084132424520008;-0.45654296875;
15:00:12;228.0;1574002813;80.396;18.55708334949803;0.5084132424520008;-0.45654296875;
15:00:13;229.0;1574002814;80.396;18.55708334949803;0.5084132424520008;-0.45654296875;
15:00:14;230.0;1574002815;80.327;18.55708334949803;0.5084132424520008;-0.45654296875;
15:00:15;231.0;1574002816;80.482;18.55708334949803;0.5084132424520008;-0.45654296875;
15:00:16;232.0;1574002817;80.327;18.55708334949803;0.5084132424520008;-0.45654296875;
15:00:17;233.0;1574002818;79.915;18.55708334949803;0.5084132424520008;-0.45654296875;
15:00:19;235.0;1574002819;79.812;18.55708334949803;0.5084132424520008;-0.45654296875;
15:00:20;236.0;1574002821;79.607;18.55708334949803;0.5084132424520008;-0.45654296875;
15:00:21;237.0;1574002822;79.726;18.55708334949803;0.5084132424520008;-0.45654296875;
15:00:22;238.0;1574002823;79.573;18.55708334949803;0.5084132424520008;-0.45654296875;
15:00:23;239.0;1574002824;79.521;18.55708334949803;0.5084132424520008;-0.45654296875;
15:00:24;240.0;1574002825;79.641;18.55708334949803;0.5084132424520008;-0.45654296875;
15:00:25;241.0;1574002826;79.658;18.55708334949803;0.5084132424520008;-0.45654296875;
15:00:26;242.0;1574002827;79.675;18.55708334949803;0.5084132424520008;-0.45654296875;
15:00:27;243.0;1574002828;79.692;18.55708334949803;0.5084132424520008;-0.45654296875;
15:00:28;244.0;1574002829;79.675;18.55708334949803;0.5084132424520008;-0.45654296875;
15:00:29;245.0;1574002830;79.829;18.55708334949803;0.5084132424520008;-0.45654296875;
15:00:30;246.0;1574002831;80.0;18.55708334949803;0.5084132424520008;-0.45654296875;
15:00:31;247.0;1574002832;80.172;18.55708334949803;0.5084132424520008;-0.45654296875;
15:00:32;248.0;1574002833;79.915;18.55708334949803;0.5084132424520008;-0.45654296875;
15:00:33;249.0;1574002834;79.743;18.55708334949803;0.5084132424520008;-0.45654296875;
15:00:34;250.0;1574002835;79.556;18.55708334949803;0.5084132424520008;-0.45654296875;
15:00:35;251.0;1574002836;79.368;18.55708334949803;0.5084132424520008;-0.45654296875;
15:00:36;252.0;1574002837;79.658;18.55708334949803;0.5084132424520008;-0.45654296875;
15:00:37;253.0;1574002838;79.641;18.55708334949803;0.5084132424520008;-0.45654296875;
15:00:38;254.0;1574002839;79.795;18.55708334949803;0.5084132424520008;-0.45654296875;
15:00:39;255.0;1574002840;79.778;18.55708334949803;0.5084132424520008;-0.45654296875;
15:00:40;256.0;1574002841;79.743;18.55708334949803;0.5084132424520008;-0.45654296875;
15:00:41;257.0;1574002842;80.017;18.55708334949803;0.5084132424520008;-0.45654296875;
15:00:42;258.0;1574002843;80.138;18.55708334949803;0.5084132424520008;-0.45654296875;
15:00:43;259.0;1574002844;80.155;18.55708334949803;0.5084132424520008;-0.45654296875;
15:00:44;260.0;1574002845;80.155;18.55708334949803;0.5084132424520008;-0.45654296875;
15:00:45;261.0;1574002846;80.275;18.55708334949803;0.5084132424520008;-0.45654296875;
15:00:46;262.0;1574002847;79.983;18.55708334949803;0.5084132424520008;-0.45654296875;
15:00:47;263.0;1574002848;79.966;18.55708334949803;0.5084132424520008;-0.45654296875;
15:00:48;264.0;1574002849;80.0;18.55708334949803;0.5084132424520008;-0.45654296875;
15:00:49;265.0;1574002850;79.641;18.55708334949803;0.5084132424520008;-0.45654296875;
15:00:50;266.0;1574002852;79.658;18.55708334949803;0.5084132424520008;-0.45654296875;
15:00:51;267.0;1574002853;79.795;18.55708334949803;0.5084132424520008;-0.45654296875;
15:00:52;268.0;1574002854;79.641;18.55708334949803;0.5084132424520008;-0.45654296875;
15:00:53;269.0;1574002855;79.624;18.55708334949803;0.5084132424520008;-0.45654296875;
15:00:54;270.0;1574002856;79.573;18.55708334949803;0.5084132424520008;-0.45654296875;
15:00:55;271.0;1574002857;79.487;18.55708334949803;0.5084132424520008;-0.45654296875;
15:00:56;272.0;1574002858;79.607;18.55708334949803;0.5084132424520008;-0.45654296875;
15:00:57;273.0;1574002859;79.88;18.55708334949803;0.5084132424520008;-0.45654296875;
15:00:58;274.0;1574002860;80.069;18.55708334949803;0.5084132424520008;-0.45654296875;
15:00:59;275.0;1574002861;79.897;18.55708334949803;0.5084132424520008;-0.45654296875;
15:01:00;276.0;1574002862;79.897;18.55708334949803;0.5084132424520008;-0.45654296875;
15:01:01;277.0;1574002863;79.778;18.55708334949803;0.5084132424520008;-0.45654296875;
15:01:02;278.0;1574002864;79.829;18.55708334949803;0.5084132424520008;-0.45654296875;
15:01:03;279.0;1574002865;79.726;18.55708334949803;0.5084132424520008;-0.45654296875;
15:01:04;280.0;1574002866;79.915;18.55708334949803;0.5084132424520008;-0.45654296875;
15:01:05;281.0;1574002867;80.206;18.55708334949803;0.5084132424520008;-0.45654296875;
15:01:06;282.0;1574002868;79.897;18.55708334949803;0.5084132424520008;-0.45654296875;
15:01:07;283.0;1574002869;80.258;18.55708334949803;0.5084132424520008;-0.45654296875;
15:01:08;284.0;1574002870;79.863;18.55708334949803;0.5084132424520008;-0.45654296875;
15:01:09;285.0;1574002871;79.59;18.55708334949803;0.5084132424520008;-0.45654296875;
15:01:10;286.0;1574002872;79.795;18.55708334949803;0.5084132424520008;-0.45654296875;
15:01:11;287.0;1574002873;79.829;18.55708334949803;0.5084132424520008;-0.45654296875;
15:01:12;288.0;1574002874;79.949;18.55708334949803;0.5084132424520008;-0.45654296875;
15:01:14;290.0;1574002875;79.932;18.55708334949803;0.5084132424520008;-0.45654296875;
15:01:15;291.0;1574002876;80.12;18.55708334949803;0.5084132424520008;-0.45654296875;
15:01:16;292.0;1574002877;79.863;18.55708334949803;0.5084132424520008;-0.45654296875;
15:01:18;294.0;1574002878;80.0;18.55708334949803;0.5084132424520008;-0.45654296875;
15:01:19;295.0;1574002880;80.069;18.55708334949803;0.5084132424520008;-0.45654296875;
15:01:20;296.0;1574002881;80.052;18.55708334949803;0.5084132424520008;-0.45654296875;
15:01:21;297.0;1574002882;80.344;18.55708334949803;0.5084132424520008;-0.45654296875;
15:01:22;298.0;1574002883;80.172;18.55708334949803;0.5084132424520008;-0.45654296875;
15:01:23;299.0;1574002884;80.052;18.55708334949803;0.5084132424520008;-0.45654296875;
15:01:24;300.0;1574002885;80.035;18.55708334949803;0.5084132424520008;-0.45654296875;
15:01:25;301.0;1574002886;79.863;18.55708334949803;0.5084132424520008;-0.45654296875;
15:01:26;302.0;1574002887;79.658;18.55708334949803;0.5084132424520008;-0.45654296875;
15:01:27;303.0;1574002888;79.607;18.55708334949803;0.5084132424520008;-0.45654296875;
15:01:28;304.0;1574002889;79.47;18.55708334949803;0.5084132424520008;-0.45654296875;
15:01:29;305.0;1574002890;79.436;18.55708334949803;0.5084132424520008;-0.45654296875;
15:01:30;306.0;1574002891;79.556;18.55708334949803;0.5084132424520008;-0.45654296875;
15:01:31;307.0;1574002892;79.47;18.55708334949803;0.5084132424520008;-0.45654296875;
15:01:32;308.0;1574002893;79.743;18.55708334949803;0.5084132424520008;-0.45654296875;
15:01:33;309.0;1574002894;79.641;18.55708334949803;0.5084132424520008;-0.45654296875;
15:01:34;310.0;1574002895;79.778;18.55708334949803;0.5084132424520008;-0.45654296875;
15:01:35;311.0;1574002896;79.897;18.55708334949803;0.5084132424520008;-0.45654296875;
15:01:36;312.0;1574002897;79.76;18.55708334949803;0.5084132424520008;-0.45654296875;
15:01:37;313.0;1574002898;79.915;18.55708334949803;0.5084132424520008;-0.45654296875;
15:01:38;314.0;1574002899;79.743;18.55708334949803;0.5084132424520008;-0.45654296875;
15:01:39;315.0;1574002900;79.453;18.55708334949803;0.5084132424520008;-0.45654296875;
15:01:40;316.0;1574002901;79.47;18.55708334949803;0.5084132424520008;-0.45654296875;
15:01:41;317.0;1574002902;79.351;18.55708334949803;0.5084132424520008;-0.45654296875;
15:01:42;318.0;1574002903;79.368;18.55708334949803;0.5084132424520008;-0.45654296875;
15:01:43;319.0;1574002904;79.607;18.55708334949803;0.5084132424520008;-0.45654296875;
15:01:44;320.0;1574002905;79.846;18.55708334949803;0.5084132424520008;-0.45654296875;
15:01:45;321.0;1574002906;79.76;18.55708334949803;0.5084132424520008;-0.45654296875;
15:01:46;322.0;1574002907;79.624;18.55708334949803;0.5084132424520008;-0.45654296875;
15:01:47;323.0;1574002908;79.317;18.55708334949803;0.5084132424520008;-0.45654296875;
15:01:48;324.0;1574002909;79.198;18.55708334949803;0.5084132424520008;-0.45654296875;
15:01:49;325.0;1574002910;79.385;18.55708334949803;0.5084132424520008;-0.45654296875;
15:01:50;326.0;1574002911;79.538;18.55708334949803;0.5084132424520008;-0.45654296875;
15:01:51;327.0;1574002912;79.538;18.55708334949803;0.5084132424520008;-0.45654296875;
15:01:52;328.0;1574002913;79.419;18.55708334949803;0.5084132424520008;-0.45654296875;
15:01:53;329.0;1574002914;79.419;18.55708334949803;0.5084132424520008;-0.45654296875;
15:01:54;330.0;1574002915;79.402;18.55708334949803;0.5084132424520008;-0.45654296875;
15:01:55;331.0;1574002916;79.726;18.55708334949803;0.5084132424520008;-0.45654296875;
15:01:56;332.0;1574002917;79.692;18.55708334949803;0.5084132424520008;-0.45654296875;
15:01:57;333.0;1574002918;79.521;18.55708334949803;0.5084132424520008;-0.45654296875;
15:01:58;334.0;1574002919;79.675;18.55708334949803;0.5084132424520008;-0.45654296875;
15:01:59;335.0;1574002920;79.675;18.55708334949803;0.5084132424520008;-0.45654296875;
15:02:00;336.0;1574002921;79.709;18.55708334949803;0.5084132424520008;-0.45654296875;
15:02:01;337.0;1574002922;79.692;18.55708334949803;0.5084132424520008;-0.45654296875;
15:02:02;338.0;1574002923;79.641;18.55708334949803;0.5084132424520008;-0.45654296875;
15:02:03;339.0;1574002924;79.351;18.55708334949803;0.5084132424520008;-0.45654296875;
15:02:04;340.0;1574002925;79.215;18.55708334949803;0.5084132424520008;-0.45654296875;
15:02:05;341.0;1574002926;79.266;18.55708334949803;0.5084132424520008;-0.45654296875;
15:02:06;342.0;1574002927;79.283;18.55708334949803;0.5084132424520008;-0.45654296875;
15:02:07;343.0;1574002929;79.402;18.55708334949803;0.5084132424520008;-0.45654296875;
15:02:08;344.0;1574002930;79.521;18.55708334949803;0.5084132424520008;-0.45654296875;
15:02:09;345.0;1574002931;79.521;18.55708334949803;0.5084132424520008;-0.45654296875;
15:02:10;346.0;1574002932;79.538;18.55708334949803;0.5084132424520008;-0.45654296875;
15:02:11;347.0;1574002933;79.419;18.55708334949803;0.5084132424520008;-0.45654296875;
15:02:12;348.0;1574002934;79.419;18.55708334949803;0.5084132424520008;-0.45654296875;
15:02:13;349.0;1574002935;79.47;18.55708334949803;0.5084132424520008;-0.45654296875;
15:02:14;350.0;1574002936;79.317;18.55708334949803;0.5084132424520008;-0.45654296875;
15:02:15;351.0;1574002937;79.198;18.55708334949803;0.5084132424520008;-0.45654296875;
15:02:16;352.0;1574002937;79.029;18.55708334949803;0.5084132424520008;-0.45654296875;
15:02:17;353.0;1574002939;78.826;18.55708334949803;0.5084132424520008;-0.45654296875;
15:02:19;355.0;1574002940;78.826;18.55708334949803;0.5084132424520008;-0.45654296875;
15:02:20;356.0;1574002941;78.927;18.55708334949803;0.5084132424520008;-0.45654296875;
15:02:21;357.0;1574002942;79.113;18.55708334949803;0.5084132424520008;-0.45654296875;
15:02:22;358.0;1574002943;79.556;18.55708334949803;0.5084132424520008;-0.45654296875;
15:02:23;359.0;1574002944;79.47;18.55708334949803;0.5084132424520008;-0.45654296875;
15:02:24;360.0;1574002945;79.487;18.55708334949803;0.5084132424520008;-0.45654296875;
15:02:25;361.0;1574002946;79.453;18.55708334949803;0.5084132424520008;-0.45654296875;
15:02:26;362.0;1574002947;79.385;18.55708334949803;0.5084132424520008;-0.45654296875;
15:02:27;363.0;1574002948;79.487;18.55708334949803;0.5084132424520008;-0.45654296875;
15:02:28;364.0;1574002949;79.607;18.55708334949803;0.5084132424520008;-0.45654296875;
15:02:29;365.0;1574002950;79.436;18.55708334949803;0.5084132424520008;-0.45654296875;
15:02:30;366.0;1574002951;79.181;18.55708334949803;0.5084132424520008;-0.45654296875;
15:02:31;367.0;1574002952;79.283;18.55708334949803;0.5084132424520008;-0.45654296875;
15:02:32;368.0;1574002953;79.13;18.55708334949803;0.5084132424520008;-0.45654296875;
15:02:33;369.0;1574002954;79.164;18.55708334949803;0.5084132424520008;-0.45654296875;
15:02:34;370.0;1574002955;78.995;18.55708334949803;0.5084132424520008;-0.45654296875;
15:02:35;371.0;1574002956;78.859;18.55708334949803;0.5084132424520008;-0.45654296875;
15:02:36;372.0;1574002957;78.893;18.55708334949803;0.5084132424520008;-0.45654296875;
15:02:37;373.0;1574002958;79.181;18.55708334949803;0.5084132424520008;-0.45654296875;
15:02:38;374.0;1574002959;79.113;18.55708334949803;0.5084132424520008;-0.45654296875;
15:02:39;375.0;1574002960;79.147;18.55708334949803;0.5084132424520008;-0.45654296875;
15:02:40;376.0;1574002961;79.334;18.55708334949803;0.5084132424520008;-0.45654296875;
15:02:41;377.0;1574002962;79.181;18.55708334949803;0.5084132424520008;-0.45654296875;
15:02:42;378.0;1574002963;79.317;18.55708334949803;0.5084132424520008;-0.45654296875;
15:02:43;379.0;1574002964;79.283;18.55708334949803;0.5084132424520008;-0.45654296875;
15:02:44;380.0;1574002965;79.062;18.55708334949803;0.5084132424520008;-0.45654296875;
15:02:45;381.0;1574002966;78.792;18.55708334949803;0.5084132424520008;-0.45654296875;
15:02:46;382.0;1574002967;78.809;18.55708334949803;0.5084132424520008;-0.45654296875;
15:02:47;383.0;1574002968;78.691;18.55708334949803;0.5084132424520008;-0.45654296875;
15:02:48;384.0;1574002969;78.724;18.55708334949803;0.5084132424520008;-0.45654296875;
15:02:49;385.0;1574002970;79.046;18.55708334949803;0.5084132424520008;-0.45654296875;
15:02:50;386.0;1574002971;78.978;18.55708334949803;0.5084132424520008;-0.45654296875;
15:02:51;387.0;1574002972;79.13;18.55708334949803;0.5084132424520008;-0.45654296875;
15:02:52;388.0;1574002973;79.13;18.55708334949803;0.5084132424520008;-0.45654296875;
15:02:53;389.0;1574002974;78.944;18.55708334949803;0.5084132424520008;-0.45654296875;
15:02:54;390.0;1574002976;79.079;18.55708334949803;0.5084132424520008;-0.45654296875;
15:02:55;391.0;1574002977;78.91;18.55708334949803;0.5084132424520008;-0.45654296875;
15:02:56;392.0;1574002978;78.843;18.55708334949803;0.5084132424520008;-0.45654296875;
15:02:57;393.0;1574002979;78.995;18.55708334949803;0.5084132424520008;-0.45654296875;
15:02:58;394.0;1574002980;78.893;18.55708334949803;0.5084132424520008;-0.45654296875;
15:02:59;395.0;1574002981;79.012;18.55708334949803;0.5084132424520008;-0.45654296875;
15:03:00;396.0;1574002982;79.266;18.55708334949803;0.5084132424520008;-0.45654296875;
15:03:01;397.0;1574002983;79.3;18.55708334949803;0.5084132424520008;-0.45654296875;
15:03:02;398.0;1574002984;79.453;18.55708334949803;0.5084132424520008;-0.45654296875;
15:03:03;399.0;1574002985;79.453;18.55708334949803;0.5084132424520008;-0.45654296875;
15:03:04;400.0;1574002986;79.385;18.55708334949803;0.5084132424520008;-0.45654296875;
15:03:05;401.0;1574002987;79.402;18.55708334949803;0.5084132424520008;-0.45654296875;
15:03:06;402.0;1574002988;79.113;18.55708334949803;0.5084132424520008;-0.45654296875;
15:03:07;403.0;1574002989;79.13;18.55708334949803;0.5084132424520008;-0.45654296875;
15:03:08;404.0;1574002990;79.012;18.55708334949803;0.5084132424520008;-0.45654296875;
15:03:09;405.0;1574002991;78.859;18.55708334949803;0.5084132424520008;-0.45654296875;
15:03:10;406.0;1574002992;78.995;18.55708334949803;0.5084132424520008;-0.45654296875;
15:03:11;407.0;1574002993;78.843;18.55708334949803;0.5084132424520008;-0.45654296875;
15:03:12;408.0;1574002994;78.707;18.55708334949803;0.5084132424520008;-0.45654296875;
15:03:13;409.0;1574002995;78.859;18.55708334949803;0.5084132424520008;-0.45654296875;
15:03:14;410.0;1574002996;79.062;18.55708334949803;0.5084132424520008;-0.45654296875;
15:03:15;411.0;1574002996;79.079;18.55708334949803;0.5084132424520008;-0.45654296875;
15:03:16;412.0;1574002998;79.232;18.55708334949803;0.5084132424520008;-0.45654296875;
15:03:17;413.0;1574002999;79.198;18.55708334949803;0.5084132424520008;-0.45654296875;
15:03:18;414.0;1574003000;78.859;18.55708334949803;0.5084132424520008;-0.45654296875;
15:03:19;415.0;1574003001;78.843;18.55708334949803;0.5084132424520008;-0.45654296875;
15:03:20;416.0;1574003002;78.674;18.55708334949803;0.5084132424520008;-0.45654296875;
15:03:21;417.0;1574003003;78.674;18.55708334949803;0.5084132424520008;-0.45654296875;
15:03:23;419.0;1574003004;78.826;18.55708334949803;0.5084132424520008;-0.45654296875;
15:03:24;420.0;1574003005;78.826;18.55708334949803;0.5084132424520008;-0.45654296875;
15:03:25;421.0;1574003006;79.13;18.55708334949803;0.5084132424520008;-0.45654296875;
15:03:26;422.0;1574003007;79.096;18.55708334949803;0.5084132424520008;-0.45654296875;
15:03:27;423.0;1574003008;79.096;18.55708334949803;0.5084132424520008;-0.45654296875;
15:03:28;424.0;1574003009;79.215;18.55708334949803;0.5084132424520008;-0.45654296875;
15:03:29;425.0;1574003010;78.961;18.55708334949803;0.5084132424520008;-0.45654296875;
15:03:30;426.0;1574003011;78.893;18.55708334949803;0.5084132424520008;-0.45654296875;
15:03:31;427.0;1574003012;78.775;18.55708334949803;0.5084132424520008;-0.45654296875;
15:03:32;428.0;1574003013;78.539;18.55708334949803;0.5084132424520008;-0.45654296875;
15:03:33;429.0;1574003014;78.758;18.55708334949803;0.5084132424520008;-0.45654296875;
15:03:34;430.0;1574003015;78.724;18.55708334949803;0.5084132424520008;-0.45654296875;
15:03:35;431.0;1574003016;78.691;18.55708334949803;0.5084132424520008;-0.45654296875;
15:03:36;432.0;1574003017;78.961;18.55708334949803;0.5084132424520008;-0.45654296875;
15:03:37;433.0;1574003018;78.573;18.55708334949803;0.5084132424520008;-0.45654296875;
15:03:38;434.0;1574003019;78.287;18.55708334949803;0.5084132424520008;-0.45654296875;
15:03:39;435.0;1574003020;78.556;18.55708334949803;0.5084132424520008;-0.45654296875;
15:03:40;436.0;1574003021;78.589;18.55708334949803;0.5084132424520008;-0.45654296875;
15:03:41;437.0;1574003022;78.707;18.55708334949803;0.5084132424520008;-0.45654296875;
15:03:42;438.0;1574003023;78.809;18.55708334949803;0.5084132424520008;-0.45654296875;
15:03:43;439.0;1574003024;78.707;18.55708334949803;0.5084132424520008;-0.45654296875;
15:03:44;440.0;1574003025;78.522;18.55708334949803;0.5084132424520008;-0.45654296875;
15:03:45;441.0;1574003026;78.505;18.55708334949803;0.5084132424520008;-0.45654296875;
15:03:46;442.0;1574003027;78.556;18.55708334949803;0.5084132424520008;-0.45654296875;
15:03:47;443.0;1574003028;78.237;18.55708334949803;0.5084132424520008;-0.45654296875;
15:03:48;444.0;1574003029;78.304;18.55708334949803;0.5084132424520008;-0.45654296875;
15:03:49;445.0;1574003030;78.438;18.55708334949803;0.5084132424520008;-0.45654296875;
15:03:50;446.0;1574003031;78.253;18.55708334949803;0.5084132424520008;-0.45654296875;
15:03:51;447.0;1574003032;78.253;18.55708334949803;0.5084132424520008;-0.45654296875;
15:03:52;448.0;1574003033;78.186;18.55708334949803;0.5084132424520008;-0.45654296875;
15:03:53;449.0;1574003034;78.253;18.55708334949803;0.5084132424520008;-0.45654296875;
15:03:54;450.0;1574003035;78.573;18.55708334949803;0.5084132424520008;-0.45654296875;
15:03:55;451.0;1574003036;78.724;18.55708334949803;0.5084132424520008;-0.45654296875;
15:03:56;452.0;1574003037;78.505;18.55708334949803;0.5084132424520008;-0.45654296875;
15:03:57;453.0;1574003038;78.472;18.55708334949803;0.5084132424520008;-0.45654296875;
15:03:58;454.0;1574003039;78.17;18.55708334949803;0.5084132424520008;-0.45654296875;
15:03:59;455.0;1574003040;78.321;18.55708334949803;0.5084132424520008;-0.45654296875;
15:04:00;456.0;1574003041;78.489;18.55708334949803;0.5084132424520008;-0.45654296875;
15:04:01;457.0;1574003042;78.623;18.55708334949803;0.5084132424520008;-0.45654296875;
15:04:02;458.0;1574003043;78.927;18.55708334949803;0.5084132424520008;-0.45654296875;
15:04:03;459.0;1574003044;78.792;18.55708334949803;0.5084132424520008;-0.45654296875;
15:04:04;460.0;1574003045;78.674;18.55708334949803;0.5084132424520008;-0.45654296875;
15:04:05;461.0;1574003046;78.455;18.55708334949803;0.5084132424520008;-0.45654296875;
15:04:06;462.0;1574003047;78.287;18.55708334949803;0.5084132424520008;-0.45654296875;
15:04:07;463.0;1574003048;78.253;18.55708334949803;0.5084132424520008;-0.45654296875;
15:04:08;464.0;1574003049;78.337;18.55708334949803;0.5084132424520008;-0.45654296875;
15:04:09;465.0;1574003050;78.589;18.55708334949803;0.5084132424520008;-0.45654296875;
15:04:10;466.0;1574003051;78.64;18.55708334949803;0.5084132424520008;-0.45654296875;
15:04:11;467.0;1574003052;78.809;18.55708334949803;0.5084132424520008;-0.45654296875;
15:04:12;468.0;1574003053;78.775;18.55708334949803;0.5084132424520008;-0.45654296875;
15:04:13;469.0;1574003055;78.354;18.55708334949803;0.5084132424520008;-0.45654296875;
15:04:14;470.0;1574003055;78.304;18.55708334949803;0.5084132424520008;-0.45654296875;
15:04:15;471.0;1574003057;78.119;18.55708334949803;0.5084132424520008;-0.45654296875;
15:04:16;472.0;1574003058;78.136;18.55708334949803;0.5084132424520008;-0.45654296875;
15:04:17;473.0;1574003059;78.388;18.55708334949803;0.5084132424520008;-0.45654296875;
15:04:18;474.0;1574003060;78.388;18.55708334949803;0.5084132424520008;-0.45654296875;
15:04:19;475.0;1574003061;78.573;18.55708334949803;0.5084132424520008;-0.45654296875;
15:04:20;476.0;1574003062;78.539;18.55708334949803;0.5084132424520008;-0.45654296875;
15:04:21;477.0;1574003063;78.388;18.55708334949803;0.5084132424520008;-0.45654296875;
15:04:22;478.0;1574003064;78.573;18.55708334949803;0.5084132424520008;-0.45654296875;
15:04:23;479.0;1574003065;78.388;18.55708334949803;0.5084132424520008;-0.45654296875;
15:04:24;480.0;1574003066;78.253;18.55708334949803;0.5084132424520008;-0.45654296875;
15:04:25;481.0;1574003067;78.421;18.55708334949803;0.5084132424520008;-0.45654296875;
15:04:27;483.0;1574003068;78.421;18.55708334949803;0.5084132424520008;-0.45654296875;
15:04:28;484.0;1574003069;78.287;18.55708334949803;0.5084132424520008;-0.45654296875;
15:04:29;485.0;1574003070;78.337;18.55708334949803;0.5084132424520008;-0.45654296875;
15:04:30;486.0;1574003071;78.069;18.55708334949803;0.5084132424520008;-0.45654296875;
15:04:31;487.0;1574003072;77.936;18.55708334949803;0.5084132424520008;-0.45654296875;
15:04:32;488.0;1574003073;77.952;18.55708334949803;0.5084132424520008;-0.45654296875;
15:04:33;489.0;1574003074;78.119;18.55708334949803;0.5084132424520008;-0.45654296875;
15:04:34;490.0;1574003075;78.186;18.55708334949803;0.5084132424520008;-0.45654296875;
15:04:35;491.0;1574003076;78.136;18.55708334949803;0.5084132424520008;-0.45654296875;
15:04:36;492.0;1574003077;78.186;18.55708334949803;0.5084132424520008;-0.45654296875;
15:04:37;493.0;1574003078;78.019;18.55708334949803;0.5084132424520008;-0.45654296875;
15:04:38;494.0;1574003079;77.952;18.55708334949803;0.5084132424520008;-0.45654296875;
15:04:39;495.0;1574003080;78.153;18.55708334949803;0.5084132424520008;-0.45654296875;
15:04:40;496.0;1574003081;78.287;18.55708334949803;0.5084132424520008;-0.45654296875;
15:04:41;497.0;1574003082;78.421;18.55708334949803;0.5084132424520008;-0.45654296875;
15:04:42;498.0;1574003083;78.674;18.55708334949803;0.5084132424520008;-0.45654296875;
15:04:43;499.0;1574003084;78.539;18.55708334949803;0.5084132424520008;-0.45654296875;
15:04:44;500.0;1574003085;78.371;18.55708334949803;0.5084132424520008;-0.45654296875;
15:04:45;501.0;1574003086;78.539;18.55708334949803;0.5084132424520008;-0.45654296875;
15:04:46;502.0;1574003087;78.27;18.55708334949803;0.5084132424520008;-0.45654296875;
15:04:47;503.0;1574003088;78.103;18.55708334949803;0.5084132424520008;-0.45654296875;
15:04:48;504.0;1574003089;78.237;18.55708334949803;0.5084132424520008;-0.45654296875;
15:04:49;505.0;1574003090;78.103;18.55708334949803;0.5084132424520008;-0.45654296875;
15:04:50;506.0;1574003091;77.969;18.55708334949803;0.5084132424520008;-0.45654296875;
15:04:51;507.0;1574003092;78.153;18.55708334949803;0.5084132424520008;-0.45654296875;
15:04:52;508.0;1574003093;78.103;18.55708334949803;0.5084132424520008;-0.45654296875;
15:04:53;509.0;1574003094;78.002;18.55708334949803;0.5084132424520008;-0.45654296875;
15:04:54;510.0;1574003095;78.27;18.55708334949803;0.5084132424520008;-0.45654296875;
15:04:55;511.0;1574003096;78.086;18.55708334949803;0.5084132424520008;-0.45654296875;
15:04:56;512.0;1574003097;78.119;18.55708334949803;0.5084132424520008;-0.45654296875;
15:04:57;513.0;1574003098;78.019;18.55708334949803;0.5084132424520008;-0.45654296875;
15:04:58;514.0;1574003099;77.735;18.55708334949803;0.5084132424520008;-0.45654296875;
15:04:59;515.0;1574003100;77.719;18.55708334949803;0.5084132424520008;-0.45654296875;
15:05:00;516.0;1574003101;77.735;18.55708334949803;0.5084132424520008;-0.45654296875;
15:05:01;517.0;1574003102;77.885;18.55708334949803;0.5084132424520008;-0.45654296875;
15:05:02;518.0;1574003103;78.036;18.55708334949803;0.5084132424520008;-0.45654296875;
15:05:03;519.0;1574003104;78.053;18.55708334949803;0.5084132424520008;-0.45654296875;
15:05:04;520.0;1574003105;77.785;18.55708334949803;0.5084132424520008;-0.45654296875;
15:05:05;521.0;1574003107;77.769;18.55708334949803;0.5084132424520008;-0.45654296875;
15:05:06;522.0;1574003108;77.902;18.55708334949803;0.5084132424520008;-0.45654296875;
15:05:07;523.0;1574003109;78.002;18.55708334949803;0.5084132424520008;-0.45654296875;
15:05:08;524.0;1574003110;78.17;18.55708334949803;0.5084132424520008;-0.45654296875;
15:05:09;525.0;1574003111;78.371;18.55708334949803;0.5084132424520008;-0.45654296875;
15:05:10;526.0;1574003112;78.388;18.55708334949803;0.5084132424520008;-0.45654296875;
15:05:11;527.0;1574003113;78.287;18.55708334949803;0.5084132424520008;-0.45654296875;
15:05:12;528.0;1574003114;78.27;18.55708334949803;0.5084132424520008;-0.45654296875;
15:05:13;529.0;1574003114;78.002;18.55708334949803;0.5084132424520008;-0.45654296875;
15:05:14;530.0;1574003116;77.902;18.55708334949803;0.5084132424520008;-0.45654296875;
15:05:15;531.0;1574003117;77.619;18.55708334949803;0.5084132424520008;-0.45654296875;
15:05:16;532.0;1574003118;77.852;18.55708334949803;0.5084132424520008;-0.45654296875;
15:05:17;533.0;1574003119;77.835;18.55708334949803;0.5084132424520008;-0.45654296875;
15:05:18;534.0;1574003120;77.919;18.55708334949803;0.5084132424520008;-0.45654296875;
15:05:19;535.0;1574003121;78.354;18.55708334949803;0.5084132424520008;-0.45654296875;
15:05:20;536.0;1574003122;78.119;18.55708334949803;0.5084132424520008;-0.45654296875;
15:05:21;537.0;1574003123;77.936;18.55708334949803;0.5084132424520008;-0.45654296875;
15:05:22;538.0;1574003124;77.819;18.55708334949803;0.5084132424520008;-0.45654296875;
15:05:23;539.0;1574003125;77.686;18.55708334949803;0.5084132424520008;-0.45654296875;
15:05:24;540.0;1574003126;77.819;18.55708334949803;0.5084132424520008;-0.45654296875;
15:05:25;541.0;1574003127;77.919;18.55708334949803;0.5084132424520008;-0.45654296875;
15:05:26;542.0;1574003128;77.902;18.55708334949803;0.5084132424520008;-0.45654296875;
15:05:27;543.0;1574003129;77.819;18.55708334949803;0.5084132424520008;-0.45654296875;
15:05:28;544.0;1574003130;77.686;18.55708334949803;0.5084132424520008;-0.45654296875;
15:05:29;545.0;1574003131;77.719;18.55708334949803;0.5084132424520008;-0.45654296875;
15:05:31;547.0;1574003132;77.569;18.55708334949803;0.5084132424520008;-0.45654296875;
15:05:32;548.0;1574003133;77.619;18.55708334949803;0.5084132424520008;-0.45654296875;
15:05:33;549.0;1574003134;77.619;18.55708334949803;0.5084132424520008;-0.45654296875;
15:05:34;550.0;1574003135;77.686;18.55708334949803;0.5084132424520008;-0.45654296875;
15:05:35;551.0;1574003136;77.735;18.55708334949803;0.5084132424520008;-0.45654296875;
15:05:36;552.0;1574003137;77.636;18.55708334949803;0.5084132424520008;-0.45654296875;
15:05:37;553.0;1574003138;77.619;18.55708334949803;0.5084132424520008;-0.45654296875;
15:05:38;554.0;1574003139;77.586;18.55708334949803;0.5084132424520008;-0.45654296875;
15:05:39;555.0;1574003140;77.835;18.55708334949803;0.5084132424520008;-0.45654296875;
15:05:40;556.0;1574003141;77.785;18.55708334949803;0.5084132424520008;-0.45654296875;
15:05:41;557.0;1574003142;77.952;18.55708334949803;0.5084132424520008;-0.45654296875;
15:05:42;558.0;1574003143;77.952;18.55708334949803;0.5084132424520008;-0.45654296875;
15:05:43;559.0;1574003144;77.835;18.55708334949803;0.5084132424520008;-0.45654296875;
15:05:44;560.0;1574003145;78.019;18.55708334949803;0.5084132424520008;-0.45654296875;
15:05:45;561.0;1574003146;77.686;18.55708334949803;0.5084132424520008;-0.45654296875;
15:05:46;562.0;1574003147;77.536;18.55708334949803;0.5084132424520008;-0.45654296875;
15:05:47;563.0;1574003148;77.387;18.55708334949803;0.5084132424520008;-0.45654296875;
15:05:48;564.0;1574003149;77.254;18.55708334949803;0.5084132424520008;-0.45654296875;
15:05:49;565.0;1574003150;77.536;18.55708334949803;0.5084132424520008;-0.45654296875;
15:05:50;566.0;1574003151;77.686;18.55708334949803;0.5084132424520008;-0.45654296875;
15:05:51;567.0;1574003152;77.519;18.55708334949803;0.5084132424520008;-0.45654296875;
15:05:52;568.0;1574003153;77.337;18.55708334949803;0.5084132424520008;-0.45654296875;
15:05:53;569.0;1574003154;77.072;18.55708334949803;0.5084132424520008;-0.45654296875;
15:05:54;570.0;1574003155;77.089;18.55708334949803;0.5084132424520008;-0.45654296875;
15:05:55;571.0;1574003156;77.221;18.55708334949803;0.5084132424520008;-0.45654296875;
15:05:56;572.0;1574003157;77.353;18.55708334949803;0.5084132424520008;-0.45654296875;
15:05:57;573.0;1574003158;77.536;18.55708334949803;0.5084132424520008;-0.45654296875;
15:05:58;574.0;1574003159;77.486;18.55708334949803;0.5084132424520008;-0.45654296875;
15:05:59;575.0;1574003160;77.519;18.55708334949803;0.5084132424520008;-0.45654296875;
15:06:00;576.0;1574003161;77.403;18.55708334949803;0.5084132424520008;-0.45654296875;
15:06:01;577.0;1574003162;77.42;18.55708334949803;0.5084132424520008;-0.45654296875;
15:06:02;578.0;1574003163;77.304;18.55708334949803;0.5084132424520008;-0.45654296875;
15:06:03;579.0;1574003164;77.304;18.55708334949803;0.5084132424520008;-0.45654296875;
15:06:04;580.0;1574003165;77.569;18.55708334949803;0.5084132424520008;-0.45654296875;
15:06:05;581.0;1574003166;77.304;18.55708334949803;0.5084132424520008;-0.45654296875;
15:06:06;582.0;1574003167;77.287;18.55708334949803;0.5084132424520008;-0.45654296875;
15:06:07;583.0;1574003168;77.171;18.55708334949803;0.5084132424520008;-0.45654296875;
15:06:08;584.0;1574003169;77.039;18.55708334949803;0.5084132424520008;-0.45654296875;
15:06:09;585.0;1574003170;77.006;18.55708334949803;0.5084132424520008;-0.45654296875;
15:06:10;586.0;1574003171;77.039;18.55708334949803;0.5084132424520008;-0.45654296875;
15:06:11;587.0;1574003172;77.188;18.55708334949803;0.5084132424520008;-0.45654296875;
15:06:12;588.0;1574003173;77.188;18.55708334949803;0.5084132424520008;-0.45654296875;
15:06:13;589.0;1574003174;77.436;18.55708334949803;0.5084132424520008;-0.45654296875;
15:06:14;590.0;1574003175;77.669;18.55708334949803;0.5084132424520008;-0.45654296875;
15:06:15;591.0;1574003176;77.586;18.55708334949803;0.5084132424520008;-0.45654296875;
15:06:16;592.0;1574003177;77.403;18.55708334949803;0.5084132424520008;-0.45654296875;
15:06:17;593.0;1574003179;77.403;18.55708334949803;0.5084132424520008;-0.45654296875;
15:06:18;594.0;1574003180;77.155;18.55708334949803;0.5084132424520008;-0.45654296875;
15:06:19;595.0;1574003181;77.089;18.55708334949803;0.5084132424520008;-0.45654296875;
15:06:20;596.0;1574003182;77.254;18.55708334949803;0.5084132424520008;-0.45654296875;
15:06:21;597.0;1574003183;76.875;18.55708334949803;0.5084132424520008;-0.45654296875;
15:06:22;598.0;1574003184;76.727;18.55708334949803;0.5084132424520008;-0.45654296875;
15:06:23;599.0;1574003185;76.891;18.55708334949803;0.5084132424520008;-0.45654296875;
15:06:24;600.0;1574003186;76.957;18.55708334949803;0.5084132424520008;-0.45654296875;
15:06:25;601.0;1574003187;77.205;18.55708334949803;0.5084132424520008;-0.45654296875;
15:06:26;602.0;1574003188;77.221;18.55708334949803;0.5084132424520008;-0.45654296875;
15:06:27;603.0;1574003189;77.039;18.55708334949803;0.5084132424520008;-0.45654296875;
15:06:28;604.0;1574003190;76.759;18.55708334949803;0.5084132424520008;-0.45654296875;
15:06:29;605.0;1574003191;76.546;18.55708334949803;0.5084132424520008;-0.45654296875;
15:06:30;606.0;1574003192;76.579;18.55708334949803;0.5084132424520008;-0.45654296875;
15:06:31;607.0;1574003193;76.562;18.55708334949803;0.5084132424520008;-0.45654296875;
15:06:32;608.0;1574003194;76.677;18.55708334949803;0.5084132424520008;-0.45654296875;
15:06:33;609.0;1574003195;76.727;18.55708334949803;0.5084132424520008;-0.45654296875;
15:06:35;611.0;1574003196;76.875;18.55708334949803;0.5084132424520008;-0.45654296875;
15:06:36;612.0;1574003197;76.924;18.55708334949803;0.5084132424520008;-0.45654296875;
15:06:37;613.0;1574003198;76.924;18.55708334949803;0.5084132424520008;-0.45654296875;
15:06:38;614.0;1574003199;77.089;18.55708334949803;0.5084132424520008;-0.45654296875;
15:06:39;615.0;1574003200;76.792;18.55708334949803;0.5084132424520008;-0.45654296875;
15:06:40;616.0;1574003201;76.924;18.55708334949803;0.5084132424520008;-0.45654296875;
15:06:41;617.0;1574003202;77.072;18.55708334949803;0.5084132424520008;-0.45654296875;
15:06:42;618.0;1574003203;77.089;18.55708334949803;0.5084132424520008;-0.45654296875;
15:06:43;619.0;1574003204;77.205;18.55708334949803;0.5084132424520008;-0.45654296875;
15:06:44;620.0;1574003205;76.858;18.55708334949803;0.5084132424520008;-0.45654296875;
15:06:45;621.0;1574003206;76.595;18.55708334949803;0.5084132424520008;-0.45654296875;
15:06:46;622.0;1574003207;76.35;18.55708334949803;0.5084132424520008;-0.45654296875;
15:06:47;623.0;1574003208;76.35;18.55708334949803;0.5084132424520008;-0.45654296875;
15:06:48;624.0;1574003209;76.957;18.55708334949803;0.5084132424520008;-0.45654296875;
15:06:49;625.0;1574003210;77.072;18.55708334949803;0.5084132424520008;-0.45654296875;
15:06:50;626.0;1574003211;77.072;18.55708334949803;0.5084132424520008;-0.45654296875;
15:06:51;627.0;1574003212;77.221;18.55708334949803;0.5084132424520008;-0.45654296875;
15:06:52;628.0;1574003213;76.809;18.55708334949803;0.5084132424520008;-0.45654296875;
15:06:53;629.0;1574003214;76.694;18.55708334949803;0.5084132424520008;-0.45654296875;
15:06:54;630.0;1574003215;76.842;18.55708334949803;0.5084132424520008;-0.45654296875;
15:06:55;631.0;1574003216;76.71;18.55708334949803;0.5084132424520008;-0.45654296875;
15:06:56;632.0;1574003217;76.71;18.55708334949803;0.5084132424520008;-0.45654296875;
15:06:57;633.0;1574003218;76.677;18.55708334949803;0.5084132424520008;-0.45654296875;
15:06:58;634.0;1574003219;76.628;18.55708334949803;0.5084132424520008;-0.45654296875;
15:06:59;635.0;1574003220;76.579;18.55708334949803;0.5084132424520008;-0.45654296875;
15:07:00;636.0;1574003221;76.399;18.55708334949803;0.5084132424520008;-0.45654296875;
15:07:01;637.0;1574003222;76.513;18.55708334949803;0.5084132424520008;-0.45654296875;
15:07:02;638.0;1574003223;76.513;18.55708334949803;0.5084132424520008;-0.45654296875;
15:07:03;639.0;1574003224;76.546;18.55708334949803;0.5084132424520008;-0.45654296875;
15:07:04;640.0;1574003225;76.431;18.55708334949803;0.5084132424520008;-0.45654296875;
15:07:05;641.0;1574003226;76.366;18.55708334949803;0.5084132424520008;-0.45654296875;
15:07:06;642.0;1574003227;76.513;18.55708334949803;0.5084132424520008;-0.45654296875;
15:07:07;643.0;1574003228;76.53;18.55708334949803;0.5084132424520008;-0.45654296875;
15:07:08;644.0;1574003229;76.957;18.55708334949803;0.5084132424520008;-0.45654296875;
15:07:09;645.0;1574003230;77.006;18.55708334949803;0.5084132424520008;-0.45654296875;
15:07:10;646.0;1574003231;76.595;18.55708334949803;0.5084132424520008;-0.45654296875;
15:07:11;647.0;1574003232;76.53;18.55708334949803;0.5084132424520008;-0.45654296875;
15:07:12;648.0;1574003233;76.382;18.55708334949803;0.5084132424520008;-0.45654296875;
15:07:13;649.0;1574003235;76.219;18.55708334949803;0.5084132424520008;-0.45654296875;
15:07:14;650.0;1574003236;76.333;18.55708334949803;0.5084132424520008;-0.45654296875;
15:07:15;651.0;1574003237;76.562;18.55708334949803;0.5084132424520008;-0.45654296875;
15:07:16;652.0;1574003238;76.562;18.55708334949803;0.5084132424520008;-0.45654296875;
15:07:17;653.0;1574003239;76.792;18.55708334949803;0.5084132424520008;-0.45654296875;
15:07:18;654.0;1574003240;76.973;18.55708334949803;0.5084132424520008;-0.45654296875;
15:07:19;655.0;1574003241;76.694;18.55708334949803;0.5084132424520008;-0.45654296875;
15:07:20;656.0;1574003242;76.562;18.55708334949803;0.5084132424520008;-0.45654296875;
15:07:21;657.0;1574003243;76.628;18.55708334949803;0.5084132424520008;-0.45654296875;
15:07:22;658.0;1574003244;76.661;18.55708334949803;0.5084132424520008;-0.45654296875;
15:07:23;659.0;1574003245;76.53;18.55708334949803;0.5084132424520008;-0.45654296875;
15:07:24;660.0;1574003246;76.562;18.55708334949803;0.5084132424520008;-0.45654296875;
15:07:25;661.0;1574003247;76.595;18.55708334949803;0.5084132424520008;-0.45654296875;
15:07:26;662.0;1574003248;76.579;18.55708334949803;0.5084132424520008;-0.45654296875;
15:07:27;663.0;1574003249;76.579;18.55708334949803;0.5084132424520008;-0.45654296875;
15:07:28;664.0;1574003250;76.644;18.55708334949803;0.5084132424520008;-0.45654296875;
15:07:29;665.0;1574003251;76.546;18.55708334949803;0.5084132424520008;-0.45654296875;
15:07:30;666.0;1574003252;76.301;18.55708334949803;0.5084132424520008;-0.45654296875;
15:07:31;667.0;1574003253;76.186;18.55708334949803;0.5084132424520008;-0.45654296875;
15:07:32;668.0;1574003254;75.975;18.55708334949803;0.5084132424520008;-0.45654296875;
15:07:33;669.0;1574003255;76.089;18.55708334949803;0.5084132424520008;-0.45654296875;
15:07:34;670.0;1574003256;76.203;18.55708334949803;0.5084132424520008;-0.45654296875;
15:07:35;671.0;1574003257;76.431;18.55708334949803;0.5084132424520008;-0.45654296875;
15:07:36;672.0;1574003258;76.399;18.55708334949803;0.5084132424520008;-0.45654296875;
15:07:37;673.0;1574003259;76.105;18.55708334949803;0.5084132424520008;-0.45654296875;
15:07:39;675.0;1574003260;76.186;18.55708334949803;0.5084132424520008;-0.45654296875;
15:07:40;676.0;1574003261;76.203;18.55708334949803;0.5084132424520008;-0.45654296875;
15:07:41;677.0;1574003262;76.219;18.55708334949803;0.5084132424520008;-0.45654296875;
15:07:42;678.0;1574003263;76.219;18.55708334949803;0.5084132424520008;-0.45654296875;
15:07:43;679.0;1574003264;75.958;18.55708334949803;0.5084132424520008;-0.45654296875;
15:07:44;680.0;1574003265;75.926;18.55708334949803;0.5084132424520008;-0.45654296875;
15:07:45;681.0;1574003266;76.04;18.55708334949803;0.5084132424520008;-0.45654296875;
15:07:46;682.0;1574003267;75.91;18.55708334949803;0.5084132424520008;-0.45654296875;
15:07:47;683.0;1574003268;76.089;18.55708334949803;0.5084132424520008;-0.45654296875;
15:07:48;684.0;1574003269;75.958;18.55708334949803;0.5084132424520008;-0.45654296875;
15:07:49;685.0;1574003270;75.861;18.55708334949803;0.5084132424520008;-0.45654296875;
15:07:50;686.0;1574003271;76.121;18.55708334949803;0.5084132424520008;-0.45654296875;
15:07:51;687.0;1574003272;76.089;18.55708334949803;0.5084132424520008;-0.45654296875;
15:07:52;688.0;1574003273;76.252;18.55708334949803;0.5084132424520008;-0.45654296875;
15:07:53;689.0;1574003274;76.497;18.55708334949803;0.5084132424520008;-0.45654296875;
15:07:54;690.0;1574003275;76.399;18.55708334949803;0.5084132424520008;-0.45654296875;
15:07:55;691.0;1574003276;76.562;18.55708334949803;0.5084132424520008;-0.45654296875;
15:07:56;692.0;1574003277;76.448;18.55708334949803;0.5084132424520008;-0.45654296875;
15:07:57;693.0;1574003278;76.219;18.55708334949803;0.5084132424520008;-0.45654296875;
15:07:58;694.0;1574003279;76.105;18.55708334949803;0.5084132424520008;-0.45654296875;
15:07:59;695.0;1574003280;75.796;18.55708334949803;0.5084132424520008;-0.45654296875;
15:08:00;696.0;1574003281;75.747;18.55708334949803;0.5084132424520008;-0.45654296875;
15:08:01;697.0;1574003282;75.731;18.55708334949803;0.5084132424520008;-0.45654296875;
15:08:02;698.0;1574003283;76.007;18.55708334949803;0.5084132424520008;-0.45654296875;
15:08:03;699.0;1574003284;76.056;18.55708334949803;0.5084132424520008;-0.45654296875;
15:08:04;700.0;1574003285;76.072;18.55708334949803;0.5084132424520008;-0.45654296875;
15:08:05;701.0;1574003286;76.235;18.55708334949803;0.5084132424520008;-0.45654296875;
15:08:06;702.0;1574003287;76.04;18.55708334949803;0.5084132424520008;-0.45654296875;
15:08:07;703.0;1574003288;76.137;18.55708334949803;0.5084132424520008;-0.45654296875;
15:08:08;704.0;1574003289;76.252;18.55708334949803;0.5084132424520008;-0.45654296875;
15:08:09;705.0;1574003290;76.089;18.55708334949803;0.5084132424520008;-0.45654296875;
15:08:10;706.0;1574003291;75.91;18.55708334949803;0.5084132424520008;-0.45654296875;
15:08:11;707.0;1574003292;75.91;18.55708334949803;0.5084132424520008;-0.45654296875;
15:08:12;708.0;1574003293;75.812;18.55708334949803;0.5084132424520008;-0.45654296875;
15:08:13;709.0;1574003294;75.682;18.55708334949803;0.5084132424520008;-0.45654296875;
15:08:14;710.0;1574003295;75.926;18.55708334949803;0.5084132424520008;-0.45654296875;
15:08:15;711.0;1574003296;75.796;18.55708334949803;0.5084132424520008;-0.45654296875;
15:08:16;712.0;1574003297;75.926;18.55708334949803;0.5084132424520008;-0.45654296875;
15:08:17;713.0;1574003298;76.04;18.55708334949803;0.5084132424520008;-0.45654296875;
15:08:18;714.0;1574003299;75.893;18.55708334949803;0.5084132424520008;-0.45654296875;
15:08:19;715.0;1574003300;75.812;18.55708334949803;0.5084132424520008;-0.45654296875;
15:08:20;716.0;1574003301;75.942;18.55708334949803;0.5084132424520008;-0.45654296875;
15:08:21;717.0;1574003302;75.812;18.55708334949803;0.5084132424520008;-0.45654296875;
15:08:22;718.0;1574003303;75.812;18.55708334949803;0.5084132424520008;-0.45654296875;
15:08:23;719.0;1574003304;76.04;18.55708334949803;0.5084132424520008;-0.45654296875;
15:08:24;720.0;1574003305;75.78;18.55708334949803;0.5084132424520008;-0.45654296875;
15:08:25;721.0;1574003306;75.975;18.55708334949803;0.5084132424520008;-0.45654296875;
15:08:26;722.0;1574003307;75.991;18.55708334949803;0.5084132424520008;-0.45654296875;
15:08:27;723.0;1574003308;75.828;18.55708334949803;0.5084132424520008;-0.45654296875;
15:08:28;724.0;1574003309;75.715;18.55708334949803;0.5084132424520008;-0.45654296875;
15:08:29;725.0;1574003310;75.682;18.55708334949803;0.5084132424520008;-0.45654296875;
15:08:30;726.0;1574003311;75.521;18.55708334949803;0.5084132424520008;-0.45654296875;
15:08:31;727.0;1574003312;75.375;18.55708334949803;0.5084132424520008;-0.45654296875;
15:08:32;728.0;1574003313;75.359;18.55708334949803;0.5084132424520008;-0.45654296875;
15:08:33;729.0;1574003314;75.456;18.55708334949803;0.5084132424520008;-0.45654296875;
15:08:34;730.0;1574003315;75.65;18.55708334949803;0.5084132424520008;-0.45654296875;
15:08:35;731.0;1574003316;75.812;18.55708334949803;0.5084132424520008;-0.45654296875;
15:08:36;732.0;1574003317;75.796;18.55708334949803;0.5084132424520008;-0.45654296875;
15:08:37;733.0;1574003318;75.682;18.55708334949803;0.5084132424520008;-0.45654296875;
15:08:38;734.0;1574003320;75.504;18.55708334949803;0.5084132424520008;-0.45654296875;
15:08:39;735.0;1574003321;75.456;18.55708334949803;0.5084132424520008;-0.45654296875;
15:08:40;736.0;1574003322;75.699;18.55708334949803;0.5084132424520008;-0.45654296875;
15:08:41;737.0;1574003323;75.65;18.55708334949803;0.5084132424520008;-0.45654296875;
15:08:42;738.0;1574003324;75.634;18.55708334949803;0.5084132424520008;-0.45654296875;
15:08:44;740.0;1574003325;75.666;18.55708334949803;0.5084132424520008;-0.45654296875;
15:08:45;741.0;1574003326;75.618;18.55708334949803;0.5084132424520008;-0.45654296875;
15:08:46;742.0;1574003327;75.666;18.55708334949803;0.5084132424520008;-0.45654296875;
15:08:47;743.0;1574003328;75.666;18.55708334949803;0.5084132424520008;-0.45654296875;
15:08:48;744.0;1574003329;75.666;18.55708334949803;0.5084132424520008;-0.45654296875;
15:08:49;745.0;1574003330;75.456;18.55708334949803;0.5084132424520008;-0.45654296875;
15:08:50;746.0;1574003331;75.311;18.55708334949803;0.5084132424520008;-0.45654296875;
15:08:51;747.0;1574003332;75.311;18.55708334949803;0.5084132424520008;-0.45654296875;
15:08:52;748.0;1574003333;75.246;18.55708334949803;0.5084132424520008;-0.45654296875;
15:08:53;749.0;1574003334;75.246;18.55708334949803;0.5084132424520008;-0.45654296875;
15:08:54;750.0;1574003335;75.262;18.55708334949803;0.5084132424520008;-0.45654296875;
15:08:55;751.0;1574003336;75.23;18.55708334949803;0.5084132424520008;-0.45654296875;
15:08:56;752.0;1574003337;75.408;18.55708334949803;0.5084132424520008;-0.45654296875;
15:08:57;753.0;1574003338;75.699;18.55708334949803;0.5084132424520008;-0.45654296875;
15:08:58;754.0;1574003339;75.828;18.55708334949803;0.5084132424520008;-0.45654296875;
15:08:59;755.0;1574003340;75.861;18.55708334949803;0.5084132424520008;-0.45654296875;
15:09:00;756.0;1574003341;75.521;18.55708334949803;0.5084132424520008;-0.45654296875;
15:09:01;757.0;1574003342;75.408;18.55708334949803;0.5084132424520008;-0.45654296875;
15:09:02;758.0;1574003343;75.279;18.55708334949803;0.5084132424520008;-0.45654296875;
15:09:03;759.0;1574003344;75.15;18.55708334949803;0.5084132424520008;-0.45654296875;
15:09:04;760.0;1574003345;75.424;18.55708334949803;0.5084132424520008;-0.45654296875;
15:09:05;761.0;1574003346;75.166;18.55708334949803;0.5084132424520008;-0.45654296875;
15:09:06;762.0;1574003347;75.279;18.55708334949803;0.5084132424520008;-0.45654296875;
15:09:07;763.0;1574003348;75.311;18.55708334949803;0.5084132424520008;-0.45654296875;
15:09:08;764.0;1574003349;75.23;18.55708334949803;0.5084132424520008;-0.45654296875;
15:09:09;765.0;1574003350;75.327;18.55708334949803;0.5084132424520008;-0.45654296875;
15:09:10;766.0;1574003351;75.069;18.55708334949803;0.5084132424520008;-0.45654296875;
15:09:11;767.0;1574003352;75.118;18.55708334949803;0.5084132424520008;-0.45654296875;
15:09:12;768.0;1574003353;75.166;18.55708334949803;0.5084132424520008;-0.45654296875;
15:09:13;769.0;1574003354;75.214;18.55708334949803;0.5084132424520008;-0.45654296875;
15:09:14;770.0;1574003355;75.375;18.55708334949803;0.5084132424520008;-0.45654296875;
15:09:15;771.0;1574003356;75.715;18.55708334949803;0.5084132424520008;-0.45654296875;
15:09:16;772.0;1574003357;75.747;18.55708334949803;0.5084132424520008;-0.45654296875;
15:09:17;773.0;1574003358;75.828;18.55708334949803;0.5084132424520008;-0.45654296875;
15:09:18;774.0;1574003359;75.682;18.55708334949803;0.5084132424520008;-0.45654296875;
15:09:19;775.0;1574003360;75.246;18.55708334949803;0.5084132424520008;-0.45654296875;
15:09:20;776.0;1574003361;75.118;18.55708334949803;0.5084132424520008;-0.45654296875;
15:09:21;777.0;1574003362;75.15;18.55708334949803;0.5084132424520008;-0.45654296875;
15:09:22;778.0;1574003363;75.15;18.55708334949803;0.5084132424520008;-0.45654296875;
15:09:23;779.0;1574003364;75.134;18.55708334949803;0.5084132424520008;-0.45654296875;
15:09:24;780.0;1574003365;75.069;18.55708334949803;0.5084132424520008;-0.45654296875;
15:09:25;781.0;1574003366;74.925;18.55708334949803;0.5084132424520008;-0.45654296875;
15:09:26;782.0;1574003367;74.973;18.55708334949803;0.5084132424520008;-0.45654296875;
15:09:27;783.0;1574003368;75.166;18.55708334949803;0.5084132424520008;-0.45654296875;
15:09:28;784.0;1574003369;75.134;18.55708334949803;0.5084132424520008;-0.45654296875;
15:09:29;785.0;1574003370;74.957;18.55708334949803;0.5084132424520008;-0.45654296875;
15:09:30;786.0;1574003371;74.781;18.55708334949803;0.5084132424520008;-0.45654296875;
15:09:31;787.0;1574003373;74.653;18.55708334949803;0.5084132424520008;-0.45654296875;
15:09:32;788.0;1574003374;74.733;18.55708334949803;0.5084132424520008;-0.45654296875;
15:09:33;789.0;1574003375;74.941;18.55708334949803;0.5084132424520008;-0.45654296875;
15:09:34;790.0;1574003376;75.086;18.55708334949803;0.5084132424520008;-0.45654296875;
15:09:35;791.0;1574003377;75.118;18.55708334949803;0.5084132424520008;-0.45654296875;
15:09:36;792.0;1574003378;75.118;18.55708334949803;0.5084132424520008;-0.45654296875;
15:09:37;793.0;1574003379;74.973;18.55708334949803;0.5084132424520008;-0.45654296875;
15:09:38;794.0;1574003380;74.973;18.55708334949803;0.5084132424520008;-0.45654296875;
15:09:39;795.0;1574003381;74.669;18.55708334949803;0.5084132424520008;-0.45654296875;
15:09:40;796.0;1574003382;74.509;18.55708334949803;0.5084132424520008;-0.45654296875;
15:09:41;797.0;1574003383;74.35;18.55708334949803;0.5084132424520008;-0.45654296875;
15:09:42;798.0;1574003384;74.398;18.55708334949803;0.5084132424520008;-0.45654296875;
15:09:43;799.0;1574003385;74.653;18.55708334949803;0.5084132424520008;-0.45654296875;
15:09:44;800.0;1574003386;74.813;18.55708334949803;0.5084132424520008;-0.45654296875;
15:09:45;801.0;1574003387;74.845;18.55708334949803;0.5084132424520008;-0.45654296875;
15:09:46;802.0;1574003388;74.765;18.55708334949803;0.5084132424520008;-0.45654296875;
15:09:48;804.0;1574003389;74.669;18.55708334949803;0.5084132424520008;-0.45654296875;
15:09:49;805.0;1574003390;74.605;18.55708334949803;0.5084132424520008;-0.45654296875;
15:09:50;806.0;1574003391;74.845;18.55708334949803;0.5084132424520008;-0.45654296875;
15:09:51;807.0;1574003392;74.893;18.55708334949803;0.5084132424520008;-0.45654296875;
15:09:52;808.0;1574003393;75.118;18.55708334949803;0.5084132424520008;-0.45654296875;
15:09:53;809.0;1574003394;74.893;18.55708334949803;0.5084132424520008;-0.45654296875;
15:09:54;810.0;1574003395;74.749;18.55708334949803;0.5084132424520008;-0.45654296875;
15:09:55;811.0;1574003396;74.557;18.55708334949803;0.5084132424520008;-0.45654296875;
15:09:56;812.0;1574003397;74.653;18.55708334949803;0.5084132424520008;-0.45654296875;
15:09:57;813.0;1574003398;74.813;18.55708334949803;0.5084132424520008;-0.45654296875;
15:09:58;814.0;1574003399;74.701;18.55708334949803;0.5084132424520008;-0.45654296875;
15:09:59;815.0;1574003400;74.957;18.55708334949803;0.5084132424520008;-0.45654296875;
15:10:00;816.0;1574003401;74.765;18.55708334949803;0.5084132424520008;-0.45654296875;
15:10:01;817.0;1574003402;74.637;18.55708334949803;0.5084132424520008;-0.45654296875;
15:10:02;818.0;1574003403;74.781;18.55708334949803;0.5084132424520008;-0.45654296875;
15:10:03;819.0;1574003404;74.573;18.55708334949803;0.5084132424520008;-0.45654296875;
15:10:04;820.0;1574003405;74.541;18.55708334949803;0.5084132424520008;-0.45654296875;
15:10:05;821.0;1574003406;74.509;18.55708334949803;0.5084132424520008;-0.45654296875;
15:10:06;822.0;1574003407;74.477;18.55708334949803;0.5084132424520008;-0.45654296875;
15:10:07;823.0;1574003408;74.621;18.55708334949803;0.5084132424520008;-0.45654296875;
15:10:09;825.0;1574003409;74.557;18.55708334949803;0.5084132424520008;-0.45654296875;
15:10:10;826.0;1574003411;74.589;18.55708334949803;0.5084132424520008;-0.45654296875;
15:10:11;827.0;1574003412;74.446;18.55708334949803;0.5084132424520008;-0.45654296875;
15:10:12;828.0;1574003413;74.286;18.55708334949803;0.5084132424520008;-0.45654296875;
15:10:13;829.0;1574003414;74.366;18.55708334949803;0.5084132424520008;-0.45654296875;
15:10:14;830.0;1574003415;74.43;18.55708334949803;0.5084132424520008;-0.45654296875;
15:10:15;831.0;1574003416;74.589;18.55708334949803;0.5084132424520008;-0.45654296875;
15:10:16;832.0;1574003417;74.589;18.55708334949803;0.5084132424520008;-0.45654296875;
15:10:17;833.0;1574003418;74.733;18.55708334949803;0.5084132424520008;-0.45654296875;
15:10:18;834.0;1574003419;74.669;18.55708334949803;0.5084132424520008;-0.45654296875;
15:10:19;835.0;1574003420;74.493;18.55708334949803;0.5084132424520008;-0.45654296875;
15:10:20;836.0;1574003421;74.653;18.55708334949803;0.5084132424520008;-0.45654296875;
15:10:21;837.0;1574003422;74.733;18.55708334949803;0.5084132424520008;-0.45654296875;
15:10:22;838.0;1574003423;74.477;18.55708334949803;0.5084132424520008;-0.45654296875;
15:10:23;839.0;1574003424;74.605;18.55708334949803;0.5084132424520008;-0.45654296875;
15:10:24;840.0;1574003425;74.43;18.55708334949803;0.5084132424520008;-0.45654296875;
15:10:25;841.0;1574003426;74.43;18.55708334949803;0.5084132424520008;-0.45654296875;
15:10:26;842.0;1574003427;74.573;18.55708334949803;0.5084132424520008;-0.45654296875;
15:10:27;843.0;1574003428;74.446;18.55708334949803;0.5084132424520008;-0.45654296875;
15:10:28;844.0;1574003430;74.589;18.55708334949803;0.5084132424520008;-0.45654296875;
15:10:29;845.0;1574003431;74.398;18.55708334949803;0.5084132424520008;-0.45654296875;
15:10:30;846.0;1574003432;74.35;18.55708334949803;0.5084132424520008;-0.45654296875;
15:10:31;847.0;1574003433;74.541;18.55708334949803;0.5084132424520008;-0.45654296875;
15:10:32;848.0;1574003434;74.43;18.55708334949803;0.5084132424520008;-0.45654296875;
15:10:33;849.0;1574003435;74.446;18.55708334949803;0.5084132424520008;-0.45654296875;
15:10:34;850.0;1574003436;74.573;18.55708334949803;0.5084132424520008;-0.45654296875;
15:10:35;851.0;1574003437;74.382;18.55708334949803;0.5084132424520008;-0.45654296875;
15:10:36;852.0;1574003438;74.382;18.55708334949803;0.5084132424520008;-0.45654296875;
15:10:37;853.0;1574003439;74.382;18.55708334949803;0.5084132424520008;-0.45654296875;
15:10:38;854.0;1574003440;74.112;18.55708334949803;0.5084132424520008;-0.45654296875;
15:10:39;855.0;1574003441;74.159;18.55708334949803;0.5084132424520008;-0.45654296875;
15:10:40;856.0;1574003442;74.001;18.55708334949803;0.5084132424520008;-0.45654296875;
15:10:41;857.0;1574003443;73.779;18.55708334949803;0.5084132424520008;-0.45654296875;
15:10:42;858.0;1574003444;73.827;18.55708334949803;0.5084132424520008;-0.45654296875;
15:10:43;859.0;1574003444;73.716;18.55708334949803;0.5084132424520008;-0.45654296875;
15:10:44;860.0;1574003446;73.843;18.55708334949803;0.5084132424520008;-0.45654296875;
15:10:45;861.0;1574003447;74.191;18.55708334949803;0.5084132424520008;-0.45654296875;
15:10:46;862.0;1574003447;74.43;18.55708334949803;0.5084132424520008;-0.45654296875;
15:10:47;863.0;1574003448;74.366;18.55708334949803;0.5084132424520008;-0.45654296875;
15:10:48;864.0;1574003450;74.382;18.55708334949803;0.5084132424520008;-0.45654296875;
15:10:49;865.0;1574003451;74.143;18.55708334949803;0.5084132424520008;-0.45654296875;
15:10:50;866.0;1574003452;74.032;18.55708334949803;0.5084132424520008;-0.45654296875;
15:10:51;867.0;1574003453;74.08;18.55708334949803;0.5084132424520008;-0.45654296875;
15:10:52;868.0;1574003454;73.811;18.55708334949803;0.5084132424520008;-0.45654296875;
