Time;Seconds from start for linreg;Unix Time;ch1 po2;Uc;Ubl;Vc;
13:30:33;-1.0;1573047035;99.913;16.93289538382142;0.49802633481827707;-0.439453125;
13:30:34;0.0;1573047036;100.175;17.81049122230649;0.5238379771266615;-0.45654296875;
13:30:35;1.0;1573047036;100.329;18.813457894860846;0.5533369969076719;-0.47607421875;
13:30:36;2.0;1573047038;100.835;17.183637051960012;0.5054010897635298;-0.4443359375;
13:30:37;3.0;1573047038;100.857;17.935862056375782;0.5275253545992877;-0.458984375;
13:30:38;4.0;1573047039;100.615;17.05826621789072;0.5017137122909034;-0.44189453125;
13:30:39;5.0;1573047040;100.923;17.559749554167897;0.5164632221814087;-0.45166015625;
13:30:40;6.0;1573047041;100.703;17.68512038823719;0.520150599654035;-0.4541015625;
13:30:41;7.0;1573047042;100.615;17.68512038823719;0.520150599654035;-0.4541015625;
13:30:42;8.0;1573047043;100.615;16.807524549752127;0.4943389573456508;-0.43701171875;
13:30:43;9.0;1573047044;100.593;17.68512038823719;0.520150599654035;-0.4541015625;
13:30:44;10.0;1573047045;100.548;17.81049122230649;0.5238379771266615;-0.45654296875;
13:30:45;11.0;1573047046;100.526;17.4343787200986;0.5127758447087823;-0.44921875;
13:30:46;12.0;1573047048;100.548;17.30900788602931;0.5090884672361562;-0.44677734375;
13:30:47;13.0;1573047049;100.329;16.93289538382142;0.49802633481827707;-0.439453125;
13:30:48;14.0;1573047050;99.891;16.055299545336357;0.47221469250989284;-0.42236328125;
13:30:49;15.0;1573047051;100.022;17.183637051960012;0.5054010897635298;-0.4443359375;
13:30:50;16.0;1573047052;99.978;17.30900788602931;0.5090884672361562;-0.44677734375;
13:30:51;17.0;1573047053;99.956;17.05826621789072;0.5017137122909034;-0.44189453125;
13:30:52;18.0;1573047054;100.659;15.428445374989881;0.4537778051467612;-0.41015625;
13:30:53;19.0;1573047055;100.395;17.68512038823719;0.520150599654035;-0.4541015625;
13:30:54;20.0;1573047056;100.725;17.183637051960012;0.5054010897635298;-0.4443359375;
13:30:55;21.0;1573047057;100.725;17.30900788602931;0.5090884672361562;-0.44677734375;
13:30:56;22.0;1573047058;100.285;17.559749554167897;0.5164632221814087;-0.45166015625;
13:30:57;23.0;1573047059;100.241;17.05826621789072;0.5017137122909034;-0.44189453125;
13:30:58;24.0;1573047060;99.978;17.81049122230649;0.5238379771266615;-0.45654296875;
13:30:59;25.0;1573047061;100.0;17.183637051960012;0.5054010897635298;-0.4443359375;
13:31:00;26.0;1573047062;100.461;17.559749554167897;0.5164632221814087;-0.45166015625;
13:31:01;27.0;1573047063;100.395;17.559749554167897;0.5164632221814087;-0.45166015625;
13:31:02;28.0;1573047064;100.373;17.05826621789072;0.5017137122909034;-0.44189453125;
13:31:03;29.0;1573047065;100.593;17.559749554167897;0.5164632221814087;-0.45166015625;
13:31:04;30.0;1573047066;100.373;18.061232890445076;0.531212732071914;-0.46142578125;
13:31:05;31.0;1573047067;100.153;18.43734539265296;0.542274864489793;-0.46875;
13:31:07;33.0;1573047068;100.109;16.55678288161354;0.4869642024003982;-0.43212890625;
13:31:08;34.0;1573047069;100.088;17.05826621789072;0.5017137122909034;-0.44189453125;
13:31:09;35.0;1573047070;100.022;17.05826621789072;0.5017137122909034;-0.44189453125;
13:31:10;36.0;1573047071;100.241;16.807524549752127;0.4943389573456508;-0.43701171875;
13:31:11;37.0;1573047072;100.307;16.807524549752127;0.4943389573456508;-0.43701171875;
13:31:12;38.0;1573047073;99.803;17.4343787200986;0.5127758447087823;-0.44921875;
13:31:13;39.0;1573047074;99.803;17.30900788602931;0.5090884672361562;-0.44677734375;
13:31:14;40.0;1573047075;100.131;16.93289538382142;0.49802633481827707;-0.439453125;
13:31:15;41.0;1573047076;99.869;17.183637051960012;0.5054010897635298;-0.4443359375;
13:31:16;42.0;1573047077;100.373;17.68512038823719;0.520150599654035;-0.4541015625;
13:31:17;43.0;1573047078;100.747;15.553816209059178;0.4574651826193876;-0.41259765625;
13:31:18;44.0;1573047079;100.439;17.68512038823719;0.520150599654035;-0.4541015625;
13:31:19;45.0;1573047080;100.946;17.183637051960012;0.5054010897635298;-0.4443359375;
13:31:20;46.0;1573047082;100.482;17.183637051960012;0.5054010897635298;-0.4443359375;
13:31:22;48.0;1573047083;100.703;17.183637051960012;0.5054010897635298;-0.4443359375;
13:31:23;49.0;1573047085;100.659;16.93289538382142;0.49802633481827707;-0.439453125;
13:31:24;50.0;1573047086;100.923;17.183637051960012;0.5054010897635298;-0.4443359375;
13:31:25;51.0;1573047086;100.395;17.68512038823719;0.520150599654035;-0.4541015625;
13:31:26;52.0;1573047087;100.219;17.05826621789072;0.5017137122909034;-0.44189453125;
13:31:27;53.0;1573047088;100.241;17.05826621789072;0.5017137122909034;-0.44189453125;
13:31:28;54.0;1573047089;100.417;16.93289538382142;0.49802633481827707;-0.439453125;
13:31:29;55.0;1573047090;100.637;18.56271622672226;0.5459622419624194;-0.47119140625;
13:31:30;56.0;1573047091;100.615;17.05826621789072;0.5017137122909034;-0.44189453125;
13:31:31;57.0;1573047092;100.659;17.559749554167897;0.5164632221814087;-0.45166015625;
13:31:32;58.0;1573047093;100.659;17.05826621789072;0.5017137122909034;-0.44189453125;
13:31:33;59.0;1573047094;100.482;17.81049122230649;0.5238379771266615;-0.45654296875;
13:31:34;60.0;1573047096;100.439;17.559749554167897;0.5164632221814087;-0.45166015625;
13:31:35;61.0;1573047097;100.109;17.30900788602931;0.5090884672361562;-0.44677734375;
13:31:36;62.0;1573047098;99.825;17.183637051960012;0.5054010897635298;-0.4443359375;
13:31:37;63.0;1573047099;100.285;17.81049122230649;0.5238379771266615;-0.45654296875;
13:31:38;64.0;1573047100;100.526;16.93289538382142;0.49802633481827707;-0.439453125;
13:31:39;65.0;1573047101;100.373;17.81049122230649;0.5238379771266615;-0.45654296875;
13:31:40;66.0;1573047102;100.703;17.05826621789072;0.5017137122909034;-0.44189453125;
13:31:41;67.0;1573047103;100.703;16.807524549752127;0.4943389573456508;-0.43701171875;
13:31:42;68.0;1573047103;99.934;17.559749554167897;0.5164632221814087;-0.45166015625;
13:31:43;69.0;1573047104;99.869;17.183637051960012;0.5054010897635298;-0.4443359375;
13:31:44;70.0;1573047105;99.651;16.93289538382142;0.49802633481827707;-0.439453125;
13:31:45;71.0;1573047106;99.064;17.183637051960012;0.5054010897635298;-0.4443359375;
13:31:46;72.0;1573047108;99.368;17.30900788602931;0.5090884672361562;-0.44677734375;
13:31:47;73.0;1573047109;99.411;17.4343787200986;0.5127758447087823;-0.44921875;
13:31:48;74.0;1573047110;99.629;17.4343787200986;0.5127758447087823;-0.44921875;
13:31:49;75.0;1573047111;100.219;17.05826621789072;0.5017137122909034;-0.44189453125;
13:31:50;76.0;1573047112;100.504;17.183637051960012;0.5054010897635298;-0.4443359375;
13:31:51;77.0;1573047113;100.241;17.183637051960012;0.5054010897635298;-0.4443359375;
13:31:52;78.0;1573047114;99.716;9999.0;9999.0;9999.0;
13:31:53;79.0;1573047115;99.411;17.30900788602931;0.5090884672361562;-0.44677734375;
13:31:54;80.0;1573047116;99.151;17.30900788602931;0.5090884672361562;-0.44677734375;
13:31:55;81.0;1573047117;99.368;16.807524549752127;0.4943389573456508;-0.43701171875;
13:31:56;82.0;1573047118;99.325;17.183637051960012;0.5054010897635298;-0.4443359375;
13:31:57;83.0;1573047119;99.411;17.05826621789072;0.5017137122909034;-0.44189453125;
13:31:58;84.0;1573047120;99.891;16.93289538382142;0.49802633481827707;-0.439453125;
13:31:59;85.0;1573047121;99.869;17.183637051960012;0.5054010897635298;-0.4443359375;
13:32:00;86.0;1573047122;100.461;17.05826621789072;0.5017137122909034;-0.44189453125;
13:32:01;87.0;1573047123;100.395;17.30900788602931;0.5090884672361562;-0.44677734375;
13:32:02;88.0;1573047124;99.847;17.30900788602931;0.5090884672361562;-0.44677734375;
13:32:03;89.0;1573047125;100.109;17.05826621789072;0.5017137122909034;-0.44189453125;
13:32:04;90.0;1573047126;99.825;17.81049122230649;0.5238379771266615;-0.45654296875;
13:32:05;91.0;1573047127;99.825;17.183637051960012;0.5054010897635298;-0.4443359375;
13:32:06;92.0;1573047128;99.825;17.183637051960012;0.5054010897635298;-0.4443359375;
13:32:07;93.0;1573047129;100.066;17.05826621789072;0.5017137122909034;-0.44189453125;
13:32:08;94.0;1573047130;100.066;16.93289538382142;0.49802633481827707;-0.439453125;
13:32:09;95.0;1573047131;100.109;17.05826621789072;0.5017137122909034;-0.44189453125;
13:32:11;97.0;1573047133;100.417;12.670287025465395;0.37265550074898224;-0.3564453125;
13:32:12;98.0;1573047133;100.153;16.93289538382142;0.49802633481827707;-0.439453125;
13:32:13;99.0;1573047135;100.131;17.183637051960012;0.5054010897635298;-0.4443359375;
13:32:14;100.0;1573047135;99.825;16.431412047544242;0.48327682492777185;-0.4296875;
13:32:15;101.0;1573047136;100.044;17.559749554167897;0.5164632221814087;-0.45166015625;
13:32:16;102.0;1573047137;99.782;17.183637051960012;0.5054010897635298;-0.4443359375;
13:32:17;103.0;1573047138;100.088;16.93289538382142;0.49802633481827707;-0.439453125;
13:32:18;104.0;1573047139;100.439;17.559749554167897;0.5164632221814087;-0.45166015625;
13:32:19;105.0;1573047140;100.153;17.30900788602931;0.5090884672361562;-0.44677734375;
13:32:20;106.0;1573047141;100.219;16.68215371568283;0.49065157987302443;-0.4345703125;
13:32:21;107.0;1573047142;99.934;16.93289538382142;0.49802633481827707;-0.439453125;
13:32:22;108.0;1573047143;99.52;17.559749554167897;0.5164632221814087;-0.45166015625;
13:32:23;109.0;1573047144;99.303;17.30900788602931;0.5090884672361562;-0.44677734375;
13:32:24;110.0;1573047145;99.281;16.807524549752127;0.4943389573456508;-0.43701171875;
13:32:25;111.0;1573047146;98.956;16.807524549752127;0.4943389573456508;-0.43701171875;
13:32:26;112.0;1573047148;99.52;17.559749554167897;0.5164632221814087;-0.45166015625;
13:32:27;113.0;1573047149;99.738;17.68512038823719;0.520150599654035;-0.4541015625;
13:32:28;114.0;1573047150;100.263;17.183637051960012;0.5054010897635298;-0.4443359375;
13:32:29;115.0;1573047151;100.373;17.559749554167897;0.5164632221814087;-0.45166015625;
13:32:30;116.0;1573047152;100.153;17.4343787200986;0.5127758447087823;-0.44921875;
13:32:31;117.0;1573047153;100.197;17.183637051960012;0.5054010897635298;-0.4443359375;
13:32:32;118.0;1573047154;99.913;16.55678288161354;0.4869642024003982;-0.43212890625;
13:32:33;119.0;1573047155;100.175;17.05826621789072;0.5017137122909034;-0.44189453125;
13:32:34;120.0;1573047155;99.869;17.183637051960012;0.5054010897635298;-0.4443359375;
13:32:35;121.0;1573047156;99.629;17.05826621789072;0.5017137122909034;-0.44189453125;
13:32:36;122.0;1573047157;99.694;15.553816209059178;0.4574651826193876;-0.41259765625;
13:32:37;123.0;1573047158;99.39;17.68512038823719;0.520150599654035;-0.4541015625;
13:32:38;124.0;1573047159;99.716;16.807524549752127;0.4943389573456508;-0.43701171875;
13:32:39;125.0;1573047160;99.651;16.68215371568283;0.49065157987302443;-0.4345703125;
13:32:40;126.0;1573047161;99.585;17.05826621789072;0.5017137122909034;-0.44189453125;
13:32:41;127.0;1573047163;100.109;17.183637051960012;0.5054010897635298;-0.4443359375;
13:32:42;128.0;1573047164;100.044;17.4343787200986;0.5127758447087823;-0.44921875;
13:32:43;129.0;1573047165;100.351;17.559749554167897;0.5164632221814087;-0.45166015625;
13:32:44;130.0;1573047166;100.351;17.05826621789072;0.5017137122909034;-0.44189453125;
13:32:45;131.0;1573047167;100.088;18.688087060791553;0.5496496194350456;-0.4736328125;
13:32:46;132.0;1573047168;99.847;17.559749554167897;0.5164632221814087;-0.45166015625;
13:32:47;133.0;1573047169;99.542;17.05826621789072;0.5017137122909034;-0.44189453125;
13:32:48;134.0;1573047170;99.585;20.568649571830974;0.6049602815244404;-0.51025390625;
13:32:49;135.0;1573047171;99.043;17.05826621789072;0.5017137122909034;-0.44189453125;
13:32:50;136.0;1573047172;99.52;17.183637051960012;0.5054010897635298;-0.4443359375;
13:32:51;137.0;1573047173;99.564;17.4343787200986;0.5127758447087823;-0.44921875;
13:32:52;138.0;1573047174;99.238;17.05826621789072;0.5017137122909034;-0.44189453125;
13:32:53;139.0;1573047175;100.088;17.4343787200986;0.5127758447087823;-0.44921875;
13:32:54;140.0;1573047176;99.585;17.4343787200986;0.5127758447087823;-0.44921875;
13:32:55;141.0;1573047177;100.066;17.05826621789072;0.5017137122909034;-0.44189453125;
13:32:56;142.0;1573047178;100.066;16.55678288161354;0.4869642024003982;-0.43212890625;
13:32:57;143.0;1573047179;99.76;18.18660372451437;0.5349001095445403;-0.4638671875;
13:32:58;144.0;1573047179;99.847;17.81049122230649;0.5238379771266615;-0.45654296875;
13:32:59;145.0;1573047180;99.607;17.183637051960012;0.5054010897635298;-0.4443359375;
13:33:00;146.0;1573047182;99.847;17.05826621789072;0.5017137122909034;-0.44189453125;
13:33:01;147.0;1573047183;99.564;17.183637051960012;0.5054010897635298;-0.4443359375;
13:33:02;148.0;1573047184;99.498;17.183637051960012;0.5054010897635298;-0.4443359375;
13:33:03;149.0;1573047185;99.259;17.559749554167897;0.5164632221814087;-0.45166015625;
13:33:04;150.0;1573047186;99.043;16.55678288161354;0.4869642024003982;-0.43212890625;
13:33:05;151.0;1573047187;99.325;17.05826621789072;0.5017137122909034;-0.44189453125;
13:33:06;152.0;1573047188;99.564;17.30900788602931;0.5090884672361562;-0.44677734375;
13:33:07;153.0;1573047189;99.825;17.559749554167897;0.5164632221814087;-0.45166015625;
13:33:08;154.0;1573047190;99.782;17.4343787200986;0.5127758447087823;-0.44921875;
13:33:09;155.0;1573047191;99.52;17.4343787200986;0.5127758447087823;-0.44921875;
13:33:10;156.0;1573047192;99.52;17.30900788602931;0.5090884672361562;-0.44677734375;
13:33:11;157.0;1573047193;99.259;17.05826621789072;0.5017137122909034;-0.44189453125;
13:33:12;158.0;1573047194;99.782;17.05826621789072;0.5017137122909034;-0.44189453125;
13:33:13;159.0;1573047195;100.066;17.183637051960012;0.5054010897635298;-0.4443359375;
13:33:15;161.0;1573047196;100.615;17.559749554167897;0.5164632221814087;-0.45166015625;
13:33:16;162.0;1573047197;101.1;18.43734539265296;0.542274864489793;-0.46875;
13:33:17;163.0;1573047198;101.123;18.311974558583668;0.5385874870171667;-0.46630859375;
13:33:18;164.0;1573047199;101.1;18.688087060791553;0.5496496194350456;-0.4736328125;
13:33:20;166.0;1573047200;99.738;17.05826621789072;0.5017137122909034;-0.44189453125;
13:33:21;167.0;1573047202;99.238;17.81049122230649;0.5238379771266615;-0.45654296875;
13:33:22;168.0;1573047203;98.978;16.431412047544242;0.48327682492777185;-0.4296875;
13:33:23;169.0;1573047204;99.542;16.807524549752127;0.4943389573456508;-0.43701171875;
13:33:24;170.0;1573047205;99.086;17.4343787200986;0.5127758447087823;-0.44921875;
13:33:25;171.0;1573047206;98.827;17.559749554167897;0.5164632221814087;-0.45166015625;
13:33:26;172.0;1573047207;99.064;17.183637051960012;0.5054010897635298;-0.4443359375;
13:33:27;173.0;1573047208;99.086;18.061232890445076;0.531212732071914;-0.46142578125;
13:33:28;174.0;1573047209;99.303;17.05826621789072;0.5017137122909034;-0.44189453125;
13:33:29;175.0;1573047210;99.325;17.05826621789072;0.5017137122909034;-0.44189453125;
13:33:30;176.0;1573047211;99.39;17.559749554167897;0.5164632221814087;-0.45166015625;
13:33:31;177.0;1573047212;99.368;17.05826621789072;0.5017137122909034;-0.44189453125;
13:33:32;178.0;1573047213;99.368;17.05826621789072;0.5017137122909034;-0.44189453125;
13:33:33;179.0;1573047215;99.825;16.807524549752127;0.4943389573456508;-0.43701171875;
13:33:34;180.0;1573047216;99.847;17.559749554167897;0.5164632221814087;-0.45166015625;
13:33:35;181.0;1573047217;99.52;17.05826621789072;0.5017137122909034;-0.44189453125;
13:33:36;182.0;1573047218;99.585;22.574582916939693;0.6639583210864616;-0.54931640625;
13:33:37;183.0;1573047219;99.651;17.30900788602931;0.5090884672361562;-0.44677734375;
13:33:38;184.0;1573047220;99.542;17.4343787200986;0.5127758447087823;-0.44921875;
13:33:39;185.0;1573047221;100.109;17.4343787200986;0.5127758447087823;-0.44921875;
13:33:40;186.0;1573047222;100.066;17.05826621789072;0.5017137122909034;-0.44189453125;
13:33:41;187.0;1573047223;99.803;20.067166235553795;0.5902107716339352;-0.50048828125;
13:33:42;188.0;1573047224;100.044;17.4343787200986;0.5127758447087823;-0.44921875;
13:33:43;189.0;1573047225;99.498;17.30900788602931;0.5090884672361562;-0.44677734375;
13:33:44;190.0;1573047226;99.803;16.93289538382142;0.49802633481827707;-0.439453125;
13:33:45;191.0;1573047226;100.044;16.93289538382142;0.49802633481827707;-0.439453125;
13:33:46;192.0;1573047227;100.109;17.05826621789072;0.5017137122909034;-0.44189453125;
13:33:47;193.0;1573047228;100.417;17.4343787200986;0.5127758447087823;-0.44921875;
13:33:48;194.0;1573047229;100.351;17.183637051960012;0.5054010897635298;-0.4443359375;
13:33:49;195.0;1573047230;100.285;17.68512038823719;0.520150599654035;-0.4541015625;
13:33:50;196.0;1573047231;100.263;13.798624532089049;0.40584189800261905;-0.37841796875;
13:33:51;197.0;1573047233;100.044;14.049366200227638;0.4132166529478717;-0.38330078125;
13:33:52;198.0;1573047234;99.542;16.807524549752127;0.4943389573456508;-0.43701171875;
13:33:53;199.0;1573047235;99.151;17.935862056375782;0.5275253545992877;-0.458984375;
13:33:54;200.0;1573047236;98.697;17.4343787200986;0.5127758447087823;-0.44921875;
13:33:55;201.0;1573047237;98.892;17.559749554167897;0.5164632221814087;-0.45166015625;
13:33:56;202.0;1573047238;99.194;16.68215371568283;0.49065157987302443;-0.4345703125;
13:33:57;203.0;1573047239;99.39;14.550849536504819;0.427966162838377;-0.39306640625;
13:33:58;204.0;1573047240;99.346;17.4343787200986;0.5127758447087823;-0.44921875;
13:33:59;205.0;1573047241;99.498;17.183637051960012;0.5054010897635298;-0.4443359375;
13:34:00;206.0;1573047242;99.477;17.559749554167897;0.5164632221814087;-0.45166015625;
13:34:01;207.0;1573047243;99.76;16.93289538382142;0.49802633481827707;-0.439453125;
13:34:02;208.0;1573047244;99.978;16.68215371568283;0.49065157987302443;-0.4345703125;
13:34:03;209.0;1573047245;99.825;17.559749554167897;0.5164632221814087;-0.45166015625;
13:34:04;210.0;1573047246;99.825;17.05826621789072;0.5017137122909034;-0.44189453125;
13:34:05;211.0;1573047247;99.803;17.68512038823719;0.520150599654035;-0.4541015625;
13:34:06;212.0;1573047248;99.542;17.30900788602931;0.5090884672361562;-0.44677734375;
13:34:07;213.0;1573047248;99.564;16.55678288161354;0.4869642024003982;-0.43212890625;
13:34:08;214.0;1573047249;99.585;20.44327873776168;0.6012729040518141;-0.5078125;
13:34:09;215.0;1573047251;99.325;17.559749554167897;0.5164632221814087;-0.45166015625;
13:34:10;216.0;1573047252;99.39;17.4343787200986;0.5127758447087823;-0.44921875;
13:34:11;217.0;1573047253;99.39;17.68512038823719;0.520150599654035;-0.4541015625;
13:34:12;218.0;1573047254;99.086;18.061232890445076;0.531212732071914;-0.46142578125;
13:34:13;219.0;1573047255;99.325;17.30900788602931;0.5090884672361562;-0.44677734375;
13:34:14;220.0;1573047256;99.259;17.183637051960012;0.5054010897635298;-0.4443359375;
13:34:15;221.0;1573047257;99.325;17.183637051960012;0.5054010897635298;-0.4443359375;
13:34:16;222.0;1573047258;99.564;17.68512038823719;0.520150599654035;-0.4541015625;
13:34:17;223.0;1573047259;99.346;17.183637051960012;0.5054010897635298;-0.4443359375;
13:34:19;225.0;1573047260;99.129;16.18067037940565;0.47590206998251916;-0.4248046875;
13:34:20;226.0;1573047261;98.482;17.30900788602931;0.5090884672361562;-0.44677734375;
13:34:21;227.0;1573047262;98.719;17.81049122230649;0.5238379771266615;-0.45654296875;
13:34:22;228.0;1573047263;98.633;16.68215371568283;0.49065157987302443;-0.4345703125;
13:34:23;229.0;1573047264;98.87;17.05826621789072;0.5017137122909034;-0.44189453125;
13:34:24;230.0;1573047265;99.129;17.4343787200986;0.5127758447087823;-0.44921875;
13:34:25;231.0;1573047266;98.913;17.559749554167897;0.5164632221814087;-0.45166015625;
13:34:26;232.0;1573047267;99.455;17.81049122230649;0.5238379771266615;-0.45654296875;
13:34:27;233.0;1573047268;99.477;17.05826621789072;0.5017137122909034;-0.44189453125;
13:34:28;234.0;1573047270;99.542;17.559749554167897;0.5164632221814087;-0.45166015625;
13:34:29;235.0;1573047271;99.346;17.68512038823719;0.520150599654035;-0.4541015625;
13:34:30;236.0;1573047272;98.892;16.93289538382142;0.49802633481827707;-0.439453125;
13:34:31;237.0;1573047272;98.87;17.559749554167897;0.5164632221814087;-0.45166015625;
13:34:32;238.0;1573047273;99.108;17.183637051960012;0.5054010897635298;-0.4443359375;
13:34:33;239.0;1573047274;99.607;17.05826621789072;0.5017137122909034;-0.44189453125;
13:34:34;240.0;1573047275;99.542;17.559749554167897;0.5164632221814087;-0.45166015625;
13:34:35;241.0;1573047276;99.325;17.05826621789072;0.5017137122909034;-0.44189453125;
13:34:36;242.0;1573047277;99.021;17.559749554167897;0.5164632221814087;-0.45166015625;
13:34:37;243.0;1573047278;98.504;17.183637051960012;0.5054010897635298;-0.4443359375;
13:34:38;244.0;1573047279;98.525;17.05826621789072;0.5017137122909034;-0.44189453125;
13:34:39;245.0;1573047280;98.762;16.807524549752127;0.4943389573456508;-0.43701171875;
13:34:40;246.0;1573047281;98.892;18.061232890445076;0.531212732071914;-0.46142578125;
13:34:41;247.0;1573047283;98.87;17.30900788602931;0.5090884672361562;-0.44677734375;
13:34:42;248.0;1573047284;99.173;17.81049122230649;0.5238379771266615;-0.45654296875;
13:34:43;249.0;1573047285;99.151;16.055299545336357;0.47221469250989284;-0.42236328125;
13:34:44;250.0;1573047286;98.827;13.673253698019751;0.4021545205299927;-0.3759765625;
13:34:45;251.0;1573047287;99.303;17.30900788602931;0.5090884672361562;-0.44677734375;
13:34:46;252.0;1573047288;98.762;17.4343787200986;0.5127758447087823;-0.44921875;
13:34:47;253.0;1573047289;99.303;17.183637051960012;0.5054010897635298;-0.4443359375;
13:34:48;254.0;1573047290;99.325;17.183637051960012;0.5054010897635298;-0.4443359375;
13:34:49;255.0;1573047290;98.784;18.061232890445076;0.531212732071914;-0.46142578125;
13:34:50;256.0;1573047291;99.086;16.431412047544242;0.48327682492777185;-0.4296875;
13:34:51;257.0;1573047292;98.611;17.183637051960012;0.5054010897635298;-0.4443359375;
13:34:52;258.0;1573047293;98.611;17.68512038823719;0.520150599654035;-0.4541015625;
13:34:53;259.0;1573047294;98.439;18.18660372451437;0.5349001095445403;-0.4638671875;
13:34:54;260.0;1573047295;98.353;17.183637051960012;0.5054010897635298;-0.4443359375;
13:34:55;261.0;1573047297;98.332;16.93289538382142;0.49802633481827707;-0.439453125;
13:34:56;262.0;1573047298;98.332;18.688087060791553;0.5496496194350456;-0.4736328125;
13:34:57;263.0;1573047299;98.568;16.68215371568283;0.49065157987302443;-0.4345703125;
13:34:58;264.0;1573047300;98.568;16.93289538382142;0.49802633481827707;-0.439453125;
13:34:59;265.0;1573047301;98.59;17.68512038823719;0.520150599654035;-0.4541015625;
13:35:00;266.0;1573047302;98.784;17.4343787200986;0.5127758447087823;-0.44921875;
13:35:01;267.0;1573047303;99.0;16.93289538382142;0.49802633481827707;-0.439453125;
13:35:02;268.0;1573047304;99.064;17.4343787200986;0.5127758447087823;-0.44921875;
13:35:03;269.0;1573047305;98.762;17.05826621789072;0.5017137122909034;-0.44189453125;
13:35:04;270.0;1573047305;98.784;16.807524549752127;0.4943389573456508;-0.43701171875;
13:35:05;271.0;1573047306;98.59;16.431412047544242;0.48327682492777185;-0.4296875;
13:35:06;272.0;1573047307;98.633;17.4343787200986;0.5127758447087823;-0.44921875;
13:35:07;273.0;1573047308;98.375;16.807524549752127;0.4943389573456508;-0.43701171875;
13:35:08;274.0;1573047309;98.16;16.807524549752127;0.4943389573456508;-0.43701171875;
13:35:09;275.0;1573047310;98.611;17.183637051960012;0.5054010897635298;-0.4443359375;
13:35:10;276.0;1573047312;99.086;17.30900788602931;0.5090884672361562;-0.44677734375;
13:35:11;277.0;1573047313;99.129;15.929928711267062;0.4685273150372665;-0.419921875;
13:35:12;278.0;1573047314;99.325;17.30900788602931;0.5090884672361562;-0.44677734375;
13:35:13;279.0;1573047315;99.021;16.68215371568283;0.49065157987302443;-0.4345703125;
13:35:14;280.0;1573047316;98.439;16.431412047544242;0.48327682492777185;-0.4296875;
13:35:15;281.0;1573047317;98.913;17.183637051960012;0.5054010897635298;-0.4443359375;
13:35:16;282.0;1573047318;98.935;17.05826621789072;0.5017137122909034;-0.44189453125;
13:35:17;283.0;1573047319;99.0;17.05826621789072;0.5017137122909034;-0.44189453125;
13:35:18;284.0;1573047320;99.064;17.559749554167897;0.5164632221814087;-0.45166015625;
13:35:19;285.0;1573047321;99.043;17.183637051960012;0.5054010897635298;-0.4443359375;
13:35:20;286.0;1573047322;98.719;17.183637051960012;0.5054010897635298;-0.4443359375;
13:35:21;287.0;1573047323;98.935;17.559749554167897;0.5164632221814087;-0.45166015625;
13:35:23;289.0;1573047324;98.59;17.183637051960012;0.5054010897635298;-0.4443359375;
13:35:24;290.0;1573047325;98.568;17.183637051960012;0.5054010897635298;-0.4443359375;
13:35:25;291.0;1573047326;99.39;17.68512038823719;0.520150599654035;-0.4541015625;
13:35:26;292.0;1573047327;99.477;16.55678288161354;0.4869642024003982;-0.43212890625;
13:35:27;293.0;1573047328;99.477;17.4343787200986;0.5127758447087823;-0.44921875;
13:35:28;294.0;1573047329;99.498;16.30604121347495;0.47958944745514553;-0.42724609375;
13:35:29;295.0;1573047330;98.935;17.05826621789072;0.5017137122909034;-0.44189453125;
13:35:30;296.0;1573047331;98.396;17.30900788602931;0.5090884672361562;-0.44677734375;
13:35:31;297.0;1573047333;98.697;17.559749554167897;0.5164632221814087;-0.45166015625;
13:35:32;298.0;1573047334;98.482;17.559749554167897;0.5164632221814087;-0.45166015625;
13:35:33;299.0;1573047335;98.568;17.183637051960012;0.5054010897635298;-0.4443359375;
13:35:34;300.0;1573047336;98.59;17.05826621789072;0.5017137122909034;-0.44189453125;
13:35:35;301.0;1573047336;98.31;17.30900788602931;0.5090884672361562;-0.44677734375;
13:35:36;302.0;1573047337;98.504;16.93289538382142;0.49802633481827707;-0.439453125;
13:35:37;303.0;1573047338;98.461;16.807524549752127;0.4943389573456508;-0.43701171875;
13:35:38;304.0;1573047339;98.913;17.183637051960012;0.5054010897635298;-0.4443359375;
13:35:39;305.0;1573047340;98.913;17.4343787200986;0.5127758447087823;-0.44921875;
13:35:40;306.0;1573047341;98.978;16.93289538382142;0.49802633481827707;-0.439453125;
13:35:41;307.0;1573047342;98.978;17.4343787200986;0.5127758447087823;-0.44921875;
13:35:42;308.0;1573047343;98.762;17.05826621789072;0.5017137122909034;-0.44189453125;
13:35:43;309.0;1573047344;99.064;16.93289538382142;0.49802633481827707;-0.439453125;
13:35:44;310.0;1573047345;99.064;17.05826621789072;0.5017137122909034;-0.44189453125;
13:35:45;311.0;1573047346;99.303;17.183637051960012;0.5054010897635298;-0.4443359375;
13:35:46;312.0;1573047347;98.935;17.30900788602931;0.5090884672361562;-0.44677734375;
13:35:47;313.0;1573047348;98.676;17.05826621789072;0.5017137122909034;-0.44189453125;
13:35:48;314.0;1573047350;98.633;17.30900788602931;0.5090884672361562;-0.44677734375;
13:35:49;315.0;1573047351;98.117;17.4343787200986;0.5127758447087823;-0.44921875;
13:35:50;316.0;1573047352;98.439;16.55678288161354;0.4869642024003982;-0.43212890625;
13:35:51;317.0;1573047353;98.784;17.4343787200986;0.5127758447087823;-0.44921875;
13:35:52;318.0;1573047354;99.0;17.30900788602931;0.5090884672361562;-0.44677734375;
13:35:53;319.0;1573047355;99.064;17.4343787200986;0.5127758447087823;-0.44921875;
13:35:54;320.0;1573047356;99.281;17.935862056375782;0.5275253545992877;-0.458984375;
13:35:55;321.0;1573047357;99.216;17.30900788602931;0.5090884672361562;-0.44677734375;
13:35:56;322.0;1573047358;98.74;16.68215371568283;0.49065157987302443;-0.4345703125;
13:35:57;323.0;1573047359;98.439;17.30900788602931;0.5090884672361562;-0.44677734375;
13:35:58;324.0;1573047359;97.946;16.431412047544242;0.48327682492777185;-0.4296875;
13:35:59;325.0;1573047360;97.882;18.061232890445076;0.531212732071914;-0.46142578125;
13:36:00;326.0;1573047361;98.182;17.559749554167897;0.5164632221814087;-0.45166015625;
13:36:01;327.0;1573047362;98.182;17.4343787200986;0.5127758447087823;-0.44921875;
13:36:02;328.0;1573047363;98.74;17.4343787200986;0.5127758447087823;-0.44921875;
13:36:03;329.0;1573047365;98.784;17.05826621789072;0.5017137122909034;-0.44189453125;
13:36:04;330.0;1573047366;98.482;16.807524549752127;0.4943389573456508;-0.43701171875;
13:36:05;331.0;1573047367;99.194;17.05826621789072;0.5017137122909034;-0.44189453125;
13:36:06;332.0;1573047368;98.16;17.30900788602931;0.5090884672361562;-0.44677734375;
13:36:07;333.0;1573047369;97.605;17.4343787200986;0.5127758447087823;-0.44921875;
13:36:08;334.0;1573047370;98.203;14.425478702435521;0.42427878536575064;-0.390625;
13:36:09;335.0;1573047371;97.265;17.05826621789072;0.5017137122909034;-0.44189453125;
13:36:10;336.0;1573047372;98.01;16.30604121347495;0.47958944745514553;-0.42724609375;
13:36:11;337.0;1573047373;98.267;16.55678288161354;0.4869642024003982;-0.43212890625;
13:36:12;338.0;1573047374;97.712;16.55678288161354;0.4869642024003982;-0.43212890625;
13:36:13;339.0;1573047375;98.719;16.68215371568283;0.49065157987302443;-0.4345703125;
13:36:14;340.0;1573047376;98.267;17.05826621789072;0.5017137122909034;-0.44189453125;
13:36:15;341.0;1573047377;98.246;17.05826621789072;0.5017137122909034;-0.44189453125;
13:36:16;342.0;1573047378;98.805;17.81049122230649;0.5238379771266615;-0.45654296875;
13:36:17;343.0;1573047379;98.31;18.18660372451437;0.5349001095445403;-0.4638671875;
13:36:18;344.0;1573047380;99.0;16.93289538382142;0.49802633481827707;-0.439453125;
13:36:19;345.0;1573047381;99.108;17.05826621789072;0.5017137122909034;-0.44189453125;
13:36:20;346.0;1573047382;98.547;17.30900788602931;0.5090884672361562;-0.44677734375;
13:36:21;347.0;1573047383;98.762;17.30900788602931;0.5090884672361562;-0.44677734375;
13:36:22;348.0;1573047384;98.482;18.56271622672226;0.5459622419624194;-0.47119140625;
13:36:23;349.0;1573047385;98.482;17.68512038823719;0.520150599654035;-0.4541015625;
13:36:24;350.0;1573047386;98.654;17.559749554167897;0.5164632221814087;-0.45166015625;
13:36:25;351.0;1573047387;98.654;17.30900788602931;0.5090884672361562;-0.44677734375;
13:36:26;352.0;1573047388;98.439;17.4343787200986;0.5127758447087823;-0.44921875;
13:36:28;354.0;1573047389;98.439;17.183637051960012;0.5054010897635298;-0.4443359375;
13:36:29;355.0;1573047390;97.989;17.4343787200986;0.5127758447087823;-0.44921875;
13:36:30;356.0;1573047391;97.776;17.183637051960012;0.5054010897635298;-0.4443359375;
13:36:31;357.0;1573047392;98.053;17.183637051960012;0.5054010897635298;-0.4443359375;
13:36:32;358.0;1573047393;98.246;17.68512038823719;0.520150599654035;-0.4541015625;
13:36:33;359.0;1573047394;98.246;17.30900788602931;0.5090884672361562;-0.44677734375;
13:36:34;360.0;1573047396;98.719;17.30900788602931;0.5090884672361562;-0.44677734375;
13:36:35;361.0;1573047397;98.676;16.68215371568283;0.49065157987302443;-0.4345703125;
13:36:36;362.0;1573047398;98.697;13.422512029881165;0.39477976558474015;-0.37109375;
13:36:37;363.0;1573047399;99.238;17.05826621789072;0.5017137122909034;-0.44189453125;
13:36:38;364.0;1573047400;98.784;17.68512038823719;0.520150599654035;-0.4541015625;
13:36:39;365.0;1573047400;98.762;17.559749554167897;0.5164632221814087;-0.45166015625;
13:36:40;366.0;1573047401;98.482;17.4343787200986;0.5127758447087823;-0.44921875;
13:36:41;367.0;1573047402;98.246;17.05826621789072;0.5017137122909034;-0.44189453125;
13:36:42;368.0;1573047403;97.968;17.05826621789072;0.5017137122909034;-0.44189453125;
13:36:43;369.0;1573047404;97.754;17.30900788602931;0.5090884672361562;-0.44677734375;
13:36:44;370.0;1573047405;98.246;17.05826621789072;0.5017137122909034;-0.44189453125;
13:36:45;371.0;1573047406;98.439;16.93289538382142;0.49802633481827707;-0.439453125;
13:36:46;372.0;1573047407;98.74;17.183637051960012;0.5054010897635298;-0.4443359375;
13:36:47;373.0;1573047408;98.762;17.4343787200986;0.5127758447087823;-0.44921875;
13:36:48;374.0;1573047410;98.053;16.68215371568283;0.49065157987302443;-0.4345703125;
13:36:49;375.0;1573047411;97.84;18.18660372451437;0.5349001095445403;-0.4638671875;
13:36:50;376.0;1573047412;97.265;17.183637051960012;0.5054010897635298;-0.4443359375;
13:36:51;377.0;1573047413;97.265;16.93289538382142;0.49802633481827707;-0.439453125;
13:36:52;378.0;1573047414;97.52;17.183637051960012;0.5054010897635298;-0.4443359375;
13:36:53;379.0;1573047415;97.265;17.4343787200986;0.5127758447087823;-0.44921875;
13:36:54;380.0;1573047416;98.01;17.4343787200986;0.5127758447087823;-0.44921875;
13:36:55;381.0;1573047417;97.925;17.68512038823719;0.520150599654035;-0.4541015625;
13:36:56;382.0;1573047417;97.882;16.93289538382142;0.49802633481827707;-0.439453125;
13:36:57;383.0;1573047418;98.31;16.18067037940565;0.47590206998251916;-0.4248046875;
13:36:58;384.0;1573047419;97.882;16.55678288161354;0.4869642024003982;-0.43212890625;
13:36:59;385.0;1573047420;98.203;15.67918704312847;0.46115256009201383;-0.4150390625;
13:37:00;386.0;1573047421;98.01;17.4343787200986;0.5127758447087823;-0.44921875;
13:37:01;387.0;1573047423;98.032;17.05826621789072;0.5017137122909034;-0.44189453125;
13:37:02;388.0;1573047424;98.482;16.055299545336357;0.47221469250989284;-0.42236328125;
13:37:03;389.0;1573047425;98.246;14.550849536504819;0.427966162838377;-0.39306640625;
13:37:04;390.0;1573047426;98.719;18.813457894860846;0.5533369969076719;-0.47607421875;
13:37:05;391.0;1573047427;98.504;16.807524549752127;0.4943389573456508;-0.43701171875;
13:37:06;392.0;1573047428;98.053;17.30900788602931;0.5090884672361562;-0.44677734375;
13:37:07;393.0;1573047429;97.754;16.807524549752127;0.4943389573456508;-0.43701171875;
13:37:08;394.0;1573047430;97.69;18.061232890445076;0.531212732071914;-0.46142578125;
13:37:09;395.0;1573047431;97.69;17.559749554167897;0.5164632221814087;-0.45166015625;
13:37:10;396.0;1573047431;97.904;18.43734539265296;0.542274864489793;-0.46875;
13:37:11;397.0;1573047432;97.712;16.431412047544242;0.48327682492777185;-0.4296875;
13:37:12;398.0;1573047433;97.776;18.18660372451437;0.5349001095445403;-0.4638671875;
13:37:13;399.0;1573047434;97.52;17.935862056375782;0.5275253545992877;-0.458984375;
13:37:14;400.0;1573047436;97.032;20.568649571830974;0.6049602815244404;-0.51025390625;
13:37:15;401.0;1573047437;97.265;17.05826621789072;0.5017137122909034;-0.44189453125;
13:37:16;402.0;1573047438;97.032;16.93289538382142;0.49802633481827707;-0.439453125;
13:37:17;403.0;1573047439;97.265;17.183637051960012;0.5054010897635298;-0.4443359375;
13:37:18;404.0;1573047440;97.202;17.4343787200986;0.5127758447087823;-0.44921875;
13:37:19;405.0;1573047441;97.435;17.4343787200986;0.5127758447087823;-0.44921875;
13:37:20;406.0;1573047442;97.18;16.18067037940565;0.47590206998251916;-0.4248046875;
13:37:21;407.0;1573047443;97.159;17.30900788602931;0.5090884672361562;-0.44677734375;
13:37:22;408.0;1573047444;97.669;17.05826621789072;0.5017137122909034;-0.44189453125;
13:37:23;409.0;1573047445;97.946;16.431412047544242;0.48327682492777185;-0.4296875;
13:37:24;410.0;1573047446;98.332;17.05826621789072;0.5017137122909034;-0.44189453125;
13:37:25;411.0;1573047447;98.332;17.05826621789072;0.5017137122909034;-0.44189453125;
13:37:26;412.0;1573047448;98.139;17.183637051960012;0.5054010897635298;-0.4443359375;
13:37:27;413.0;1573047449;97.904;17.05826621789072;0.5017137122909034;-0.44189453125;
13:37:28;414.0;1573047450;97.968;17.05826621789072;0.5017137122909034;-0.44189453125;
13:37:29;415.0;1573047451;97.754;17.4343787200986;0.5127758447087823;-0.44921875;
13:37:30;416.0;1573047452;97.669;17.559749554167897;0.5164632221814087;-0.45166015625;
13:37:32;418.0;1573047453;97.605;17.81049122230649;0.5238379771266615;-0.45654296875;
13:37:33;419.0;1573047454;97.159;17.559749554167897;0.5164632221814087;-0.45166015625;
13:37:34;420.0;1573047455;97.414;18.93882872893014;0.5570243743802983;-0.478515625;
13:37:35;421.0;1573047456;97.456;17.559749554167897;0.5164632221814087;-0.45166015625;
13:37:36;422.0;1573047457;97.563;19.18957039706873;0.5643991293255509;-0.4833984375;
13:37:37;423.0;1573047458;97.286;16.93289538382142;0.49802633481827707;-0.439453125;
13:37:38;424.0;1573047459;97.286;17.559749554167897;0.5164632221814087;-0.45166015625;
13:37:39;425.0;1573047460;97.35;16.93289538382142;0.49802633481827707;-0.439453125;
13:37:40;426.0;1573047461;97.032;17.05826621789072;0.5017137122909034;-0.44189453125;
13:37:41;427.0;1573047462;97.478;17.05826621789072;0.5017137122909034;-0.44189453125;
13:37:42;428.0;1573047463;97.159;16.807524549752127;0.4943389573456508;-0.43701171875;
13:37:43;429.0;1573047464;97.626;17.559749554167897;0.5164632221814087;-0.45166015625;
13:37:44;430.0;1573047466;97.35;17.05826621789072;0.5017137122909034;-0.44189453125;
13:37:45;431.0;1573047467;97.138;17.05826621789072;0.5017137122909034;-0.44189453125;
13:37:46;432.0;1573047467;97.159;17.183637051960012;0.5054010897635298;-0.4443359375;
13:37:47;433.0;1573047468;96.589;18.061232890445076;0.531212732071914;-0.46142578125;
13:37:48;434.0;1573047469;97.18;16.55678288161354;0.4869642024003982;-0.43212890625;
13:37:49;435.0;1573047470;97.648;17.559749554167897;0.5164632221814087;-0.45166015625;
13:37:50;436.0;1573047471;97.925;17.183637051960012;0.5054010897635298;-0.4443359375;
13:37:51;437.0;1573047472;98.547;17.4343787200986;0.5127758447087823;-0.44921875;
13:37:52;438.0;1573047473;98.439;13.297141195811868;0.3910923881121138;-0.36865234375;
13:37:53;439.0;1573047474;97.946;17.05826621789072;0.5017137122909034;-0.44189453125;
13:37:54;440.0;1573047476;97.946;16.807524549752127;0.4943389573456508;-0.43701171875;
13:37:55;441.0;1573047477;97.946;17.4343787200986;0.5127758447087823;-0.44921875;
13:37:56;442.0;1573047478;97.968;17.183637051960012;0.5054010897635298;-0.4443359375;
13:37:57;443.0;1573047479;98.482;17.559749554167897;0.5164632221814087;-0.45166015625;
13:37:58;444.0;1573047480;98.225;17.05826621789072;0.5017137122909034;-0.44189453125;
13:37:59;445.0;1573047481;98.396;17.68512038823719;0.520150599654035;-0.4541015625;
13:38:00;446.0;1573047482;98.139;17.30900788602931;0.5090884672361562;-0.44677734375;
13:38:01;447.0;1573047483;97.904;17.05826621789072;0.5017137122909034;-0.44189453125;
13:38:02;448.0;1573047484;97.946;18.18660372451437;0.5349001095445403;-0.4638671875;
13:38:03;449.0;1573047485;97.478;17.05826621789072;0.5017137122909034;-0.44189453125;
13:38:04;450.0;1573047485;97.968;17.183637051960012;0.5054010897635298;-0.4443359375;
13:38:05;451.0;1573047486;97.968;18.18660372451437;0.5349001095445403;-0.4638671875;
13:38:06;452.0;1573047487;98.16;17.935862056375782;0.5275253545992877;-0.458984375;
13:38:07;453.0;1573047488;98.375;17.559749554167897;0.5164632221814087;-0.45166015625;
13:38:08;454.0;1573047489;98.117;18.061232890445076;0.531212732071914;-0.46142578125;
13:38:09;455.0;1573047491;97.818;17.30900788602931;0.5090884672361562;-0.44677734375;
13:38:10;456.0;1573047492;98.117;17.183637051960012;0.5054010897635298;-0.4443359375;
13:38:11;457.0;1573047493;97.818;17.05826621789072;0.5017137122909034;-0.44189453125;
13:38:12;458.0;1573047494;97.861;17.183637051960012;0.5054010897635298;-0.4443359375;
13:38:13;459.0;1573047495;98.16;17.4343787200986;0.5127758447087823;-0.44921875;
13:38:15;461.0;1573047496;97.754;17.05826621789072;0.5017137122909034;-0.44189453125;
13:38:16;462.0;1573047498;97.733;17.30900788602931;0.5090884672361562;-0.44677734375;
13:38:17;463.0;1573047499;97.712;16.93289538382142;0.49802633481827707;-0.439453125;
13:38:18;464.0;1573047500;97.904;17.559749554167897;0.5164632221814087;-0.45166015625;
13:38:19;465.0;1573047501;97.414;17.559749554167897;0.5164632221814087;-0.45166015625;
13:38:20;466.0;1573047502;97.648;16.68215371568283;0.49065157987302443;-0.4345703125;
13:38:21;467.0;1573047503;97.138;16.30604121347495;0.47958944745514553;-0.42724609375;
13:38:22;468.0;1573047504;97.456;17.183637051960012;0.5054010897635298;-0.4443359375;
13:38:23;469.0;1573047505;97.669;17.183637051960012;0.5054010897635298;-0.4443359375;
13:38:24;470.0;1573047506;97.18;17.81049122230649;0.5238379771266615;-0.45654296875;
13:38:25;471.0;1573047507;97.712;17.4343787200986;0.5127758447087823;-0.44921875;
13:38:26;472.0;1573047507;97.18;17.05826621789072;0.5017137122909034;-0.44189453125;
13:38:27;473.0;1573047509;97.69;18.813457894860846;0.5533369969076719;-0.47607421875;
13:38:28;474.0;1573047510;97.925;16.93289538382142;0.49802633481827707;-0.439453125;
13:38:29;475.0;1573047511;97.669;19.064199562999438;0.5607117518529247;-0.48095703125;
13:38:30;476.0;1573047512;97.882;17.30900788602931;0.5090884672361562;-0.44677734375;
13:38:31;477.0;1573047513;97.117;17.183637051960012;0.5054010897635298;-0.4443359375;
13:38:32;478.0;1573047514;97.117;17.183637051960012;0.5054010897635298;-0.4443359375;
13:38:33;479.0;1573047515;97.096;18.43734539265296;0.542274864489793;-0.46875;
13:38:34;480.0;1573047516;97.138;17.4343787200986;0.5127758447087823;-0.44921875;
13:38:36;482.0;1573047517;97.414;18.061232890445076;0.531212732071914;-0.46142578125;
13:38:37;483.0;1573047518;96.969;17.30900788602931;0.5090884672361562;-0.44677734375;
13:38:38;484.0;1573047519;97.435;17.4343787200986;0.5127758447087823;-0.44921875;
13:38:39;485.0;1573047520;97.159;17.68512038823719;0.520150599654035;-0.4541015625;
13:38:40;486.0;1573047521;97.117;17.559749554167897;0.5164632221814087;-0.45166015625;
13:38:41;487.0;1573047522;97.584;17.05826621789072;0.5017137122909034;-0.44189453125;
13:38:42;488.0;1573047523;97.075;17.183637051960012;0.5054010897635298;-0.4443359375;
13:38:43;489.0;1573047524;96.842;17.05826621789072;0.5017137122909034;-0.44189453125;
13:38:44;490.0;1573047525;96.863;17.30900788602931;0.5090884672361562;-0.44677734375;
13:38:45;491.0;1573047527;96.568;17.559749554167897;0.5164632221814087;-0.45166015625;
13:38:46;492.0;1573047527;96.821;17.30900788602931;0.5090884672361562;-0.44677734375;
13:38:47;493.0;1573047528;97.286;17.05826621789072;0.5017137122909034;-0.44189453125;
13:38:48;494.0;1573047529;97.286;15.804557877197768;0.4648399375646402;-0.41748046875;
13:38:49;495.0;1573047530;97.308;16.93289538382142;0.49802633481827707;-0.439453125;
13:38:50;496.0;1573047531;97.117;17.559749554167897;0.5164632221814087;-0.45166015625;
13:38:51;497.0;1573047532;96.927;16.93289538382142;0.49802633481827707;-0.439453125;
13:38:52;498.0;1573047533;96.632;17.30900788602931;0.5090884672361562;-0.44677734375;
13:38:53;499.0;1573047534;96.695;17.559749554167897;0.5164632221814087;-0.45166015625;
13:38:54;500.0;1573047535;96.927;17.05826621789072;0.5017137122909034;-0.44189453125;
13:38:55;501.0;1573047537;97.138;17.559749554167897;0.5164632221814087;-0.45166015625;
13:38:56;502.0;1573047538;97.733;17.4343787200986;0.5127758447087823;-0.44921875;
13:38:57;503.0;1573047539;98.182;17.05826621789072;0.5017137122909034;-0.44189453125;
13:38:58;504.0;1573047540;98.182;17.935862056375782;0.5275253545992877;-0.458984375;
13:38:59;505.0;1573047541;98.182;18.813457894860846;0.5533369969076719;-0.47607421875;
13:39:00;506.0;1573047542;97.818;16.68215371568283;0.49065157987302443;-0.4345703125;
13:39:01;507.0;1573047543;97.075;17.559749554167897;0.5164632221814087;-0.45166015625;
13:39:02;508.0;1573047544;97.096;17.183637051960012;0.5054010897635298;-0.4443359375;
13:39:03;509.0;1573047545;97.096;17.183637051960012;0.5054010897635298;-0.4443359375;
13:39:04;510.0;1573047545;96.653;17.183637051960012;0.5054010897635298;-0.4443359375;
13:39:05;511.0;1573047546;96.653;17.559749554167897;0.5164632221814087;-0.45166015625;
13:39:06;512.0;1573047547;96.379;17.559749554167897;0.5164632221814087;-0.45166015625;
13:39:07;513.0;1573047548;96.149;17.30900788602931;0.5090884672361562;-0.44677734375;
13:39:08;514.0;1573047549;96.653;17.183637051960012;0.5054010897635298;-0.4443359375;
13:39:09;515.0;1573047550;96.948;17.183637051960012;0.5054010897635298;-0.4443359375;
13:39:10;516.0;1573047552;96.948;17.30900788602931;0.5090884672361562;-0.44677734375;
13:39:11;517.0;1573047553;96.927;16.055299545336357;0.47221469250989284;-0.42236328125;
13:39:12;518.0;1573047554;96.716;17.4343787200986;0.5127758447087823;-0.44921875;
13:39:14;520.0;1573047555;96.716;16.93289538382142;0.49802633481827707;-0.439453125;
13:39:15;521.0;1573047557;96.674;16.68215371568283;0.49065157987302443;-0.4345703125;
13:39:16;522.0;1573047558;96.884;17.05826621789072;0.5017137122909034;-0.44189453125;
13:39:17;523.0;1573047559;97.075;18.061232890445076;0.531212732071914;-0.46142578125;
13:39:18;524.0;1573047560;97.075;16.30604121347495;0.47958944745514553;-0.42724609375;
13:39:19;525.0;1573047561;97.35;16.93289538382142;0.49802633481827707;-0.439453125;
13:39:20;526.0;1573047561;97.35;17.935862056375782;0.5275253545992877;-0.458984375;
13:39:21;527.0;1573047562;97.584;17.183637051960012;0.5054010897635298;-0.4443359375;
13:39:22;528.0;1573047563;97.032;17.183637051960012;0.5054010897635298;-0.4443359375;
13:39:23;529.0;1573047565;96.547;17.05826621789072;0.5017137122909034;-0.44189453125;
13:39:24;530.0;1573047566;96.295;17.68512038823719;0.520150599654035;-0.4541015625;
13:39:25;531.0;1573047567;95.877;16.807524549752127;0.4943389573456508;-0.43701171875;
13:39:26;532.0;1573047568;96.128;17.4343787200986;0.5127758447087823;-0.44921875;
13:39:27;533.0;1573047569;96.128;17.559749554167897;0.5164632221814087;-0.45166015625;
13:39:28;534.0;1573047570;96.149;17.05826621789072;0.5017137122909034;-0.44189453125;
13:39:29;535.0;1573047571;96.611;16.93289538382142;0.49802633481827707;-0.439453125;
13:39:30;536.0;1573047572;96.358;17.81049122230649;0.5238379771266615;-0.45654296875;
13:39:31;537.0;1573047573;96.589;17.05826621789072;0.5017137122909034;-0.44189453125;
13:39:32;538.0;1573047574;96.568;17.30900788602931;0.5090884672361562;-0.44677734375;
13:39:33;539.0;1573047575;96.611;16.807524549752127;0.4943389573456508;-0.43701171875;
13:39:34;540.0;1573047576;96.632;17.05826621789072;0.5017137122909034;-0.44189453125;
13:39:35;541.0;1573047577;96.969;17.30900788602931;0.5090884672361562;-0.44677734375;
13:39:36;542.0;1573047578;97.244;15.052332872781998;0.4427156727288823;-0.40283203125;
13:39:37;543.0;1573047579;96.969;16.93289538382142;0.49802633481827707;-0.439453125;
13:39:38;544.0;1573047580;96.737;16.93289538382142;0.49802633481827707;-0.439453125;
13:39:40;546.0;1573047581;95.94;16.93289538382142;0.49802633481827707;-0.439453125;
13:39:41;547.0;1573047582;95.898;17.68512038823719;0.520150599654035;-0.4541015625;
13:39:42;548.0;1573047584;95.919;17.559749554167897;0.5164632221814087;-0.45166015625;
13:39:43;549.0;1573047584;96.379;17.183637051960012;0.5054010897635298;-0.4443359375;
13:39:44;550.0;1573047585;96.8;17.183637051960012;0.5054010897635298;-0.4443359375;
13:39:45;551.0;1573047586;96.611;17.4343787200986;0.5127758447087823;-0.44921875;
13:39:46;552.0;1573047587;96.863;17.4343787200986;0.5127758447087823;-0.44921875;
13:39:47;553.0;1573047588;96.632;17.559749554167897;0.5164632221814087;-0.45166015625;
13:39:48;554.0;1573047589;96.695;17.4343787200986;0.5127758447087823;-0.44921875;
13:39:49;555.0;1573047590;96.653;17.559749554167897;0.5164632221814087;-0.45166015625;
13:39:50;556.0;1573047591;96.4;17.68512038823719;0.520150599654035;-0.4541015625;
13:39:51;557.0;1573047592;96.716;16.431412047544242;0.48327682492777185;-0.4296875;
13:39:52;558.0;1573047593;96.463;17.30900788602931;0.5090884672361562;-0.44677734375;
13:39:53;559.0;1573047594;96.737;17.30900788602931;0.5090884672361562;-0.44677734375;
13:39:54;560.0;1573047595;96.948;16.55678288161354;0.4869642024003982;-0.43212890625;
13:39:55;561.0;1573047596;96.863;17.05826621789072;0.5017137122909034;-0.44189453125;
13:39:56;562.0;1573047597;97.138;17.05826621789072;0.5017137122909034;-0.44189453125;
13:39:57;563.0;1573047599;96.884;17.4343787200986;0.5127758447087823;-0.44921875;
13:39:58;564.0;1573047600;96.927;16.18067037940565;0.47590206998251916;-0.4248046875;
13:39:59;565.0;1573047601;96.884;17.183637051960012;0.5054010897635298;-0.4443359375;
13:40:00;566.0;1573047602;96.906;17.05826621789072;0.5017137122909034;-0.44189453125;
13:40:01;567.0;1573047603;97.393;17.183637051960012;0.5054010897635298;-0.4443359375;
13:40:02;568.0;1573047603;96.906;16.93289538382142;0.49802633481827707;-0.439453125;
13:40:03;569.0;1573047604;97.223;17.559749554167897;0.5164632221814087;-0.45166015625;
13:40:04;570.0;1573047606;97.138;16.55678288161354;0.4869642024003982;-0.43212890625;
13:40:05;571.0;1573047607;96.842;17.559749554167897;0.5164632221814087;-0.45166015625;
13:40:06;572.0;1573047607;97.308;17.81049122230649;0.5238379771266615;-0.45654296875;
13:40:07;573.0;1573047608;97.308;17.05826621789072;0.5017137122909034;-0.44189453125;
13:40:08;574.0;1573047609;97.159;17.05826621789072;0.5017137122909034;-0.44189453125;
13:40:09;575.0;1573047610;97.435;17.183637051960012;0.5054010897635298;-0.4443359375;
13:40:10;576.0;1573047611;96.884;17.559749554167897;0.5164632221814087;-0.45166015625;
13:40:11;577.0;1573047612;96.632;17.559749554167897;0.5164632221814087;-0.45166015625;
13:40:12;578.0;1573047613;96.863;17.559749554167897;0.5164632221814087;-0.45166015625;
13:40:13;579.0;1573047614;96.358;17.05826621789072;0.5017137122909034;-0.44189453125;
13:40:14;580.0;1573047616;96.589;17.4343787200986;0.5127758447087823;-0.44921875;
13:40:15;581.0;1573047617;96.337;17.4343787200986;0.5127758447087823;-0.44921875;
13:40:16;582.0;1573047618;96.275;18.061232890445076;0.531212732071914;-0.46142578125;
13:40:17;583.0;1573047619;96.044;17.81049122230649;0.5238379771266615;-0.45654296875;
13:40:18;584.0;1573047620;95.877;17.4343787200986;0.5127758447087823;-0.44921875;
13:40:19;585.0;1573047621;95.898;17.05826621789072;0.5017137122909034;-0.44189453125;
13:40:20;586.0;1573047622;95.648;17.05826621789072;0.5017137122909034;-0.44189453125;
13:40:21;587.0;1573047623;95.877;18.43734539265296;0.542274864489793;-0.46875;
13:40:22;588.0;1573047624;96.086;17.559749554167897;0.5164632221814087;-0.45166015625;
13:40:23;589.0;1573047625;96.337;17.30900788602931;0.5090884672361562;-0.44677734375;
13:40:24;590.0;1573047626;96.044;16.68215371568283;0.49065157987302443;-0.4345703125;
13:40:25;591.0;1573047626;96.002;20.44327873776168;0.6012729040518141;-0.5078125;
13:40:26;592.0;1573047627;96.002;17.05826621789072;0.5017137122909034;-0.44189453125;
13:40:27;593.0;1573047629;95.94;17.30900788602931;0.5090884672361562;-0.44677734375;
13:40:28;594.0;1573047630;96.484;17.05826621789072;0.5017137122909034;-0.44189453125;
13:40:29;595.0;1573047631;96.316;17.30900788602931;0.5090884672361562;-0.44677734375;
13:40:30;596.0;1573047632;96.611;17.68512038823719;0.520150599654035;-0.4541015625;
13:40:31;597.0;1573047633;96.589;17.30900788602931;0.5090884672361562;-0.44677734375;
13:40:32;598.0;1573047634;96.379;17.05826621789072;0.5017137122909034;-0.44189453125;
13:40:33;599.0;1573047635;96.568;17.05826621789072;0.5017137122909034;-0.44189453125;
13:40:34;600.0;1573047636;96.086;17.559749554167897;0.5164632221814087;-0.45166015625;
13:40:35;601.0;1573047637;96.128;16.55678288161354;0.4869642024003982;-0.43212890625;
13:40:36;602.0;1573047638;96.107;16.055299545336357;0.47221469250989284;-0.42236328125;
13:40:37;603.0;1573047639;96.149;18.311974558583668;0.5385874870171667;-0.46630859375;
13:40:38;604.0;1573047640;96.589;17.68512038823719;0.520150599654035;-0.4541015625;
13:40:39;605.0;1573047641;96.632;17.68512038823719;0.520150599654035;-0.4541015625;
13:40:40;606.0;1573047642;96.358;17.183637051960012;0.5054010897635298;-0.4443359375;
13:40:41;607.0;1573047643;96.632;17.30900788602931;0.5090884672361562;-0.44677734375;
13:40:42;608.0;1573047644;96.379;17.81049122230649;0.5238379771266615;-0.45654296875;
13:40:44;610.0;1573047645;96.379;16.93289538382142;0.49802633481827707;-0.439453125;
13:40:45;611.0;1573047646;96.632;16.807524549752127;0.4943389573456508;-0.43701171875;
13:40:46;612.0;1573047647;96.611;17.4343787200986;0.5127758447087823;-0.44921875;
13:40:47;613.0;1573047648;96.632;17.05826621789072;0.5017137122909034;-0.44189453125;
13:40:48;614.0;1573047649;96.653;17.30900788602931;0.5090884672361562;-0.44677734375;
13:40:49;615.0;1573047651;96.948;17.559749554167897;0.5164632221814087;-0.45166015625;
13:40:50;616.0;1573047651;96.906;17.05826621789072;0.5017137122909034;-0.44189453125;
13:40:51;617.0;1573047652;96.653;17.559749554167897;0.5164632221814087;-0.45166015625;
13:40:52;618.0;1573047653;96.086;19.565682899276617;0.5754612617434299;-0.49072265625;
13:40:53;619.0;1573047654;95.836;17.68512038823719;0.520150599654035;-0.4541015625;
13:40:54;620.0;1573047655;95.627;16.807524549752127;0.4943389573456508;-0.43701171875;
13:40:55;621.0;1573047656;95.648;17.559749554167897;0.5164632221814087;-0.45166015625;
13:40:56;622.0;1573047657;95.961;17.4343787200986;0.5127758447087823;-0.44921875;
13:40:57;623.0;1573047658;96.254;13.046399527673278;0.38371763316686114;-0.36376953125;
13:40:58;624.0;1573047659;96.463;17.30900788602931;0.5090884672361562;-0.44677734375;
13:40:59;625.0;1573047660;96.737;17.05826621789072;0.5017137122909034;-0.44189453125;
13:41:00;626.0;1573047661;97.032;16.055299545336357;0.47221469250989284;-0.42236328125;
13:41:01;627.0;1573047662;96.948;17.05826621789072;0.5017137122909034;-0.44189453125;
13:41:02;628.0;1573047663;96.653;17.30900788602931;0.5090884672361562;-0.44677734375;
13:41:03;629.0;1573047665;96.358;14.926962038712702;0.4390282952562559;-0.400390625;
13:41:04;630.0;1573047666;96.254;17.183637051960012;0.5054010897635298;-0.4443359375;
13:41:05;631.0;1573047667;96.463;17.559749554167897;0.5164632221814087;-0.45166015625;
13:41:06;632.0;1573047668;96.884;17.935862056375782;0.5275253545992877;-0.458984375;
13:41:07;633.0;1573047669;96.863;17.183637051960012;0.5054010897635298;-0.4443359375;
13:41:08;634.0;1573047670;96.695;17.68512038823719;0.520150599654035;-0.4541015625;
13:41:09;635.0;1573047671;96.233;17.4343787200986;0.5127758447087823;-0.44921875;
13:41:10;636.0;1573047672;96.149;17.30900788602931;0.5090884672361562;-0.44677734375;
13:41:12;638.0;1573047673;95.919;17.81049122230649;0.5238379771266615;-0.45654296875;
13:41:13;639.0;1573047675;95.669;18.061232890445076;0.531212732071914;-0.46142578125;
13:41:14;640.0;1573047675;95.648;17.4343787200986;0.5127758447087823;-0.44921875;
13:41:15;641.0;1573047676;95.627;17.4343787200986;0.5127758447087823;-0.44921875;
13:41:16;642.0;1573047677;96.065;20.067166235553795;0.5902107716339352;-0.50048828125;
13:41:17;643.0;1573047678;96.589;17.30900788602931;0.5090884672361562;-0.44677734375;
13:41:18;644.0;1573047679;96.547;16.55678288161354;0.4869642024003982;-0.43212890625;
13:41:19;645.0;1573047681;97.096;17.183637051960012;0.5054010897635298;-0.4443359375;
13:41:20;646.0;1573047682;96.821;17.05826621789072;0.5017137122909034;-0.44189453125;
13:41:21;647.0;1573047683;96.547;17.81049122230649;0.5238379771266615;-0.45654296875;
13:41:22;648.0;1573047684;96.358;17.559749554167897;0.5164632221814087;-0.45166015625;
13:41:23;649.0;1573047685;95.836;17.05826621789072;0.5017137122909034;-0.44189453125;
13:41:24;650.0;1573047686;96.128;17.30900788602931;0.5090884672361562;-0.44677734375;
13:41:25;651.0;1573047687;96.128;17.183637051960012;0.5054010897635298;-0.4443359375;
13:41:26;652.0;1573047688;96.358;16.55678288161354;0.4869642024003982;-0.43212890625;
13:41:27;653.0;1573047689;96.107;17.81049122230649;0.5238379771266615;-0.45654296875;
13:41:28;654.0;1573047689;95.669;17.81049122230649;0.5238379771266615;-0.45654296875;
13:41:29;655.0;1573047690;95.71;17.05826621789072;0.5017137122909034;-0.44189453125;
13:41:30;656.0;1573047691;95.731;17.183637051960012;0.5054010897635298;-0.4443359375;
13:41:31;657.0;1573047693;95.919;17.68512038823719;0.520150599654035;-0.4541015625;
13:41:32;658.0;1573047694;96.128;17.05826621789072;0.5017137122909034;-0.44189453125;
13:41:33;659.0;1573047695;96.086;17.559749554167897;0.5164632221814087;-0.45166015625;
13:41:34;660.0;1573047696;95.606;17.68512038823719;0.520150599654035;-0.4541015625;
13:41:35;661.0;1573047697;95.69;17.68512038823719;0.520150599654035;-0.4541015625;
13:41:36;662.0;1573047698;96.002;17.68512038823719;0.520150599654035;-0.4541015625;
13:41:37;663.0;1573047699;96.233;17.81049122230649;0.5238379771266615;-0.45654296875;
13:41:38;664.0;1573047700;96.716;18.061232890445076;0.531212732071914;-0.46142578125;
13:41:39;665.0;1573047701;96.948;17.4343787200986;0.5127758447087823;-0.44921875;
13:41:40;666.0;1573047702;96.547;17.30900788602931;0.5090884672361562;-0.44677734375;
13:41:41;667.0;1573047703;96.611;17.68512038823719;0.520150599654035;-0.4541015625;
13:41:42;668.0;1573047704;96.086;18.061232890445076;0.531212732071914;-0.46142578125;
13:41:43;669.0;1573047705;95.877;17.68512038823719;0.520150599654035;-0.4541015625;
13:41:44;670.0;1573047706;95.919;19.18957039706873;0.5643991293255509;-0.4833984375;
13:41:45;671.0;1573047707;95.877;17.935862056375782;0.5275253545992877;-0.458984375;
13:41:46;672.0;1573047709;96.337;16.93289538382142;0.49802633481827707;-0.439453125;
13:41:48;674.0;1573047710;96.254;17.68512038823719;0.520150599654035;-0.4541015625;
13:41:49;675.0;1573047710;96.065;18.18660372451437;0.5349001095445403;-0.4638671875;
13:41:50;676.0;1573047712;96.086;17.05826621789072;0.5017137122909034;-0.44189453125;
13:41:51;677.0;1573047713;95.669;16.18067037940565;0.47590206998251916;-0.4248046875;
13:41:52;678.0;1573047714;95.669;16.68215371568283;0.49065157987302443;-0.4345703125;
13:41:53;679.0;1573047715;95.544;17.183637051960012;0.5054010897635298;-0.4443359375;
13:41:54;680.0;1573047716;95.026;17.30900788602931;0.5090884672361562;-0.44677734375;
13:41:55;681.0;1573047717;95.254;17.30900788602931;0.5090884672361562;-0.44677734375;
13:41:56;682.0;1573047717;95.212;15.303074540920589;0.450090427674135;-0.40771484375;
13:41:57;683.0;1573047718;95.337;17.30900788602931;0.5090884672361562;-0.44677734375;
13:41:58;684.0;1573047719;95.836;17.68512038823719;0.520150599654035;-0.4541015625;
13:41:59;685.0;1573047720;95.856;16.55678288161354;0.4869642024003982;-0.43212890625;
13:42:00;686.0;1573047721;96.149;16.68215371568283;0.49065157987302443;-0.4345703125;
13:42:01;687.0;1573047722;96.086;17.30900788602931;0.5090884672361562;-0.44677734375;
13:42:02;688.0;1573047723;96.086;17.81049122230649;0.5238379771266615;-0.45654296875;
13:42:03;689.0;1573047724;96.568;17.68512038823719;0.520150599654035;-0.4541015625;
13:42:04;690.0;1573047725;96.589;17.183637051960012;0.5054010897635298;-0.4443359375;
13:42:05;691.0;1573047726;96.842;16.807524549752127;0.4943389573456508;-0.43701171875;
13:42:06;692.0;1573047727;96.842;19.69105373334591;0.5791486392160562;-0.4931640625;
13:42:07;693.0;1573047729;96.337;20.568649571830974;0.6049602815244404;-0.51025390625;
13:42:08;694.0;1573047730;95.836;19.18957039706873;0.5643991293255509;-0.4833984375;
13:42:09;695.0;1573047731;95.586;17.183637051960012;0.5054010897635298;-0.4443359375;
13:42:11;697.0;1573047732;95.295;17.183637051960012;0.5054010897635298;-0.4443359375;
13:42:12;698.0;1573047733;95.316;17.30900788602931;0.5090884672361562;-0.44677734375;
13:42:13;699.0;1573047734;95.856;17.05826621789072;0.5017137122909034;-0.44189453125;
13:42:14;700.0;1573047735;95.378;17.4343787200986;0.5127758447087823;-0.44921875;
13:42:15;701.0;1573047736;95.898;16.807524549752127;0.4943389573456508;-0.43701171875;
13:42:16;702.0;1573047737;96.107;17.183637051960012;0.5054010897635298;-0.4443359375;
13:42:17;703.0;1573047738;95.815;17.183637051960012;0.5054010897635298;-0.4443359375;
13:42:18;704.0;1573047739;95.815;16.93289538382142;0.49802633481827707;-0.439453125;
13:42:19;705.0;1573047740;95.815;17.81049122230649;0.5238379771266615;-0.45654296875;
13:42:20;706.0;1573047742;95.627;17.183637051960012;0.5054010897635298;-0.4443359375;
13:42:21;707.0;1573047743;95.419;17.183637051960012;0.5054010897635298;-0.4443359375;
13:42:22;708.0;1573047744;95.461;17.81049122230649;0.5238379771266615;-0.45654296875;
13:42:23;709.0;1573047745;95.129;16.807524549752127;0.4943389573456508;-0.43701171875;
13:42:24;710.0;1573047746;95.378;12.043432855118919;0.35421861338585053;-0.34423828125;
13:42:25;711.0;1573047747;95.565;17.30900788602931;0.5090884672361562;-0.44677734375;
13:42:26;712.0;1573047748;95.773;18.18660372451437;0.5349001095445403;-0.4638671875;
13:42:27;713.0;1573047749;96.065;17.4343787200986;0.5127758447087823;-0.44921875;
13:42:28;714.0;1573047750;96.065;17.30900788602931;0.5090884672361562;-0.44677734375;
13:42:29;715.0;1573047751;96.107;17.05826621789072;0.5017137122909034;-0.44189453125;
13:42:30;716.0;1573047752;95.419;21.320874576246744;0.6270845463601984;-0.52490234375;
13:42:31;717.0;1573047752;95.648;17.68512038823719;0.520150599654035;-0.4541015625;
13:42:32;718.0;1573047753;95.606;17.183637051960012;0.5054010897635298;-0.4443359375;
13:42:33;719.0;1573047754;95.419;18.43734539265296;0.542274864489793;-0.46875;
13:42:34;720.0;1573047756;96.17;21.446245410316042;0.6307719238328248;-0.52734375;
13:42:35;721.0;1573047757;95.856;16.807524549752127;0.4943389573456508;-0.43701171875;
13:42:36;722.0;1573047758;96.149;17.05826621789072;0.5017137122909034;-0.44189453125;
13:42:37;723.0;1573047759;96.044;18.56271622672226;0.5459622419624194;-0.47119140625;
13:42:38;724.0;1573047760;95.482;17.81049122230649;0.5238379771266615;-0.45654296875;
13:42:39;725.0;1573047761;95.877;17.68512038823719;0.520150599654035;-0.4541015625;
13:42:40;726.0;1573047762;95.337;17.05826621789072;0.5017137122909034;-0.44189453125;
13:42:41;727.0;1573047763;95.419;15.303074540920589;0.450090427674135;-0.40771484375;
13:42:42;728.0;1573047764;95.94;17.559749554167897;0.5164632221814087;-0.45166015625;
13:42:43;729.0;1573047765;95.378;17.183637051960012;0.5054010897635298;-0.4443359375;
13:42:44;730.0;1573047766;95.606;9999.0;9999.0;9999.0;
13:42:45;731.0;1573047767;95.731;17.4343787200986;0.5127758447087823;-0.44921875;
13:42:46;732.0;1573047768;95.503;17.4343787200986;0.5127758447087823;-0.44921875;
13:42:47;733.0;1573047769;95.836;17.4343787200986;0.5127758447087823;-0.44921875;
13:42:48;734.0;1573047770;95.378;17.05826621789072;0.5017137122909034;-0.44189453125;
13:42:49;735.0;1573047771;95.44;17.183637051960012;0.5054010897635298;-0.4443359375;
13:42:50;736.0;1573047772;95.648;16.807524549752127;0.4943389573456508;-0.43701171875;
13:42:52;738.0;1573047773;95.357;17.183637051960012;0.5054010897635298;-0.4443359375;
13:42:53;739.0;1573047774;95.606;18.18660372451437;0.5349001095445403;-0.4638671875;
13:42:54;740.0;1573047775;95.378;17.4343787200986;0.5127758447087823;-0.44921875;
13:42:55;741.0;1573047776;94.655;16.55678288161354;0.4869642024003982;-0.43212890625;
13:42:56;742.0;1573047777;94.635;16.431412047544242;0.48327682492777185;-0.4296875;
13:42:57;743.0;1573047778;94.388;17.30900788602931;0.5090884672361562;-0.44677734375;
13:42:58;744.0;1573047779;94.552;19.18957039706873;0.5643991293255509;-0.4833984375;
13:42:59;745.0;1573047781;95.026;17.81049122230649;0.5238379771266615;-0.45654296875;
13:43:00;746.0;1573047782;95.295;17.935862056375782;0.5275253545992877;-0.458984375;
13:43:01;747.0;1573047783;95.295;19.9417954014845;0.5865233941613088;-0.498046875;
13:43:02;748.0;1573047783;95.357;17.68512038823719;0.520150599654035;-0.4541015625;
13:43:03;749.0;1573047784;95.316;17.30900788602931;0.5090884672361562;-0.44677734375;
13:43:04;750.0;1573047785;95.295;17.05826621789072;0.5017137122909034;-0.44189453125;
13:43:05;751.0;1573047786;95.606;17.935862056375782;0.5275253545992877;-0.458984375;
13:43:06;752.0;1573047787;95.648;17.183637051960012;0.5054010897635298;-0.4443359375;
13:43:07;753.0;1573047788;95.461;17.183637051960012;0.5054010897635298;-0.4443359375;
13:43:08;754.0;1573047789;95.461;17.68512038823719;0.520150599654035;-0.4541015625;
13:43:09;755.0;1573047790;95.109;16.68215371568283;0.49065157987302443;-0.4345703125;
13:43:10;756.0;1573047791;94.902;17.559749554167897;0.5164632221814087;-0.45166015625;
13:43:11;757.0;1573047792;94.882;17.05826621789072;0.5017137122909034;-0.44189453125;
13:43:12;758.0;1573047794;94.635;16.93289538382142;0.49802633481827707;-0.439453125;
13:43:13;759.0;1573047795;95.15;17.05826621789072;0.5017137122909034;-0.44189453125;
13:43:14;760.0;1573047796;95.005;15.553816209059178;0.4574651826193876;-0.41259765625;
13:43:15;761.0;1573047797;94.985;17.30900788602931;0.5090884672361562;-0.44677734375;
13:43:16;762.0;1573047798;95.482;17.05826621789072;0.5017137122909034;-0.44189453125;
13:43:17;763.0;1573047798;95.233;16.93289538382142;0.49802633481827707;-0.439453125;
13:43:18;764.0;1573047799;95.337;17.05826621789072;0.5017137122909034;-0.44189453125;
13:43:19;765.0;1573047800;95.461;17.183637051960012;0.5054010897635298;-0.4443359375;
13:43:20;766.0;1573047801;95.212;18.061232890445076;0.531212732071914;-0.46142578125;
13:43:21;767.0;1573047802;95.503;19.565682899276617;0.5754612617434299;-0.49072265625;
13:43:22;768.0;1573047803;95.399;17.183637051960012;0.5054010897635298;-0.4443359375;
13:43:23;769.0;1573047804;95.836;16.93289538382142;0.49802633481827707;-0.439453125;
13:43:24;770.0;1573047805;95.565;17.81049122230649;0.5238379771266615;-0.45654296875;
13:43:25;771.0;1573047807;95.026;17.68512038823719;0.520150599654035;-0.4541015625;
13:43:26;772.0;1573047808;94.902;17.183637051960012;0.5054010897635298;-0.4443359375;
13:43:27;773.0;1573047809;94.409;17.559749554167897;0.5164632221814087;-0.45166015625;
13:43:28;774.0;1573047810;94.84;17.559749554167897;0.5164632221814087;-0.45166015625;
13:43:29;775.0;1573047811;95.109;17.68512038823719;0.520150599654035;-0.4541015625;
13:43:30;776.0;1573047812;95.503;17.68512038823719;0.520150599654035;-0.4541015625;
13:43:31;777.0;1573047813;95.982;17.4343787200986;0.5127758447087823;-0.44921875;
13:43:32;778.0;1573047814;95.274;17.183637051960012;0.5054010897635298;-0.4443359375;
13:43:33;779.0;1573047815;95.233;17.30900788602931;0.5090884672361562;-0.44677734375;
13:43:34;780.0;1573047816;95.088;17.68512038823719;0.520150599654035;-0.4541015625;
13:43:35;781.0;1573047816;94.573;17.183637051960012;0.5054010897635298;-0.4443359375;
13:43:36;782.0;1573047817;95.337;17.30900788602931;0.5090884672361562;-0.44677734375;
13:43:37;783.0;1573047818;95.877;17.30900788602931;0.5090884672361562;-0.44677734375;
13:43:38;784.0;1573047820;95.856;16.807524549752127;0.4943389573456508;-0.43701171875;
13:43:39;785.0;1573047821;96.379;17.05826621789072;0.5017137122909034;-0.44189453125;
13:43:40;786.0;1573047822;95.669;17.05826621789072;0.5017137122909034;-0.44189453125;
13:43:41;787.0;1573047823;95.378;16.68215371568283;0.49065157987302443;-0.4345703125;
13:43:42;788.0;1573047824;95.565;17.559749554167897;0.5164632221814087;-0.45166015625;
13:43:43;789.0;1573047825;95.295;17.30900788602931;0.5090884672361562;-0.44677734375;
13:43:44;790.0;1573047826;95.794;17.68512038823719;0.520150599654035;-0.4541015625;
13:43:45;791.0;1573047827;95.565;17.30900788602931;0.5090884672361562;-0.44677734375;
13:43:46;792.0;1573047828;95.357;17.68512038823719;0.520150599654035;-0.4541015625;
13:43:47;793.0;1573047829;95.378;17.05826621789072;0.5017137122909034;-0.44189453125;
13:43:48;794.0;1573047830;95.005;18.813457894860846;0.5533369969076719;-0.47607421875;
13:43:49;795.0;1573047831;95.295;16.93289538382142;0.49802633481827707;-0.439453125;
13:43:50;796.0;1573047832;95.005;17.81049122230649;0.5238379771266615;-0.45654296875;
13:43:51;797.0;1573047833;94.737;17.183637051960012;0.5054010897635298;-0.4443359375;
13:43:52;798.0;1573047834;94.593;17.183637051960012;0.5054010897635298;-0.4443359375;
13:43:53;799.0;1573047835;94.368;16.807524549752127;0.4943389573456508;-0.43701171875;
13:43:54;800.0;1573047836;94.902;17.68512038823719;0.520150599654035;-0.4541015625;
13:43:55;801.0;1573047837;94.676;17.4343787200986;0.5127758447087823;-0.44921875;
13:43:57;803.0;1573047838;95.129;17.05826621789072;0.5017137122909034;-0.44189453125;
13:43:58;804.0;1573047839;94.882;16.93289538382142;0.49802633481827707;-0.439453125;
13:43:59;805.0;1573047840;94.676;16.055299545336357;0.47221469250989284;-0.42236328125;
13:44:00;806.0;1573047841;95.233;16.93289538382142;0.49802633481827707;-0.439453125;
13:44:01;807.0;1573047842;95.254;15.428445374989881;0.4537778051467612;-0.41015625;
13:44:02;808.0;1573047843;95.71;17.30900788602931;0.5090884672361562;-0.44677734375;
13:44:03;809.0;1573047844;95.586;17.183637051960012;0.5054010897635298;-0.4443359375;
13:44:04;810.0;1573047845;95.523;16.807524549752127;0.4943389573456508;-0.43701171875;
13:44:05;811.0;1573047846;95.565;16.93289538382142;0.49802633481827707;-0.439453125;
13:44:06;812.0;1573047847;95.815;16.431412047544242;0.48327682492777185;-0.4296875;
13:44:07;813.0;1573047848;96.107;17.559749554167897;0.5164632221814087;-0.45166015625;
13:44:08;814.0;1573047849;95.836;16.93289538382142;0.49802633481827707;-0.439453125;
13:44:09;815.0;1573047850;95.773;17.183637051960012;0.5054010897635298;-0.4443359375;
13:44:10;816.0;1573047851;95.254;17.183637051960012;0.5054010897635298;-0.4443359375;
13:44:11;817.0;1573047852;95.295;17.81049122230649;0.5238379771266615;-0.45654296875;
13:44:12;818.0;1573047853;95.274;17.81049122230649;0.5238379771266615;-0.45654296875;
13:44:13;819.0;1573047854;95.088;17.05826621789072;0.5017137122909034;-0.44189453125;
13:44:14;820.0;1573047855;95.295;16.807524549752127;0.4943389573456508;-0.43701171875;
13:44:15;821.0;1573047857;94.82;17.559749554167897;0.5164632221814087;-0.45166015625;
13:44:16;822.0;1573047858;94.944;17.68512038823719;0.520150599654035;-0.4541015625;
13:44:17;823.0;1573047859;94.861;17.4343787200986;0.5127758447087823;-0.44921875;
13:44:18;824.0;1573047859;94.676;17.05826621789072;0.5017137122909034;-0.44189453125;
13:44:19;825.0;1573047860;94.944;16.68215371568283;0.49065157987302443;-0.4345703125;
13:44:20;826.0;1573047861;95.109;17.183637051960012;0.5054010897635298;-0.4443359375;
13:44:21;827.0;1573047862;95.171;17.05826621789072;0.5017137122909034;-0.44189453125;
13:44:22;828.0;1573047863;95.357;17.81049122230649;0.5238379771266615;-0.45654296875;
13:44:23;829.0;1573047864;95.274;17.559749554167897;0.5164632221814087;-0.45166015625;
13:44:24;830.0;1573047865;95.026;17.05826621789072;0.5017137122909034;-0.44189453125;
13:44:25;831.0;1573047866;95.233;16.68215371568283;0.49065157987302443;-0.4345703125;
13:44:26;832.0;1573047868;94.82;17.05826621789072;0.5017137122909034;-0.44189453125;
13:44:27;833.0;1573047869;94.861;17.183637051960012;0.5054010897635298;-0.4443359375;
13:44:28;834.0;1573047870;94.614;17.05826621789072;0.5017137122909034;-0.44189453125;
13:44:29;835.0;1573047871;94.102;16.93289538382142;0.49802633481827707;-0.439453125;
13:44:30;836.0;1573047872;94.286;17.183637051960012;0.5054010897635298;-0.4443359375;
13:44:31;837.0;1573047873;94.286;17.30900788602931;0.5090884672361562;-0.44677734375;
13:44:32;838.0;1573047874;94.265;17.05826621789072;0.5017137122909034;-0.44189453125;
13:44:33;839.0;1573047875;93.857;17.4343787200986;0.5127758447087823;-0.44921875;
13:44:34;840.0;1573047876;93.816;17.30900788602931;0.5090884672361562;-0.44677734375;
13:44:35;841.0;1573047877;94.02;16.807524549752127;0.4943389573456508;-0.43701171875;
13:44:36;842.0;1573047878;94.0;17.559749554167897;0.5164632221814087;-0.45166015625;
13:44:37;843.0;1573047879;94.265;17.30900788602931;0.5090884672361562;-0.44677734375;
13:44:38;844.0;1573047879;94.573;18.061232890445076;0.531212732071914;-0.46142578125;
13:44:39;845.0;1573047880;94.655;16.807524549752127;0.4943389573456508;-0.43701171875;
13:44:40;846.0;1573047881;94.676;17.30900788602931;0.5090884672361562;-0.44677734375;
13:44:41;847.0;1573047883;95.357;17.30900788602931;0.5090884672361562;-0.44677734375;
13:44:42;848.0;1573047884;95.129;17.935862056375782;0.5275253545992877;-0.458984375;
13:44:43;849.0;1573047885;94.82;17.183637051960012;0.5054010897635298;-0.4443359375;
13:44:44;850.0;1573047886;95.357;17.559749554167897;0.5164632221814087;-0.45166015625;
13:44:45;851.0;1573047887;95.109;17.559749554167897;0.5164632221814087;-0.45166015625;
13:44:46;852.0;1573047888;95.15;17.30900788602931;0.5090884672361562;-0.44677734375;
13:44:47;853.0;1573047889;94.944;16.68215371568283;0.49065157987302443;-0.4345703125;
13:44:48;854.0;1573047890;94.717;14.801591204643408;0.43534091778362966;-0.39794921875;
13:44:49;855.0;1573047891;94.532;18.061232890445076;0.531212732071914;-0.46142578125;
13:44:50;856.0;1573047892;94.163;17.05826621789072;0.5017137122909034;-0.44189453125;
13:44:51;857.0;1573047893;94.655;17.4343787200986;0.5127758447087823;-0.44921875;
13:44:52;858.0;1573047894;94.861;17.4343787200986;0.5127758447087823;-0.44921875;
13:44:53;859.0;1573047895;94.84;16.807524549752127;0.4943389573456508;-0.43701171875;
13:44:54;860.0;1573047896;95.192;17.05826621789072;0.5017137122909034;-0.44189453125;
13:44:55;861.0;1573047896;94.882;17.30900788602931;0.5090884672361562;-0.44677734375;
13:44:57;863.0;1573047899;94.655;17.183637051960012;0.5054010897635298;-0.4443359375;
13:44:58;864.0;1573047900;94.327;17.4343787200986;0.5127758447087823;-0.44921875;
13:44:59;865.0;1573047901;94.614;17.183637051960012;0.5054010897635298;-0.4443359375;
13:45:01;867.0;1573047902;94.388;17.30900788602931;0.5090884672361562;-0.44677734375;
13:45:02;868.0;1573047903;94.347;17.183637051960012;0.5054010897635298;-0.4443359375;
