Time;Seconds from start for linreg;Unix Time;ch1 po2;Uc;Ubl;Vc;
01:30:38;1.0;1573090239;103.411;0.6346869548130782;0.01866726337685524;-0.1220703125;
01:30:39;2.0;1573090240;103.433;1.0107994570209633;0.029729395794734215;-0.12939453125;
01:30:40;3.0;1573090241;103.207;0.5093161207437832;0.014979885904228918;-0.11962890625;
01:30:41;4.0;1573090242;103.229;1.8883952955060281;0.05554103810311847;-0.146484375;
01:30:42;5.0;1573090243;103.207;0.6346869548130782;0.01866726337685524;-0.1220703125;
01:30:43;6.0;1573090245;102.935;0.38394528667448824;0.011292508431602595;-0.1171875;
01:30:45;8.0;1573090246;103.502;0.8854286229516682;0.02604201832210789;-0.126953125;
01:30:46;9.0;1573090247;103.57;0.25857445260519324;0.0076051309589762715;-0.11474609375;
01:30:47;10.0;1573090248;103.638;0.7600577888823732;0.022354640849481563;-0.12451171875;
01:30:48;11.0;1573090249;103.593;0.5093161207437832;0.014979885904228918;-0.11962890625;
01:30:49;12.0;1573090250;103.229;0.5093161207437832;0.014979885904228918;-0.11962890625;
01:30:50;13.0;1573090252;102.912;0.25857445260519324;0.0076051309589762715;-0.11474609375;
01:30:51;14.0;1573090253;102.619;0.6346869548130782;0.01866726337685524;-0.1220703125;
01:30:53;16.0;1573090254;102.732;1.2615411251595532;0.03710415073998686;-0.13427734375;
01:30:54;17.0;1573090255;102.439;0.7600577888823732;0.022354640849481563;-0.12451171875;
01:30:55;18.0;1573090256;102.417;0.6346869548130782;0.01866726337685524;-0.1220703125;
01:30:56;19.0;1573090258;102.147;0.7600577888823732;0.022354640849481563;-0.12451171875;
01:30:57;20.0;1573090259;102.439;0.13320361853589824;0.0039177534863499485;-0.1123046875;
01:30:59;22.0;1573090260;102.777;0.7600577888823732;0.022354640849481563;-0.12451171875;
01:31:00;23.0;1573090261;103.071;0.007832784466603238;0.00023037601372362463;-0.10986328125;
01:31:01;24.0;1573090263;103.025;1.0107994570209633;0.029729395794734215;-0.12939453125;
01:31:02;25.0;1573090264;103.343;0.5093161207437832;0.014979885904228918;-0.11962890625;
01:31:03;26.0;1573090265;103.275;0.38394528667448824;0.011292508431602595;-0.1171875;
01:31:05;28.0;1573090266;102.215;0.6346869548130782;0.01866726337685524;-0.1220703125;
01:31:06;29.0;1573090267;102.506;0.7600577888823732;0.022354640849481563;-0.12451171875;
01:31:07;30.0;1573090268;102.439;1.0107994570209633;0.029729395794734215;-0.12939453125;
01:31:08;31.0;1573090270;102.845;0.13320361853589824;0.0039177534863499485;-0.1123046875;
01:31:10;33.0;1573090271;103.071;1.1361702910902582;0.03341677326736053;-0.1318359375;
01:31:11;34.0;1573090273;103.116;0.38394528667448824;0.011292508431602595;-0.1171875;
01:31:13;36.0;1573090274;102.192;0.7600577888823732;0.022354640849481563;-0.12451171875;
01:31:14;37.0;1573090275;101.946;0.7600577888823732;0.022354640849481563;-0.12451171875;
01:31:15;38.0;1573090277;101.433;0.6346869548130782;0.01866726337685524;-0.1220703125;
01:31:16;39.0;1573090278;101.767;1.0107994570209633;0.029729395794734215;-0.12939453125;
01:31:17;40.0;1573090279;101.879;0.5093161207437832;0.014979885904228918;-0.11962890625;
01:31:18;41.0;1573090280;102.102;0.38394528667448824;0.011292508431602595;-0.1171875;
01:31:20;43.0;1573090281;102.304;0.5093161207437832;0.014979885904228918;-0.11962890625;
01:31:21;44.0;1573090283;102.304;0.38394528667448824;0.011292508431602595;-0.1171875;
01:31:22;45.0;1573090284;102.574;0.13320361853589824;0.0039177534863499485;-0.1123046875;
01:31:23;46.0;1573090285;102.935;1.0107994570209633;0.029729395794734215;-0.12939453125;
01:31:24;47.0;1573090286;102.845;0.38394528667448824;0.011292508431602595;-0.1171875;
01:31:25;48.0;1573090287;102.596;0.6346869548130782;0.01866726337685524;-0.1220703125;
01:31:27;50.0;1573090289;101.7;0.13320361853589824;0.0039177534863499485;-0.1123046875;
01:31:28;51.0;1573090290;101.455;0.38394528667448824;0.011292508431602595;-0.1171875;
01:31:29;52.0;1573090291;101.478;0.7600577888823732;0.022354640849481563;-0.12451171875;
01:31:30;53.0;1573090292;101.7;0.6346869548130782;0.01866726337685524;-0.1220703125;
01:31:31;54.0;1573090293;102.327;0.6346869548130782;0.01866726337685524;-0.1220703125;
01:31:32;55.0;1573090294;102.551;1.0107994570209633;0.029729395794734215;-0.12939453125;
01:31:33;56.0;1573090295;102.551;0.25857445260519324;0.0076051309589762715;-0.11474609375;
01:31:35;58.0;1573090297;102.327;1.0107994570209633;0.029729395794734215;-0.12939453125;
01:31:37;60.0;1573090298;102.417;0.5093161207437832;0.014979885904228918;-0.11962890625;
01:31:38;61.0;1573090299;102.619;0.38394528667448824;0.011292508431602595;-0.1171875;
01:31:39;62.0;1573090300;102.304;1.0107994570209633;0.029729395794734215;-0.12939453125;
01:31:40;63.0;1573090301;101.745;0.6346869548130782;0.01866726337685524;-0.1220703125;
01:31:41;64.0;1573090302;101.233;0.7600577888823732;0.022354640849481563;-0.12451171875;
01:31:42;65.0;1573090303;101.3;0.7600577888823732;0.022354640849481563;-0.12451171875;
01:31:43;66.0;1573090305;101.056;0.8854286229516682;0.02604201832210789;-0.126953125;
01:31:45;68.0;1573090306;102.551;0.25857445260519324;0.0076051309589762715;-0.11474609375;
01:31:46;69.0;1573090307;102.506;0.25857445260519324;0.0076051309589762715;-0.11474609375;
01:31:47;70.0;1573090308;102.799;4.771924479099812;0.14035071997352389;-0.20263671875;
01:31:48;71.0;1573090309;102.551;0.25857445260519324;0.0076051309589762715;-0.11474609375;
01:31:49;72.0;1573090310;102.327;3.0167328021296833;0.0887274353567554;-0.16845703125;
01:31:50;73.0;1573090312;102.259;0.38394528667448824;0.011292508431602595;-0.1171875;
01:31:51;74.0;1573090313;102.506;0.5093161207437832;0.014979885904228918;-0.11962890625;
01:31:53;76.0;1573090314;102.529;0.7600577888823732;0.022354640849481563;-0.12451171875;
01:31:54;77.0;1573090315;102.89;0.5093161207437832;0.014979885904228918;-0.11962890625;
01:31:55;78.0;1573090316;102.596;0.6346869548130782;0.01866726337685524;-0.1220703125;
01:31:56;79.0;1573090318;102.058;0.6346869548130782;0.01866726337685524;-0.1220703125;
01:31:57;80.0;1573090319;102.327;0.38394528667448824;0.011292508431602595;-0.1171875;
01:31:59;82.0;1573090320;101.7;0.7600577888823732;0.022354640849481563;-0.12451171875;
01:32:00;83.0;1573090321;101.678;1.0107994570209633;0.029729395794734215;-0.12939453125;
01:32:01;84.0;1573090322;102.192;0.5093161207437832;0.014979885904228918;-0.11962890625;
01:32:02;85.0;1573090323;101.924;0.7600577888823732;0.022354640849481563;-0.12451171875;
01:32:03;86.0;1573090325;102.259;0.25857445260519324;0.0076051309589762715;-0.11474609375;
01:32:04;87.0;1573090326;102.259;0.5093161207437832;0.014979885904228918;-0.11962890625;
01:32:05;88.0;1573090327;101.189;1.0107994570209633;0.029729395794734215;-0.12939453125;
01:32:07;90.0;1573090328;101.189;0.5093161207437832;0.014979885904228918;-0.11962890625;
01:32:09;92.0;1573090329;101.723;0.5093161207437832;0.014979885904228918;-0.11962890625;
01:32:10;93.0;1573090332;102.506;0.5093161207437832;0.014979885904228918;-0.11962890625;
01:32:11;94.0;1573090333;102.282;0.13320361853589824;0.0039177534863499485;-0.1123046875;
01:32:12;95.0;1573090334;102.282;-0.11753804960269176;-0.0034570014589026987;-0.107421875;
01:32:13;96.0;1573090335;102.754;0.5093161207437832;0.014979885904228918;-0.11962890625;
01:32:15;98.0;1573090336;102.551;0.5093161207437832;0.014979885904228918;-0.11962890625;
01:32:16;99.0;1573090337;102.529;0.25857445260519324;0.0076051309589762715;-0.11474609375;
01:32:17;100.0;1573090338;101.79;1.8883952955060281;0.05554103810311847;-0.146484375;
01:32:18;101.0;1573090340;101.455;0.5093161207437832;0.014979885904228918;-0.11962890625;
01:32:19;102.0;1573090341;101.433;0.8854286229516682;0.02604201832210789;-0.126953125;
01:32:20;103.0;1573090342;101.678;0.13320361853589824;0.0039177534863499485;-0.1123046875;
01:32:21;104.0;1573090343;102.259;0.6346869548130782;0.01866726337685524;-0.1220703125;
01:32:23;106.0;1573090344;101.946;0.13320361853589824;0.0039177534863499485;-0.1123046875;
01:32:24;107.0;1573090346;101.7;0.7600577888823732;0.022354640849481563;-0.12451171875;
01:32:25;108.0;1573090347;101.968;0.25857445260519324;0.0076051309589762715;-0.11474609375;
01:32:26;109.0;1573090348;102.259;0.6346869548130782;0.01866726337685524;-0.1220703125;
01:32:28;111.0;1573090349;101.991;1.3869119592288481;0.04079152821261318;-0.13671875;
01:32:29;112.0;1573090351;101.411;0.38394528667448824;0.011292508431602595;-0.1171875;
01:32:30;113.0;1573090352;101.389;0.5093161207437832;0.014979885904228918;-0.11962890625;
01:32:31;114.0;1573090353;101.589;0.38394528667448824;0.011292508431602595;-0.1171875;
01:32:32;115.0;1573090354;102.394;-3.2518089013350653;-0.09564143827456074;-0.04638671875;
01:32:33;116.0;1573090355;102.642;0.13320361853589824;0.0039177534863499485;-0.1123046875;
01:32:35;118.0;1573090356;102.732;0.7600577888823732;0.022354640849481563;-0.12451171875;
01:32:36;119.0;1573090358;102.013;0.7600577888823732;0.022354640849481563;-0.12451171875;
01:32:37;120.0;1573090359;102.058;0.5093161207437832;0.014979885904228918;-0.11962890625;
01:32:38;121.0;1573090360;101.455;0.5093161207437832;0.014979885904228918;-0.11962890625;
01:32:39;122.0;1573090361;101.167;0.38394528667448824;0.011292508431602595;-0.1171875;
01:32:40;123.0;1573090362;101.1;1.0107994570209633;0.029729395794734215;-0.12939453125;
01:32:42;125.0;1573090363;100.879;0.38394528667448824;0.011292508431602595;-0.1171875;
01:32:43;126.0;1573090364;101.256;0.5093161207437832;0.014979885904228918;-0.11962890625;
01:32:44;127.0;1573090366;100.99;0.7600577888823732;0.022354640849481563;-0.12451171875;
01:32:46;129.0;1573090367;101.034;1.7630244614367332;0.051853660630492154;-0.14404296875;
01:32:47;130.0;1573090368;101.278;0.38394528667448824;0.011292508431602595;-0.1171875;
01:32:48;131.0;1573090369;101.322;-0.24290888367198676;-0.007144378931529022;-0.10498046875;
01:32:49;132.0;1573090370;101.633;0.5093161207437832;0.014979885904228918;-0.11962890625;
01:32:50;133.0;1573090371;101.3;-2.1234713947114106;-0.06245504102092384;-0.068359375;
01:32:51;134.0;1573090373;100.769;0.6346869548130782;0.01866726337685524;-0.1220703125;
01:32:53;136.0;1573090374;100.946;0.5093161207437832;0.014979885904228918;-0.11962890625;
01:32:54;137.0;1573090375;101.189;0.6346869548130782;0.01866726337685524;-0.1220703125;
01:32:55;138.0;1573090376;101.1;0.5093161207437832;0.014979885904228918;-0.11962890625;
01:32:56;139.0;1573090377;100.57;0.8854286229516682;0.02604201832210789;-0.126953125;
01:32:57;140.0;1573090379;100.548;0.007832784466603238;0.00023037601372362463;-0.10986328125;
01:32:59;142.0;1573090380;101.167;0.5093161207437832;0.014979885904228918;-0.11962890625;
01:33:00;143.0;1573090381;101.433;0.5093161207437832;0.014979885904228918;-0.11962890625;
01:33:01;144.0;1573090382;101.145;0.5093161207437832;0.014979885904228918;-0.11962890625;
01:33:02;145.0;1573090383;101.389;0.38394528667448824;0.011292508431602595;-0.1171875;
01:33:03;146.0;1573090385;100.548;0.5093161207437832;0.014979885904228918;-0.11962890625;
01:33:04;147.0;1573090386;100.373;0.38394528667448824;0.011292508431602595;-0.1171875;
01:33:05;148.0;1573090387;100.417;0.5093161207437832;0.014979885904228918;-0.11962890625;
01:33:07;150.0;1573090388;100.637;0.6346869548130782;0.01866726337685524;-0.1220703125;
01:33:08;151.0;1573090389;100.769;0.13320361853589824;0.0039177534863499485;-0.1123046875;
01:33:09;152.0;1573090390;101.322;0.38394528667448824;0.011292508431602595;-0.1171875;
01:33:10;153.0;1573090392;101.322;0.5093161207437832;0.014979885904228918;-0.11962890625;
01:33:11;154.0;1573090393;101.611;0.5093161207437832;0.014979885904228918;-0.11962890625;
01:33:12;155.0;1573090394;101.411;0.38394528667448824;0.011292508431602595;-0.1171875;
01:33:14;157.0;1573090395;100.835;0.25857445260519324;0.0076051309589762715;-0.11474609375;
01:33:15;158.0;1573090396;100.285;0.38394528667448824;0.011292508431602595;-0.1171875;
01:33:16;159.0;1573090397;100.526;0.6346869548130782;0.01866726337685524;-0.1220703125;
01:33:17;160.0;1573090399;101.1;0.6346869548130782;0.01866726337685524;-0.1220703125;
01:33:18;161.0;1573090400;100.835;0.7600577888823732;0.022354640849481563;-0.12451171875;
01:33:19;162.0;1573090401;101.633;1.1361702910902582;0.03341677326736053;-0.1318359375;
01:33:20;163.0;1573090402;101.411;1.0107994570209633;0.029729395794734215;-0.12939453125;
01:33:22;165.0;1573090403;101.078;0.38394528667448824;0.011292508431602595;-0.1171875;
01:33:23;166.0;1573090404;100.504;0.25857445260519324;0.0076051309589762715;-0.11474609375;
01:33:24;167.0;1573090406;101.012;0.6346869548130782;0.01866726337685524;-0.1220703125;
01:33:25;168.0;1573090407;101.056;0.5093161207437832;0.014979885904228918;-0.11962890625;
01:33:26;169.0;1573090408;101.078;0.5093161207437832;0.014979885904228918;-0.11962890625;
01:33:28;171.0;1573090409;100.857;-1.4966172243649363;-0.04401815365779224;-0.08056640625;
01:33:29;172.0;1573090411;101.167;0.7600577888823732;0.022354640849481563;-0.12451171875;
01:33:30;173.0;1573090412;101.211;0.6346869548130782;0.01866726337685524;-0.1220703125;
01:33:31;174.0;1573090413;101.233;0.6346869548130782;0.01866726337685524;-0.1220703125;
01:33:32;175.0;1573090414;101.3;0.6346869548130782;0.01866726337685524;-0.1220703125;
01:33:33;176.0;1573090415;100.901;1.3869119592288481;0.04079152821261318;-0.13671875;
01:33:35;178.0;1573090416;101.145;0.7600577888823732;0.022354640849481563;-0.12451171875;
01:33:36;179.0;1573090418;100.526;0.38394528667448824;0.011292508431602595;-0.1171875;
01:33:37;180.0;1573090419;100.351;0.7600577888823732;0.022354640849481563;-0.12451171875;
01:33:38;181.0;1573090420;99.803;0.6346869548130782;0.01866726337685524;-0.1220703125;
01:33:39;182.0;1573090421;99.869;1.0107994570209633;0.029729395794734215;-0.12939453125;
01:33:40;183.0;1573090422;100.417;0.6346869548130782;0.01866726337685524;-0.1220703125;
01:33:41;184.0;1573090423;100.637;0.5093161207437832;0.014979885904228918;-0.11962890625;
01:33:42;185.0;1573090424;101.145;0.38394528667448824;0.011292508431602595;-0.1171875;
01:33:43;186.0;1573090426;101.078;0.8854286229516682;0.02604201832210789;-0.126953125;
01:33:46;189.0;1573090427;101.034;0.13320361853589824;0.0039177534863499485;-0.1123046875;
01:33:47;190.0;1573090428;100.769;1.3869119592288481;0.04079152821261318;-0.13671875;
01:33:48;191.0;1573090429;100.504;0.25857445260519324;0.0076051309589762715;-0.11474609375;
01:33:49;192.0;1573090430;100.241;0.13320361853589824;0.0039177534863499485;-0.1123046875;
01:33:50;193.0;1573090431;100.066;0.5093161207437832;0.014979885904228918;-0.11962890625;
01:33:51;194.0;1573090432;100.044;0.25857445260519324;0.0076051309589762715;-0.11474609375;
01:33:52;195.0;1573090433;99.76;0.25857445260519324;0.0076051309589762715;-0.11474609375;
01:33:53;196.0;1573090435;100.044;0.7600577888823732;0.022354640849481563;-0.12451171875;
01:33:55;198.0;1573090436;100.307;0.13320361853589824;0.0039177534863499485;-0.1123046875;
01:33:56;199.0;1573090437;100.57;0.6346869548130782;0.01866726337685524;-0.1220703125;
01:33:57;200.0;1573090438;100.263;1.3869119592288481;0.04079152821261318;-0.13671875;
01:33:58;201.0;1573090440;100.526;0.5093161207437832;0.014979885904228918;-0.11962890625;
01:33:59;202.0;1573090441;100.482;0.6346869548130782;0.01866726337685524;-0.1220703125;
01:34:01;204.0;1573090442;100.857;0.6346869548130782;0.01866726337685524;-0.1220703125;
01:34:02;205.0;1573090443;100.57;0.25857445260519324;0.0076051309589762715;-0.11474609375;
01:34:03;206.0;1573090444;100.57;0.25857445260519324;0.0076051309589762715;-0.11474609375;
01:34:04;207.0;1573090445;100.307;0.8854286229516682;0.02604201832210789;-0.126953125;
01:34:05;208.0;1573090447;100.857;0.6346869548130782;0.01866726337685524;-0.1220703125;
01:34:07;210.0;1573090448;100.285;0.6346869548130782;0.01866726337685524;-0.1220703125;
01:34:08;211.0;1573090449;100.482;1.1361702910902582;0.03341677326736053;-0.1318359375;
01:34:09;212.0;1573090450;99.585;0.5093161207437832;0.014979885904228918;-0.11962890625;
01:34:10;213.0;1573090452;99.891;0.7600577888823732;0.022354640849481563;-0.12451171875;
01:34:11;214.0;1573090453;99.607;0.38394528667448824;0.011292508431602595;-0.1171875;
01:34:12;215.0;1573090454;99.934;0.8854286229516682;0.02604201832210789;-0.126953125;
01:34:13;216.0;1573090455;100.263;1.1361702910902582;0.03341677326736053;-0.1318359375;
01:34:15;218.0;1573090456;101.012;0.6346869548130782;0.01866726337685524;-0.1220703125;
01:34:16;219.0;1573090457;100.197;0.38394528667448824;0.011292508431602595;-0.1171875;
01:34:17;220.0;1573090458;100.153;-2.8756963991271807;-0.08457930585668179;-0.0537109375;
01:34:18;221.0;1573090460;99.585;0.8854286229516682;0.02604201832210789;-0.126953125;
01:34:19;222.0;1573090461;99.629;0.5093161207437832;0.014979885904228918;-0.11962890625;
01:34:20;223.0;1573090462;99.847;0.5093161207437832;0.014979885904228918;-0.11962890625;
01:34:21;224.0;1573090463;100.153;0.5093161207437832;0.014979885904228918;-0.11962890625;
01:34:23;226.0;1573090464;100.044;0.5093161207437832;0.014979885904228918;-0.11962890625;
01:34:24;227.0;1573090465;100.088;0.7600577888823732;0.022354640849481563;-0.12451171875;
01:34:25;228.0;1573090467;100.0;0.7600577888823732;0.022354640849481563;-0.12451171875;
01:34:26;229.0;1573090468;99.738;0.25857445260519324;0.0076051309589762715;-0.11474609375;
01:34:27;230.0;1573090469;99.956;0.5093161207437832;0.014979885904228918;-0.11962890625;
01:34:28;231.0;1573090470;100.175;0.6346869548130782;0.01866726337685524;-0.1220703125;
01:34:30;233.0;1573090471;100.373;0.5093161207437832;0.014979885904228918;-0.11962890625;
01:34:31;234.0;1573090473;100.417;1.0107994570209633;0.029729395794734215;-0.12939453125;
01:34:32;235.0;1573090474;99.934;0.7600577888823732;0.022354640849481563;-0.12451171875;
01:34:33;236.0;1573090475;99.956;0.25857445260519324;0.0076051309589762715;-0.11474609375;
01:34:34;237.0;1573090476;99.694;0.6346869548130782;0.01866726337685524;-0.1220703125;
01:34:36;239.0;1573090477;99.39;0.5093161207437832;0.014979885904228918;-0.11962890625;
01:34:37;240.0;1573090479;99.173;0.38394528667448824;0.011292508431602595;-0.1171875;
01:34:38;241.0;1573090480;99.455;0.5093161207437832;0.014979885904228918;-0.11962890625;
01:34:39;242.0;1573090481;99.498;4.521182810961221;0.13297596502827122;-0.19775390625;
01:34:40;243.0;1573090482;99.259;0.38394528667448824;0.011292508431602595;-0.1171875;
01:34:41;244.0;1573090483;99.043;0.25857445260519324;0.0076051309589762715;-0.11474609375;
01:34:43;246.0;1573090484;99.542;0.5093161207437832;0.014979885904228918;-0.11962890625;
01:34:44;247.0;1573090486;99.76;0.6346869548130782;0.01866726337685524;-0.1220703125;
01:34:45;248.0;1573090487;100.0;0.38394528667448824;0.011292508431602595;-0.1171875;
01:34:46;249.0;1573090488;99.956;0.25857445260519324;0.0076051309589762715;-0.11474609375;
01:34:47;250.0;1573090489;99.368;1.3869119592288481;0.04079152821261318;-0.13671875;
01:34:48;251.0;1573090490;99.629;0.007832784466603238;0.00023037601372362463;-0.10986328125;
01:34:50;253.0;1573090491;99.411;0.38394528667448824;0.011292508431602595;-0.1171875;
01:34:52;255.0;1573090493;99.716;-2.624954730988591;-0.07720455091142914;-0.05859375;
01:34:53;256.0;1573090494;99.216;5.524149483515581;0.1624749848092818;-0.21728515625;
01:34:54;257.0;1573090495;99.129;-4.254775573889425;-0.12514045805557134;-0.02685546875;
01:34:55;258.0;1573090496;98.611;0.7600577888823732;0.022354640849481563;-0.12451171875;
01:34:56;259.0;1573090497;98.654;0.7600577888823732;0.022354640849481563;-0.12451171875;
01:34:57;260.0;1573090499;98.87;0.5093161207437832;0.014979885904228918;-0.11962890625;
01:34:59;262.0;1573090500;99.303;0.38394528667448824;0.011292508431602595;-0.1171875;
01:35:00;263.0;1573090501;99.021;0.7600577888823732;0.022354640849481563;-0.12451171875;
01:35:01;264.0;1573090502;99.108;0.6346869548130782;0.01866726337685524;-0.1220703125;
01:35:02;265.0;1573090503;99.325;0.25857445260519324;0.0076051309589762715;-0.11474609375;
01:35:03;266.0;1573090504;99.39;0.38394528667448824;0.011292508431602595;-0.1171875;
01:35:04;267.0;1573090506;99.086;0.5093161207437832;0.014979885904228918;-0.11962890625;
01:35:06;269.0;1573090507;99.39;0.6346869548130782;0.01866726337685524;-0.1220703125;
01:35:07;270.0;1573090508;99.151;0.5093161207437832;0.014979885904228918;-0.11962890625;
01:35:08;271.0;1573090509;99.716;0.5093161207437832;0.014979885904228918;-0.11962890625;
01:35:09;272.0;1573090510;99.738;1.0107994570209633;0.029729395794734215;-0.12939453125;
01:35:10;273.0;1573090512;99.411;-0.49365055181057677;-0.01451913387678167;-0.10009765625;
01:35:11;274.0;1573090513;99.433;1.8883952955060281;0.05554103810311847;-0.146484375;
01:35:13;276.0;1573090514;99.173;0.5093161207437832;0.014979885904228918;-0.11962890625;
01:35:14;277.0;1573090515;99.173;8.533049501178661;0.25097204415231356;-0.27587890625;
01:35:15;278.0;1573090516;99.455;0.5093161207437832;0.014979885904228918;-0.11962890625;
01:35:16;279.0;1573090517;99.238;7.028599492347121;0.20672351448079768;-0.24658203125;
01:35:17;280.0;1573090519;99.542;0.5093161207437832;0.014979885904228918;-0.11962890625;
01:35:18;281.0;1573090520;99.782;0.6346869548130782;0.01866726337685524;-0.1220703125;
01:35:19;282.0;1573090521;99.216;0.5093161207437832;0.014979885904228918;-0.11962890625;
01:35:21;284.0;1573090522;98.913;0.25857445260519324;0.0076051309589762715;-0.11474609375;
01:35:22;285.0;1573090523;98.676;0.7600577888823732;0.022354640849481563;-0.12451171875;
01:35:23;286.0;1573090524;99.151;0.13320361853589824;0.0039177534863499485;-0.1123046875;
01:35:24;287.0;1573090526;99.129;2.515249465852502;0.07397792546625007;-0.15869140625;
01:35:25;288.0;1573090527;99.368;0.38394528667448824;0.011292508431602595;-0.1171875;
01:35:26;289.0;1573090528;99.39;0.7600577888823732;0.022354640849481563;-0.12451171875;
01:35:28;291.0;1573090529;98.892;0.7600577888823732;0.022354640849481563;-0.12451171875;
01:35:29;292.0;1573090531;99.173;0.6346869548130782;0.01866726337685524;-0.1220703125;
01:35:30;293.0;1573090532;99.694;0.38394528667448824;0.011292508431602595;-0.1171875;
01:35:31;294.0;1573090533;99.455;-5.63385474865167;-0.16570161025446087;0.0;
01:35:32;295.0;1573090534;99.411;1.0107994570209633;0.029729395794734215;-0.12939453125;
01:35:33;296.0;1573090535;99.346;0.5093161207437832;0.014979885904228918;-0.11962890625;
01:35:35;298.0;1573090536;98.547;2.6406202999217974;0.0776653029388764;-0.1611328125;
01:35:36;299.0;1573090538;98.568;0.8854286229516682;0.02604201832210789;-0.126953125;
01:35:37;300.0;1573090539;97.861;0.6346869548130782;0.01866726337685524;-0.1220703125;
01:35:38;301.0;1573090540;97.882;0.13320361853589824;0.0039177534863499485;-0.1123046875;
01:35:39;302.0;1573090541;98.461;0.5093161207437832;0.014979885904228918;-0.11962890625;
01:35:40;303.0;1573090542;98.676;0.6346869548130782;0.01866726337685524;-0.1220703125;
01:35:42;305.0;1573090543;98.676;0.6346869548130782;0.01866726337685524;-0.1220703125;
01:35:43;306.0;1573090545;98.396;0.38394528667448824;0.011292508431602595;-0.1171875;
01:35:44;307.0;1573090546;97.904;0.5093161207437832;0.014979885904228918;-0.11962890625;
01:35:45;308.0;1573090547;98.633;0.6346869548130782;0.01866726337685524;-0.1220703125;
01:35:46;309.0;1573090548;98.848;0.25857445260519324;0.0076051309589762715;-0.11474609375;
01:35:47;310.0;1573090549;98.892;0.7600577888823732;0.022354640849481563;-0.12451171875;
01:35:49;312.0;1573090551;98.654;1.3869119592288481;0.04079152821261318;-0.13671875;
01:35:50;313.0;1573090552;98.117;0.38394528667448824;0.011292508431602595;-0.1171875;
01:35:51;314.0;1573090553;98.246;0.5093161207437832;0.014979885904228918;-0.11962890625;
01:35:52;315.0;1573090554;98.439;0.6346869548130782;0.01866726337685524;-0.1220703125;
01:35:54;317.0;1573090555;98.913;1.0107994570209633;0.029729395794734215;-0.12939453125;
01:35:55;318.0;1573090557;99.498;0.5093161207437832;0.014979885904228918;-0.11962890625;
01:35:57;320.0;1573090558;98.59;0.6346869548130782;0.01866726337685524;-0.1220703125;
01:35:58;321.0;1573090559;97.882;0.7600577888823732;0.022354640849481563;-0.12451171875;
01:35:59;322.0;1573090560;97.584;0.7600577888823732;0.022354640849481563;-0.12451171875;
01:36:00;323.0;1573090561;97.776;0.7600577888823732;0.022354640849481563;-0.12451171875;
01:36:01;324.0;1573090563;98.075;0.6346869548130782;0.01866726337685524;-0.1220703125;
01:36:03;326.0;1573090564;98.075;0.8854286229516682;0.02604201832210789;-0.126953125;
01:36:04;327.0;1573090565;98.375;1.0107994570209633;0.029729395794734215;-0.12939453125;
01:36:05;328.0;1573090566;98.353;2.515249465852502;0.07397792546625007;-0.15869140625;
01:36:06;329.0;1573090567;98.827;0.25857445260519324;0.0076051309589762715;-0.11474609375;
01:36:07;330.0;1573090569;98.827;0.5093161207437832;0.014979885904228918;-0.11962890625;
01:36:08;331.0;1573090570;98.805;0.7600577888823732;0.022354640849481563;-0.12451171875;
01:36:10;333.0;1573090571;98.892;0.6346869548130782;0.01866726337685524;-0.1220703125;
01:36:11;334.0;1573090572;98.697;0.38394528667448824;0.011292508431602595;-0.1171875;
01:36:12;335.0;1573090573;98.676;0.5093161207437832;0.014979885904228918;-0.11962890625;
01:36:13;336.0;1573090574;98.87;0.8854286229516682;0.02604201832210789;-0.126953125;
01:36:14;337.0;1573090576;98.353;0.38394528667448824;0.011292508431602595;-0.1171875;
01:36:15;338.0;1573090577;98.525;1.0107994570209633;0.029729395794734215;-0.12939453125;
01:36:16;339.0;1573090578;98.59;0.8854286229516682;0.02604201832210789;-0.126953125;
01:36:18;341.0;1573090579;98.332;1.5122827932981433;0.04447890568523951;-0.13916015625;
01:36:19;342.0;1573090580;98.096;1.0107994570209633;0.029729395794734215;-0.12939453125;
01:36:20;343.0;1573090581;97.818;0.7600577888823732;0.022354640849481563;-0.12451171875;
01:36:21;344.0;1573090582;97.563;0.007832784466603238;0.00023037601372362463;-0.10986328125;
01:36:22;345.0;1573090584;98.096;0.6346869548130782;0.01866726337685524;-0.1220703125;
01:36:23;346.0;1573090585;98.31;0.5093161207437832;0.014979885904228918;-0.11962890625;
01:36:24;347.0;1573090586;98.547;0.7600577888823732;0.022354640849481563;-0.12451171875;
01:36:26;349.0;1573090587;98.225;0.7600577888823732;0.022354640849481563;-0.12451171875;
01:36:27;350.0;1573090588;98.053;0.13320361853589824;0.0039177534863499485;-0.1123046875;
01:36:28;351.0;1573090590;97.818;6.401745322000647;0.18828662711766608;-0.234375;
01:36:29;352.0;1573090591;98.117;0.25857445260519324;0.0076051309589762715;-0.11474609375;
01:36:30;353.0;1573090592;98.117;0.7600577888823732;0.022354640849481563;-0.12451171875;
01:36:32;355.0;1573090593;97.52;0.5093161207437832;0.014979885904228918;-0.11962890625;
01:36:33;356.0;1573090594;97.712;1.3869119592288481;0.04079152821261318;-0.13671875;
01:36:34;357.0;1573090596;97.818;0.5093161207437832;0.014979885904228918;-0.11962890625;
01:36:35;358.0;1573090597;97.818;0.8854286229516682;0.02604201832210789;-0.126953125;
01:36:36;359.0;1573090598;98.075;0.5093161207437832;0.014979885904228918;-0.11962890625;
01:36:37;360.0;1573090599;97.818;0.5093161207437832;0.014979885904228918;-0.11962890625;
01:36:38;361.0;1573090600;98.032;0.5093161207437832;0.014979885904228918;-0.11962890625;
01:36:40;363.0;1573090601;98.096;0.5093161207437832;0.014979885904228918;-0.11962890625;
01:36:41;364.0;1573090602;97.84;0.7600577888823732;0.022354640849481563;-0.12451171875;
01:36:42;365.0;1573090604;97.541;0.7600577888823732;0.022354640849481563;-0.12451171875;
01:36:43;366.0;1573090605;97.754;1.1361702910902582;0.03341677326736053;-0.1318359375;
01:36:44;367.0;1573090606;97.223;0.13320361853589824;0.0039177534863499485;-0.1123046875;
01:36:45;368.0;1573090607;97.032;0.7600577888823732;0.022354640849481563;-0.12451171875;
01:36:46;369.0;1573090608;97.096;0.7600577888823732;0.022354640849481563;-0.12451171875;
01:36:48;371.0;1573090609;97.117;0.5093161207437832;0.014979885904228918;-0.11962890625;
01:36:49;372.0;1573090611;97.117;0.6346869548130782;0.01866726337685524;-0.1220703125;
01:36:50;373.0;1573090612;96.821;0.007832784466603238;0.00023037601372362463;-0.10986328125;
01:36:51;374.0;1573090613;97.075;0.5093161207437832;0.014979885904228918;-0.11962890625;
01:36:52;375.0;1573090614;97.626;0.6346869548130782;0.01866726337685524;-0.1220703125;
01:36:53;376.0;1573090615;97.754;0.6346869548130782;0.01866726337685524;-0.1220703125;
01:36:55;378.0;1573090617;98.053;0.5093161207437832;0.014979885904228918;-0.11962890625;
01:36:56;379.0;1573090618;97.754;0.7600577888823732;0.022354640849481563;-0.12451171875;
01:36:58;381.0;1573090619;97.584;0.7600577888823732;0.022354640849481563;-0.12451171875;
01:36:59;382.0;1573090620;97.286;0.13320361853589824;0.0039177534863499485;-0.1123046875;
01:37:00;383.0;1573090621;97.032;0.5093161207437832;0.014979885904228918;-0.11962890625;
01:37:01;384.0;1573090623;96.99;0.5093161207437832;0.014979885904228918;-0.11962890625;
01:37:03;386.0;1573090624;96.99;0.7600577888823732;0.022354640849481563;-0.12451171875;
01:37:04;387.0;1573090625;97.435;0.13320361853589824;0.0039177534863499485;-0.1123046875;
01:37:05;388.0;1573090626;97.478;0.7600577888823732;0.022354640849481563;-0.12451171875;
01:37:06;389.0;1573090627;97.584;0.6346869548130782;0.01866726337685524;-0.1220703125;
01:37:07;390.0;1573090628;98.225;0.5093161207437832;0.014979885904228918;-0.11962890625;
01:37:08;391.0;1573090630;97.754;0.5093161207437832;0.014979885904228918;-0.11962890625;
01:37:10;393.0;1573090631;97.456;0.38394528667448824;0.011292508431602595;-0.1171875;
01:37:11;394.0;1573090632;97.223;0.8854286229516682;0.02604201832210789;-0.126953125;
01:37:12;395.0;1573090633;97.478;1.2615411251595532;0.03710415073998686;-0.13427734375;
01:37:13;396.0;1573090634;97.456;0.6346869548130782;0.01866726337685524;-0.1220703125;
01:37:14;397.0;1573090635;97.712;0.38394528667448824;0.011292508431602595;-0.1171875;
01:37:15;398.0;1573090637;97.797;0.5093161207437832;0.014979885904228918;-0.11962890625;
01:37:16;399.0;1573090638;97.754;-0.11753804960269176;-0.0034570014589026987;-0.107421875;
01:37:17;400.0;1573090639;97.478;0.6346869548130782;0.01866726337685524;-0.1220703125;
01:37:19;402.0;1573090640;97.499;0.5093161207437832;0.014979885904228918;-0.11962890625;
01:37:20;403.0;1573090641;97.52;0.25857445260519324;0.0076051309589762715;-0.11474609375;
01:37:21;404.0;1573090642;97.308;0.8854286229516682;0.02604201832210789;-0.126953125;
01:37:22;405.0;1573090644;97.286;0.6346869548130782;0.01866726337685524;-0.1220703125;
01:37:23;406.0;1573090645;96.863;0.6346869548130782;0.01866726337685524;-0.1220703125;
01:37:24;407.0;1573090646;96.927;0.5093161207437832;0.014979885904228918;-0.11962890625;
01:37:26;409.0;1573090647;97.138;0.7600577888823732;0.022354640849481563;-0.12451171875;
01:37:27;410.0;1573090648;97.054;0.8854286229516682;0.02604201832210789;-0.126953125;
01:37:28;411.0;1573090650;96.779;0.38394528667448824;0.011292508431602595;-0.1171875;
01:37:29;412.0;1573090651;97.117;1.0107994570209633;0.029729395794734215;-0.12939453125;
01:37:30;413.0;1573090652;97.308;0.13320361853589824;0.0039177534863499485;-0.1123046875;
01:37:32;415.0;1573090653;96.969;0.6346869548130782;0.01866726337685524;-0.1220703125;
01:37:33;416.0;1573090654;96.863;-0.36827971774128176;-0.010831756404155346;-0.1025390625;
01:37:34;417.0;1573090655;96.674;0.6346869548130782;0.01866726337685524;-0.1220703125;
01:37:35;418.0;1573090657;96.254;0.6346869548130782;0.01866726337685524;-0.1220703125;
01:37:36;419.0;1573090658;96.484;0.38394528667448824;0.011292508431602595;-0.1171875;
01:37:37;420.0;1573090659;96.484;0.5093161207437832;0.014979885904228918;-0.11962890625;
01:37:38;421.0;1573090660;96.442;0.8854286229516682;0.02604201832210789;-0.126953125;
01:37:40;423.0;1573090661;96.442;0.8854286229516682;0.02604201832210789;-0.126953125;
01:37:41;424.0;1573090663;96.233;0.6346869548130782;0.01866726337685524;-0.1220703125;
01:37:42;425.0;1573090664;96.191;0.5093161207437832;0.014979885904228918;-0.11962890625;
01:37:43;426.0;1573090665;96.632;0.6346869548130782;0.01866726337685524;-0.1220703125;
01:37:44;427.0;1573090666;96.884;0.5093161207437832;0.014979885904228918;-0.11962890625;
01:37:45;428.0;1573090667;96.842;-5.508483914582374;-0.16201423278183455;-0.00244140625;
01:37:46;429.0;1573090668;96.927;1.3869119592288481;0.04079152821261318;-0.13671875;
01:37:48;431.0;1573090669;96.526;0.13320361853589824;0.0039177534863499485;-0.1123046875;
01:37:49;432.0;1573090671;96.316;0.25857445260519324;0.0076051309589762715;-0.11474609375;
01:37:50;433.0;1573090672;96.295;0.5093161207437832;0.014979885904228918;-0.11962890625;
01:37:51;434.0;1573090673;96.337;0.25857445260519324;0.0076051309589762715;-0.11474609375;
01:37:52;435.0;1573090674;96.484;0.7600577888823732;0.022354640849481563;-0.12451171875;
01:37:53;436.0;1573090675;97.011;-0.8697630540184608;-0.02558126629466061;-0.0927734375;
01:37:55;438.0;1573090677;96.149;0.5093161207437832;0.014979885904228918;-0.11962890625;
01:37:56;439.0;1573090678;96.463;0.5093161207437832;0.014979885904228918;-0.11962890625;
01:37:57;440.0;1573090679;96.149;1.0107994570209633;0.029729395794734215;-0.12939453125;
01:37:58;441.0;1573090680;95.961;0.7600577888823732;0.022354640849481563;-0.12451171875;
01:37:59;442.0;1573090681;96.526;1.1361702910902582;0.03341677326736053;-0.1318359375;
01:38:02;445.0;1573090683;96.065;-0.11753804960269176;-0.0034570014589026987;-0.107421875;
01:38:03;446.0;1573090684;95.982;0.38394528667448824;0.011292508431602595;-0.1171875;
01:38:04;447.0;1573090685;95.982;0.38394528667448824;0.011292508431602595;-0.1171875;
01:38:05;448.0;1573090686;95.961;0.6346869548130782;0.01866726337685524;-0.1220703125;
01:38:06;449.0;1573090687;96.107;0.6346869548130782;0.01866726337685524;-0.1220703125;
01:38:07;450.0;1573090688;96.17;0.5093161207437832;0.014979885904228918;-0.11962890625;
01:38:08;451.0;1573090689;95.627;0.6346869548130782;0.01866726337685524;-0.1220703125;
01:38:09;452.0;1573090691;95.71;-0.36827971774128176;-0.010831756404155346;-0.1025390625;
01:38:11;454.0;1573090692;96.023;1.2615411251595532;0.03710415073998686;-0.13427734375;
01:38:12;455.0;1573090693;96.337;0.7600577888823732;0.022354640849481563;-0.12451171875;
01:38:13;456.0;1573090694;96.233;0.5093161207437832;0.014979885904228918;-0.11962890625;
01:38:14;457.0;1573090695;95.731;0.7600577888823732;0.022354640849481563;-0.12451171875;
01:38:15;458.0;1573090696;95.961;0.25857445260519324;0.0076051309589762715;-0.11474609375;
01:38:16;459.0;1573090698;95.94;0.5093161207437832;0.014979885904228918;-0.11962890625;
01:38:17;460.0;1573090699;95.71;0.5093161207437832;0.014979885904228918;-0.11962890625;
01:38:19;462.0;1573090700;96.254;3.0167328021296833;0.0887274353567554;-0.16845703125;
01:38:20;463.0;1573090701;96.233;0.5093161207437832;0.014979885904228918;-0.11962890625;
01:38:21;464.0;1573090702;96.695;0.5093161207437832;0.014979885904228918;-0.11962890625;
01:38:22;465.0;1573090703;96.863;0.8854286229516682;0.02604201832210789;-0.126953125;
01:38:23;466.0;1573090705;96.379;0.38394528667448824;0.011292508431602595;-0.1171875;
01:38:24;467.0;1573090706;96.632;0.38394528667448824;0.011292508431602595;-0.1171875;
01:38:26;469.0;1573090707;95.856;0.13320361853589824;0.0039177534863499485;-0.1123046875;
01:38:27;470.0;1573090708;95.877;0.5093161207437832;0.014979885904228918;-0.11962890625;
01:38:28;471.0;1573090709;95.627;1.2615411251595532;0.03710415073998686;-0.13427734375;
01:38:29;472.0;1573090711;95.815;0.6346869548130782;0.01866726337685524;-0.1220703125;
01:38:30;473.0;1573090712;96.233;0.5093161207437832;0.014979885904228918;-0.11962890625;
01:38:31;474.0;1573090713;95.71;0.5093161207437832;0.014979885904228918;-0.11962890625;
01:38:33;476.0;1573090714;95.961;0.5093161207437832;0.014979885904228918;-0.11962890625;
01:38:34;477.0;1573090715;95.982;1.0107994570209633;0.029729395794734215;-0.12939453125;
01:38:35;478.0;1573090716;96.191;0.5093161207437832;0.014979885904228918;-0.11962890625;
01:38:36;479.0;1573090718;96.421;0.38394528667448824;0.011292508431602595;-0.1171875;
01:38:37;480.0;1573090719;96.442;0.6346869548130782;0.01866726337685524;-0.1220703125;
01:38:38;481.0;1573090720;96.149;0.6346869548130782;0.01866726337685524;-0.1220703125;
01:38:40;483.0;1573090721;95.627;0.38394528667448824;0.011292508431602595;-0.1171875;
01:38:41;484.0;1573090722;95.316;0.25857445260519324;0.0076051309589762715;-0.11474609375;
01:38:42;485.0;1573090723;95.565;0.6346869548130782;0.01866726337685524;-0.1220703125;
01:38:43;486.0;1573090725;95.565;0.38394528667448824;0.011292508431602595;-0.1171875;
01:38:44;487.0;1573090726;95.357;0.5093161207437832;0.014979885904228918;-0.11962890625;
01:38:45;488.0;1573090727;95.606;0.13320361853589824;0.0039177534863499485;-0.1123046875;
01:38:46;489.0;1573090728;95.088;0.38394528667448824;0.011292508431602595;-0.1171875;
01:38:47;490.0;1573090729;94.593;0.8854286229516682;0.02604201832210789;-0.126953125;
01:38:49;492.0;1573090731;94.409;0.8854286229516682;0.02604201832210789;-0.126953125;
01:38:50;493.0;1573090732;94.944;0.5093161207437832;0.014979885904228918;-0.11962890625;
01:38:51;494.0;1573090733;95.461;0.25857445260519324;0.0076051309589762715;-0.11474609375;
01:38:52;495.0;1573090734;96.023;0.007832784466603238;0.00023037601372362463;-0.10986328125;
01:38:53;496.0;1573090735;96.737;-5.13237141237449;-0.1509521003639556;-0.009765625;
01:38:55;498.0;1573090737;96.463;2.3898786317832084;0.07029054799362378;-0.15625;
01:38:56;499.0;1573090738;95.961;0.5093161207437832;0.014979885904228918;-0.11962890625;
01:38:57;500.0;1573090739;95.544;-0.49365055181057677;-0.01451913387678167;-0.10009765625;
01:38:58;501.0;1573090740;95.316;0.7600577888823732;0.022354640849481563;-0.12451171875;
01:38:59;502.0;1573090741;95.295;-0.7443922199491667;-0.021893888822034316;-0.09521484375;
01:39:01;504.0;1573090743;95.274;1.1361702910902582;0.03341677326736053;-0.1318359375;
01:39:02;505.0;1573090744;95.731;0.25857445260519324;0.0076051309589762715;-0.11474609375;
01:39:03;506.0;1573090745;95.523;0.007832784466603238;0.00023037601372362463;-0.10986328125;
01:39:04;507.0;1573090746;95.274;0.5093161207437832;0.014979885904228918;-0.11962890625;
01:39:06;509.0;1573090748;95.254;0.13320361853589824;0.0039177534863499485;-0.1123046875;
01:39:08;511.0;1573090749;95.731;0.6346869548130782;0.01866726337685524;-0.1220703125;
01:39:09;512.0;1573090750;95.71;0.13320361853589824;0.0039177534863499485;-0.1123046875;
01:39:10;513.0;1573090751;96.002;0.6346869548130782;0.01866726337685524;-0.1220703125;
01:39:11;514.0;1573090752;95.794;0.38394528667448824;0.011292508431602595;-0.1171875;
01:39:12;515.0;1573090754;95.109;0.8854286229516682;0.02604201832210789;-0.126953125;
01:39:14;517.0;1573090755;95.233;0.38394528667448824;0.011292508431602595;-0.1171875;
01:39:15;518.0;1573090756;95.44;0.8854286229516682;0.02604201832210789;-0.126953125;
01:39:16;519.0;1573090757;95.357;0.5093161207437832;0.014979885904228918;-0.11962890625;
01:39:17;520.0;1573090758;95.378;1.5122827932981433;0.04447890568523951;-0.13916015625;
01:39:18;521.0;1573090760;95.15;3.3928453043375684;0.09978956777463437;-0.17578125;
01:39:19;522.0;1573090761;94.902;0.5093161207437832;0.014979885904228918;-0.11962890625;
01:39:21;524.0;1573090762;94.964;0.6346869548130782;0.01866726337685524;-0.1220703125;
01:39:22;525.0;1573090763;94.985;0.38394528667448824;0.011292508431602595;-0.1171875;
01:39:23;526.0;1573090764;95.212;0.5093161207437832;0.014979885904228918;-0.11962890625;
01:39:24;527.0;1573090766;94.985;0.007832784466603238;0.00023037601372362463;-0.10986328125;
01:39:26;529.0;1573090767;94.758;0.25857445260519324;0.0076051309589762715;-0.11474609375;
01:39:27;530.0;1573090768;94.799;0.5093161207437832;0.014979885904228918;-0.11962890625;
01:39:28;531.0;1573090769;94.737;0.38394528667448824;0.011292508431602595;-0.1171875;
01:39:29;532.0;1573090771;94.779;0.7600577888823732;0.022354640849481563;-0.12451171875;
01:39:30;533.0;1573090772;94.985;0.007832784466603238;0.00023037601372362463;-0.10986328125;
01:39:32;535.0;1573090773;95.212;0.38394528667448824;0.011292508431602595;-0.1171875;
01:39:33;536.0;1573090774;95.171;0.5093161207437832;0.014979885904228918;-0.11962890625;
01:39:34;537.0;1573090776;94.964;0.38394528667448824;0.011292508431602595;-0.1171875;
01:39:35;538.0;1573090777;94.696;0.7600577888823732;0.022354640849481563;-0.12451171875;
01:39:37;540.0;1573090778;94.779;0.7600577888823732;0.022354640849481563;-0.12451171875;
01:39:38;541.0;1573090779;94.985;1.0107994570209633;0.029729395794734215;-0.12939453125;
01:39:39;542.0;1573090781;95.419;0.6346869548130782;0.01866726337685524;-0.1220703125;
01:39:40;543.0;1573090782;95.129;0.25857445260519324;0.0076051309589762715;-0.11474609375;
01:39:41;544.0;1573090783;95.357;0.8854286229516682;0.02604201832210789;-0.126953125;
01:39:43;546.0;1573090784;94.964;0.7600577888823732;0.022354640849481563;-0.12451171875;
01:39:44;547.0;1573090786;94.532;0.13320361853589824;0.0039177534863499485;-0.1123046875;
01:39:45;548.0;1573090787;94.0;0.38394528667448824;0.011292508431602595;-0.1171875;
01:39:46;549.0;1573090788;94.183;0.5093161207437832;0.014979885904228918;-0.11962890625;
01:39:47;550.0;1573090789;93.979;1.0107994570209633;0.029729395794734215;-0.12939453125;
01:39:49;552.0;1573090790;94.47;0.8854286229516682;0.02604201832210789;-0.126953125;
01:39:50;553.0;1573090792;94.696;0.7600577888823732;0.022354640849481563;-0.12451171875;
01:39:51;554.0;1573090793;94.388;0.7600577888823732;0.022354640849481563;-0.12451171875;
01:39:52;555.0;1573090794;94.409;0.25857445260519324;0.0076051309589762715;-0.11474609375;
01:39:53;556.0;1573090795;94.388;0.5093161207437832;0.014979885904228918;-0.11962890625;
01:39:55;558.0;1573090796;94.224;0.38394528667448824;0.011292508431602595;-0.1171875;
01:39:56;559.0;1573090798;94.286;0.5093161207437832;0.014979885904228918;-0.11962890625;
01:39:57;560.0;1573090799;94.47;0.6346869548130782;0.01866726337685524;-0.1220703125;
01:39:58;561.0;1573090800;94.676;0.5093161207437832;0.014979885904228918;-0.11962890625;
01:40:00;563.0;1573090801;94.388;0.38394528667448824;0.011292508431602595;-0.1171875;
01:40:01;564.0;1573090803;94.655;0.7600577888823732;0.022354640849481563;-0.12451171875;
01:40:02;565.0;1573090804;94.655;0.7600577888823732;0.022354640849481563;-0.12451171875;
01:40:03;566.0;1573090805;95.357;1.0107994570209633;0.029729395794734215;-0.12939453125;
01:40:04;567.0;1573090806;95.337;0.5093161207437832;0.014979885904228918;-0.11962890625;
01:40:05;568.0;1573090807;94.861;0.8854286229516682;0.02604201832210789;-0.126953125;
01:40:07;570.0;1573090809;94.347;0.7600577888823732;0.022354640849481563;-0.12451171875;
01:40:08;571.0;1573090810;94.122;0.38394528667448824;0.011292508431602595;-0.1171875;
01:40:09;572.0;1573090811;94.368;0.25857445260519324;0.0076051309589762715;-0.11474609375;
01:40:11;574.0;1573090812;93.918;0.38394528667448824;0.011292508431602595;-0.1171875;
01:40:12;575.0;1573090813;94.676;0.38394528667448824;0.011292508431602595;-0.1171875;
01:40:13;576.0;1573090814;94.45;0.7600577888823732;0.022354640849481563;-0.12451171875;
01:40:15;578.0;1573090816;94.45;0.6346869548130782;0.01866726337685524;-0.1220703125;
01:40:16;579.0;1573090817;94.183;0.7600577888823732;0.022354640849481563;-0.12451171875;
01:40:17;580.0;1573090818;94.429;-0.24290888367198676;-0.007144378931529022;-0.10498046875;
01:40:18;581.0;1573090819;94.429;0.007832784466603238;0.00023037601372362463;-0.10986328125;
01:40:19;582.0;1573090820;93.959;0.6346869548130782;0.01866726337685524;-0.1220703125;
01:40:20;583.0;1573090822;93.288;0.6346869548130782;0.01866726337685524;-0.1220703125;
01:40:22;585.0;1573090823;93.755;0.7600577888823732;0.022354640849481563;-0.12451171875;
01:40:23;586.0;1573090824;93.979;0.5093161207437832;0.014979885904228918;-0.11962890625;
01:40:24;587.0;1573090825;94.45;0.6346869548130782;0.01866726337685524;-0.1220703125;
01:40:25;588.0;1573090827;94.409;0.7600577888823732;0.022354640849481563;-0.12451171875;
01:40:26;589.0;1573090828;94.429;0.13320361853589824;0.0039177534863499485;-0.1123046875;
01:40:28;591.0;1573090829;94.327;0.13320361853589824;0.0039177534863499485;-0.1123046875;
01:40:29;592.0;1573090830;94.163;0.6346869548130782;0.01866726337685524;-0.1220703125;
01:40:30;593.0;1573090832;93.653;0.8854286229516682;0.02604201832210789;-0.126953125;
01:40:31;594.0;1573090833;93.694;0.5093161207437832;0.014979885904228918;-0.11962890625;
01:40:33;596.0;1573090834;93.369;0.5093161207437832;0.014979885904228918;-0.11962890625;
01:40:34;597.0;1573090835;93.592;0.5093161207437832;0.014979885904228918;-0.11962890625;
01:40:35;598.0;1573090836;93.877;0.7600577888823732;0.022354640849481563;-0.12451171875;
01:40:36;599.0;1573090838;94.368;0.5093161207437832;0.014979885904228918;-0.11962890625;
01:40:37;600.0;1573090839;94.696;0.5093161207437832;0.014979885904228918;-0.11962890625;
01:40:38;601.0;1573090840;94.696;0.6346869548130782;0.01866726337685524;-0.1220703125;
01:40:40;603.0;1573090841;94.286;0.7600577888823732;0.022354640849481563;-0.12451171875;
01:40:41;604.0;1573090842;94.265;-0.24290888367198676;-0.007144378931529022;-0.10498046875;
01:40:42;605.0;1573090844;94.265;0.5093161207437832;0.014979885904228918;-0.11962890625;
01:40:43;606.0;1573090845;93.959;0.5093161207437832;0.014979885904228918;-0.11962890625;
01:40:44;607.0;1573090846;93.167;0.38394528667448824;0.011292508431602595;-0.1171875;
01:40:45;608.0;1573090847;93.41;0.25857445260519324;0.0076051309589762715;-0.11474609375;
01:40:47;610.0;1573090848;93.938;0.5093161207437832;0.014979885904228918;-0.11962890625;
01:40:48;611.0;1573090849;94.491;0.007832784466603238;0.00023037601372362463;-0.10986328125;
01:40:49;612.0;1573090851;93.959;2.8913619680603873;0.08504005788412904;-0.166015625;
01:40:50;613.0;1573090852;93.511;0.5093161207437832;0.014979885904228918;-0.11962890625;
01:40:51;614.0;1573090853;93.41;0.8854286229516682;0.02604201832210789;-0.126953125;
01:40:52;615.0;1573090854;93.308;-2.624954730988591;-0.07720455091142914;-0.05859375;
01:40:54;617.0;1573090855;94.265;0.7600577888823732;0.022354640849481563;-0.12451171875;
01:40:55;618.0;1573090857;94.573;0.25857445260519324;0.0076051309589762715;-0.11474609375;
01:40:56;619.0;1573090858;94.388;0.25857445260519324;0.0076051309589762715;-0.11474609375;
01:40:57;620.0;1573090859;94.183;0.38394528667448824;0.011292508431602595;-0.1171875;
01:40:58;621.0;1573090860;93.918;0.6346869548130782;0.01866726337685524;-0.1220703125;
01:41:00;623.0;1573090861;93.653;0.7600577888823732;0.022354640849481563;-0.12451171875;
01:41:01;624.0;1573090863;93.694;0.7600577888823732;0.022354640849481563;-0.12451171875;
01:41:02;625.0;1573090864;93.735;0.5093161207437832;0.014979885904228918;-0.11962890625;
01:41:03;626.0;1573090865;93.674;0.38394528667448824;0.011292508431602595;-0.1171875;
01:41:04;627.0;1573090866;93.45;0.5093161207437832;0.014979885904228918;-0.11962890625;
01:41:06;629.0;1573090868;93.653;0.38394528667448824;0.011292508431602595;-0.1171875;
01:41:07;630.0;1573090869;93.268;0.5093161207437832;0.014979885904228918;-0.11962890625;
01:41:08;631.0;1573090870;93.552;0.7600577888823732;0.022354640849481563;-0.12451171875;
01:41:09;632.0;1573090871;93.066;0.5093161207437832;0.014979885904228918;-0.11962890625;
01:41:10;633.0;1573090872;92.583;0.5093161207437832;0.014979885904228918;-0.11962890625;
01:41:12;635.0;1573090874;92.683;0.38394528667448824;0.011292508431602595;-0.1171875;
01:41:13;636.0;1573090875;92.442;0.5093161207437832;0.014979885904228918;-0.11962890625;
01:41:15;638.0;1573090876;92.905;0.38394528667448824;0.011292508431602595;-0.1171875;
01:41:16;639.0;1573090877;92.723;0.5093161207437832;0.014979885904228918;-0.11962890625;
01:41:17;640.0;1573090878;92.985;3.267474470268273;0.09610219030200803;-0.17333984375;
01:41:18;641.0;1573090880;93.228;0.6346869548130782;0.01866726337685524;-0.1220703125;
01:41:20;643.0;1573090881;93.45;0.007832784466603238;0.00023037601372362463;-0.10986328125;
01:41:21;644.0;1573090882;93.45;0.5093161207437832;0.014979885904228918;-0.11962890625;
01:41:22;645.0;1573090883;93.674;0.5093161207437832;0.014979885904228918;-0.11962890625;
01:41:23;646.0;1573090884;93.45;0.5093161207437832;0.014979885904228918;-0.11962890625;
01:41:24;647.0;1573090886;93.45;-4.254775573889425;-0.12514045805557134;-0.02685546875;
01:41:26;649.0;1573090887;93.228;0.5093161207437832;0.014979885904228918;-0.11962890625;
01:41:27;650.0;1573090888;93.45;0.38394528667448824;0.011292508431602595;-0.1171875;
01:41:28;651.0;1573090889;93.755;-0.36827971774128176;-0.010831756404155346;-0.1025390625;
01:41:29;652.0;1573090891;93.43;0.5093161207437832;0.014979885904228918;-0.11962890625;
01:41:31;654.0;1573090892;93.43;0.8854286229516682;0.02604201832210789;-0.126953125;
01:41:32;655.0;1573090893;92.884;0.25857445260519324;0.0076051309589762715;-0.11474609375;
01:41:33;656.0;1573090894;93.147;0.5093161207437832;0.014979885904228918;-0.11962890625;
01:41:34;657.0;1573090896;93.369;0.25857445260519324;0.0076051309589762715;-0.11474609375;
01:41:35;658.0;1573090897;93.167;1.0107994570209633;0.029729395794734215;-0.12939453125;
01:41:36;659.0;1573090898;93.369;0.5093161207437832;0.014979885904228918;-0.11962890625;
01:41:38;661.0;1573090899;93.147;0.7600577888823732;0.022354640849481563;-0.12451171875;
01:41:39;662.0;1573090900;93.066;0.5093161207437832;0.014979885904228918;-0.11962890625;
01:41:40;663.0;1573090901;92.844;0.6346869548130782;0.01866726337685524;-0.1220703125;
01:41:41;664.0;1573090903;93.046;0.7600577888823732;0.022354640849481563;-0.12451171875;
01:41:42;665.0;1573090904;93.026;0.7600577888823732;0.022354640849481563;-0.12451171875;
01:41:43;666.0;1573090905;93.046;0.5093161207437832;0.014979885904228918;-0.11962890625;
01:41:45;668.0;1573090906;92.483;0.6346869548130782;0.01866726337685524;-0.1220703125;
01:41:46;669.0;1573090907;92.282;0.6346869548130782;0.01866726337685524;-0.1220703125;
01:41:47;670.0;1573090909;92.503;0.5093161207437832;0.014979885904228918;-0.11962890625;
01:41:48;671.0;1573090910;92.703;0.8854286229516682;0.02604201832210789;-0.126953125;
01:41:49;672.0;1573090911;92.844;1.0107994570209633;0.029729395794734215;-0.12939453125;
01:41:51;674.0;1573090912;92.202;0.38394528667448824;0.011292508431602595;-0.1171875;
01:41:52;675.0;1573090913;92.182;0.38394528667448824;0.011292508431602595;-0.1171875;
01:41:53;676.0;1573090915;92.242;0.5093161207437832;0.014979885904228918;-0.11962890625;
01:41:54;677.0;1573090916;92.503;0.5093161207437832;0.014979885904228918;-0.11962890625;
01:41:55;678.0;1573090917;92.603;0.8854286229516682;0.02604201832210789;-0.126953125;
01:41:57;680.0;1573090918;93.167;0.6346869548130782;0.01866726337685524;-0.1220703125;
01:41:59;682.0;1573090920;93.026;0.38394528667448824;0.011292508431602595;-0.1171875;
01:42:00;683.0;1573090922;92.523;0.7600577888823732;0.022354640849481563;-0.12451171875;
01:42:02;685.0;1573090923;92.322;0.6346869548130782;0.01866726337685524;-0.1220703125;
01:42:03;686.0;1573090925;92.063;0.7600577888823732;0.022354640849481563;-0.12451171875;
01:42:04;687.0;1573090926;92.723;0.6346869548130782;0.01866726337685524;-0.1220703125;
01:42:05;688.0;1573090927;92.985;1.0107994570209633;0.029729395794734215;-0.12939453125;
01:42:06;689.0;1573090928;92.744;0.5093161207437832;0.014979885904228918;-0.11962890625;
01:42:08;691.0;1573090929;92.242;0.6346869548130782;0.01866726337685524;-0.1220703125;
01:42:09;692.0;1573090931;92.242;0.6346869548130782;0.01866726337685524;-0.1220703125;
01:42:10;693.0;1573090932;92.162;0.6346869548130782;0.01866726337685524;-0.1220703125;
01:42:11;694.0;1573090933;92.442;0.6346869548130782;0.01866726337685524;-0.1220703125;
01:42:12;695.0;1573090934;92.884;0.6346869548130782;0.01866726337685524;-0.1220703125;
01:42:13;696.0;1573090935;92.663;0.6346869548130782;0.01866726337685524;-0.1220703125;
01:42:15;698.0;1573090937;92.483;0.6346869548130782;0.01866726337685524;-0.1220703125;
01:42:16;699.0;1573090938;92.302;0.6346869548130782;0.01866726337685524;-0.1220703125;
01:42:17;700.0;1573090939;92.483;0.8854286229516682;0.02604201832210789;-0.126953125;
01:42:19;702.0;1573090940;92.442;0.6346869548130782;0.01866726337685524;-0.1220703125;
01:42:20;703.0;1573090941;92.523;0.6346869548130782;0.01866726337685524;-0.1220703125;
01:42:22;705.0;1573090943;93.207;0.13320361853589824;0.0039177534863499485;-0.1123046875;
01:42:23;706.0;1573090944;93.268;0.6346869548130782;0.01866726337685524;-0.1220703125;
01:42:24;707.0;1573090945;92.985;0.5093161207437832;0.014979885904228918;-0.11962890625;
01:42:25;708.0;1573090946;92.965;0.6346869548130782;0.01866726337685524;-0.1220703125;
01:42:27;710.0;1573090948;92.402;0.6346869548130782;0.01866726337685524;-0.1220703125;
01:42:28;711.0;1573090949;92.442;0.6346869548130782;0.01866726337685524;-0.1220703125;
01:42:29;712.0;1573090950;92.282;0.5093161207437832;0.014979885904228918;-0.11962890625;
01:42:30;713.0;1573090951;92.563;0.7600577888823732;0.022354640849481563;-0.12451171875;
01:42:31;714.0;1573090953;92.804;0.25857445260519324;0.0076051309589762715;-0.11474609375;
01:42:33;716.0;1573090954;92.703;0.38394528667448824;0.011292508431602595;-0.1171875;
01:42:34;717.0;1573090955;92.182;0.25857445260519324;0.0076051309589762715;-0.11474609375;
01:42:35;718.0;1573090956;91.784;0.8854286229516682;0.02604201832210789;-0.126953125;
01:42:36;719.0;1573090958;92.063;0.25857445260519324;0.0076051309589762715;-0.11474609375;
01:42:37;720.0;1573090959;91.784;3.142103636198978;0.0924148128293817;-0.1708984375;
01:42:39;722.0;1573090960;92.463;0.5093161207437832;0.014979885904228918;-0.11962890625;
01:42:40;723.0;1573090961;92.683;0.6346869548130782;0.01866726337685524;-0.1220703125;
01:42:41;724.0;1573090962;92.744;-0.36827971774128176;-0.010831756404155346;-0.1025390625;
01:42:42;725.0;1573090964;92.302;1.2615411251595532;0.03710415073998686;-0.13427734375;
01:42:43;726.0;1573090965;92.744;0.6346869548130782;0.01866726337685524;-0.1220703125;
01:42:44;727.0;1573090966;92.302;0.6346869548130782;0.01866726337685524;-0.1220703125;
01:42:46;729.0;1573090967;92.442;0.6346869548130782;0.01866726337685524;-0.1220703125;
01:42:47;730.0;1573090968;91.744;0.5093161207437832;0.014979885904228918;-0.11962890625;
01:42:48;731.0;1573090969;91.506;0.7600577888823732;0.022354640849481563;-0.12451171875;
01:42:49;732.0;1573090971;91.288;0.5093161207437832;0.014979885904228918;-0.11962890625;
01:42:50;733.0;1573090972;91.466;0.25857445260519324;0.0076051309589762715;-0.11474609375;
01:42:51;734.0;1573090973;91.983;0.5093161207437832;0.014979885904228918;-0.11962890625;
01:42:53;736.0;1573090974;91.685;0.7600577888823732;0.022354640849481563;-0.12451171875;
01:42:54;737.0;1573090975;91.784;0.5093161207437832;0.014979885904228918;-0.11962890625;
01:42:55;738.0;1573090977;91.546;0.5093161207437832;0.014979885904228918;-0.11962890625;
01:42:56;739.0;1573090978;92.043;1.5122827932981433;0.04447890568523951;-0.13916015625;
01:42:58;741.0;1573090979;92.222;-4.505517242028015;-0.13251521300082397;-0.02197265625;
01:42:59;742.0;1573090980;92.182;0.7600577888823732;0.022354640849481563;-0.12451171875;
01:43:00;743.0;1573090982;91.983;1.0107994570209633;0.029729395794734215;-0.12939453125;
01:43:01;744.0;1573090983;91.546;1.2615411251595532;0.03710415073998686;-0.13427734375;
01:43:02;745.0;1573090984;91.546;0.38394528667448824;0.011292508431602595;-0.1171875;
01:43:04;747.0;1573090985;91.744;0.6346869548130782;0.01866726337685524;-0.1220703125;
01:43:05;748.0;1573090987;91.963;0.5093161207437832;0.014979885904228918;-0.11962890625;
01:43:06;749.0;1573090988;91.963;-8.141271430037568;-0.2394491597069873;0.048828125;
01:43:07;750.0;1573090989;91.724;0.7600577888823732;0.022354640849481563;-0.12451171875;
01:43:08;751.0;1573090990;91.348;0.5093161207437832;0.014979885904228918;-0.11962890625;
01:43:09;752.0;1573090991;91.367;0.5093161207437832;0.014979885904228918;-0.11962890625;
01:43:11;754.0;1573090992;91.824;0.13320361853589824;0.0039177534863499485;-0.1123046875;
01:43:12;755.0;1573090994;92.262;0.38394528667448824;0.011292508431602595;-0.1171875;
01:43:13;756.0;1573090995;92.282;0.13320361853589824;0.0039177534863499485;-0.1123046875;
01:43:14;757.0;1573090996;92.063;0.5093161207437832;0.014979885904228918;-0.11962890625;
01:43:15;758.0;1573090997;91.804;0.5093161207437832;0.014979885904228918;-0.11962890625;
01:43:17;760.0;1573090999;91.506;0.7600577888823732;0.022354640849481563;-0.12451171875;
01:43:18;761.0;1573091000;91.724;0.5093161207437832;0.014979885904228918;-0.11962890625;
01:43:19;762.0;1573091001;91.724;0.8854286229516682;0.02604201832210789;-0.126953125;
01:43:20;763.0;1573091002;91.704;0.5093161207437832;0.014979885904228918;-0.11962890625;
01:43:21;764.0;1573091003;91.764;0.38394528667448824;0.011292508431602595;-0.1171875;
01:43:23;766.0;1573091005;91.704;0.7600577888823732;0.022354640849481563;-0.12451171875;
01:43:25;768.0;1573091006;91.784;0.25857445260519324;0.0076051309589762715;-0.11474609375;
01:43:26;769.0;1573091007;91.288;1.1361702910902582;0.03341677326736053;-0.1318359375;
01:43:27;770.0;1573091008;91.111;1.0107994570209633;0.029729395794734215;-0.12939453125;
01:43:28;771.0;1573091010;90.443;0.38394528667448824;0.011292508431602595;-0.1171875;
01:43:30;773.0;1573091011;91.091;-2.1234713947114106;-0.06245504102092384;-0.068359375;
01:43:31;774.0;1573091012;91.328;0.5093161207437832;0.014979885904228918;-0.11962890625;
01:43:32;775.0;1573091013;91.546;0.6346869548130782;0.01866726337685524;-0.1220703125;
01:43:33;776.0;1573091015;91.091;0.5093161207437832;0.014979885904228918;-0.11962890625;
01:43:35;778.0;1573091016;90.933;0.7600577888823732;0.022354640849481563;-0.12451171875;
01:43:36;779.0;1573091017;90.737;0.8854286229516682;0.02604201832210789;-0.126953125;
01:43:37;780.0;1573091018;90.737;1.6376536273674382;0.04816628315786583;-0.1416015625;
01:43:38;781.0;1573091020;90.248;-9.645721438869108;-0.2836976893785032;0.078125;
01:43:40;783.0;1573091021;90.717;1.0107994570209633;0.029729395794734215;-0.12939453125;
01:43:41;784.0;1573091022;90.698;1.0107994570209633;0.029729395794734215;-0.12939453125;
01:43:42;785.0;1573091023;90.874;0.25857445260519324;0.0076051309589762715;-0.11474609375;
01:43:43;786.0;1573091025;91.407;2.3898786317832084;0.07029054799362378;-0.15625;
01:43:44;787.0;1573091026;91.15;0.5093161207437832;0.014979885904228918;-0.11962890625;
01:43:46;789.0;1573091027;91.665;0.25857445260519324;0.0076051309589762715;-0.11474609375;
01:43:47;790.0;1573091028;91.526;0.5093161207437832;0.014979885904228918;-0.11962890625;
01:43:48;791.0;1573091029;91.744;0.38394528667448824;0.011292508431602595;-0.1171875;
01:43:49;792.0;1573091030;91.704;1.0107994570209633;0.029729395794734215;-0.12939453125;
01:43:50;793.0;1573091032;91.447;0.7600577888823732;0.022354640849481563;-0.12451171875;
01:43:51;794.0;1573091033;91.032;0.8854286229516682;0.02604201832210789;-0.126953125;
01:43:52;795.0;1573091034;90.56;0.6346869548130782;0.01866726337685524;-0.1220703125;
01:43:54;797.0;1573091035;90.619;0.5093161207437832;0.014979885904228918;-0.11962890625;
01:43:55;798.0;1573091037;91.032;0.7600577888823732;0.022354640849481563;-0.12451171875;
01:43:57;800.0;1573091038;91.566;0.7600577888823732;0.022354640849481563;-0.12451171875;
01:43:59;802.0;1573091040;91.824;1.0107994570209633;0.029729395794734215;-0.12939453125;
01:44:00;803.0;1573091042;91.605;0.5093161207437832;0.014979885904228918;-0.11962890625;
01:44:01;804.0;1573091043;91.585;-0.49365055181057677;-0.01451913387678167;-0.10009765625;
01:44:02;805.0;1573091044;91.764;6.0256328197927616;0.1772244946997871;-0.22705078125;
01:44:03;806.0;1573091045;91.486;0.38394528667448824;0.011292508431602595;-0.1171875;
01:44:05;808.0;1573091046;91.229;0.6346869548130782;0.01866726337685524;-0.1220703125;
01:44:06;809.0;1573091048;91.032;0.38394528667448824;0.011292508431602595;-0.1171875;
01:44:07;810.0;1573091049;90.6;0.5093161207437832;0.014979885904228918;-0.11962890625;
01:44:08;811.0;1573091050;90.404;0.38394528667448824;0.011292508431602595;-0.1171875;
01:44:09;812.0;1573091051;90.835;0.25857445260519324;0.0076051309589762715;-0.11474609375;
01:44:11;814.0;1573091052;91.367;0.5093161207437832;0.014979885904228918;-0.11962890625;
01:44:12;815.0;1573091054;91.15;1.0107994570209633;0.029729395794734215;-0.12939453125;
01:44:13;816.0;1573091055;90.443;0.25857445260519324;0.0076051309589762715;-0.11474609375;
01:44:14;817.0;1573091056;89.975;0.5093161207437832;0.014979885904228918;-0.11962890625;
01:44:15;818.0;1573091057;89.955;0.5093161207437832;0.014979885904228918;-0.11962890625;
01:44:16;819.0;1573091058;90.15;0.8854286229516682;0.02604201832210789;-0.126953125;
01:44:17;820.0;1573091059;90.404;-0.24290888367198676;-0.007144378931529022;-0.10498046875;
01:44:19;822.0;1573091061;90.111;0.7600577888823732;0.022354640849481563;-0.12451171875;
01:44:20;823.0;1573091062;90.111;0.8854286229516682;0.02604201832210789;-0.126953125;
01:44:21;824.0;1573091063;89.878;0.5093161207437832;0.014979885904228918;-0.11962890625;
01:44:22;825.0;1573091064;89.722;1.0107994570209633;0.029729395794734215;-0.12939453125;
01:44:24;827.0;1573091066;90.131;0.7600577888823732;0.022354640849481563;-0.12451171875;
01:44:25;828.0;1573091067;90.326;0.5093161207437832;0.014979885904228918;-0.11962890625;
01:44:27;830.0;1573091068;90.757;0.5093161207437832;0.014979885904228918;-0.11962890625;
01:44:28;831.0;1573091069;90.541;0.25857445260519324;0.0076051309589762715;-0.11474609375;
01:44:29;832.0;1573091071;90.56;0.6346869548130782;0.01866726337685524;-0.1220703125;
01:44:31;834.0;1573091072;90.541;0.13320361853589824;0.0039177534863499485;-0.1123046875;
01:44:32;835.0;1573091073;90.541;0.38394528667448824;0.011292508431602595;-0.1171875;
01:44:33;836.0;1573091074;90.541;1.0107994570209633;0.029729395794734215;-0.12939453125;
01:44:34;837.0;1573091075;90.502;1.1361702910902582;0.03341677326736053;-0.1318359375;
01:44:36;839.0;1573091077;90.58;0.8854286229516682;0.02604201832210789;-0.126953125;
01:44:37;840.0;1573091078;90.521;0.38394528667448824;0.011292508431602595;-0.1171875;
01:44:38;841.0;1573091079;90.17;0.6346869548130782;0.01866726337685524;-0.1220703125;
01:44:39;842.0;1573091080;89.917;1.0107994570209633;0.029729395794734215;-0.12939453125;
01:44:40;843.0;1573091082;90.131;1.1361702910902582;0.03341677326736053;-0.1318359375;
01:44:41;844.0;1573091083;89.994;0.13320361853589824;0.0039177534863499485;-0.1123046875;
01:44:43;846.0;1573091084;89.975;0.8854286229516682;0.02604201832210789;-0.126953125;
01:44:44;847.0;1573091085;89.994;0.38394528667448824;0.011292508431602595;-0.1171875;
01:44:45;848.0;1573091086;90.014;0.25857445260519324;0.0076051309589762715;-0.11474609375;
01:44:46;849.0;1573091088;90.072;0.13320361853589824;0.0039177534863499485;-0.1123046875;
01:44:47;850.0;1573091089;89.8;0.7600577888823732;0.022354640849481563;-0.12451171875;
01:44:49;852.0;1573091090;89.722;0.6346869548130782;0.01866726337685524;-0.1220703125;
01:44:50;853.0;1573091091;89.626;0.25857445260519324;0.0076051309589762715;-0.11474609375;
01:44:51;854.0;1573091093;89.858;0.7600577888823732;0.022354640849481563;-0.12451171875;
01:44:52;855.0;1573091094;89.819;-1.4966172243649363;-0.04401815365779224;-0.08056640625;
01:44:53;856.0;1573091095;89.587;0.5093161207437832;0.014979885904228918;-0.11962890625;
01:44:55;858.0;1573091096;89.684;-1.7473588925035257;-0.05139290860304487;-0.07568359375;
01:44:56;859.0;1573091098;89.781;0.8854286229516682;0.02604201832210789;-0.126953125;
01:44:57;860.0;1573091099;89.761;0.8854286229516682;0.02604201832210789;-0.126953125;
01:44:59;862.0;1573091100;89.936;0.5093161207437832;0.014979885904228918;-0.11962890625;
01:45:00;863.0;1573091101;89.878;0.6346869548130782;0.01866726337685524;-0.1220703125;
01:45:01;864.0;1573091103;90.092;0.7600577888823732;0.022354640849481563;-0.12451171875;
01:45:02;865.0;1573091104;90.092;0.38394528667448824;0.011292508431602595;-0.1171875;
01:45:03;866.0;1573091105;89.858;1.0107994570209633;0.029729395794734215;-0.12939453125;
01:45:05;868.0;1573091106;89.994;0.25857445260519324;0.0076051309589762715;-0.11474609375;
