Time;Seconds from start for linreg;Unix Time;ch1 po2;Uc;Ubl;Vc;
06:10:40;1.0;1573107041;102.282;0.7600577888823732;0.022354640849481563;-0.12451171875;
06:10:41;2.0;1573107042;102.439;0.6346869548130782;0.01866726337685524;-0.1220703125;
06:10:42;3.0;1573107043;102.327;0.6346869548130782;0.01866726337685524;-0.1220703125;
06:10:43;4.0;1573107045;102.551;0.8854286229516682;0.02604201832210789;-0.126953125;
06:10:45;6.0;1573107046;102.282;0.8854286229516682;0.02604201832210789;-0.126953125;
06:10:46;7.0;1573107047;102.596;0.5093161207437832;0.014979885904228918;-0.11962890625;
06:10:47;8.0;1573107049;102.867;0.7600577888823732;0.022354640849481563;-0.12451171875;
06:10:49;10.0;1573107050;102.461;0.5093161207437832;0.014979885904228918;-0.11962890625;
06:10:50;11.0;1573107051;102.215;1.2615411251595532;0.03710415073998686;-0.13427734375;
06:10:51;12.0;1573107052;101.745;0.5093161207437832;0.014979885904228918;-0.11962890625;
06:10:52;13.0;1573107054;102.574;0.6346869548130782;0.01866726337685524;-0.1220703125;
06:10:54;15.0;1573107055;102.394;0.5093161207437832;0.014979885904228918;-0.11962890625;
06:10:55;16.0;1573107056;103.003;0.6346869548130782;0.01866726337685524;-0.1220703125;
06:10:56;17.0;1573107058;102.529;0.7600577888823732;0.022354640849481563;-0.12451171875;
06:10:58;19.0;1573107059;103.32;0.38394528667448824;0.011292508431602595;-0.1171875;
06:10:59;20.0;1573107060;103.025;1.0107994570209633;0.029729395794734215;-0.12939453125;
06:11:00;21.0;1573107062;103.025;0.25857445260519324;0.0076051309589762715;-0.11474609375;
06:11:02;23.0;1573107063;102.439;0.5093161207437832;0.014979885904228918;-0.11962890625;
06:11:03;24.0;1573107064;102.349;0.7600577888823732;0.022354640849481563;-0.12451171875;
06:11:04;25.0;1573107066;102.304;0.7600577888823732;0.022354640849481563;-0.12451171875;
06:11:06;27.0;1573107067;102.349;0.5093161207437832;0.014979885904228918;-0.11962890625;
06:11:07;28.0;1573107068;102.327;0.5093161207437832;0.014979885904228918;-0.11962890625;
06:11:08;29.0;1573107070;102.867;0.7600577888823732;0.022354640849481563;-0.12451171875;
06:11:09;30.0;1573107071;102.777;0.7600577888823732;0.022354640849481563;-0.12451171875;
06:11:11;32.0;1573107072;103.411;1.0107994570209633;0.029729395794734215;-0.12939453125;
06:11:12;33.0;1573107073;102.867;0.5093161207437832;0.014979885904228918;-0.11962890625;
06:11:13;34.0;1573107075;102.957;0.25857445260519324;0.0076051309589762715;-0.11474609375;
06:11:14;35.0;1573107076;102.98;0.7600577888823732;0.022354640849481563;-0.12451171875;
06:11:16;37.0;1573107077;102.912;0.38394528667448824;0.011292508431602595;-0.1171875;
06:11:17;38.0;1573107079;102.282;0.007832784466603238;0.00023037601372362463;-0.10986328125;
06:11:18;39.0;1573107080;102.215;0.6346869548130782;0.01866726337685524;-0.1220703125;
06:11:20;41.0;1573107081;102.259;0.5093161207437832;0.014979885904228918;-0.11962890625;
06:11:21;42.0;1573107082;102.845;0.7600577888823732;0.022354640849481563;-0.12451171875;
06:11:22;43.0;1573107084;103.093;0.38394528667448824;0.011292508431602595;-0.1171875;
06:11:23;44.0;1573107085;102.574;0.5093161207437832;0.014979885904228918;-0.11962890625;
06:11:25;46.0;1573107086;102.845;0.5093161207437832;0.014979885904228918;-0.11962890625;
06:11:26;47.0;1573107088;102.349;0.7600577888823732;0.022354640849481563;-0.12451171875;
06:11:27;48.0;1573107089;102.619;1.0107994570209633;0.029729395794734215;-0.12939453125;
06:11:29;50.0;1573107091;102.529;0.5093161207437832;0.014979885904228918;-0.11962890625;
06:11:30;51.0;1573107092;102.89;0.5093161207437832;0.014979885904228918;-0.11962890625;
06:11:31;52.0;1573107093;102.574;0.8854286229516682;0.02604201832210789;-0.126953125;
06:11:33;54.0;1573107095;102.102;0.6346869548130782;0.01866726337685524;-0.1220703125;
06:11:34;55.0;1573107096;101.79;-0.36827971774128176;-0.010831756404155346;-0.1025390625;
06:11:35;56.0;1573107097;102.147;0.5093161207437832;0.014979885904228918;-0.11962890625;
06:11:36;57.0;1573107098;101.812;0.25857445260519324;0.0076051309589762715;-0.11474609375;
06:11:38;59.0;1573107100;102.102;-0.36827971774128176;-0.010831756404155346;-0.1025390625;
06:11:39;60.0;1573107101;101.79;0.7600577888823732;0.022354640849481563;-0.12451171875;
06:11:40;61.0;1573107102;101.522;0.7600577888823732;0.022354640849481563;-0.12451171875;
06:11:42;63.0;1573107103;101.567;0.007832784466603238;0.00023037601372362463;-0.10986328125;
06:11:44;65.0;1573107105;101.544;0.13320361853589824;0.0039177534863499485;-0.1123046875;
06:11:45;66.0;1573107106;101.522;0.5093161207437832;0.014979885904228918;-0.11962890625;
06:11:46;67.0;1573107107;101.478;0.7600577888823732;0.022354640849481563;-0.12451171875;
06:11:47;68.0;1573107109;101.455;0.13320361853589824;0.0039177534863499485;-0.1123046875;
06:11:49;70.0;1573107110;102.192;0.38394528667448824;0.011292508431602595;-0.1171875;
06:11:50;71.0;1573107111;101.924;0.5093161207437832;0.014979885904228918;-0.11962890625;
06:11:51;72.0;1573107112;101.879;-0.24290888367198676;-0.007144378931529022;-0.10498046875;
06:11:52;73.0;1573107114;101.924;0.8854286229516682;0.02604201832210789;-0.126953125;
06:11:54;75.0;1573107115;102.349;0.8854286229516682;0.02604201832210789;-0.126953125;
06:11:55;76.0;1573107116;102.125;0.5093161207437832;0.014979885904228918;-0.11962890625;
06:11:56;77.0;1573107118;102.147;0.5093161207437832;0.014979885904228918;-0.11962890625;
06:11:58;79.0;1573107119;102.035;0.13320361853589824;0.0039177534863499485;-0.1123046875;
06:11:59;80.0;1573107120;102.035;0.7600577888823732;0.022354640849481563;-0.12451171875;
06:12:00;81.0;1573107121;101.968;0.25857445260519324;0.0076051309589762715;-0.11474609375;
06:12:01;82.0;1573107123;102.013;0.7600577888823732;0.022354640849481563;-0.12451171875;
06:12:03;84.0;1573107124;102.282;0.6346869548130782;0.01866726337685524;-0.1220703125;
06:12:04;85.0;1573107125;102.282;0.25857445260519324;0.0076051309589762715;-0.11474609375;
06:12:05;86.0;1573107127;101.991;0.5093161207437832;0.014979885904228918;-0.11962890625;
06:12:06;87.0;1573107128;101.433;1.5122827932981433;0.04447890568523951;-0.13916015625;
06:12:08;89.0;1573107129;102.327;0.5093161207437832;0.014979885904228918;-0.11962890625;
06:12:09;90.0;1573107130;102.596;0.13320361853589824;0.0039177534863499485;-0.1123046875;
06:12:10;91.0;1573107132;102.327;0.38394528667448824;0.011292508431602595;-0.1171875;
06:12:11;92.0;1573107133;101.411;0.5093161207437832;0.014979885904228918;-0.11962890625;
06:12:13;94.0;1573107134;100.923;0.25857445260519324;0.0076051309589762715;-0.11474609375;
06:12:14;95.0;1573107136;101.79;0.7600577888823732;0.022354640849481563;-0.12451171875;
06:12:15;96.0;1573107137;102.035;0.8854286229516682;0.02604201832210789;-0.126953125;
06:12:16;97.0;1573107138;102.058;0.5093161207437832;0.014979885904228918;-0.11962890625;
06:12:18;99.0;1573107139;100.879;0.6346869548130782;0.01866726337685524;-0.1220703125;
06:12:19;100.0;1573107141;100.879;0.7600577888823732;0.022354640849481563;-0.12451171875;
06:12:20;101.0;1573107142;100.813;0.38394528667448824;0.011292508431602595;-0.1171875;
06:12:21;102.0;1573107143;101.123;0.38394528667448824;0.011292508431602595;-0.1171875;
06:12:23;104.0;1573107144;100.879;0.7600577888823732;0.022354640849481563;-0.12451171875;
06:12:25;106.0;1573107146;100.813;0.5093161207437832;0.014979885904228918;-0.11962890625;
06:12:27;108.0;1573107148;101.433;0.6346869548130782;0.01866726337685524;-0.1220703125;
06:12:28;109.0;1573107150;101.656;1.2615411251595532;0.03710415073998686;-0.13427734375;
06:12:29;110.0;1573107151;101.991;1.7630244614367332;0.051853660630492154;-0.14404296875;
06:12:30;111.0;1573107152;102.215;0.5093161207437832;0.014979885904228918;-0.11962890625;
06:12:32;113.0;1573107154;101.968;0.5093161207437832;0.014979885904228918;-0.11962890625;
06:12:33;114.0;1573107155;101.745;0.5093161207437832;0.014979885904228918;-0.11962890625;
06:12:34;115.0;1573107156;101.767;0.7600577888823732;0.022354640849481563;-0.12451171875;
06:12:36;117.0;1573107157;101.79;0.5093161207437832;0.014979885904228918;-0.11962890625;
06:12:37;118.0;1573107159;101.455;-6.38607975306744;-0.18782587509021884;0.0146484375;
06:12:38;119.0;1573107160;101.145;0.7600577888823732;0.022354640849481563;-0.12451171875;
06:12:39;120.0;1573107161;101.167;0.6346869548130782;0.01866726337685524;-0.1220703125;
06:12:41;122.0;1573107163;100.813;0.5093161207437832;0.014979885904228918;-0.11962890625;
06:12:42;123.0;1573107164;100.813;1.0107994570209633;0.029729395794734215;-0.12939453125;
06:12:43;124.0;1573107165;101.056;0.38394528667448824;0.011292508431602595;-0.1171875;
06:12:44;125.0;1573107166;101.1;0.38394528667448824;0.011292508431602595;-0.1171875;
06:12:47;128.0;1573107168;101.145;0.25857445260519324;0.0076051309589762715;-0.11474609375;
06:12:48;129.0;1573107169;100.835;0.8854286229516682;0.02604201832210789;-0.126953125;
06:12:49;130.0;1573107170;100.769;6.151003653862056;0.18091187217241342;-0.2294921875;
06:12:50;131.0;1573107172;100.813;0.13320361853589824;0.0039177534863499485;-0.1123046875;
06:12:52;133.0;1573107173;100.791;0.38394528667448824;0.011292508431602595;-0.1171875;
06:12:53;134.0;1573107174;100.901;1.3869119592288481;0.04079152821261318;-0.13671875;
06:12:54;135.0;1573107175;101.1;0.5093161207437832;0.014979885904228918;-0.11962890625;
06:12:55;136.0;1573107177;101.633;1.0107994570209633;0.029729395794734215;-0.12939453125;
06:12:57;138.0;1573107178;101.79;0.38394528667448824;0.011292508431602595;-0.1171875;
06:12:58;139.0;1573107179;101.856;0.5093161207437832;0.014979885904228918;-0.11962890625;
06:12:59;140.0;1573107181;101.589;0.6346869548130782;0.01866726337685524;-0.1220703125;
06:13:01;142.0;1573107182;101.433;0.5093161207437832;0.014979885904228918;-0.11962890625;
06:13:02;143.0;1573107183;101.389;0.25857445260519324;0.0076051309589762715;-0.11474609375;
06:13:03;144.0;1573107185;101.433;0.7600577888823732;0.022354640849481563;-0.12451171875;
06:13:05;146.0;1573107186;101.123;0.6346869548130782;0.01866726337685524;-0.1220703125;
06:13:06;147.0;1573107187;100.615;0.6346869548130782;0.01866726337685524;-0.1220703125;
06:13:07;148.0;1573107189;100.813;0.8854286229516682;0.02604201832210789;-0.126953125;
06:13:08;149.0;1573107190;100.835;0.5093161207437832;0.014979885904228918;-0.11962890625;
06:13:10;151.0;1573107191;101.1;0.6346869548130782;0.01866726337685524;-0.1220703125;
06:13:11;152.0;1573107192;100.593;0.6346869548130782;0.01866726337685524;-0.1220703125;
06:13:12;153.0;1573107194;100.504;0.6346869548130782;0.01866726337685524;-0.1220703125;
06:13:13;154.0;1573107195;100.504;0.5093161207437832;0.014979885904228918;-0.11962890625;
06:13:15;156.0;1573107196;100.439;-1.6219880584342308;-0.04770553113041855;-0.078125;
06:13:16;157.0;1573107197;100.175;0.7600577888823732;0.022354640849481563;-0.12451171875;
06:13:17;158.0;1573107199;100.219;0.7600577888823732;0.022354640849481563;-0.12451171875;
06:13:18;159.0;1573107200;100.285;0.7600577888823732;0.022354640849481563;-0.12451171875;
06:13:20;161.0;1573107201;101.478;0.38394528667448824;0.011292508431602595;-0.1171875;
06:13:21;162.0;1573107202;101.745;0.6346869548130782;0.01866726337685524;-0.1220703125;
06:13:22;163.0;1573107204;102.461;0.8854286229516682;0.02604201832210789;-0.126953125;
06:13:24;165.0;1573107205;101.567;0.6346869548130782;0.01866726337685524;-0.1220703125;
06:13:25;166.0;1573107206;100.769;1.1361702910902582;0.03341677326736053;-0.1318359375;
06:13:26;167.0;1573107208;99.738;0.5093161207437832;0.014979885904228918;-0.11962890625;
06:13:27;168.0;1573107209;100.044;0.7600577888823732;0.022354640849481563;-0.12451171875;
06:13:28;169.0;1573107210;99.803;0.7600577888823732;0.022354640849481563;-0.12451171875;
06:13:30;171.0;1573107211;100.285;1.1361702910902582;0.03341677326736053;-0.1318359375;
06:13:31;172.0;1573107213;100.307;0.7600577888823732;0.022354640849481563;-0.12451171875;
06:13:32;173.0;1573107214;100.329;0.8854286229516682;0.02604201832210789;-0.126953125;
06:13:34;175.0;1573107215;100.901;0.38394528667448824;0.011292508431602595;-0.1171875;
06:13:35;176.0;1573107217;100.57;0.5093161207437832;0.014979885904228918;-0.11962890625;
06:13:36;177.0;1573107218;100.285;6.903228658277826;0.20303613700817136;-0.244140625;
06:13:37;178.0;1573107219;100.0;0.5093161207437832;0.014979885904228918;-0.11962890625;
06:13:39;180.0;1573107221;99.847;0.25857445260519324;0.0076051309589762715;-0.11474609375;
06:13:40;181.0;1573107222;100.307;0.6346869548130782;0.01866726337685524;-0.1220703125;
06:13:41;182.0;1573107223;100.57;0.5093161207437832;0.014979885904228918;-0.11962890625;
06:13:42;183.0;1573107224;100.307;1.2615411251595532;0.03710415073998686;-0.13427734375;
06:13:44;185.0;1573107226;101.344;0.5093161207437832;0.014979885904228918;-0.11962890625;
06:13:45;186.0;1573107227;101.056;0.5093161207437832;0.014979885904228918;-0.11962890625;
06:13:46;187.0;1573107228;101.278;0.7600577888823732;0.022354640849481563;-0.12451171875;
06:13:47;188.0;1573107229;100.946;0.6346869548130782;0.01866726337685524;-0.1220703125;
06:13:49;190.0;1573107231;100.99;0.6346869548130782;0.01866726337685524;-0.1220703125;
06:13:51;192.0;1573107232;101.012;1.0107994570209633;0.029729395794734215;-0.12939453125;
06:13:52;193.0;1573107233;101.012;0.5093161207437832;0.014979885904228918;-0.11962890625;
06:13:54;195.0;1573107235;101.567;0.7600577888823732;0.022354640849481563;-0.12451171875;
06:13:55;196.0;1573107236;101.611;0.6346869548130782;0.01866726337685524;-0.1220703125;
06:13:56;197.0;1573107237;101.1;1.0107994570209633;0.029729395794734215;-0.12939453125;
06:13:57;198.0;1573107239;100.285;0.38394528667448824;0.011292508431602595;-0.1171875;
06:13:59;200.0;1573107240;99.673;0.38394528667448824;0.011292508431602595;-0.1171875;
06:14:00;201.0;1573107241;99.913;0.13320361853589824;0.0039177534863499485;-0.1123046875;
06:14:01;202.0;1573107242;100.681;1.1361702910902582;0.03341677326736053;-0.1318359375;
06:14:02;203.0;1573107244;100.197;0.8854286229516682;0.02604201832210789;-0.126953125;
06:14:04;205.0;1573107245;100.461;0.38394528667448824;0.011292508431602595;-0.1171875;
06:14:05;206.0;1573107246;100.241;0.5093161207437832;0.014979885904228918;-0.11962890625;
06:14:06;207.0;1573107248;100.526;0.6346869548130782;0.01866726337685524;-0.1220703125;
06:14:07;208.0;1573107249;100.526;0.5093161207437832;0.014979885904228918;-0.11962890625;
06:14:09;210.0;1573107250;100.285;1.5122827932981433;0.04447890568523951;-0.13916015625;
06:14:10;211.0;1573107251;99.978;0.38394528667448824;0.011292508431602595;-0.1171875;
06:14:11;212.0;1573107253;100.263;0.7600577888823732;0.022354640849481563;-0.12451171875;
06:14:13;214.0;1573107254;100.395;0.7600577888823732;0.022354640849481563;-0.12451171875;
06:14:14;215.0;1573107255;100.725;0.6346869548130782;0.01866726337685524;-0.1220703125;
06:14:15;216.0;1573107257;100.131;0.25857445260519324;0.0076051309589762715;-0.11474609375;
06:14:16;217.0;1573107258;100.593;1.0107994570209633;0.029729395794734215;-0.12939453125;
06:14:18;219.0;1573107259;100.329;0.7600577888823732;0.022354640849481563;-0.12451171875;
06:14:19;220.0;1573107260;100.901;0.38394528667448824;0.011292508431602595;-0.1171875;
06:14:20;221.0;1573107262;100.373;0.6346869548130782;0.01866726337685524;-0.1220703125;
06:14:21;222.0;1573107263;100.637;0.5093161207437832;0.014979885904228918;-0.11962890625;
06:14:23;224.0;1573107264;99.716;0.25857445260519324;0.0076051309589762715;-0.11474609375;
06:14:24;225.0;1573107266;99.673;0.7600577888823732;0.022354640849481563;-0.12451171875;
06:14:25;226.0;1573107267;99.629;0.5093161207437832;0.014979885904228918;-0.11962890625;
06:14:27;228.0;1573107268;99.694;2.515249465852502;0.07397792546625007;-0.15869140625;
06:14:28;229.0;1573107269;99.694;0.38394528667448824;0.011292508431602595;-0.1171875;
06:14:29;230.0;1573107271;99.194;0.7600577888823732;0.022354640849481563;-0.12451171875;
06:14:30;231.0;1573107272;99.108;5.900261985723466;0.17353711722716075;-0.224609375;
06:14:32;233.0;1573107273;99.39;0.6346869548130782;0.01866726337685524;-0.1220703125;
06:14:33;234.0;1573107275;99.629;0.5093161207437832;0.014979885904228918;-0.11962890625;
06:14:34;235.0;1573107276;99.673;0.5093161207437832;0.014979885904228918;-0.11962890625;
06:14:35;236.0;1573107277;99.368;0.25857445260519324;0.0076051309589762715;-0.11474609375;
06:14:37;238.0;1573107279;100.263;0.25857445260519324;0.0076051309589762715;-0.11474609375;
06:14:38;239.0;1573107280;100.022;-0.9951338880877558;-0.029268643767286936;-0.09033203125;
06:14:39;240.0;1573107281;100.044;0.5093161207437832;0.014979885904228918;-0.11962890625;
06:14:40;241.0;1573107282;99.498;0.5093161207437832;0.014979885904228918;-0.11962890625;
06:14:42;243.0;1573107284;99.433;0.13320361853589824;0.0039177534863499485;-0.1123046875;
06:14:43;244.0;1573107285;99.411;0.6346869548130782;0.01866726337685524;-0.1220703125;
06:14:44;245.0;1573107286;99.325;0.38394528667448824;0.011292508431602595;-0.1171875;
06:14:46;247.0;1573107288;99.108;0.8854286229516682;0.02604201832210789;-0.126953125;
06:14:47;248.0;1573107289;99.368;1.6376536273674382;0.04816628315786583;-0.1416015625;
06:14:48;249.0;1573107290;99.673;0.25857445260519324;0.0076051309589762715;-0.11474609375;
06:14:50;251.0;1573107292;100.153;1.0107994570209633;0.029729395794734215;-0.12939453125;
06:14:52;253.0;1573107294;100.153;0.38394528667448824;0.011292508431602595;-0.1171875;
06:14:53;254.0;1573107295;100.175;0.8854286229516682;0.02604201832210789;-0.126953125;
06:14:56;257.0;1573107297;100.131;0.5093161207437832;0.014979885904228918;-0.11962890625;
06:14:57;258.0;1573107298;99.891;1.0107994570209633;0.029729395794734215;-0.12939453125;
06:14:58;259.0;1573107299;99.607;1.1361702910902582;0.03341677326736053;-0.1318359375;
06:14:59;260.0;1573107300;99.39;0.25857445260519324;0.0076051309589762715;-0.11474609375;
06:15:01;262.0;1573107302;98.913;0.7600577888823732;0.022354640849481563;-0.12451171875;
06:15:02;263.0;1573107303;99.173;0.38394528667448824;0.011292508431602595;-0.1171875;
06:15:03;264.0;1573107304;98.805;0.7600577888823732;0.022354640849481563;-0.12451171875;
06:15:05;266.0;1573107306;99.021;0.5093161207437832;0.014979885904228918;-0.11962890625;
06:15:06;267.0;1573107307;98.784;0.5093161207437832;0.014979885904228918;-0.11962890625;
06:15:07;268.0;1573107308;99.303;0.8854286229516682;0.02604201832210789;-0.126953125;
06:15:08;269.0;1573107310;99.564;0.5093161207437832;0.014979885904228918;-0.11962890625;
06:15:10;271.0;1573107311;99.368;0.5093161207437832;0.014979885904228918;-0.11962890625;
06:15:11;272.0;1573107312;99.433;0.6346869548130782;0.01866726337685524;-0.1220703125;
06:15:12;273.0;1573107314;99.173;0.5093161207437832;0.014979885904228918;-0.11962890625;
06:15:13;274.0;1573107315;99.411;0.8854286229516682;0.02604201832210789;-0.126953125;
06:15:15;276.0;1573107316;98.87;0.7600577888823732;0.022354640849481563;-0.12451171875;
06:15:16;277.0;1573107317;99.151;1.0107994570209633;0.029729395794734215;-0.12939453125;
06:15:17;278.0;1573107319;98.892;0.5093161207437832;0.014979885904228918;-0.11962890625;
06:15:18;279.0;1573107320;99.238;0.6346869548130782;0.01866726337685524;-0.1220703125;
06:15:20;281.0;1573107321;99.043;0.5093161207437832;0.014979885904228918;-0.11962890625;
06:15:22;283.0;1573107322;99.259;0.7600577888823732;0.022354640849481563;-0.12451171875;
06:15:23;284.0;1573107325;99.39;0.8854286229516682;0.02604201832210789;-0.126953125;
06:15:25;286.0;1573107326;99.411;0.5093161207437832;0.014979885904228918;-0.11962890625;
06:15:26;287.0;1573107328;99.173;0.7600577888823732;0.022354640849481563;-0.12451171875;
06:15:27;288.0;1573107329;99.173;0.8854286229516682;0.02604201832210789;-0.126953125;
06:15:29;290.0;1573107330;99.238;0.8854286229516682;0.02604201832210789;-0.126953125;
06:15:30;291.0;1573107332;99.238;0.5093161207437832;0.014979885904228918;-0.11962890625;
06:15:31;292.0;1573107333;99.151;0.6346869548130782;0.01866726337685524;-0.1220703125;
06:15:33;294.0;1573107334;99.325;0.5093161207437832;0.014979885904228918;-0.11962890625;
06:15:34;295.0;1573107336;99.825;0.5093161207437832;0.014979885904228918;-0.11962890625;
06:15:35;296.0;1573107337;99.564;0.5093161207437832;0.014979885904228918;-0.11962890625;
06:15:37;298.0;1573107338;99.303;0.38394528667448824;0.011292508431602595;-0.1171875;
06:15:38;299.0;1573107340;98.547;0.5093161207437832;0.014979885904228918;-0.11962890625;
06:15:39;300.0;1573107341;98.87;0.7600577888823732;0.022354640849481563;-0.12451171875;
06:15:40;301.0;1573107342;98.375;1.0107994570209633;0.029729395794734215;-0.12939453125;
06:15:42;303.0;1573107343;98.827;0.7600577888823732;0.022354640849481563;-0.12451171875;
06:15:43;304.0;1573107345;98.697;0.38394528667448824;0.011292508431602595;-0.1171875;
06:15:44;305.0;1573107346;98.892;1.3869119592288481;0.04079152821261318;-0.13671875;
06:15:45;306.0;1573107347;99.173;1.0107994570209633;0.029729395794734215;-0.12939453125;
06:15:47;308.0;1573107348;99.194;0.38394528667448824;0.011292508431602595;-0.1171875;
06:15:48;309.0;1573107350;98.956;1.2615411251595532;0.03710415073998686;-0.13427734375;
06:15:49;310.0;1573107351;98.956;0.25857445260519324;0.0076051309589762715;-0.11474609375;
06:15:50;311.0;1573107352;98.461;-2.750325565057886;-0.08089192838405547;-0.05615234375;
06:15:52;313.0;1573107353;98.31;0.38394528667448824;0.011292508431602595;-0.1171875;
06:15:53;314.0;1573107355;98.01;1.5122827932981433;0.04447890568523951;-0.13916015625;
06:15:54;315.0;1573107356;98.332;0.6346869548130782;0.01866726337685524;-0.1220703125;
06:15:55;316.0;1573107357;98.096;0.7600577888823732;0.022354640849481563;-0.12451171875;
06:15:57;318.0;1573107359;98.461;0.6346869548130782;0.01866726337685524;-0.1220703125;
06:15:59;320.0;1573107360;97.84;0.6346869548130782;0.01866726337685524;-0.1220703125;
06:16:00;321.0;1573107361;98.547;0.6346869548130782;0.01866726337685524;-0.1220703125;
06:16:02;323.0;1573107363;98.053;0.38394528667448824;0.011292508431602595;-0.1171875;
06:16:03;324.0;1573107364;98.117;0.7600577888823732;0.022354640849481563;-0.12451171875;
06:16:04;325.0;1573107365;97.904;0.5093161207437832;0.014979885904228918;-0.11962890625;
06:16:06;327.0;1573107367;97.84;0.8854286229516682;0.02604201832210789;-0.126953125;
06:16:07;328.0;1573107368;98.289;0.7600577888823732;0.022354640849481563;-0.12451171875;
06:16:08;329.0;1573107369;98.267;-6.13533808492885;-0.18045112014496617;0.009765625;
06:16:09;330.0;1573107371;98.525;1.5122827932981433;0.04447890568523951;-0.13916015625;
06:16:11;332.0;1573107372;98.267;1.0107994570209633;0.029729395794734215;-0.12939453125;
06:16:12;333.0;1573107373;97.946;0.6346869548130782;0.01866726337685524;-0.1220703125;
06:16:13;334.0;1573107374;98.246;0.7600577888823732;0.022354640849481563;-0.12451171875;
06:16:14;335.0;1573107376;98.289;-0.24290888367198676;-0.007144378931529022;-0.10498046875;
06:16:16;337.0;1573107377;98.654;0.5093161207437832;0.014979885904228918;-0.11962890625;
06:16:17;338.0;1573107378;98.332;0.7600577888823732;0.022354640849481563;-0.12451171875;
06:16:18;339.0;1573107379;98.332;0.25857445260519324;0.0076051309589762715;-0.11474609375;
06:16:19;340.0;1573107381;98.568;0.6346869548130782;0.01866726337685524;-0.1220703125;
06:16:21;342.0;1573107382;98.762;1.0107994570209633;0.029729395794734215;-0.12939453125;
06:16:22;343.0;1573107383;98.547;0.8854286229516682;0.02604201832210789;-0.126953125;
06:16:23;344.0;1573107385;98.267;1.0107994570209633;0.029729395794734215;-0.12939453125;
06:16:24;345.0;1573107386;98.01;0.5093161207437832;0.014979885904228918;-0.11962890625;
06:16:26;347.0;1573107387;98.075;0.25857445260519324;0.0076051309589762715;-0.11474609375;
06:16:27;348.0;1573107388;98.353;0.5093161207437832;0.014979885904228918;-0.11962890625;
06:16:28;349.0;1573107390;98.31;0.5093161207437832;0.014979885904228918;-0.11962890625;
06:16:29;350.0;1573107391;97.733;1.0107994570209633;0.029729395794734215;-0.12939453125;
06:16:31;352.0;1573107392;97.435;0.25857445260519324;0.0076051309589762715;-0.11474609375;
06:16:32;353.0;1573107394;97.754;0.25857445260519324;0.0076051309589762715;-0.11474609375;
06:16:33;354.0;1573107395;98.267;0.6346869548130782;0.01866726337685524;-0.1220703125;
06:16:35;356.0;1573107396;98.87;-0.8697630540184608;-0.02558126629466061;-0.0927734375;
06:16:36;357.0;1573107397;98.827;0.25857445260519324;0.0076051309589762715;-0.11474609375;
06:16:37;358.0;1573107399;98.568;0.6346869548130782;0.01866726337685524;-0.1220703125;
06:16:38;359.0;1573107400;98.032;0.007832784466603238;0.00023037601372362463;-0.10986328125;
06:16:40;361.0;1573107401;97.308;0.25857445260519324;0.0076051309589762715;-0.11474609375;
06:16:41;362.0;1573107403;97.626;0.38394528667448824;0.011292508431602595;-0.1171875;
06:16:42;363.0;1573107404;97.648;0.5093161207437832;0.014979885904228918;-0.11962890625;
06:16:43;364.0;1573107405;97.882;0.6346869548130782;0.01866726337685524;-0.1220703125;
06:16:45;366.0;1573107406;97.818;0.7600577888823732;0.022354640849481563;-0.12451171875;
06:16:46;367.0;1573107408;98.053;0.38394528667448824;0.011292508431602595;-0.1171875;
06:16:47;368.0;1573107409;97.968;0.7600577888823732;0.022354640849481563;-0.12451171875;
06:16:48;369.0;1573107410;98.182;0.38394528667448824;0.011292508431602595;-0.1171875;
06:16:50;371.0;1573107412;98.203;0.5093161207437832;0.014979885904228918;-0.11962890625;
06:16:51;372.0;1573107413;98.525;0.8854286229516682;0.02604201832210789;-0.126953125;
06:16:52;373.0;1573107414;98.353;1.6376536273674382;0.04816628315786583;-0.1416015625;
06:16:53;374.0;1573107415;98.053;0.6346869548130782;0.01866726337685524;-0.1220703125;
06:16:55;376.0;1573107417;97.329;0.6346869548130782;0.01866726337685524;-0.1220703125;
06:16:56;377.0;1573107418;97.329;0.5093161207437832;0.014979885904228918;-0.11962890625;
06:16:57;378.0;1573107419;97.797;-0.49365055181057677;-0.01451913387678167;-0.10009765625;
06:16:59;380.0;1573107421;98.246;0.7600577888823732;0.022354640849481563;-0.12451171875;
06:17:00;381.0;1573107422;98.203;0.25857445260519324;0.0076051309589762715;-0.11474609375;
06:17:01;382.0;1573107423;98.246;0.13320361853589824;0.0039177534863499485;-0.1123046875;
06:17:03;384.0;1573107425;97.925;0.25857445260519324;0.0076051309589762715;-0.11474609375;
06:17:05;386.0;1573107426;97.202;0.8854286229516682;0.02604201832210789;-0.126953125;
06:17:06;387.0;1573107427;97.244;0.6346869548130782;0.01866726337685524;-0.1220703125;
06:17:07;388.0;1573107428;97.754;0.13320361853589824;0.0039177534863499485;-0.1123046875;
06:17:09;390.0;1573107430;97.648;0.38394528667448824;0.011292508431602595;-0.1171875;
06:17:10;391.0;1573107431;97.075;0.8854286229516682;0.02604201832210789;-0.126953125;
06:17:11;392.0;1573107432;96.906;0.6346869548130782;0.01866726337685524;-0.1220703125;
06:17:12;393.0;1573107434;97.202;0.38394528667448824;0.011292508431602595;-0.1171875;
06:17:14;395.0;1573107435;97.712;0.7600577888823732;0.022354640849481563;-0.12451171875;
06:17:15;396.0;1573107436;97.435;0.5093161207437832;0.014979885904228918;-0.11962890625;
06:17:16;397.0;1573107437;97.626;0.5093161207437832;0.014979885904228918;-0.11962890625;
06:17:17;398.0;1573107439;97.712;0.5093161207437832;0.014979885904228918;-0.11962890625;
06:17:19;400.0;1573107440;98.16;0.6346869548130782;0.01866726337685524;-0.1220703125;
06:17:20;401.0;1573107441;97.904;0.6346869548130782;0.01866726337685524;-0.1220703125;
06:17:21;402.0;1573107443;97.605;0.7600577888823732;0.022354640849481563;-0.12451171875;
06:17:23;404.0;1573107444;96.442;0.7600577888823732;0.022354640849481563;-0.12451171875;
06:17:24;405.0;1573107445;96.948;0.13320361853589824;0.0039177534863499485;-0.1123046875;
06:17:25;406.0;1573107446;97.733;0.38394528667448824;0.011292508431602595;-0.1171875;
06:17:26;407.0;1573107448;98.31;6.401745322000647;0.18828662711766608;-0.234375;
06:17:28;409.0;1573107449;97.989;0.6346869548130782;0.01866726337685524;-0.1220703125;
06:17:29;410.0;1573107450;96.99;0.7600577888823732;0.022354640849481563;-0.12451171875;
06:17:30;411.0;1573107452;96.716;1.0107994570209633;0.029729395794734215;-0.12939453125;
06:17:32;413.0;1573107453;96.442;0.7600577888823732;0.022354640849481563;-0.12451171875;
06:17:33;414.0;1573107454;96.421;0.5093161207437832;0.014979885904228918;-0.11962890625;
06:17:34;415.0;1573107456;96.716;1.1361702910902582;0.03341677326736053;-0.1318359375;
06:17:35;416.0;1573107457;96.568;0.6346869548130782;0.01866726337685524;-0.1220703125;
06:17:37;418.0;1573107458;97.054;0.38394528667448824;0.011292508431602595;-0.1171875;
06:17:38;419.0;1573107459;97.054;0.5093161207437832;0.014979885904228918;-0.11962890625;
06:17:39;420.0;1573107461;97.032;0.25857445260519324;0.0076051309589762715;-0.11474609375;
06:17:40;421.0;1573107462;97.563;0.38394528667448824;0.011292508431602595;-0.1171875;
06:17:42;423.0;1573107463;97.797;-5.38311308051308;-0.15832685530920823;-0.0048828125;
06:17:43;424.0;1573107464;98.032;0.25857445260519324;0.0076051309589762715;-0.11474609375;
06:17:44;425.0;1573107466;98.075;0.38394528667448824;0.011292508431602595;-0.1171875;
06:17:45;426.0;1573107467;98.053;0.38394528667448824;0.011292508431602595;-0.1171875;
06:17:46;427.0;1573107468;97.733;5.6495203175848765;0.16616236228190814;-0.2197265625;
06:17:48;429.0;1573107469;97.414;0.6346869548130782;0.01866726337685524;-0.1220703125;
06:17:49;430.0;1573107471;97.925;3.0167328021296833;0.0887274353567554;-0.16845703125;
06:17:50;431.0;1573107472;97.733;0.8854286229516682;0.02604201832210789;-0.126953125;
06:17:51;432.0;1573107473;97.946;0.7600577888823732;0.022354640849481563;-0.12451171875;
06:17:53;434.0;1573107475;97.202;0.5093161207437832;0.014979885904228918;-0.11962890625;
06:17:54;435.0;1573107476;97.202;0.38394528667448824;0.011292508431602595;-0.1171875;
06:17:55;436.0;1573107477;97.011;0.7600577888823732;0.022354640849481563;-0.12451171875;
06:17:56;437.0;1573107478;96.927;0.7600577888823732;0.022354640849481563;-0.12451171875;
06:17:58;439.0;1573107480;96.906;0.8854286229516682;0.02604201832210789;-0.126953125;
06:17:59;440.0;1573107481;96.842;0.5093161207437832;0.014979885904228918;-0.11962890625;
06:18:00;441.0;1573107482;96.695;0.6346869548130782;0.01866726337685524;-0.1220703125;
06:18:01;442.0;1573107483;96.275;0.6346869548130782;0.01866726337685524;-0.1220703125;
06:18:03;444.0;1573107485;96.233;0.25857445260519324;0.0076051309589762715;-0.11474609375;
06:18:04;445.0;1573107486;96.233;-0.7443922199491667;-0.021893888822034316;-0.09521484375;
06:18:05;446.0;1573107487;96.695;0.6346869548130782;0.01866726337685524;-0.1220703125;
06:18:07;448.0;1573107489;96.969;-1.8727297265728207;-0.0550802860756712;-0.0732421875;
06:18:09;450.0;1573107490;97.159;0.6346869548130782;0.01866726337685524;-0.1220703125;
06:18:10;451.0;1573107491;96.948;0.13320361853589824;0.0039177534863499485;-0.1123046875;
06:18:11;452.0;1573107492;96.674;0.6346869548130782;0.01866726337685524;-0.1220703125;
06:18:12;453.0;1573107494;96.463;0.5093161207437832;0.014979885904228918;-0.11962890625;
06:18:14;455.0;1573107495;96.4;0.7600577888823732;0.022354640849481563;-0.12451171875;
06:18:15;456.0;1573107496;96.927;0.25857445260519324;0.0076051309589762715;-0.11474609375;
06:18:16;457.0;1573107497;97.096;0.6346869548130782;0.01866726337685524;-0.1220703125;
06:18:17;458.0;1573107499;96.337;0.007832784466603238;0.00023037601372362463;-0.10986328125;
06:18:19;460.0;1573107500;96.002;0.5093161207437832;0.014979885904228918;-0.11962890625;
06:18:20;461.0;1573107501;96.107;1.1361702910902582;0.03341677326736053;-0.1318359375;
06:18:21;462.0;1573107503;96.568;0.5093161207437832;0.014979885904228918;-0.11962890625;
06:18:23;464.0;1573107504;96.107;0.5093161207437832;0.014979885904228918;-0.11962890625;
06:18:24;465.0;1573107505;96.275;0.13320361853589824;0.0039177534863499485;-0.1123046875;
06:18:25;466.0;1573107506;96.337;0.5093161207437832;0.014979885904228918;-0.11962890625;
06:18:26;467.0;1573107508;96.863;0.5093161207437832;0.014979885904228918;-0.11962890625;
06:18:28;469.0;1573107509;96.4;1.0107994570209633;0.029729395794734215;-0.12939453125;
06:18:29;470.0;1573107510;96.17;0.7600577888823732;0.022354640849481563;-0.12451171875;
06:18:30;471.0;1573107512;96.421;0.6346869548130782;0.01866726337685524;-0.1220703125;
06:18:31;472.0;1573107513;96.484;0.5093161207437832;0.014979885904228918;-0.11962890625;
06:18:33;474.0;1573107514;95.94;-0.11753804960269176;-0.0034570014589026987;-0.107421875;
06:18:34;475.0;1573107516;95.669;0.6346869548130782;0.01866726337685524;-0.1220703125;
06:18:35;476.0;1573107517;95.627;0.6346869548130782;0.01866726337685524;-0.1220703125;
06:18:36;477.0;1573107518;95.919;0.25857445260519324;0.0076051309589762715;-0.11474609375;
06:18:38;479.0;1573107519;95.961;0.7600577888823732;0.022354640849481563;-0.12451171875;
06:18:39;480.0;1573107521;96.254;0.5093161207437832;0.014979885904228918;-0.11962890625;
06:18:40;481.0;1573107522;95.94;0.7600577888823732;0.022354640849481563;-0.12451171875;
06:18:41;482.0;1573107523;95.648;0.8854286229516682;0.02604201832210789;-0.126953125;
06:18:43;484.0;1573107524;95.523;0.38394528667448824;0.011292508431602595;-0.1171875;
06:18:44;485.0;1573107526;96.044;0.7600577888823732;0.022354640849481563;-0.12451171875;
06:18:45;486.0;1573107527;96.044;0.5093161207437832;0.014979885904228918;-0.11962890625;
06:18:47;488.0;1573107528;96.716;0.8854286229516682;0.02604201832210789;-0.126953125;
06:18:48;489.0;1573107530;96.716;0.6346869548130782;0.01866726337685524;-0.1220703125;
06:18:49;490.0;1573107531;96.463;1.0107994570209633;0.029729395794734215;-0.12939453125;
06:18:50;491.0;1573107532;96.463;0.6346869548130782;0.01866726337685524;-0.1220703125;
06:18:52;493.0;1573107533;95.544;0.7600577888823732;0.022354640849481563;-0.12451171875;
06:18:53;494.0;1573107535;96.275;0.5093161207437832;0.014979885904228918;-0.11962890625;
06:18:54;495.0;1573107536;96.002;-4.380146407958721;-0.12882783552819768;-0.0244140625;
06:18:55;496.0;1573107537;95.961;0.25857445260519324;0.0076051309589762715;-0.11474609375;
06:18:57;498.0;1573107539;95.69;0.6346869548130782;0.01866726337685524;-0.1220703125;
06:18:58;499.0;1573107540;95.627;0.38394528667448824;0.011292508431602595;-0.1171875;
06:18:59;500.0;1573107541;96.128;0.7600577888823732;0.022354640849481563;-0.12451171875;
06:19:01;502.0;1573107543;96.086;0.6346869548130782;0.01866726337685524;-0.1220703125;
06:19:02;503.0;1573107544;96.421;0.25857445260519324;0.0076051309589762715;-0.11474609375;
06:19:03;504.0;1573107545;96.212;0.5093161207437832;0.014979885904228918;-0.11962890625;
06:19:05;506.0;1573107547;95.731;0.8854286229516682;0.02604201832210789;-0.126953125;
06:19:06;507.0;1573107548;95.482;0.7600577888823732;0.022354640849481563;-0.12451171875;
06:19:07;508.0;1573107549;95.461;1.0107994570209633;0.029729395794734215;-0.12939453125;
06:19:08;509.0;1573107550;95.419;0.6346869548130782;0.01866726337685524;-0.1220703125;
06:19:11;512.0;1573107552;95.088;0.6346869548130782;0.01866726337685524;-0.1220703125;
06:19:12;513.0;1573107553;94.799;0.8854286229516682;0.02604201832210789;-0.126953125;
06:19:13;514.0;1573107554;94.861;3.0167328021296833;0.0887274353567554;-0.16845703125;
06:19:14;515.0;1573107555;95.337;0.5093161207437832;0.014979885904228918;-0.11962890625;
06:19:16;517.0;1573107557;95.961;0.25857445260519324;0.0076051309589762715;-0.11474609375;
06:19:17;518.0;1573107558;95.94;0.5093161207437832;0.014979885904228918;-0.11962890625;
06:19:18;519.0;1573107559;95.482;0.13320361853589824;0.0039177534863499485;-0.1123046875;
06:19:19;520.0;1573107561;95.669;0.25857445260519324;0.0076051309589762715;-0.11474609375;
06:19:21;522.0;1573107562;95.419;0.6346869548130782;0.01866726337685524;-0.1220703125;
06:19:22;523.0;1573107563;95.648;0.7600577888823732;0.022354640849481563;-0.12451171875;
06:19:23;524.0;1573107564;95.898;0.5093161207437832;0.014979885904228918;-0.11962890625;
06:19:24;525.0;1573107566;95.752;0.6346869548130782;0.01866726337685524;-0.1220703125;
06:19:26;527.0;1573107567;95.503;0.5093161207437832;0.014979885904228918;-0.11962890625;
06:19:27;528.0;1573107568;94.985;0.5093161207437832;0.014979885904228918;-0.11962890625;
06:19:28;529.0;1573107570;95.192;0.6346869548130782;0.01866726337685524;-0.1220703125;
06:19:30;531.0;1573107571;95.378;0.8854286229516682;0.02604201832210789;-0.126953125;
06:19:31;532.0;1573107572;95.503;0.7600577888823732;0.022354640849481563;-0.12451171875;
06:19:32;533.0;1573107574;95.274;0.13320361853589824;0.0039177534863499485;-0.1123046875;
06:19:34;535.0;1573107575;95.274;2.264507797713913;0.06660317052099744;-0.15380859375;
06:19:35;536.0;1573107576;94.985;0.38394528667448824;0.011292508431602595;-0.1171875;
06:19:36;537.0;1573107578;94.655;0.5093161207437832;0.014979885904228918;-0.11962890625;
06:19:37;538.0;1573107579;94.491;0.38394528667448824;0.011292508431602595;-0.1171875;
06:19:39;540.0;1573107580;95.026;0.25857445260519324;0.0076051309589762715;-0.11474609375;
06:19:40;541.0;1573107581;95.544;0.007832784466603238;0.00023037601372362463;-0.10986328125;
06:19:41;542.0;1573107583;95.212;0.8854286229516682;0.02604201832210789;-0.126953125;
06:19:43;544.0;1573107584;95.109;-0.11753804960269176;-0.0034570014589026987;-0.107421875;
06:19:44;545.0;1573107585;95.15;0.38394528667448824;0.011292508431602595;-0.1171875;
06:19:45;546.0;1573107587;95.192;0.13320361853589824;0.0039177534863499485;-0.1123046875;
06:19:46;547.0;1573107588;94.985;0.38394528667448824;0.011292508431602595;-0.1171875;
06:19:48;549.0;1573107589;94.696;0.6346869548130782;0.01866726337685524;-0.1220703125;
06:19:49;550.0;1573107590;95.212;1.1361702910902582;0.03341677326736053;-0.1318359375;
06:19:50;551.0;1573107592;95.15;0.7600577888823732;0.022354640849481563;-0.12451171875;
06:19:51;552.0;1573107593;95.378;0.6346869548130782;0.01866726337685524;-0.1220703125;
06:19:53;554.0;1573107594;94.409;0.25857445260519324;0.0076051309589762715;-0.11474609375;
06:19:54;555.0;1573107596;94.429;1.1361702910902582;0.03341677326736053;-0.1318359375;
06:19:55;556.0;1573107597;94.204;0.5093161207437832;0.014979885904228918;-0.11962890625;
06:19:56;557.0;1573107598;94.47;0.13320361853589824;0.0039177534863499485;-0.1123046875;
06:19:58;559.0;1573107599;94.409;0.5093161207437832;0.014979885904228918;-0.11962890625;
06:19:59;560.0;1573107601;94.429;-1.6219880584342308;-0.04770553113041855;-0.078125;
06:20:00;561.0;1573107602;94.429;0.5093161207437832;0.014979885904228918;-0.11962890625;
06:20:02;563.0;1573107603;95.192;0.13320361853589824;0.0039177534863499485;-0.1123046875;
06:20:03;564.0;1573107605;95.44;0.5093161207437832;0.014979885904228918;-0.11962890625;
06:20:04;565.0;1573107606;95.399;0.13320361853589824;0.0039177534863499485;-0.1123046875;
06:20:06;567.0;1573107608;95.212;0.25857445260519324;0.0076051309589762715;-0.11474609375;
06:20:07;568.0;1573107609;94.944;0.5093161207437832;0.014979885904228918;-0.11962890625;
06:20:08;569.0;1573107610;94.717;0.8854286229516682;0.02604201832210789;-0.126953125;
06:20:09;570.0;1573107611;94.635;0.38394528667448824;0.011292508431602595;-0.1171875;
06:20:11;572.0;1573107613;95.129;1.1361702910902582;0.03341677326736053;-0.1318359375;
06:20:12;573.0;1573107614;95.088;0.5093161207437832;0.014979885904228918;-0.11962890625;
06:20:13;574.0;1573107615;94.655;0.6346869548130782;0.01866726337685524;-0.1220703125;
06:20:14;575.0;1573107616;94.861;0.7600577888823732;0.022354640849481563;-0.12451171875;
06:20:17;578.0;1573107618;94.429;0.5093161207437832;0.014979885904228918;-0.11962890625;
06:20:18;579.0;1573107619;94.614;1.0107994570209633;0.029729395794734215;-0.12939453125;
06:20:19;580.0;1573107620;94.347;0.7600577888823732;0.022354640849481563;-0.12451171875;
06:20:20;581.0;1573107621;94.306;0.8854286229516682;0.02604201832210789;-0.126953125;
06:20:22;583.0;1573107623;94.327;0.25857445260519324;0.0076051309589762715;-0.11474609375;
06:20:23;584.0;1573107624;94.306;0.8854286229516682;0.02604201832210789;-0.126953125;
06:20:24;585.0;1573107625;94.02;0.38394528667448824;0.011292508431602595;-0.1171875;
06:20:25;586.0;1573107627;94.102;0.5093161207437832;0.014979885904228918;-0.11962890625;
06:20:27;588.0;1573107628;94.142;0.7600577888823732;0.022354640849481563;-0.12451171875;
06:20:28;589.0;1573107629;94.183;0.38394528667448824;0.011292508431602595;-0.1171875;
06:20:29;590.0;1573107631;94.204;0.6346869548130782;0.01866726337685524;-0.1220703125;
06:20:31;592.0;1573107632;94.183;0.38394528667448824;0.011292508431602595;-0.1171875;
06:20:32;593.0;1573107633;94.985;0.6346869548130782;0.01866726337685524;-0.1220703125;
06:20:33;594.0;1573107635;94.902;0.38394528667448824;0.011292508431602595;-0.1171875;
06:20:35;596.0;1573107636;94.676;0.5093161207437832;0.014979885904228918;-0.11962890625;
06:20:36;597.0;1573107637;94.163;0.5093161207437832;0.014979885904228918;-0.11962890625;
06:20:37;598.0;1573107639;94.224;0.5093161207437832;0.014979885904228918;-0.11962890625;
06:20:38;599.0;1573107640;94.47;0.5093161207437832;0.014979885904228918;-0.11962890625;
06:20:40;601.0;1573107641;94.902;0.5093161207437832;0.014979885904228918;-0.11962890625;
06:20:41;602.0;1573107642;94.861;0.5093161207437832;0.014979885904228918;-0.11962890625;
06:20:42;603.0;1573107644;94.163;0.38394528667448824;0.011292508431602595;-0.1171875;
06:20:43;604.0;1573107645;94.142;0.38394528667448824;0.011292508431602595;-0.1171875;
06:20:45;606.0;1573107646;93.228;0.5093161207437832;0.014979885904228918;-0.11962890625;
06:20:46;607.0;1573107647;93.45;0.8854286229516682;0.02604201832210789;-0.126953125;
06:20:47;608.0;1573107649;93.187;0.6346869548130782;0.01866726337685524;-0.1220703125;
06:20:48;609.0;1573107650;93.471;0.38394528667448824;0.011292508431602595;-0.1171875;
06:20:50;611.0;1573107651;94.368;0.38394528667448824;0.011292508431602595;-0.1171875;
06:20:51;612.0;1573107652;94.388;0.5093161207437832;0.014979885904228918;-0.11962890625;
06:20:52;613.0;1573107654;94.614;0.7600577888823732;0.022354640849481563;-0.12451171875;
06:20:53;614.0;1573107655;94.861;0.6346869548130782;0.01866726337685524;-0.1220703125;
06:20:55;616.0;1573107656;94.163;0.5093161207437832;0.014979885904228918;-0.11962890625;
06:20:56;617.0;1573107658;93.898;0.5093161207437832;0.014979885904228918;-0.11962890625;
06:20:57;618.0;1573107659;93.633;1.0107994570209633;0.029729395794734215;-0.12939453125;
06:20:58;619.0;1573107660;94.142;0.38394528667448824;0.011292508431602595;-0.1171875;
06:21:00;621.0;1573107661;94.552;0.6346869548130782;0.01866726337685524;-0.1220703125;
06:21:01;622.0;1573107663;94.614;0.6346869548130782;0.01866726337685524;-0.1220703125;
06:21:02;623.0;1573107664;94.306;-10.147204775146289;-0.2984471992690085;0.087890625;
06:21:04;625.0;1573107666;94.163;0.7600577888823732;0.022354640849481563;-0.12451171875;
06:21:05;626.0;1573107667;94.102;0.7600577888823732;0.022354640849481563;-0.12451171875;
06:21:06;627.0;1573107668;93.674;0.7600577888823732;0.022354640849481563;-0.12451171875;
06:21:08;629.0;1573107669;93.898;0.5093161207437832;0.014979885904228918;-0.11962890625;
06:21:09;630.0;1573107671;94.081;0.007832784466603238;0.00023037601372362463;-0.10986328125;
06:21:10;631.0;1573107672;94.388;0.38394528667448824;0.011292508431602595;-0.1171875;
06:21:11;632.0;1573107673;94.388;0.5093161207437832;0.014979885904228918;-0.11962890625;
06:21:12;633.0;1573107674;94.347;0.38394528667448824;0.011292508431602595;-0.1171875;
06:21:14;635.0;1573107676;93.45;3.3928453043375684;0.09978956777463437;-0.17578125;
06:21:15;636.0;1573107677;93.207;0.25857445260519324;0.0076051309589762715;-0.11474609375;
06:21:16;637.0;1573107678;92.945;0.38394528667448824;0.011292508431602595;-0.1171875;
06:21:18;639.0;1573107680;93.147;0.5093161207437832;0.014979885904228918;-0.11962890625;
06:21:20;641.0;1573107681;92.925;0.5093161207437832;0.014979885904228918;-0.11962890625;
06:21:21;642.0;1573107682;93.187;1.8883952955060281;0.05554103810311847;-0.146484375;
06:21:22;643.0;1573107683;93.187;0.5093161207437832;0.014979885904228918;-0.11962890625;
06:21:24;645.0;1573107685;93.653;0.7600577888823732;0.022354640849481563;-0.12451171875;
06:21:25;646.0;1573107686;93.633;0.6346869548130782;0.01866726337685524;-0.1220703125;
06:21:26;647.0;1573107688;93.613;0.5093161207437832;0.014979885904228918;-0.11962890625;
06:21:28;649.0;1573107689;93.349;0.6346869548130782;0.01866726337685524;-0.1220703125;
06:21:29;650.0;1573107690;93.389;0.7600577888823732;0.022354640849481563;-0.12451171875;
06:21:30;651.0;1573107691;93.369;-3.3771797354043604;-0.09932881574718708;-0.0439453125;
06:21:31;652.0;1573107693;93.653;0.38394528667448824;0.011292508431602595;-0.1171875;
06:21:33;654.0;1573107694;93.45;0.5093161207437832;0.014979885904228918;-0.11962890625;
06:21:34;655.0;1573107695;93.45;0.6346869548130782;0.01866726337685524;-0.1220703125;
06:21:35;656.0;1573107697;93.187;0.7600577888823732;0.022354640849481563;-0.12451171875;
06:21:37;658.0;1573107698;93.816;-5.38311308051308;-0.15832685530920823;-0.0048828125;
06:21:38;659.0;1573107699;93.857;0.38394528667448824;0.011292508431602595;-0.1171875;
06:21:39;660.0;1573107701;93.898;0.5093161207437832;0.014979885904228918;-0.11962890625;
06:21:40;661.0;1573107702;93.938;-0.11753804960269176;-0.0034570014589026987;-0.107421875;
06:21:42;663.0;1573107703;93.633;0.5093161207437832;0.014979885904228918;-0.11962890625;
06:21:43;664.0;1573107704;93.572;0.8854286229516682;0.02604201832210789;-0.126953125;
06:21:44;665.0;1573107706;93.046;0.8854286229516682;0.02604201832210789;-0.126953125;
06:21:45;666.0;1573107707;93.086;0.5093161207437832;0.014979885904228918;-0.11962890625;
06:21:47;668.0;1573107708;93.389;1.0107994570209633;0.029729395794734215;-0.12939453125;
06:21:48;669.0;1573107709;93.653;1.2615411251595532;0.03710415073998686;-0.13427734375;
06:21:49;670.0;1573107711;93.43;0.6346869548130782;0.01866726337685524;-0.1220703125;
06:21:50;671.0;1573107712;92.723;0.25857445260519324;0.0076051309589762715;-0.11474609375;
06:21:52;673.0;1573107713;92.905;0.7600577888823732;0.022354640849481563;-0.12451171875;
06:21:53;674.0;1573107715;93.167;0.13320361853589824;0.0039177534863499485;-0.1123046875;
06:21:54;675.0;1573107716;93.41;0.5093161207437832;0.014979885904228918;-0.11962890625;
06:21:56;677.0;1573107717;92.965;0.38394528667448824;0.011292508431602595;-0.1171875;
06:21:57;678.0;1573107719;92.683;0.8854286229516682;0.02604201832210789;-0.126953125;
06:21:58;679.0;1573107720;93.106;0.5093161207437832;0.014979885904228918;-0.11962890625;
06:21:59;680.0;1573107721;93.389;0.6346869548130782;0.01866726337685524;-0.1220703125;
06:22:01;682.0;1573107722;93.369;0.8854286229516682;0.02604201832210789;-0.126953125;
06:22:02;683.0;1573107724;93.147;0.8854286229516682;0.02604201832210789;-0.126953125;
06:22:03;684.0;1573107725;93.046;0.6346869548130782;0.01866726337685524;-0.1220703125;
06:22:05;686.0;1573107726;93.248;0.6346869548130782;0.01866726337685524;-0.1220703125;
06:22:06;687.0;1573107728;92.965;1.0107994570209633;0.029729395794734215;-0.12939453125;
06:22:07;688.0;1573107729;93.308;0.5093161207437832;0.014979885904228918;-0.11962890625;
06:22:08;689.0;1573107730;93.329;0.7600577888823732;0.022354640849481563;-0.12451171875;
06:22:10;691.0;1573107732;93.005;0.7600577888823732;0.022354640849481563;-0.12451171875;
06:22:11;692.0;1573107733;92.262;0.6346869548130782;0.01866726337685524;-0.1220703125;
06:22:12;693.0;1573107734;92.483;0.6346869548130782;0.01866726337685524;-0.1220703125;
06:22:14;695.0;1573107736;92.925;0.13320361853589824;0.0039177534863499485;-0.1123046875;
06:22:15;696.0;1573107737;93.147;0.5093161207437832;0.014979885904228918;-0.11962890625;
06:22:16;697.0;1573107738;92.925;0.5093161207437832;0.014979885904228918;-0.11962890625;
06:22:17;698.0;1573107739;93.086;0.6346869548130782;0.01866726337685524;-0.1220703125;
06:22:19;700.0;1573107741;93.086;0.6346869548130782;0.01866726337685524;-0.1220703125;
06:22:20;701.0;1573107742;93.106;0.13320361853589824;0.0039177534863499485;-0.1123046875;
06:22:21;702.0;1573107743;92.683;0.5093161207437832;0.014979885904228918;-0.11962890625;
06:22:24;705.0;1573107745;92.623;0.6346869548130782;0.01866726337685524;-0.1220703125;
06:22:25;706.0;1573107746;92.864;0.8854286229516682;0.02604201832210789;-0.126953125;
06:22:26;707.0;1573107747;93.268;0.7600577888823732;0.022354640849481563;-0.12451171875;
06:22:27;708.0;1573107749;92.282;0.38394528667448824;0.011292508431602595;-0.1171875;
06:22:29;710.0;1573107750;92.322;0.6346869548130782;0.01866726337685524;-0.1220703125;
06:22:30;711.0;1573107751;92.162;1.7630244614367332;0.051853660630492154;-0.14404296875;
06:22:31;712.0;1573107753;92.402;0.7600577888823732;0.022354640849481563;-0.12451171875;
06:22:33;714.0;1573107754;91.804;0.7600577888823732;0.022354640849481563;-0.12451171875;
06:22:34;715.0;1573107755;92.242;0.6346869548130782;0.01866726337685524;-0.1220703125;
06:22:35;716.0;1573107756;92.503;-0.7443922199491667;-0.021893888822034316;-0.09521484375;
06:22:36;717.0;1573107758;92.663;0.6346869548130782;0.01866726337685524;-0.1220703125;
06:22:38;719.0;1573107759;92.043;0.5093161207437832;0.014979885904228918;-0.11962890625;
06:22:39;720.0;1573107760;92.282;0.25857445260519324;0.0076051309589762715;-0.11474609375;
06:22:40;721.0;1573107762;92.222;0.7600577888823732;0.022354640849481563;-0.12451171875;
06:22:42;723.0;1573107763;92.442;1.0107994570209633;0.029729395794734215;-0.12939453125;
06:22:43;724.0;1573107764;92.483;0.38394528667448824;0.011292508431602595;-0.1171875;
06:22:44;725.0;1573107765;92.523;1.5122827932981433;0.04447890568523951;-0.13916015625;
06:22:45;726.0;1573107767;92.683;0.5093161207437832;0.014979885904228918;-0.11962890625;
06:22:47;728.0;1573107768;92.804;0.7600577888823732;0.022354640849481563;-0.12451171875;
06:22:48;729.0;1573107769;93.106;0.25857445260519324;0.0076051309589762715;-0.11474609375;
06:22:49;730.0;1573107771;93.167;0.6346869548130782;0.01866726337685524;-0.1220703125;
06:22:51;732.0;1573107772;92.362;0.5093161207437832;0.014979885904228918;-0.11962890625;
06:22:52;733.0;1573107773;92.302;0.6346869548130782;0.01866726337685524;-0.1220703125;
06:22:53;734.0;1573107775;92.302;0.38394528667448824;0.011292508431602595;-0.1171875;
06:22:54;735.0;1573107776;92.764;0.7600577888823732;0.022354640849481563;-0.12451171875;
06:22:56;737.0;1573107777;92.182;0.007832784466603238;0.00023037601372362463;-0.10986328125;
06:22:57;738.0;1573107779;92.043;0.38394528667448824;0.011292508431602595;-0.1171875;
06:22:58;739.0;1573107780;91.844;0.25857445260519324;0.0076051309589762715;-0.11474609375;
06:23:00;741.0;1573107781;92.362;0.6346869548130782;0.01866726337685524;-0.1220703125;
06:23:01;742.0;1573107783;92.282;0.38394528667448824;0.011292508431602595;-0.1171875;
06:23:02;743.0;1573107784;92.483;0.6346869548130782;0.01866726337685524;-0.1220703125;
06:23:04;745.0;1573107785;92.103;1.0107994570209633;0.029729395794734215;-0.12939453125;
06:23:05;746.0;1573107787;92.342;0.5093161207437832;0.014979885904228918;-0.11962890625;
06:23:06;747.0;1573107788;92.603;0.5093161207437832;0.014979885904228918;-0.11962890625;
06:23:08;749.0;1573107789;92.723;0.6346869548130782;0.01866726337685524;-0.1220703125;
06:23:09;750.0;1573107791;92.242;0.6346869548130782;0.01866726337685524;-0.1220703125;
06:23:10;751.0;1573107792;91.506;0.6346869548130782;0.01866726337685524;-0.1220703125;
06:23:11;752.0;1573107793;91.764;0.6346869548130782;0.01866726337685524;-0.1220703125;
06:23:13;754.0;1573107794;92.162;0.6346869548130782;0.01866726337685524;-0.1220703125;
06:23:14;755.0;1573107796;92.422;0.5093161207437832;0.014979885904228918;-0.11962890625;
06:23:15;756.0;1573107797;92.202;0.5093161207437832;0.014979885904228918;-0.11962890625;
06:23:16;757.0;1573107798;91.943;0.25857445260519324;0.0076051309589762715;-0.11474609375;
06:23:18;759.0;1573107800;92.222;0.5093161207437832;0.014979885904228918;-0.11962890625;
06:23:19;760.0;1573107801;92.442;0.5093161207437832;0.014979885904228918;-0.11962890625;
06:23:20;761.0;1573107802;92.985;0.5093161207437832;0.014979885904228918;-0.11962890625;
06:23:21;762.0;1573107803;92.463;0.38394528667448824;0.011292508431602595;-0.1171875;
06:23:23;764.0;1573107805;92.683;-0.36827971774128176;-0.010831756404155346;-0.1025390625;
06:23:24;765.0;1573107806;91.903;0.6346869548130782;0.01866726337685524;-0.1220703125;
06:23:25;766.0;1573107807;92.222;0.5093161207437832;0.014979885904228918;-0.11962890625;
06:23:28;769.0;1573107809;91.704;0.7600577888823732;0.022354640849481563;-0.12451171875;
06:23:29;770.0;1573107810;91.685;1.6376536273674382;0.04816628315786583;-0.1416015625;
06:23:30;771.0;1573107811;91.605;0.8854286229516682;0.02604201832210789;-0.126953125;
06:23:32;773.0;1573107813;90.678;1.5122827932981433;0.04447890568523951;-0.13916015625;
06:23:33;774.0;1573107814;90.953;0.5093161207437832;0.014979885904228918;-0.11962890625;
06:23:34;775.0;1573107815;90.757;1.6376536273674382;0.04816628315786583;-0.1416015625;
06:23:35;776.0;1573107817;91.486;0.6346869548130782;0.01866726337685524;-0.1220703125;
06:23:37;778.0;1573107818;91.685;1.2615411251595532;0.03710415073998686;-0.13427734375;
06:23:38;779.0;1573107819;91.685;0.007832784466603238;0.00023037601372362463;-0.10986328125;
06:23:39;780.0;1573107820;91.209;0.25857445260519324;0.0076051309589762715;-0.11474609375;
06:23:40;781.0;1573107822;91.269;0.6346869548130782;0.01866726337685524;-0.1220703125;
06:23:42;783.0;1573107823;91.506;0.5093161207437832;0.014979885904228918;-0.11962890625;
06:23:43;784.0;1573107824;91.447;0.38394528667448824;0.011292508431602595;-0.1171875;
06:23:44;785.0;1573107826;91.269;1.0107994570209633;0.029729395794734215;-0.12939453125;
06:23:46;787.0;1573107827;91.486;0.5093161207437832;0.014979885904228918;-0.11962890625;
06:23:47;788.0;1573107828;91.546;0.7600577888823732;0.022354640849481563;-0.12451171875;
06:23:48;789.0;1573107830;91.685;0.38394528667448824;0.011292508431602595;-0.1171875;
06:23:49;790.0;1573107831;91.923;0.8854286229516682;0.02604201832210789;-0.126953125;
06:23:51;792.0;1573107832;91.923;9.034532837455842;0.2657215540428189;-0.28564453125;
06:23:52;793.0;1573107833;91.744;-0.11753804960269176;-0.0034570014589026987;-0.107421875;
06:23:53;794.0;1573107835;91.943;0.6346869548130782;0.01866726337685524;-0.1220703125;
06:23:55;796.0;1573107836;91.506;0.5093161207437832;0.014979885904228918;-0.11962890625;
06:23:56;797.0;1573107837;91.466;0.7600577888823732;0.022354640849481563;-0.12451171875;
06:23:57;798.0;1573107839;91.447;0.5093161207437832;0.014979885904228918;-0.11962890625;
06:23:59;800.0;1573107840;91.665;0.6346869548130782;0.01866726337685524;-0.1220703125;
06:24:00;801.0;1573107841;91.983;0.38394528667448824;0.011292508431602595;-0.1171875;
06:24:01;802.0;1573107843;91.784;1.5122827932981433;0.04447890568523951;-0.13916015625;
06:24:02;803.0;1573107844;91.506;0.25857445260519324;0.0076051309589762715;-0.11474609375;
06:24:04;805.0;1573107845;91.19;0.7600577888823732;0.022354640849481563;-0.12451171875;
06:24:05;806.0;1573107846;91.209;0.38394528667448824;0.011292508431602595;-0.1171875;
06:24:06;807.0;1573107848;91.012;0.38394528667448824;0.011292508431602595;-0.1171875;
06:24:07;808.0;1573107849;91.052;2.0137661295753233;0.059228415575744806;-0.14892578125;
06:24:09;810.0;1573107850;91.308;0.7600577888823732;0.022354640849481563;-0.12451171875;
06:24:10;811.0;1573107852;91.506;0.007832784466603238;0.00023037601372362463;-0.10986328125;
06:24:11;812.0;1573107853;91.249;0.5093161207437832;0.014979885904228918;-0.11962890625;
06:24:13;814.0;1573107854;90.874;-1.9981005606421158;-0.05876766354829752;-0.07080078125;
06:24:14;815.0;1573107855;90.678;1.2615411251595532;0.03710415073998686;-0.13427734375;
06:24:15;816.0;1573107857;90.973;0.7600577888823732;0.022354640849481563;-0.12451171875;
06:24:16;817.0;1573107858;90.757;0.6346869548130782;0.01866726337685524;-0.1220703125;
06:24:17;818.0;1573107859;90.874;0.7600577888823732;0.022354640849481563;-0.12451171875;
06:24:18;819.0;1573107860;91.17;0.13320361853589824;0.0039177534863499485;-0.1123046875;
06:24:20;821.0;1573107862;91.15;0.8854286229516682;0.02604201832210789;-0.126953125;
06:24:21;822.0;1573107863;91.348;0.6346869548130782;0.01866726337685524;-0.1220703125;
06:24:22;823.0;1573107864;91.269;0.6346869548130782;0.01866726337685524;-0.1220703125;
06:24:23;824.0;1573107865;91.685;0.5093161207437832;0.014979885904228918;-0.11962890625;
06:24:25;826.0;1573107867;91.13;0.5093161207437832;0.014979885904228918;-0.11962890625;
06:24:26;827.0;1573107868;91.111;0.6346869548130782;0.01866726337685524;-0.1220703125;
06:24:27;828.0;1573107869;90.914;0.6346869548130782;0.01866726337685524;-0.1220703125;
06:24:29;830.0;1573107871;90.993;-1.8727297265728207;-0.0550802860756712;-0.0732421875;
06:24:30;831.0;1573107872;90.6;0.7600577888823732;0.022354640849481563;-0.12451171875;
06:24:32;833.0;1573107873;90.835;0.6346869548130782;0.01866726337685524;-0.1220703125;
06:24:33;834.0;1573107875;90.796;0.6346869548130782;0.01866726337685524;-0.1220703125;
06:24:35;836.0;1573107876;91.348;0.38394528667448824;0.011292508431602595;-0.1171875;
06:24:36;837.0;1573107877;90.914;0.007832784466603238;0.00023037601372362463;-0.10986328125;
06:24:37;838.0;1573107878;90.933;0.7600577888823732;0.022354640849481563;-0.12451171875;
06:24:39;840.0;1573107880;90.953;0.25857445260519324;0.0076051309589762715;-0.11474609375;
06:24:40;841.0;1573107881;91.13;0.6346869548130782;0.01866726337685524;-0.1220703125;
06:24:41;842.0;1573107882;91.13;0.5093161207437832;0.014979885904228918;-0.11962890625;
06:24:42;843.0;1573107883;90.914;0.007832784466603238;0.00023037601372362463;-0.10986328125;
06:24:43;844.0;1573107885;90.953;0.38394528667448824;0.011292508431602595;-0.1171875;
06:24:45;846.0;1573107886;90.776;0.38394528667448824;0.011292508431602595;-0.1171875;
06:24:46;847.0;1573107887;90.757;-6.009967250859555;-0.17676374267233985;0.00732421875;
06:24:47;848.0;1573107889;90.345;0.25857445260519324;0.0076051309589762715;-0.11474609375;
06:24:48;849.0;1573107890;90.365;0.5093161207437832;0.014979885904228918;-0.11962890625;
06:24:50;851.0;1573107891;90.131;0.7600577888823732;0.022354640849481563;-0.12451171875;
06:24:51;852.0;1573107892;90.521;1.0107994570209633;0.029729395794734215;-0.12939453125;
06:24:52;853.0;1573107894;90.502;1.0107994570209633;0.029729395794734215;-0.12939453125;
06:24:54;855.0;1573107895;91.269;1.0107994570209633;0.029729395794734215;-0.12939453125;
06:24:55;856.0;1573107896;91.052;0.38394528667448824;0.011292508431602595;-0.1171875;
06:24:56;857.0;1573107897;91.032;0.38394528667448824;0.011292508431602595;-0.1171875;
06:24:57;858.0;1573107899;91.032;0.38394528667448824;0.011292508431602595;-0.1171875;
06:24:59;860.0;1573107900;90.796;0.007832784466603238;0.00023037601372362463;-0.10986328125;
06:25:00;861.0;1573107901;90.796;0.7600577888823732;0.022354640849481563;-0.12451171875;
06:25:01;862.0;1573107903;90.56;1.2615411251595532;0.03710415073998686;-0.13427734375;
06:25:02;863.0;1573107904;90.443;0.7600577888823732;0.022354640849481563;-0.12451171875;
06:25:04;865.0;1573107905;90.053;5.148036981307696;0.1514128523914028;-0.2099609375;
06:25:05;866.0;1573107907;90.326;0.6346869548130782;0.01866726337685524;-0.1220703125;
06:25:06;867.0;1573107908;90.619;0.25857445260519324;0.0076051309589762715;-0.11474609375;
06:25:07;868.0;1573107909;90.423;0.6346869548130782;0.01866726337685524;-0.1220703125;
