Time;Seconds from start for linreg;Unix Time;ch1 po2;Uc;Ubl;Vc;
07:36:17;-2.0;1573198579;93.147;19.058015743500025;0.5055176589787804;-0.46875;
07:36:18;-1.0;1573198580;92.905;18.79883316828825;0.4986427896097679;-0.4638671875;
07:36:19;0.0;1573198581;92.824;17.243737717017616;0.4573935733956927;-0.4345703125;
07:36:20;1.0;1573198582;92.784;19.187607031105912;0.5089550936632867;-0.47119140625;
07:36:21;2.0;1573198582;93.349;19.317198318711796;0.5123925283477929;-0.4736328125;
07:36:22;3.0;1573198584;93.369;19.446789606317687;0.5158299630322993;-0.47607421875;
07:36:23;4.0;1573198585;93.187;19.187607031105912;0.5089550936632867;-0.47119140625;
07:36:24;5.0;1573198586;92.985;18.92842445589414;0.5020802242942742;-0.46630859375;
07:36:25;6.0;1573198587;92.442;19.058015743500025;0.5055176589787804;-0.46875;
07:36:26;7.0;1573198588;92.402;19.058015743500025;0.5055176589787804;-0.46875;
07:36:27;8.0;1573198589;92.663;18.79883316828825;0.4986427896097679;-0.4638671875;
07:36:28;9.0;1573198590;92.623;18.92842445589414;0.5020802242942742;-0.46630859375;
07:36:30;11.0;1573198591;92.844;18.92842445589414;0.5020802242942742;-0.46630859375;
07:36:31;12.0;1573198592;92.905;19.187607031105912;0.5089550936632867;-0.47119140625;
07:36:32;13.0;1573198593;92.925;19.058015743500025;0.5055176589787804;-0.46875;
07:36:33;14.0;1573198594;92.985;19.187607031105912;0.5089550936632867;-0.47119140625;
07:36:34;15.0;1573198595;92.483;19.058015743500025;0.5055176589787804;-0.46875;
07:36:35;16.0;1573198596;92.703;19.187607031105912;0.5089550936632867;-0.47119140625;
07:36:36;17.0;1573198597;92.905;18.79883316828825;0.4986427896097679;-0.4638671875;
07:36:37;18.0;1573198598;92.643;19.058015743500025;0.5055176589787804;-0.46875;
07:36:39;20.0;1573198599;92.945;16.207007416170526;0.42989409591964256;-0.4150390625;
07:36:40;21.0;1573198601;93.207;19.96515475674123;0.5295797017703244;-0.48583984375;
07:36:41;22.0;1573198602;93.41;19.187607031105912;0.5089550936632867;-0.47119140625;
07:36:42;23.0;1573198603;93.613;17.632511579835278;0.46770587744921155;-0.44189453125;
07:36:43;24.0;1573198604;93.389;19.187607031105912;0.5089550936632867;-0.47119140625;
07:36:44;25.0;1573198605;93.167;18.669241880682367;0.4952053549252617;-0.46142578125;
07:36:45;26.0;1573198606;93.41;19.187607031105912;0.5089550936632867;-0.47119140625;
07:36:46;27.0;1573198607;93.126;18.92842445589414;0.5020802242942742;-0.46630859375;
07:36:47;28.0;1573198608;93.369;19.446789606317687;0.5158299630322993;-0.47607421875;
07:36:48;29.0;1573198609;93.613;19.317198318711796;0.5123925283477929;-0.4736328125;
07:36:49;30.0;1573198610;93.613;19.187607031105912;0.5089550936632867;-0.47119140625;
07:36:50;31.0;1573198611;93.349;19.57638089392357;0.5192673977168055;-0.478515625;
07:36:51;32.0;1573198612;93.308;18.92842445589414;0.5020802242942742;-0.46630859375;
07:36:52;33.0;1573198613;92.804;19.187607031105912;0.5089550936632867;-0.47119140625;
07:36:53;34.0;1573198614;92.583;18.92842445589414;0.5020802242942742;-0.46630859375;
07:36:54;35.0;1573198615;92.623;19.187607031105912;0.5089550936632867;-0.47119140625;
07:36:55;36.0;1573198616;92.663;19.57638089392357;0.5192673977168055;-0.478515625;
07:36:56;37.0;1573198617;92.925;18.92842445589414;0.5020802242942742;-0.46630859375;
07:36:57;38.0;1573198618;92.723;18.92842445589414;0.5020802242942742;-0.46630859375;
07:36:58;39.0;1573198619;92.744;18.669241880682367;0.4952053549252617;-0.46142578125;
07:36:59;40.0;1573198620;92.985;19.317198318711796;0.5123925283477929;-0.4736328125;
07:37:00;41.0;1573198621;92.985;18.92842445589414;0.5020802242942742;-0.46630859375;
07:37:01;42.0;1573198622;93.389;18.79883316828825;0.4986427896097679;-0.4638671875;
07:37:02;43.0;1573198624;93.167;19.187607031105912;0.5089550936632867;-0.47119140625;
07:37:03;44.0;1573198624;92.864;19.058015743500025;0.5055176589787804;-0.46875;
07:37:04;45.0;1573198625;92.804;19.058015743500025;0.5055176589787804;-0.46875;
07:37:05;46.0;1573198626;92.844;19.317198318711796;0.5123925283477929;-0.4736328125;
07:37:06;47.0;1573198628;93.268;18.92842445589414;0.5020802242942742;-0.46630859375;
07:37:07;48.0;1573198629;93.369;17.502920292229387;0.4642684427647052;-0.439453125;
07:37:08;49.0;1573198629;92.905;18.150876730258823;0.48145561618723665;-0.45166015625;
07:37:09;50.0;1573198630;93.147;20.483519907164776;0.5433294405083494;-0.49560546875;
07:37:10;51.0;1573198632;92.965;19.446789606317687;0.5158299630322993;-0.47607421875;
07:37:11;52.0;1573198633;93.187;19.058015743500025;0.5055176589787804;-0.46875;
07:37:12;53.0;1573198633;93.43;19.058015743500025;0.5055176589787804;-0.46875;
07:37:13;54.0;1573198634;92.965;19.058015743500025;0.5055176589787804;-0.46875;
07:37:14;55.0;1573198635;93.147;19.187607031105912;0.5089550936632867;-0.47119140625;
07:37:15;56.0;1573198637;92.844;19.187607031105912;0.5089550936632867;-0.47119140625;
07:37:16;57.0;1573198638;92.844;19.187607031105912;0.5089550936632867;-0.47119140625;
07:37:17;58.0;1573198638;92.784;19.317198318711796;0.5123925283477929;-0.4736328125;
07:37:18;59.0;1573198639;92.563;18.92842445589414;0.5020802242942742;-0.46630859375;
07:37:19;60.0;1573198641;92.864;19.058015743500025;0.5055176589787804;-0.46875;
07:37:20;61.0;1573198642;92.884;21.261067632800092;0.563954048615387;-0.51025390625;
07:37:21;62.0;1573198642;93.248;19.446789606317687;0.5158299630322993;-0.47607421875;
07:37:22;63.0;1573198644;93.268;19.187607031105912;0.5089550936632867;-0.47119140625;
07:37:23;64.0;1573198645;92.744;19.317198318711796;0.5123925283477929;-0.4736328125;
07:37:24;65.0;1573198646;92.804;19.058015743500025;0.5055176589787804;-0.46875;
07:37:25;66.0;1573198646;92.503;19.058015743500025;0.5055176589787804;-0.46875;
07:37:26;67.0;1573198648;92.262;19.187607031105912;0.5089550936632867;-0.47119140625;
07:37:27;68.0;1573198649;92.764;19.187607031105912;0.5089550936632867;-0.47119140625;
07:37:28;69.0;1573198650;92.463;19.187607031105912;0.5089550936632867;-0.47119140625;
07:37:29;70.0;1573198651;92.483;19.187607031105912;0.5089550936632867;-0.47119140625;
07:37:30;71.0;1573198652;92.703;16.336598703776414;0.43333153060414886;-0.41748046875;
07:37:31;72.0;1573198653;92.402;18.669241880682367;0.4952053549252617;-0.46142578125;
07:37:32;73.0;1573198654;92.422;19.058015743500025;0.5055176589787804;-0.46875;
07:37:33;74.0;1573198655;92.643;18.79883316828825;0.4986427896097679;-0.4638671875;
07:37:35;76.0;1573198656;92.422;19.058015743500025;0.5055176589787804;-0.46875;
07:37:36;77.0;1573198657;92.503;19.317198318711796;0.5123925283477929;-0.4736328125;
07:37:38;79.0;1573198658;92.965;19.187607031105912;0.5089550936632867;-0.47119140625;
07:37:39;80.0;1573198660;93.471;19.446789606317687;0.5158299630322993;-0.47607421875;
07:37:40;81.0;1573198661;93.491;19.187607031105912;0.5089550936632867;-0.47119140625;
07:37:41;82.0;1573198662;93.755;18.410059305470593;0.48833048555624914;-0.45654296875;
07:37:42;83.0;1573198663;93.714;15.559050978141096;0.4127069224971113;-0.40283203125;
07:37:43;84.0;1573198664;93.918;19.187607031105912;0.5089550936632867;-0.47119140625;
07:37:44;85.0;1573198665;93.898;19.317198318711796;0.5123925283477929;-0.4736328125;
07:37:45;86.0;1573198666;93.187;18.92842445589414;0.5020802242942742;-0.46630859375;
07:37:46;87.0;1573198667;93.147;19.317198318711796;0.5123925283477929;-0.4736328125;
07:37:47;88.0;1573198668;92.523;19.187607031105912;0.5089550936632867;-0.47119140625;
07:37:48;89.0;1573198669;92.985;19.058015743500025;0.5055176589787804;-0.46875;
07:37:49;90.0;1573198670;93.228;19.058015743500025;0.5055176589787804;-0.46875;
07:37:50;91.0;1573198671;92.985;18.79883316828825;0.4986427896097679;-0.4638671875;
07:37:51;92.0;1573198672;93.147;19.187607031105912;0.5089550936632867;-0.47119140625;
07:37:52;93.0;1573198673;92.925;19.058015743500025;0.5055176589787804;-0.46875;
07:37:53;94.0;1573198674;93.228;19.187607031105912;0.5089550936632867;-0.47119140625;
07:37:54;95.0;1573198675;93.288;19.446789606317687;0.5158299630322993;-0.47607421875;
07:37:55;96.0;1573198676;93.086;19.058015743500025;0.5055176589787804;-0.46875;
07:37:56;97.0;1573198677;92.563;18.92842445589414;0.5020802242942742;-0.46630859375;
07:37:57;98.0;1573198678;92.483;19.446789606317687;0.5158299630322993;-0.47607421875;
07:37:58;99.0;1573198679;92.683;19.57638089392357;0.5192673977168055;-0.478515625;
07:37:59;100.0;1573198680;92.884;19.446789606317687;0.5158299630322993;-0.47607421875;
07:38:00;101.0;1573198681;93.45;17.632511579835278;0.46770587744921155;-0.44189453125;
07:38:01;102.0;1573198682;93.228;18.92842445589414;0.5020802242942742;-0.46630859375;
07:38:02;103.0;1573198683;93.207;19.83556346913534;0.526142267085818;-0.4833984375;
07:38:03;104.0;1573198684;93.43;17.632511579835278;0.46770587744921155;-0.44189453125;
07:38:04;105.0;1573198685;93.918;19.187607031105912;0.5089550936632867;-0.47119140625;
07:38:05;106.0;1573198687;93.898;18.92842445589414;0.5020802242942742;-0.46630859375;
07:38:06;107.0;1573198687;93.714;19.187607031105912;0.5089550936632867;-0.47119140625;
07:38:07;108.0;1573198688;93.735;18.92842445589414;0.5020802242942742;-0.46630859375;
07:38:08;109.0;1573198689;92.985;19.446789606317687;0.5158299630322993;-0.47607421875;
07:38:09;110.0;1573198691;93.288;19.187607031105912;0.5089550936632867;-0.47119140625;
07:38:10;111.0;1573198691;93.228;19.317198318711796;0.5123925283477929;-0.4736328125;
07:38:11;112.0;1573198692;93.147;19.058015743500025;0.5055176589787804;-0.46875;
07:38:12;113.0;1573198693;93.389;19.187607031105912;0.5089550936632867;-0.47119140625;
07:38:13;114.0;1573198695;93.106;19.705972181529457;0.5227048324013118;-0.48095703125;
07:38:14;115.0;1573198695;93.369;19.058015743500025;0.5055176589787804;-0.46875;
07:38:15;116.0;1573198696;93.207;19.187607031105912;0.5089550936632867;-0.47119140625;
07:38:16;117.0;1573198697;92.925;19.187607031105912;0.5089550936632867;-0.47119140625;
07:38:17;118.0;1573198699;93.167;19.187607031105912;0.5089550936632867;-0.47119140625;
07:38:18;119.0;1573198699;92.925;19.058015743500025;0.5055176589787804;-0.46875;
07:38:19;120.0;1573198700;92.663;19.446789606317687;0.5158299630322993;-0.47607421875;
07:38:20;121.0;1573198702;92.683;18.92842445589414;0.5020802242942742;-0.46630859375;
07:38:21;122.0;1573198703;92.703;18.92842445589414;0.5020802242942742;-0.46630859375;
07:38:22;123.0;1573198703;92.523;19.058015743500025;0.5055176589787804;-0.46875;
07:38:23;124.0;1573198704;92.543;19.187607031105912;0.5089550936632867;-0.47119140625;
07:38:24;125.0;1573198706;92.483;19.187607031105912;0.5089550936632867;-0.47119140625;
07:38:25;126.0;1573198707;92.202;19.705972181529457;0.5227048324013118;-0.48095703125;
07:38:26;127.0;1573198708;92.422;19.317198318711796;0.5123925283477929;-0.4736328125;
07:38:27;128.0;1573198708;92.925;18.92842445589414;0.5020802242942742;-0.46630859375;
07:38:28;129.0;1573198710;92.764;19.187607031105912;0.5089550936632867;-0.47119140625;
07:38:29;130.0;1573198711;92.463;18.669241880682367;0.4952053549252617;-0.46142578125;
07:38:30;131.0;1573198712;92.162;19.187607031105912;0.5089550936632867;-0.47119140625;
07:38:31;132.0;1573198712;91.903;19.317198318711796;0.5123925283477929;-0.4736328125;
07:38:32;133.0;1573198714;91.824;18.669241880682367;0.4952053549252617;-0.46142578125;
07:38:33;134.0;1573198715;92.402;19.058015743500025;0.5055176589787804;-0.46875;
07:38:34;135.0;1573198716;92.463;19.705972181529457;0.5227048324013118;-0.48095703125;
07:38:36;137.0;1573198717;93.026;19.187607031105912;0.5089550936632867;-0.47119140625;
07:38:37;138.0;1573198719;92.483;19.57638089392357;0.5192673977168055;-0.478515625;
07:38:39;140.0;1573198720;92.463;19.187607031105912;0.5089550936632867;-0.47119140625;
07:38:40;141.0;1573198721;92.442;19.058015743500025;0.5055176589787804;-0.46875;
07:38:41;142.0;1573198722;92.683;19.187607031105912;0.5089550936632867;-0.47119140625;
07:38:42;143.0;1573198723;92.965;19.187607031105912;0.5089550936632867;-0.47119140625;
07:38:43;144.0;1573198724;93.187;19.187607031105912;0.5089550936632867;-0.47119140625;
07:38:44;145.0;1573198725;92.965;18.280468017864706;0.48489305087174284;-0.4541015625;
07:38:45;146.0;1573198726;92.945;19.058015743500025;0.5055176589787804;-0.46875;
07:38:46;147.0;1573198727;93.167;19.058015743500025;0.5055176589787804;-0.46875;
07:38:47;148.0;1573198728;92.985;19.187607031105912;0.5089550936632867;-0.47119140625;
07:38:48;149.0;1573198729;92.643;18.669241880682367;0.4952053549252617;-0.46142578125;
07:38:49;150.0;1573198730;92.162;19.187607031105912;0.5089550936632867;-0.47119140625;
07:38:50;151.0;1573198731;91.903;19.317198318711796;0.5123925283477929;-0.4736328125;
07:38:51;152.0;1573198732;92.103;19.187607031105912;0.5089550936632867;-0.47119140625;
07:38:52;153.0;1573198733;92.422;18.79883316828825;0.4986427896097679;-0.4638671875;
07:38:53;154.0;1573198734;92.422;19.058015743500025;0.5055176589787804;-0.46875;
07:38:54;155.0;1573198735;92.703;19.058015743500025;0.5055176589787804;-0.46875;
07:38:55;156.0;1573198736;92.703;18.53965059307648;0.4917679202407554;-0.458984375;
07:38:56;157.0;1573198737;92.402;19.058015743500025;0.5055176589787804;-0.46875;
07:38:57;158.0;1573198738;92.442;19.058015743500025;0.5055176589787804;-0.46875;
07:38:58;159.0;1573198739;92.182;19.058015743500025;0.5055176589787804;-0.46875;
07:38:59;160.0;1573198740;91.943;19.317198318711796;0.5123925283477929;-0.4736328125;
07:39:00;161.0;1573198741;92.422;19.705972181529457;0.5227048324013118;-0.48095703125;
07:39:01;162.0;1573198742;92.382;19.187607031105912;0.5089550936632867;-0.47119140625;
07:39:02;163.0;1573198743;92.182;19.446789606317687;0.5158299630322993;-0.47607421875;
07:39:03;164.0;1573198744;92.162;18.79883316828825;0.4986427896097679;-0.4638671875;
07:39:04;165.0;1573198745;91.665;18.92842445589414;0.5020802242942742;-0.46630859375;
07:39:05;166.0;1573198746;91.923;19.317198318711796;0.5123925283477929;-0.4736328125;
07:39:06;167.0;1573198747;91.863;18.92842445589414;0.5020802242942742;-0.46630859375;
07:39:07;168.0;1573198748;91.883;18.53965059307648;0.4917679202407554;-0.458984375;
07:39:08;169.0;1573198749;91.983;19.058015743500025;0.5055176589787804;-0.46875;
07:39:09;170.0;1573198750;91.983;19.058015743500025;0.5055176589787804;-0.46875;
07:39:10;171.0;1573198751;92.043;18.92842445589414;0.5020802242942742;-0.46630859375;
07:39:11;172.0;1573198752;92.262;19.187607031105912;0.5089550936632867;-0.47119140625;
07:39:12;173.0;1573198753;92.202;19.446789606317687;0.5158299630322993;-0.47607421875;
07:39:13;174.0;1573198754;92.182;19.187607031105912;0.5089550936632867;-0.47119140625;
07:39:14;175.0;1573198756;92.142;19.187607031105912;0.5089550936632867;-0.47119140625;
07:39:15;176.0;1573198757;91.883;19.058015743500025;0.5055176589787804;-0.46875;
07:39:16;177.0;1573198757;91.923;19.317198318711796;0.5123925283477929;-0.4736328125;
07:39:17;178.0;1573198758;91.883;19.058015743500025;0.5055176589787804;-0.46875;
07:39:18;179.0;1573198760;91.863;19.058015743500025;0.5055176589787804;-0.46875;
07:39:19;180.0;1573198761;92.103;18.92842445589414;0.5020802242942742;-0.46630859375;
07:39:20;181.0;1573198761;92.322;19.058015743500025;0.5055176589787804;-0.46875;
07:39:21;182.0;1573198762;92.142;19.187607031105912;0.5089550936632867;-0.47119140625;
07:39:22;183.0;1573198764;92.643;18.92842445589414;0.5020802242942742;-0.46630859375;
07:39:23;184.0;1573198765;92.703;19.446789606317687;0.5158299630322993;-0.47607421875;
07:39:24;185.0;1573198765;92.945;19.317198318711796;0.5123925283477929;-0.4736328125;
07:39:25;186.0;1573198766;93.147;18.92842445589414;0.5020802242942742;-0.46630859375;
07:39:26;187.0;1573198768;92.683;19.058015743500025;0.5055176589787804;-0.46875;
07:39:27;188.0;1573198769;92.422;19.187607031105912;0.5089550936632867;-0.47119140625;
07:39:28;189.0;1573198770;91.983;18.79883316828825;0.4986427896097679;-0.4638671875;
07:39:29;190.0;1573198770;91.983;19.058015743500025;0.5055176589787804;-0.46875;
07:39:30;191.0;1573198772;92.483;19.446789606317687;0.5158299630322993;-0.47607421875;
07:39:31;192.0;1573198773;92.683;19.187607031105912;0.5089550936632867;-0.47119140625;
07:39:32;193.0;1573198774;92.864;18.669241880682367;0.4952053549252617;-0.46142578125;
07:39:33;194.0;1573198774;92.884;18.92842445589414;0.5020802242942742;-0.46630859375;
07:39:34;195.0;1573198776;92.302;18.92842445589414;0.5020802242942742;-0.46630859375;
07:39:35;196.0;1573198776;92.302;19.187607031105912;0.5089550936632867;-0.47119140625;
07:39:36;197.0;1573198778;92.362;19.058015743500025;0.5055176589787804;-0.46875;
07:39:37;198.0;1573198779;92.603;19.058015743500025;0.5055176589787804;-0.46875;
07:39:38;199.0;1573198780;93.187;19.705972181529457;0.5227048324013118;-0.48095703125;
07:39:39;200.0;1573198781;92.985;17.114146429411733;0.4539561387111865;-0.43212890625;
07:39:40;201.0;1573198782;92.925;19.058015743500025;0.5055176589787804;-0.46875;
07:39:41;202.0;1573198783;92.723;18.92842445589414;0.5020802242942742;-0.46630859375;
07:39:43;204.0;1573198784;92.463;18.92842445589414;0.5020802242942742;-0.46630859375;
07:39:44;205.0;1573198785;92.483;18.79883316828825;0.4986427896097679;-0.4638671875;
07:39:45;206.0;1573198786;92.302;19.187607031105912;0.5089550936632867;-0.47119140625;
07:39:46;207.0;1573198787;92.262;19.187607031105912;0.5089550936632867;-0.47119140625;
07:39:47;208.0;1573198788;91.963;19.058015743500025;0.5055176589787804;-0.46875;
07:39:48;209.0;1573198789;92.202;19.187607031105912;0.5089550936632867;-0.47119140625;
07:39:49;210.0;1573198790;92.362;20.224337331953002;0.5364545711393369;-0.49072265625;
07:39:50;211.0;1573198791;92.142;19.058015743500025;0.5055176589787804;-0.46875;
07:39:51;212.0;1573198792;92.162;19.187607031105912;0.5089550936632867;-0.47119140625;
07:39:52;213.0;1573198793;91.923;18.53965059307648;0.4917679202407554;-0.458984375;
07:39:53;214.0;1573198794;91.963;19.187607031105912;0.5089550936632867;-0.47119140625;
07:39:54;215.0;1573198795;92.222;18.79883316828825;0.4986427896097679;-0.4638671875;
07:39:55;216.0;1573198796;92.483;17.89169415504705;0.47458074681822404;-0.44677734375;
07:39:56;217.0;1573198797;92.463;19.317198318711796;0.5123925283477929;-0.4736328125;
07:39:57;218.0;1573198798;92.202;19.187607031105912;0.5089550936632867;-0.47119140625;
07:39:58;219.0;1573198799;92.142;19.187607031105912;0.5089550936632867;-0.47119140625;
07:39:59;220.0;1573198800;92.463;18.92842445589414;0.5020802242942742;-0.46630859375;
07:40:00;221.0;1573198801;92.442;19.187607031105912;0.5089550936632867;-0.47119140625;
07:40:01;222.0;1573198802;92.703;19.058015743500025;0.5055176589787804;-0.46875;
07:40:02;223.0;1573198803;92.523;19.058015743500025;0.5055176589787804;-0.46875;
07:40:03;224.0;1573198804;91.784;19.058015743500025;0.5055176589787804;-0.46875;
07:40:04;225.0;1573198805;91.784;18.92842445589414;0.5020802242942742;-0.46630859375;
07:40:05;226.0;1573198806;91.486;19.187607031105912;0.5089550936632867;-0.47119140625;
07:40:06;227.0;1573198807;91.466;19.187607031105912;0.5089550936632867;-0.47119140625;
07:40:07;228.0;1573198808;91.665;19.96515475674123;0.5295797017703244;-0.48583984375;
07:40:08;229.0;1573198809;91.625;20.094746044347115;0.5330171364548306;-0.48828125;
07:40:09;230.0;1573198810;91.665;18.92842445589414;0.5020802242942742;-0.46630859375;
07:40:10;231.0;1573198811;92.142;19.317198318711796;0.5123925283477929;-0.4736328125;
07:40:11;232.0;1573198812;92.422;19.187607031105912;0.5089550936632867;-0.47119140625;
07:40:12;233.0;1573198813;92.442;19.187607031105912;0.5089550936632867;-0.47119140625;
07:40:13;234.0;1573198814;92.463;18.669241880682367;0.4952053549252617;-0.46142578125;
07:40:14;235.0;1573198815;91.963;19.187607031105912;0.5089550936632867;-0.47119140625;
07:40:15;236.0;1573198816;91.863;20.224337331953002;0.5364545711393369;-0.49072265625;
07:40:16;237.0;1573198818;91.903;19.57638089392357;0.5192673977168055;-0.478515625;
07:40:17;238.0;1573198818;92.162;19.187607031105912;0.5089550936632867;-0.47119140625;
07:40:18;239.0;1573198819;92.442;19.317198318711796;0.5123925283477929;-0.4736328125;
07:40:19;240.0;1573198820;92.222;19.187607031105912;0.5089550936632867;-0.47119140625;
07:40:20;241.0;1573198822;92.402;18.280468017864706;0.48489305087174284;-0.4541015625;
07:40:21;242.0;1573198822;92.142;18.150876730258823;0.48145561618723665;-0.45166015625;
07:40:22;243.0;1573198823;92.103;19.705972181529457;0.5227048324013118;-0.48095703125;
07:40:23;244.0;1573198824;92.123;19.317198318711796;0.5123925283477929;-0.4736328125;
07:40:24;245.0;1573198826;92.162;18.150876730258823;0.48145561618723665;-0.45166015625;
07:40:25;246.0;1573198826;92.182;19.187607031105912;0.5089550936632867;-0.47119140625;
07:40:26;247.0;1573198827;92.222;18.79883316828825;0.4986427896097679;-0.4638671875;
07:40:27;248.0;1573198829;92.242;19.058015743500025;0.5055176589787804;-0.46875;
07:40:28;249.0;1573198830;92.322;19.187607031105912;0.5089550936632867;-0.47119140625;
07:40:29;250.0;1573198830;92.282;19.187607031105912;0.5089550936632867;-0.47119140625;
07:40:30;251.0;1573198831;92.043;19.058015743500025;0.5055176589787804;-0.46875;
07:40:31;252.0;1573198833;92.103;18.410059305470593;0.48833048555624914;-0.45654296875;
07:40:32;253.0;1573198834;91.764;19.317198318711796;0.5123925283477929;-0.4736328125;
07:40:33;254.0;1573198834;91.804;18.92842445589414;0.5020802242942742;-0.46630859375;
07:40:34;255.0;1573198835;91.804;19.058015743500025;0.5055176589787804;-0.46875;
07:40:35;256.0;1573198837;91.744;19.187607031105912;0.5089550936632867;-0.47119140625;
07:40:36;257.0;1573198838;91.704;19.058015743500025;0.5055176589787804;-0.46875;
07:40:37;258.0;1573198839;91.645;19.187607031105912;0.5089550936632867;-0.47119140625;
07:40:38;259.0;1573198840;91.625;19.058015743500025;0.5055176589787804;-0.46875;
07:40:39;260.0;1573198841;91.387;17.89169415504705;0.47458074681822404;-0.44677734375;
07:40:40;261.0;1573198842;91.466;19.187607031105912;0.5089550936632867;-0.47119140625;
07:40:41;262.0;1573198843;91.506;19.187607031105912;0.5089550936632867;-0.47119140625;
07:40:42;263.0;1573198844;91.546;18.79883316828825;0.4986427896097679;-0.4638671875;
07:40:43;264.0;1573198845;91.744;18.79883316828825;0.4986427896097679;-0.4638671875;
07:40:44;265.0;1573198846;91.744;19.187607031105912;0.5089550936632867;-0.47119140625;
07:40:45;266.0;1573198847;91.764;19.058015743500025;0.5055176589787804;-0.46875;
07:40:47;268.0;1573198848;91.724;18.669241880682367;0.4952053549252617;-0.46142578125;
07:40:48;269.0;1573198849;92.043;19.187607031105912;0.5089550936632867;-0.47119140625;
07:40:49;270.0;1573198850;92.043;19.187607031105912;0.5089550936632867;-0.47119140625;
07:40:50;271.0;1573198851;91.983;18.410059305470593;0.48833048555624914;-0.45654296875;
07:40:51;272.0;1573198852;92.162;19.317198318711796;0.5123925283477929;-0.4736328125;
07:40:52;273.0;1573198853;91.665;19.187607031105912;0.5089550936632867;-0.47119140625;
07:40:53;274.0;1573198854;91.665;19.83556346913534;0.526142267085818;-0.4833984375;
07:40:54;275.0;1573198855;91.903;19.317198318711796;0.5123925283477929;-0.4736328125;
07:40:55;276.0;1573198856;91.704;19.187607031105912;0.5089550936632867;-0.47119140625;
07:40:56;277.0;1573198857;92.182;18.92842445589414;0.5020802242942742;-0.46630859375;
07:40:57;278.0;1573198858;92.222;19.187607031105912;0.5089550936632867;-0.47119140625;
07:40:58;279.0;1573198859;92.043;19.446789606317687;0.5158299630322993;-0.47607421875;
07:40:59;280.0;1573198860;91.824;18.92842445589414;0.5020802242942742;-0.46630859375;
07:41:00;281.0;1573198861;91.764;19.187607031105912;0.5089550936632867;-0.47119140625;
07:41:01;282.0;1573198862;91.704;19.187607031105912;0.5089550936632867;-0.47119140625;
07:41:02;283.0;1573198863;91.704;15.170277115323435;0.4023946184435924;-0.3955078125;
07:41:03;284.0;1573198864;91.903;19.317198318711796;0.5123925283477929;-0.4736328125;
07:41:04;285.0;1573198865;91.447;19.187607031105912;0.5089550936632867;-0.47119140625;
07:41:05;286.0;1573198866;91.486;19.058015743500025;0.5055176589787804;-0.46875;
07:41:06;287.0;1573198867;91.447;16.984555141805842;0.45051870402668015;-0.4296875;
07:41:07;288.0;1573198868;91.724;18.92842445589414;0.5020802242942742;-0.46630859375;
07:41:08;289.0;1573198869;91.963;21.131476345194205;0.5605166139308807;-0.5078125;
07:41:09;290.0;1573198870;91.883;19.058015743500025;0.5055176589787804;-0.46875;
07:41:10;291.0;1573198871;91.963;19.058015743500025;0.5055176589787804;-0.46875;
07:41:11;292.0;1573198872;91.486;18.92842445589414;0.5020802242942742;-0.46630859375;
07:41:12;293.0;1573198873;91.526;19.446789606317687;0.5158299630322993;-0.47607421875;
07:41:13;294.0;1573198874;91.605;18.280468017864706;0.48489305087174284;-0.4541015625;
07:41:14;295.0;1573198875;91.546;18.92842445589414;0.5020802242942742;-0.46630859375;
07:41:15;296.0;1573198876;91.546;19.187607031105912;0.5089550936632867;-0.47119140625;
07:41:16;297.0;1573198877;91.526;19.57638089392357;0.5192673977168055;-0.478515625;
07:41:17;298.0;1573198878;91.506;19.187607031105912;0.5089550936632867;-0.47119140625;
07:41:18;299.0;1573198879;91.447;19.187607031105912;0.5089550936632867;-0.47119140625;
07:41:19;300.0;1573198880;91.625;19.187607031105912;0.5089550936632867;-0.47119140625;
07:41:20;301.0;1573198881;91.605;19.058015743500025;0.5055176589787804;-0.46875;
07:41:21;302.0;1573198882;91.605;19.317198318711796;0.5123925283477929;-0.4736328125;
07:41:22;303.0;1573198883;91.685;19.187607031105912;0.5089550936632867;-0.47119140625;
07:41:23;304.0;1573198884;91.724;19.058015743500025;0.5055176589787804;-0.46875;
07:41:24;305.0;1573198886;91.486;19.446789606317687;0.5158299630322993;-0.47607421875;
07:41:25;306.0;1573198886;91.546;19.446789606317687;0.5158299630322993;-0.47607421875;
07:41:26;307.0;1573198887;91.546;20.224337331953002;0.5364545711393369;-0.49072265625;
07:41:27;308.0;1573198888;91.605;19.187607031105912;0.5089550936632867;-0.47119140625;
07:41:28;309.0;1573198890;92.142;19.058015743500025;0.5055176589787804;-0.46875;
07:41:29;310.0;1573198891;92.083;19.317198318711796;0.5123925283477929;-0.4736328125;
07:41:30;311.0;1573198891;92.043;19.058015743500025;0.5055176589787804;-0.46875;
07:41:31;312.0;1573198892;91.724;19.058015743500025;0.5055176589787804;-0.46875;
07:41:32;313.0;1573198894;91.427;19.187607031105912;0.5089550936632867;-0.47119140625;
07:41:33;314.0;1573198894;91.447;19.187607031105912;0.5089550936632867;-0.47119140625;
07:41:34;315.0;1573198896;91.486;19.187607031105912;0.5089550936632867;-0.47119140625;
07:41:35;316.0;1573198896;91.804;18.669241880682367;0.4952053549252617;-0.46142578125;
07:41:36;317.0;1573198898;91.824;19.058015743500025;0.5055176589787804;-0.46875;
07:41:37;318.0;1573198899;91.784;19.058015743500025;0.5055176589787804;-0.46875;
07:41:38;319.0;1573198900;91.744;18.79883316828825;0.4986427896097679;-0.4638671875;
07:41:39;320.0;1573198900;91.466;18.79883316828825;0.4986427896097679;-0.4638671875;
07:41:40;321.0;1573198902;91.466;19.187607031105912;0.5089550936632867;-0.47119140625;
07:41:41;322.0;1573198903;91.466;17.76210286744116;0.4711433121337178;-0.4443359375;
07:41:42;323.0;1573198904;91.466;19.446789606317687;0.5158299630322993;-0.47607421875;
07:41:43;324.0;1573198904;91.685;19.187607031105912;0.5089550936632867;-0.47119140625;
07:41:44;325.0;1573198906;91.685;19.705972181529457;0.5227048324013118;-0.48095703125;
07:41:45;326.0;1573198907;91.665;18.92842445589414;0.5020802242942742;-0.46630859375;
07:41:46;327.0;1573198908;91.744;19.187607031105912;0.5089550936632867;-0.47119140625;
07:41:47;328.0;1573198909;91.764;19.187607031105912;0.5089550936632867;-0.47119140625;
07:41:48;329.0;1573198910;91.506;19.187607031105912;0.5089550936632867;-0.47119140625;
07:41:49;330.0;1573198911;91.724;16.595781278988188;0.44020639997316147;-0.42236328125;
07:41:51;332.0;1573198912;91.625;18.669241880682367;0.4952053549252617;-0.46142578125;
07:41:52;333.0;1573198913;91.585;19.317198318711796;0.5123925283477929;-0.4736328125;
07:41:53;334.0;1573198914;91.844;19.058015743500025;0.5055176589787804;-0.46875;
07:41:54;335.0;1573198915;91.685;17.76210286744116;0.4711433121337178;-0.4443359375;
07:41:55;336.0;1573198916;91.744;19.187607031105912;0.5089550936632867;-0.47119140625;
07:41:56;337.0;1573198917;91.784;19.058015743500025;0.5055176589787804;-0.46875;
07:41:57;338.0;1573198918;91.804;18.92842445589414;0.5020802242942742;-0.46630859375;
07:41:58;339.0;1573198919;91.804;19.058015743500025;0.5055176589787804;-0.46875;
07:41:59;340.0;1573198920;92.003;19.317198318711796;0.5123925283477929;-0.4736328125;
07:42:00;341.0;1573198921;91.784;19.058015743500025;0.5055176589787804;-0.46875;
07:42:01;342.0;1573198922;91.724;19.058015743500025;0.5055176589787804;-0.46875;
07:42:02;343.0;1573198923;91.724;18.92842445589414;0.5020802242942742;-0.46630859375;
07:42:03;344.0;1573198924;91.269;19.317198318711796;0.5123925283477929;-0.4736328125;
07:42:04;345.0;1573198925;91.486;19.058015743500025;0.5055176589787804;-0.46875;
07:42:05;346.0;1573198926;91.526;19.705972181529457;0.5227048324013118;-0.48095703125;
07:42:06;347.0;1573198927;91.546;19.317198318711796;0.5123925283477929;-0.4736328125;
07:42:07;348.0;1573198928;91.764;19.058015743500025;0.5055176589787804;-0.46875;
07:42:08;349.0;1573198929;91.724;18.92842445589414;0.5020802242942742;-0.46630859375;
07:42:09;350.0;1573198930;91.506;19.187607031105912;0.5089550936632867;-0.47119140625;
07:42:10;351.0;1573198931;91.427;18.92842445589414;0.5020802242942742;-0.46630859375;
07:42:11;352.0;1573198932;91.427;19.317198318711796;0.5123925283477929;-0.4736328125;
07:42:12;353.0;1573198933;91.526;18.410059305470593;0.48833048555624914;-0.45654296875;
07:42:13;354.0;1573198934;91.724;19.187607031105912;0.5089550936632867;-0.47119140625;
07:42:14;355.0;1573198935;91.724;19.187607031105912;0.5089550936632867;-0.47119140625;
07:42:15;356.0;1573198936;91.724;18.669241880682367;0.4952053549252617;-0.46142578125;
07:42:16;357.0;1573198937;91.685;19.187607031105912;0.5089550936632867;-0.47119140625;
07:42:17;358.0;1573198938;91.704;19.058015743500025;0.5055176589787804;-0.46875;
07:42:18;359.0;1573198939;91.466;19.187607031105912;0.5089550936632867;-0.47119140625;
07:42:19;360.0;1573198940;91.269;19.187607031105912;0.5089550936632867;-0.47119140625;
07:42:20;361.0;1573198941;90.953;18.92842445589414;0.5020802242942742;-0.46630859375;
07:42:21;362.0;1573198942;90.973;19.187607031105912;0.5089550936632867;-0.47119140625;
07:42:22;363.0;1573198944;91.269;19.058015743500025;0.5055176589787804;-0.46875;
07:42:23;364.0;1573198944;91.486;19.187607031105912;0.5089550936632867;-0.47119140625;
07:42:24;365.0;1573198945;91.804;19.705972181529457;0.5227048324013118;-0.48095703125;
07:42:25;366.0;1573198946;91.566;19.058015743500025;0.5055176589787804;-0.46875;
07:42:26;367.0;1573198948;91.526;19.187607031105912;0.5089550936632867;-0.47119140625;
07:42:27;368.0;1573198948;91.546;19.058015743500025;0.5055176589787804;-0.46875;
07:42:28;369.0;1573198949;91.546;18.92842445589414;0.5020802242942742;-0.46630859375;
07:42:29;370.0;1573198951;91.784;19.187607031105912;0.5089550936632867;-0.47119140625;
07:42:30;371.0;1573198952;91.784;19.058015743500025;0.5055176589787804;-0.46875;
07:42:31;372.0;1573198952;91.744;19.058015743500025;0.5055176589787804;-0.46875;
07:42:32;373.0;1573198953;91.447;19.317198318711796;0.5123925283477929;-0.4736328125;
07:42:33;374.0;1573198955;91.229;18.79883316828825;0.4986427896097679;-0.4638671875;
07:42:34;375.0;1573198956;91.249;19.317198318711796;0.5123925283477929;-0.4736328125;
07:42:35;376.0;1573198956;90.973;19.446789606317687;0.5158299630322993;-0.47607421875;
07:42:36;377.0;1573198958;91.19;19.187607031105912;0.5089550936632867;-0.47119140625;
07:42:37;378.0;1573198959;91.367;19.317198318711796;0.5123925283477929;-0.4736328125;
07:42:38;379.0;1573198960;91.348;19.058015743500025;0.5055176589787804;-0.46875;
07:42:39;380.0;1573198960;91.407;19.187607031105912;0.5089550936632867;-0.47119140625;
07:42:40;381.0;1573198962;91.486;19.058015743500025;0.5055176589787804;-0.46875;
07:42:41;382.0;1573198963;91.447;19.187607031105912;0.5089550936632867;-0.47119140625;
07:42:42;383.0;1573198964;91.466;19.058015743500025;0.5055176589787804;-0.46875;
07:42:43;384.0;1573198964;91.665;19.705972181529457;0.5227048324013118;-0.48095703125;
07:42:44;385.0;1573198966;91.348;18.79883316828825;0.4986427896097679;-0.4638671875;
07:42:45;386.0;1573198967;91.387;19.187607031105912;0.5089550936632867;-0.47119140625;
07:42:46;387.0;1573198968;91.605;20.094746044347115;0.5330171364548306;-0.48828125;
07:42:47;388.0;1573198968;91.665;19.317198318711796;0.5123925283477929;-0.4736328125;
07:42:48;389.0;1573198970;91.923;19.317198318711796;0.5123925283477929;-0.4736328125;
07:42:49;390.0;1573198971;91.943;19.187607031105912;0.5089550936632867;-0.47119140625;
07:42:50;391.0;1573198972;91.685;19.058015743500025;0.5055176589787804;-0.46875;
07:42:51;392.0;1573198973;91.625;19.187607031105912;0.5089550936632867;-0.47119140625;
07:42:52;393.0;1573198974;91.704;19.187607031105912;0.5089550936632867;-0.47119140625;
07:42:53;394.0;1573198975;91.466;18.92842445589414;0.5020802242942742;-0.46630859375;
07:42:55;396.0;1573198976;91.466;19.058015743500025;0.5055176589787804;-0.46875;
07:42:56;397.0;1573198977;91.486;19.187607031105912;0.5089550936632867;-0.47119140625;
07:42:57;398.0;1573198978;91.19;17.243737717017616;0.4573935733956927;-0.4345703125;
07:42:58;399.0;1573198979;91.17;19.317198318711796;0.5123925283477929;-0.4736328125;
07:42:59;400.0;1573198980;91.209;19.058015743500025;0.5055176589787804;-0.46875;
07:43:00;401.0;1573198981;90.776;19.187607031105912;0.5089550936632867;-0.47119140625;
07:43:01;402.0;1573198982;90.56;18.53965059307648;0.4917679202407554;-0.458984375;
07:43:02;403.0;1573198983;90.6;19.058015743500025;0.5055176589787804;-0.46875;
07:43:03;404.0;1573198984;90.541;19.187607031105912;0.5089550936632867;-0.47119140625;
07:43:04;405.0;1573198985;90.953;19.187607031105912;0.5089550936632867;-0.47119140625;
07:43:05;406.0;1573198986;91.032;19.058015743500025;0.5055176589787804;-0.46875;
07:43:06;407.0;1573198987;90.953;22.1682066460413;0.5880160914069309;-0.52734375;
07:43:07;408.0;1573198988;91.012;19.187607031105912;0.5089550936632867;-0.47119140625;
07:43:08;409.0;1573198989;90.953;19.187607031105912;0.5089550936632867;-0.47119140625;
07:43:09;410.0;1573198990;90.835;19.57638089392357;0.5192673977168055;-0.478515625;
07:43:10;411.0;1573198991;90.894;19.187607031105912;0.5089550936632867;-0.47119140625;
07:43:11;412.0;1573198992;90.639;18.92842445589414;0.5020802242942742;-0.46630859375;
07:43:12;413.0;1573198993;90.502;19.187607031105912;0.5089550936632867;-0.47119140625;
07:43:13;414.0;1573198994;90.796;19.058015743500025;0.5055176589787804;-0.46875;
07:43:14;415.0;1573198995;91.032;17.89169415504705;0.47458074681822404;-0.44677734375;
07:43:15;416.0;1573198996;91.052;19.058015743500025;0.5055176589787804;-0.46875;
07:43:16;417.0;1573198997;91.269;19.187607031105912;0.5089550936632867;-0.47119140625;
07:43:17;418.0;1573198998;91.209;18.280468017864706;0.48489305087174284;-0.4541015625;
07:43:18;419.0;1573198999;90.874;19.058015743500025;0.5055176589787804;-0.46875;
07:43:19;420.0;1573199000;90.855;19.187607031105912;0.5089550936632867;-0.47119140625;
07:43:20;421.0;1573199001;90.835;19.317198318711796;0.5123925283477929;-0.4736328125;
07:43:21;422.0;1573199002;91.032;13.35599908884103;0.35427053286050475;-0.361328125;
07:43:22;423.0;1573199003;90.894;18.92842445589414;0.5020802242942742;-0.46630859375;
07:43:23;424.0;1573199004;91.209;21.909024070829524;0.5811412220379184;-0.5224609375;
07:43:24;425.0;1573199005;91.288;18.92842445589414;0.5020802242942742;-0.46630859375;
07:43:25;426.0;1573199007;91.308;16.72537256659407;0.44364383465766766;-0.4248046875;
07:43:26;427.0;1573199007;91.784;16.07741612856464;0.4264566612351363;-0.41259765625;
07:43:27;428.0;1573199008;91.486;19.187607031105912;0.5089550936632867;-0.47119140625;
07:43:28;429.0;1573199009;91.249;19.187607031105912;0.5089550936632867;-0.47119140625;
07:43:29;430.0;1573199010;91.111;19.058015743500025;0.5055176589787804;-0.46875;
07:43:30;431.0;1573199011;91.052;19.187607031105912;0.5089550936632867;-0.47119140625;
07:43:31;432.0;1573199012;91.052;19.96515475674123;0.5295797017703244;-0.48583984375;
07:43:32;433.0;1573199014;91.209;18.53965059307648;0.4917679202407554;-0.458984375;
07:43:33;434.0;1573199015;91.407;19.058015743500025;0.5055176589787804;-0.46875;
07:43:34;435.0;1573199015;91.506;22.556980508858953;0.5983283954604496;-0.53466796875;
07:43:35;436.0;1573199016;91.764;18.92842445589414;0.5020802242942742;-0.46630859375;
07:43:36;437.0;1573199018;91.824;19.187607031105912;0.5089550936632867;-0.47119140625;
07:43:37;438.0;1573199019;91.566;19.058015743500025;0.5055176589787804;-0.46875;
07:43:38;439.0;1573199019;91.546;19.187607031105912;0.5089550936632867;-0.47119140625;
07:43:39;440.0;1573199020;91.486;19.317198318711796;0.5123925283477929;-0.4736328125;
07:43:40;441.0;1573199022;91.229;19.187607031105912;0.5089550936632867;-0.47119140625;
07:43:41;442.0;1573199023;91.19;20.094746044347115;0.5330171364548306;-0.48828125;
07:43:42;443.0;1573199023;90.933;18.92842445589414;0.5020802242942742;-0.46630859375;
07:43:43;444.0;1573199024;90.463;19.058015743500025;0.5055176589787804;-0.46875;
07:43:44;445.0;1573199026;90.463;19.446789606317687;0.5158299630322993;-0.47607421875;
07:43:45;446.0;1573199027;90.502;19.317198318711796;0.5123925283477929;-0.4736328125;
07:43:46;447.0;1573199027;90.737;19.187607031105912;0.5089550936632867;-0.47119140625;
07:43:47;448.0;1573199029;90.993;18.79883316828825;0.4986427896097679;-0.4638671875;
07:43:48;449.0;1573199030;90.953;19.187607031105912;0.5089550936632867;-0.47119140625;
07:43:49;450.0;1573199031;90.993;19.187607031105912;0.5089550936632867;-0.47119140625;
07:43:50;451.0;1573199032;90.973;18.79883316828825;0.4986427896097679;-0.4638671875;
07:43:51;452.0;1573199033;91.249;19.187607031105912;0.5089550936632867;-0.47119140625;
07:43:52;453.0;1573199034;91.269;18.92842445589414;0.5020802242942742;-0.46630859375;
07:43:53;454.0;1573199035;91.269;19.317198318711796;0.5123925283477929;-0.4736328125;
07:43:54;455.0;1573199036;91.032;18.280468017864706;0.48489305087174284;-0.4541015625;
07:43:55;456.0;1573199037;90.757;19.058015743500025;0.5055176589787804;-0.46875;
07:43:56;457.0;1573199038;90.776;19.187607031105912;0.5089550936632867;-0.47119140625;
07:43:57;458.0;1573199039;90.993;19.187607031105912;0.5089550936632867;-0.47119140625;
07:43:59;460.0;1573199040;90.796;19.187607031105912;0.5089550936632867;-0.47119140625;
07:44:00;461.0;1573199041;91.012;19.446789606317687;0.5158299630322993;-0.47607421875;
07:44:01;462.0;1573199042;90.973;19.187607031105912;0.5089550936632867;-0.47119140625;
07:44:02;463.0;1573199043;90.757;19.058015743500025;0.5055176589787804;-0.46875;
07:44:03;464.0;1573199044;90.953;19.058015743500025;0.5055176589787804;-0.46875;
07:44:04;465.0;1573199045;90.973;19.317198318711796;0.5123925283477929;-0.4736328125;
07:44:05;466.0;1573199046;90.993;19.058015743500025;0.5055176589787804;-0.46875;
07:44:06;467.0;1573199047;90.521;18.79883316828825;0.4986427896097679;-0.4638671875;
07:44:07;468.0;1573199048;90.287;20.094746044347115;0.5330171364548306;-0.48828125;
07:44:08;469.0;1573199049;89.878;19.317198318711796;0.5123925283477929;-0.4736328125;
07:44:09;470.0;1573199050;89.684;18.92842445589414;0.5020802242942742;-0.46630859375;
07:44:10;471.0;1573199051;90.345;19.317198318711796;0.5123925283477929;-0.4736328125;
07:44:11;472.0;1573199052;90.855;19.317198318711796;0.5123925283477929;-0.4736328125;
07:44:12;473.0;1573199053;91.111;19.187607031105912;0.5089550936632867;-0.47119140625;
07:44:13;474.0;1573199054;91.308;19.187607031105912;0.5089550936632867;-0.47119140625;
07:44:14;475.0;1573199055;91.328;19.446789606317687;0.5158299630322993;-0.47607421875;
07:44:15;476.0;1573199056;91.052;19.058015743500025;0.5055176589787804;-0.46875;
07:44:16;477.0;1573199057;91.249;18.280468017864706;0.48489305087174284;-0.4541015625;
07:44:17;478.0;1573199058;91.269;18.92842445589414;0.5020802242942742;-0.46630859375;
07:44:18;479.0;1573199059;90.815;19.187607031105912;0.5089550936632867;-0.47119140625;
07:44:19;480.0;1573199060;90.619;19.187607031105912;0.5089550936632867;-0.47119140625;
07:44:20;481.0;1573199061;90.6;19.187607031105912;0.5089550936632867;-0.47119140625;
07:44:21;482.0;1573199062;90.619;19.187607031105912;0.5089550936632867;-0.47119140625;
07:44:22;483.0;1573199063;91.091;19.187607031105912;0.5089550936632867;-0.47119140625;
07:44:23;484.0;1573199064;91.546;18.92842445589414;0.5020802242942742;-0.46630859375;
07:44:24;485.0;1573199065;91.506;18.79883316828825;0.4986427896097679;-0.4638671875;
07:44:25;486.0;1573199066;91.506;18.92842445589414;0.5020802242942742;-0.46630859375;
07:44:26;487.0;1573199067;91.269;19.058015743500025;0.5055176589787804;-0.46875;
07:44:27;488.0;1573199068;91.032;19.187607031105912;0.5089550936632867;-0.47119140625;
07:44:28;489.0;1573199069;91.071;19.058015743500025;0.5055176589787804;-0.46875;
07:44:29;490.0;1573199070;91.032;19.187607031105912;0.5089550936632867;-0.47119140625;
07:44:30;491.0;1573199071;90.993;19.187607031105912;0.5089550936632867;-0.47119140625;
07:44:31;492.0;1573199072;91.012;19.058015743500025;0.5055176589787804;-0.46875;
07:44:32;493.0;1573199073;90.776;19.058015743500025;0.5055176589787804;-0.46875;
07:44:33;494.0;1573199074;90.326;19.57638089392357;0.5192673977168055;-0.478515625;
07:44:34;495.0;1573199076;90.092;17.89169415504705;0.47458074681822404;-0.44677734375;
07:44:35;496.0;1573199076;90.092;19.058015743500025;0.5055176589787804;-0.46875;
07:44:36;497.0;1573199077;90.092;19.187607031105912;0.5089550936632867;-0.47119140625;
07:44:37;498.0;1573199078;90.815;19.187607031105912;0.5089550936632867;-0.47119140625;
07:44:38;499.0;1573199080;91.091;19.187607031105912;0.5089550936632867;-0.47119140625;
07:44:39;500.0;1573199081;91.071;18.92842445589414;0.5020802242942742;-0.46630859375;
07:44:40;501.0;1573199081;91.071;21.261067632800092;0.563954048615387;-0.51025390625;
07:44:41;502.0;1573199082;91.012;19.058015743500025;0.5055176589787804;-0.46875;
07:44:42;503.0;1573199084;90.737;19.187607031105912;0.5089550936632867;-0.47119140625;
07:44:43;504.0;1573199085;90.443;19.446789606317687;0.5158299630322993;-0.47607421875;
07:44:44;505.0;1573199085;90.482;19.187607031105912;0.5089550936632867;-0.47119140625;
07:44:45;506.0;1573199086;90.248;19.187607031105912;0.5089550936632867;-0.47119140625;
07:44:46;507.0;1573199088;90.306;19.446789606317687;0.5158299630322993;-0.47607421875;
07:44:47;508.0;1573199089;90.58;19.317198318711796;0.5123925283477929;-0.4736328125;
07:44:48;509.0;1573199090;90.541;19.187607031105912;0.5089550936632867;-0.47119140625;
07:44:49;510.0;1573199090;90.6;19.058015743500025;0.5055176589787804;-0.46875;
07:44:50;511.0;1573199092;91.071;19.187607031105912;0.5089550936632867;-0.47119140625;
07:44:51;512.0;1573199093;91.091;19.058015743500025;0.5055176589787804;-0.46875;
07:44:52;513.0;1573199094;90.894;19.446789606317687;0.5158299630322993;-0.47607421875;
07:44:53;514.0;1573199094;90.855;19.187607031105912;0.5089550936632867;-0.47119140625;
07:44:54;515.0;1573199096;90.287;19.187607031105912;0.5089550936632867;-0.47119140625;
07:44:55;516.0;1573199097;90.072;19.058015743500025;0.5055176589787804;-0.46875;
07:44:56;517.0;1573199098;90.306;19.058015743500025;0.5055176589787804;-0.46875;
07:44:57;518.0;1573199098;90.326;19.187607031105912;0.5089550936632867;-0.47119140625;
07:44:58;519.0;1573199100;90.423;19.187607031105912;0.5089550936632867;-0.47119140625;
07:44:59;520.0;1573199101;90.835;19.187607031105912;0.5089550936632867;-0.47119140625;
07:45:00;521.0;1573199102;90.973;18.669241880682367;0.4952053549252617;-0.46142578125;
07:45:01;522.0;1573199103;91.012;19.187607031105912;0.5089550936632867;-0.47119140625;
07:45:02;523.0;1573199104;91.209;19.058015743500025;0.5055176589787804;-0.46875;
07:45:04;525.0;1573199105;90.776;19.058015743500025;0.5055176589787804;-0.46875;
07:45:05;526.0;1573199106;90.384;19.187607031105912;0.5089550936632867;-0.47119140625;
07:45:06;527.0;1573199107;90.111;18.92842445589414;0.5020802242942742;-0.46630859375;
07:45:07;528.0;1573199108;90.326;19.187607031105912;0.5089550936632867;-0.47119140625;
07:45:08;529.0;1573199109;90.757;19.187607031105912;0.5089550936632867;-0.47119140625;
07:45:09;530.0;1573199110;90.933;18.92842445589414;0.5020802242942742;-0.46630859375;
07:45:10;531.0;1573199111;91.15;19.187607031105912;0.5089550936632867;-0.47119140625;
07:45:11;532.0;1573199112;90.737;18.79883316828825;0.4986427896097679;-0.4638671875;
07:45:12;533.0;1573199113;90.796;17.76210286744116;0.4711433121337178;-0.4443359375;
07:45:13;534.0;1573199114;90.619;21.779432783223637;0.5777037873534121;-0.52001953125;
07:45:14;535.0;1573199115;90.17;18.79883316828825;0.4986427896097679;-0.4638671875;
07:45:15;536.0;1573199116;90.639;19.317198318711796;0.5123925283477929;-0.4736328125;
07:45:16;537.0;1573199117;90.365;19.058015743500025;0.5055176589787804;-0.46875;
07:45:17;538.0;1573199118;90.15;19.058015743500025;0.5055176589787804;-0.46875;
07:45:18;539.0;1573199119;90.619;18.280468017864706;0.48489305087174284;-0.4541015625;
07:45:19;540.0;1573199120;90.053;19.187607031105912;0.5089550936632867;-0.47119140625;
07:45:20;541.0;1573199121;89.858;19.058015743500025;0.5055176589787804;-0.46875;
07:45:21;542.0;1573199122;90.306;19.187607031105912;0.5089550936632867;-0.47119140625;
07:45:22;543.0;1573199123;90.072;19.187607031105912;0.5089550936632867;-0.47119140625;
07:45:23;544.0;1573199124;90.404;19.317198318711796;0.5123925283477929;-0.4736328125;
07:45:24;545.0;1573199125;90.15;19.058015743500025;0.5055176589787804;-0.46875;
07:45:25;546.0;1573199126;89.917;19.058015743500025;0.5055176589787804;-0.46875;
07:45:26;547.0;1573199127;90.092;19.187607031105912;0.5089550936632867;-0.47119140625;
07:45:27;548.0;1573199128;90.326;23.075345659282497;0.6120781341984747;-0.54443359375;
07:45:28;549.0;1573199129;90.326;20.742702482376544;0.5502043098773619;-0.50048828125;
07:45:29;550.0;1573199130;90.796;15.68864226574698;0.41614435718161746;-0.4052734375;
07:45:30;551.0;1573199131;90.874;19.446789606317687;0.5158299630322993;-0.47607421875;
07:45:31;552.0;1573199132;90.639;19.058015743500025;0.5055176589787804;-0.46875;
07:45:32;553.0;1573199133;90.874;19.058015743500025;0.5055176589787804;-0.46875;
07:45:33;554.0;1573199134;90.111;19.058015743500025;0.5055176589787804;-0.46875;
07:45:34;555.0;1573199135;89.858;19.058015743500025;0.5055176589787804;-0.46875;
07:45:35;556.0;1573199136;89.432;19.187607031105912;0.5089550936632867;-0.47119140625;
07:45:36;557.0;1573199138;89.181;18.92842445589414;0.5020802242942742;-0.46630859375;
07:45:37;558.0;1573199138;89.471;19.57638089392357;0.5192673977168055;-0.478515625;
07:45:38;559.0;1573199139;89.703;19.058015743500025;0.5055176589787804;-0.46875;
07:45:39;560.0;1573199140;90.131;18.79883316828825;0.4986427896097679;-0.4638671875;
07:45:40;561.0;1573199142;90.345;19.058015743500025;0.5055176589787804;-0.46875;
07:45:41;562.0;1573199143;90.541;19.187607031105912;0.5089550936632867;-0.47119140625;
07:45:42;563.0;1573199143;90.326;19.187607031105912;0.5089550936632867;-0.47119140625;
07:45:43;564.0;1573199144;90.092;19.187607031105912;0.5089550936632867;-0.47119140625;
07:45:44;565.0;1573199146;90.365;9999.0;9999.0;9999.0;
07:45:45;566.0;1573199147;90.17;19.317198318711796;0.5123925283477929;-0.4736328125;
07:45:46;567.0;1573199147;90.326;19.058015743500025;0.5055176589787804;-0.46875;
07:45:47;568.0;1573199148;90.306;19.058015743500025;0.5055176589787804;-0.46875;
07:45:48;569.0;1573199150;90.053;19.317198318711796;0.5123925283477929;-0.4736328125;
07:45:49;570.0;1573199151;90.033;19.705972181529457;0.5227048324013118;-0.48095703125;
07:45:50;571.0;1573199151;90.053;19.317198318711796;0.5123925283477929;-0.4736328125;
07:45:51;572.0;1573199153;90.306;19.187607031105912;0.5089550936632867;-0.47119140625;
07:45:52;573.0;1573199154;90.6;19.317198318711796;0.5123925283477929;-0.4736328125;
07:45:53;574.0;1573199155;90.404;19.187607031105912;0.5089550936632867;-0.47119140625;
07:45:54;575.0;1573199155;90.482;19.187607031105912;0.5089550936632867;-0.47119140625;
07:45:55;576.0;1573199156;90.248;18.79883316828825;0.4986427896097679;-0.4638671875;
07:45:56;577.0;1573199158;90.014;19.058015743500025;0.5055176589787804;-0.46875;
07:45:57;578.0;1573199159;90.033;19.187607031105912;0.5089550936632867;-0.47119140625;
07:45:58;579.0;1573199160;89.761;19.187607031105912;0.5089550936632867;-0.47119140625;
07:45:59;580.0;1573199161;89.664;19.058015743500025;0.5055176589787804;-0.46875;
07:46:00;581.0;1573199162;89.626;19.187607031105912;0.5089550936632867;-0.47119140625;
07:46:01;582.0;1573199163;90.033;15.299868402929322;0.40583205312809867;-0.39794921875;
07:46:02;583.0;1573199164;89.761;19.058015743500025;0.5055176589787804;-0.46875;
07:46:03;584.0;1573199165;90.092;19.187607031105912;0.5089550936632867;-0.47119140625;
07:46:04;585.0;1573199166;90.111;19.187607031105912;0.5089550936632867;-0.47119140625;
07:46:05;586.0;1573199167;89.858;19.57638089392357;0.5192673977168055;-0.478515625;
07:46:06;587.0;1573199168;90.365;19.187607031105912;0.5089550936632867;-0.47119140625;
07:46:08;589.0;1573199169;89.664;19.187607031105912;0.5089550936632867;-0.47119140625;
07:46:09;590.0;1573199170;89.626;19.058015743500025;0.5055176589787804;-0.46875;
07:46:10;591.0;1573199171;89.858;18.92842445589414;0.5020802242942742;-0.46630859375;
07:46:11;592.0;1573199172;89.897;18.79883316828825;0.4986427896097679;-0.4638671875;
07:46:12;593.0;1573199173;90.58;9999.0;9999.0;9999.0;
07:46:13;594.0;1573199174;90.619;18.669241880682367;0.4952053549252617;-0.46142578125;
07:46:14;595.0;1573199175;90.345;19.187607031105912;0.5089550936632867;-0.47119140625;
07:46:15;596.0;1573199176;90.326;19.187607031105912;0.5089550936632867;-0.47119140625;
07:46:16;597.0;1573199177;89.819;18.92842445589414;0.5020802242942742;-0.46630859375;
07:46:17;598.0;1573199178;90.228;18.53965059307648;0.4917679202407554;-0.458984375;
07:46:18;599.0;1573199179;90.053;20.742702482376544;0.5502043098773619;-0.50048828125;
07:46:19;600.0;1573199180;89.742;19.187607031105912;0.5089550936632867;-0.47119140625;
07:46:20;601.0;1573199181;90.248;19.058015743500025;0.5055176589787804;-0.46875;
07:46:21;602.0;1573199182;90.033;19.317198318711796;0.5123925283477929;-0.4736328125;
07:46:22;603.0;1573199183;90.072;18.92842445589414;0.5020802242942742;-0.46630859375;
07:46:23;604.0;1573199184;90.326;19.058015743500025;0.5055176589787804;-0.46875;
07:46:24;605.0;1573199185;90.072;19.187607031105912;0.5089550936632867;-0.47119140625;
07:46:25;606.0;1573199186;89.626;19.187607031105912;0.5089550936632867;-0.47119140625;
07:46:26;607.0;1573199187;89.606;22.556980508858953;0.5983283954604496;-0.53466796875;
07:46:27;608.0;1573199188;89.413;19.187607031105912;0.5089550936632867;-0.47119140625;
07:46:28;609.0;1573199189;89.355;18.53965059307648;0.4917679202407554;-0.458984375;
07:46:29;610.0;1573199190;89.8;21.779432783223637;0.5777037873534121;-0.52001953125;
07:46:30;611.0;1573199191;89.781;19.187607031105912;0.5089550936632867;-0.47119140625;
07:46:31;612.0;1573199192;89.994;19.187607031105912;0.5089550936632867;-0.47119140625;
07:46:32;613.0;1573199193;90.014;20.224337331953002;0.5364545711393369;-0.49072265625;
07:46:33;614.0;1573199194;89.781;19.187607031105912;0.5089550936632867;-0.47119140625;
07:46:34;615.0;1573199195;90.228;19.446789606317687;0.5158299630322993;-0.47607421875;
07:46:35;616.0;1573199196;90.306;19.187607031105912;0.5089550936632867;-0.47119140625;
07:46:36;617.0;1573199197;90.17;19.83556346913534;0.526142267085818;-0.4833984375;
07:46:37;618.0;1573199199;90.423;19.187607031105912;0.5089550936632867;-0.47119140625;
07:46:38;619.0;1573199199;90.228;19.187607031105912;0.5089550936632867;-0.47119140625;
07:46:39;620.0;1573199200;89.955;18.669241880682367;0.4952053549252617;-0.46142578125;
07:46:40;621.0;1573199201;89.703;19.187607031105912;0.5089550936632867;-0.47119140625;
07:46:41;622.0;1573199203;89.181;19.187607031105912;0.5089550936632867;-0.47119140625;
07:46:42;623.0;1573199203;88.893;19.058015743500025;0.5055176589787804;-0.46875;
07:46:43;624.0;1573199204;88.644;19.446789606317687;0.5158299630322993;-0.47607421875;
07:46:44;625.0;1573199205;88.682;19.187607031105912;0.5089550936632867;-0.47119140625;
07:46:45;626.0;1573199207;88.816;18.53965059307648;0.4917679202407554;-0.458984375;
07:46:46;627.0;1573199208;89.162;19.187607031105912;0.5089550936632867;-0.47119140625;
07:46:47;628.0;1573199208;89.162;22.297797933647182;0.5914535260914371;-0.52978515625;
07:46:48;629.0;1573199209;89.027;19.187607031105912;0.5089550936632867;-0.47119140625;
07:46:49;630.0;1573199211;89.162;19.187607031105912;0.5089550936632867;-0.47119140625;
07:46:50;631.0;1573199212;88.644;19.187607031105912;0.5089550936632867;-0.47119140625;
07:46:51;632.0;1573199212;89.124;19.317198318711796;0.5123925283477929;-0.4736328125;
07:46:52;633.0;1573199213;89.645;18.669241880682367;0.4952053549252617;-0.46142578125;
07:46:53;634.0;1573199215;89.413;18.92842445589414;0.5020802242942742;-0.46630859375;
07:46:54;635.0;1573199216;89.626;19.187607031105912;0.5089550936632867;-0.47119140625;
07:46:55;636.0;1573199216;89.162;19.058015743500025;0.5055176589787804;-0.46875;
07:46:56;637.0;1573199218;89.162;19.058015743500025;0.5055176589787804;-0.46875;
07:46:57;638.0;1573199219;89.181;19.446789606317687;0.5158299630322993;-0.47607421875;
07:46:58;639.0;1573199220;89.239;19.187607031105912;0.5089550936632867;-0.47119140625;
07:46:59;640.0;1573199221;89.432;19.058015743500025;0.5055176589787804;-0.46875;
07:47:00;641.0;1573199221;88.989;19.187607031105912;0.5089550936632867;-0.47119140625;
07:47:01;642.0;1573199223;89.258;19.058015743500025;0.5055176589787804;-0.46875;
07:47:02;643.0;1573199224;89.451;19.317198318711796;0.5123925283477929;-0.4736328125;
07:47:03;644.0;1573199225;89.49;19.317198318711796;0.5123925283477929;-0.4736328125;
07:47:04;645.0;1573199225;89.664;19.187607031105912;0.5089550936632867;-0.47119140625;
07:47:05;646.0;1573199227;88.95;19.57638089392357;0.5192673977168055;-0.478515625;
07:47:06;647.0;1573199228;88.97;19.187607031105912;0.5089550936632867;-0.47119140625;
07:47:07;648.0;1573199229;88.72;19.187607031105912;0.5089550936632867;-0.47119140625;
07:47:08;649.0;1573199230;88.97;18.92842445589414;0.5020802242942742;-0.46630859375;
07:47:09;650.0;1573199231;89.49;19.187607031105912;0.5089550936632867;-0.47119140625;
07:47:10;651.0;1573199232;89.509;18.53965059307648;0.4917679202407554;-0.458984375;
07:47:12;653.0;1573199233;89.529;18.79883316828825;0.4986427896097679;-0.4638671875;
07:47:13;654.0;1573199234;89.761;19.446789606317687;0.5158299630322993;-0.47607421875;
07:47:14;655.0;1573199235;89.917;19.058015743500025;0.5055176589787804;-0.46875;
07:47:15;656.0;1573199236;89.567;19.187607031105912;0.5089550936632867;-0.47119140625;
07:47:16;657.0;1573199237;89.781;19.705972181529457;0.5227048324013118;-0.48095703125;
07:47:17;658.0;1573199238;89.336;19.187607031105912;0.5089550936632867;-0.47119140625;
07:47:18;659.0;1573199239;88.874;19.317198318711796;0.5123925283477929;-0.4736328125;
07:47:19;660.0;1573199240;88.759;19.058015743500025;0.5055176589787804;-0.46875;
07:47:20;661.0;1573199241;88.548;18.79883316828825;0.4986427896097679;-0.4638671875;
07:47:21;662.0;1573199242;88.51;18.53965059307648;0.4917679202407554;-0.458984375;
07:47:22;663.0;1573199243;88.72;19.187607031105912;0.5089550936632867;-0.47119140625;
07:47:23;664.0;1573199244;89.181;19.058015743500025;0.5055176589787804;-0.46875;
07:47:24;665.0;1573199245;89.181;18.92842445589414;0.5020802242942742;-0.46630859375;
07:47:25;666.0;1573199246;89.22;19.317198318711796;0.5123925283477929;-0.4736328125;
07:47:26;667.0;1573199247;89.471;19.317198318711796;0.5123925283477929;-0.4736328125;
07:47:27;668.0;1573199248;89.201;19.187607031105912;0.5089550936632867;-0.47119140625;
07:47:28;669.0;1573199249;89.201;19.058015743500025;0.5055176589787804;-0.46875;
07:47:29;670.0;1573199250;89.201;18.92842445589414;0.5020802242942742;-0.46630859375;
07:47:30;671.0;1573199251;88.97;19.57638089392357;0.5192673977168055;-0.478515625;
07:47:31;672.0;1573199252;88.97;19.187607031105912;0.5089550936632867;-0.47119140625;
07:47:32;673.0;1573199253;89.143;19.187607031105912;0.5089550936632867;-0.47119140625;
07:47:33;674.0;1573199254;89.124;19.058015743500025;0.5055176589787804;-0.46875;
07:47:34;675.0;1573199255;88.874;21.261067632800092;0.563954048615387;-0.51025390625;
07:47:35;676.0;1573199256;88.874;19.058015743500025;0.5055176589787804;-0.46875;
07:47:36;677.0;1573199257;88.72;19.187607031105912;0.5089550936632867;-0.47119140625;
07:47:37;678.0;1573199258;88.97;19.058015743500025;0.5055176589787804;-0.46875;
07:47:38;679.0;1573199259;89.239;19.187607031105912;0.5089550936632867;-0.47119140625;
07:47:39;680.0;1573199260;89.22;19.187607031105912;0.5089550936632867;-0.47119140625;
07:47:40;681.0;1573199261;89.239;19.058015743500025;0.5055176589787804;-0.46875;
07:47:41;682.0;1573199262;89.239;19.83556346913534;0.526142267085818;-0.4833984375;
07:47:42;683.0;1573199263;89.278;19.058015743500025;0.5055176589787804;-0.46875;
07:47:43;684.0;1573199264;89.355;18.79883316828825;0.4986427896097679;-0.4638671875;
07:47:44;685.0;1573199266;89.104;19.187607031105912;0.5089550936632867;-0.47119140625;
07:47:45;686.0;1573199266;88.97;19.187607031105912;0.5089550936632867;-0.47119140625;
07:47:46;687.0;1573199267;89.181;19.446789606317687;0.5158299630322993;-0.47607421875;
07:47:47;688.0;1573199268;89.278;19.187607031105912;0.5089550936632867;-0.47119140625;
07:47:48;689.0;1573199270;89.722;19.058015743500025;0.5055176589787804;-0.46875;
07:47:49;690.0;1573199271;89.878;16.85496385419996;0.4470812693421739;-0.42724609375;
07:47:50;691.0;1573199271;89.878;17.76210286744116;0.4711433121337178;-0.4443359375;
07:47:51;692.0;1573199272;89.239;19.187607031105912;0.5089550936632867;-0.47119140625;
07:47:52;693.0;1573199274;88.989;18.92842445589414;0.5020802242942742;-0.46630859375;
07:47:53;694.0;1573199275;88.491;19.058015743500025;0.5055176589787804;-0.46875;
07:47:54;695.0;1573199275;88.243;19.57638089392357;0.5192673977168055;-0.478515625;
07:47:55;696.0;1573199276;88.95;20.61311119477066;0.5467668751928557;-0.498046875;
07:47:56;697.0;1573199278;88.989;19.187607031105912;0.5089550936632867;-0.47119140625;
07:47:57;698.0;1573199279;89.471;19.317198318711796;0.5123925283477929;-0.4736328125;
07:47:58;699.0;1573199279;89.703;19.317198318711796;0.5123925283477929;-0.4736328125;
07:47:59;700.0;1573199280;89.703;19.187607031105912;0.5089550936632867;-0.47119140625;
07:48:00;701.0;1573199282;89.722;18.150876730258823;0.48145561618723665;-0.45166015625;
07:48:01;702.0;1573199283;89.278;19.187607031105912;0.5089550936632867;-0.47119140625;
07:48:02;703.0;1573199284;88.816;19.187607031105912;0.5089550936632867;-0.47119140625;
07:48:03;704.0;1573199284;88.816;19.187607031105912;0.5089550936632867;-0.47119140625;
07:48:04;705.0;1573199286;88.548;19.058015743500025;0.5055176589787804;-0.46875;
07:48:05;706.0;1573199287;88.778;19.317198318711796;0.5123925283477929;-0.4736328125;
07:48:06;707.0;1573199288;88.759;19.187607031105912;0.5089550936632867;-0.47119140625;
07:48:07;708.0;1573199288;88.586;19.058015743500025;0.5055176589787804;-0.46875;
07:48:08;709.0;1573199290;88.835;19.317198318711796;0.5123925283477929;-0.4736328125;
07:48:09;710.0;1573199291;89.047;21.779432783223637;0.5777037873534121;-0.52001953125;
07:48:10;711.0;1573199292;89.008;18.92842445589414;0.5020802242942742;-0.46630859375;
07:48:11;712.0;1573199293;88.663;19.187607031105912;0.5089550936632867;-0.47119140625;
07:48:12;713.0;1573199294;88.893;19.187607031105912;0.5089550936632867;-0.47119140625;
07:48:13;714.0;1573199295;88.663;19.317198318711796;0.5123925283477929;-0.4736328125;
07:48:14;715.0;1573199296;88.701;18.79883316828825;0.4986427896097679;-0.4638671875;
07:48:16;717.0;1573199297;88.97;17.89169415504705;0.47458074681822404;-0.44677734375;
07:48:17;718.0;1573199298;88.931;19.187607031105912;0.5089550936632867;-0.47119140625;
07:48:18;719.0;1573199299;88.739;19.058015743500025;0.5055176589787804;-0.46875;
07:48:19;720.0;1573199300;89.22;19.058015743500025;0.5055176589787804;-0.46875;
07:48:20;721.0;1573199301;89.258;19.187607031105912;0.5089550936632867;-0.47119140625;
07:48:21;722.0;1573199302;89.047;18.79883316828825;0.4986427896097679;-0.4638671875;
07:48:22;723.0;1573199303;89.471;17.632511579835278;0.46770587744921155;-0.44189453125;
07:48:23;724.0;1573199304;89.201;19.187607031105912;0.5089550936632867;-0.47119140625;
07:48:24;725.0;1573199305;89.181;19.058015743500025;0.5055176589787804;-0.46875;
07:48:25;726.0;1573199306;89.124;19.187607031105912;0.5089550936632867;-0.47119140625;
07:48:26;727.0;1573199307;88.854;19.187607031105912;0.5089550936632867;-0.47119140625;
07:48:27;728.0;1573199308;88.414;18.92842445589414;0.5020802242942742;-0.46630859375;
07:48:28;729.0;1573199309;88.376;19.446789606317687;0.5158299630322993;-0.47607421875;
07:48:29;730.0;1573199310;88.224;19.187607031105912;0.5089550936632867;-0.47119140625;
07:48:30;731.0;1573199311;88.243;19.187607031105912;0.5089550936632867;-0.47119140625;
07:48:31;732.0;1573199312;88.491;19.187607031105912;0.5089550936632867;-0.47119140625;
07:48:32;733.0;1573199313;88.357;19.187607031105912;0.5089550936632867;-0.47119140625;
07:48:33;734.0;1573199314;88.548;18.150876730258823;0.48145561618723665;-0.45166015625;
07:48:34;735.0;1573199315;88.586;19.187607031105912;0.5089550936632867;-0.47119140625;
07:48:35;736.0;1573199316;88.778;19.317198318711796;0.5123925283477929;-0.4736328125;
07:48:36;737.0;1573199317;88.759;19.058015743500025;0.5055176589787804;-0.46875;
07:48:37;738.0;1573199318;88.759;19.058015743500025;0.5055176589787804;-0.46875;
07:48:38;739.0;1573199319;88.491;19.705972181529457;0.5227048324013118;-0.48095703125;
07:48:39;740.0;1573199320;88.529;18.79883316828825;0.4986427896097679;-0.4638671875;
07:48:40;741.0;1573199321;88.931;18.79883316828825;0.4986427896097679;-0.4638671875;
07:48:41;742.0;1573199322;88.931;19.187607031105912;0.5089550936632867;-0.47119140625;
07:48:42;743.0;1573199323;88.989;19.058015743500025;0.5055176589787804;-0.46875;
07:48:43;744.0;1573199324;89.181;19.058015743500025;0.5055176589787804;-0.46875;
07:48:44;745.0;1573199325;89.201;18.92842445589414;0.5020802242942742;-0.46630859375;
07:48:45;746.0;1573199326;89.008;19.058015743500025;0.5055176589787804;-0.46875;
07:48:46;747.0;1573199327;88.989;20.224337331953002;0.5364545711393369;-0.49072265625;
07:48:47;748.0;1573199328;88.797;18.79883316828825;0.4986427896097679;-0.4638671875;
07:48:48;749.0;1573199329;88.376;19.058015743500025;0.5055176589787804;-0.46875;
07:48:49;750.0;1573199330;88.319;19.187607031105912;0.5089550936632867;-0.47119140625;
07:48:50;751.0;1573199331;88.567;19.446789606317687;0.5158299630322993;-0.47607421875;
07:48:51;752.0;1573199332;88.357;19.187607031105912;0.5089550936632867;-0.47119140625;
07:48:52;753.0;1573199334;88.091;19.058015743500025;0.5055176589787804;-0.46875;
07:48:53;754.0;1573199334;88.148;19.187607031105912;0.5089550936632867;-0.47119140625;
07:48:54;755.0;1573199335;87.882;19.187607031105912;0.5089550936632867;-0.47119140625;
07:48:55;756.0;1573199337;88.11;19.187607031105912;0.5089550936632867;-0.47119140625;
07:48:56;757.0;1573199338;88.357;19.187607031105912;0.5089550936632867;-0.47119140625;
07:48:57;758.0;1573199338;88.376;19.317198318711796;0.5123925283477929;-0.4736328125;
07:48:58;759.0;1573199339;88.605;18.92842445589414;0.5020802242942742;-0.46630859375;
07:48:59;760.0;1573199341;88.797;19.058015743500025;0.5055176589787804;-0.46875;
07:49:00;761.0;1573199342;89.047;19.058015743500025;0.5055176589787804;-0.46875;
07:49:01;762.0;1573199343;89.258;19.058015743500025;0.5055176589787804;-0.46875;
07:49:02;763.0;1573199343;89.278;19.187607031105912;0.5089550936632867;-0.47119140625;
07:49:03;764.0;1573199345;88.854;19.058015743500025;0.5055176589787804;-0.46875;
07:49:04;765.0;1573199346;88.605;19.317198318711796;0.5123925283477929;-0.4736328125;
07:49:05;766.0;1573199346;88.281;19.317198318711796;0.5123925283477929;-0.4736328125;
07:49:06;767.0;1573199347;88.224;19.187607031105912;0.5089550936632867;-0.47119140625;
07:49:07;768.0;1573199349;88.167;19.187607031105912;0.5089550936632867;-0.47119140625;
07:49:08;769.0;1573199350;88.338;18.79883316828825;0.4986427896097679;-0.4638671875;
07:49:09;770.0;1573199351;88.586;19.058015743500025;0.5055176589787804;-0.46875;
07:49:10;771.0;1573199351;88.586;19.187607031105912;0.5089550936632867;-0.47119140625;
07:49:11;772.0;1573199353;88.644;19.187607031105912;0.5089550936632867;-0.47119140625;
07:49:12;773.0;1573199354;88.472;19.187607031105912;0.5089550936632867;-0.47119140625;
07:49:13;774.0;1573199355;88.51;19.317198318711796;0.5123925283477929;-0.4736328125;
07:49:14;775.0;1573199356;88.338;18.669241880682367;0.4952053549252617;-0.46142578125;
07:49:15;776.0;1573199357;88.529;19.446789606317687;0.5158299630322993;-0.47607421875;
07:49:16;777.0;1573199358;88.529;19.187607031105912;0.5089550936632867;-0.47119140625;
07:49:17;778.0;1573199359;88.548;19.187607031105912;0.5089550936632867;-0.47119140625;
07:49:18;779.0;1573199360;88.529;19.446789606317687;0.5158299630322993;-0.47607421875;
07:49:20;781.0;1573199361;88.338;18.92842445589414;0.5020802242942742;-0.46630859375;
07:49:21;782.0;1573199362;88.51;19.187607031105912;0.5089550936632867;-0.47119140625;
07:49:22;783.0;1573199363;88.51;19.058015743500025;0.5055176589787804;-0.46875;
07:49:23;784.0;1573199364;88.739;18.669241880682367;0.4952053549252617;-0.46142578125;
07:49:24;785.0;1573199365;89.104;18.410059305470593;0.48833048555624914;-0.45654296875;
07:49:26;787.0;1573199366;88.72;19.058015743500025;0.5055176589787804;-0.46875;
07:49:27;788.0;1573199368;88.529;19.187607031105912;0.5089550936632867;-0.47119140625;
07:49:28;789.0;1573199369;88.625;19.058015743500025;0.5055176589787804;-0.46875;
07:49:29;790.0;1573199370;88.605;19.446789606317687;0.5158299630322993;-0.47607421875;
07:49:30;791.0;1573199371;88.376;18.79883316828825;0.4986427896097679;-0.4638671875;
07:49:31;792.0;1573199372;88.605;19.187607031105912;0.5089550936632867;-0.47119140625;
07:49:32;793.0;1573199373;87.655;18.92842445589414;0.5020802242942742;-0.46630859375;
07:49:33;794.0;1573199374;87.844;19.187607031105912;0.5089550936632867;-0.47119140625;
07:49:34;795.0;1573199375;87.882;18.53965059307648;0.4917679202407554;-0.458984375;
07:49:35;796.0;1573199376;87.844;19.187607031105912;0.5089550936632867;-0.47119140625;
07:49:36;797.0;1573199377;88.548;19.317198318711796;0.5123925283477929;-0.4736328125;
07:49:37;798.0;1573199378;88.797;19.058015743500025;0.5055176589787804;-0.46875;
07:49:38;799.0;1573199379;89.008;19.058015743500025;0.5055176589787804;-0.46875;
07:49:39;800.0;1573199380;88.797;20.872293769982434;0.5536417445618682;-0.5029296875;
07:49:40;801.0;1573199381;88.548;20.872293769982434;0.5536417445618682;-0.5029296875;
07:49:41;802.0;1573199382;88.281;18.669241880682367;0.4952053549252617;-0.46142578125;
07:49:42;803.0;1573199383;88.262;18.79883316828825;0.4986427896097679;-0.4638671875;
07:49:43;804.0;1573199384;88.072;19.058015743500025;0.5055176589787804;-0.46875;
07:49:44;805.0;1573199385;88.281;19.187607031105912;0.5089550936632867;-0.47119140625;
07:49:45;806.0;1573199386;88.053;18.79883316828825;0.4986427896097679;-0.4638671875;
07:49:46;807.0;1573199387;87.825;19.317198318711796;0.5123925283477929;-0.4736328125;
07:49:47;808.0;1573199388;87.996;19.187607031105912;0.5089550936632867;-0.47119140625;
07:49:48;809.0;1573199390;87.56;19.187607031105912;0.5089550936632867;-0.47119140625;
07:49:49;810.0;1573199390;87.617;17.243737717017616;0.4573935733956927;-0.4345703125;
07:49:50;811.0;1573199391;88.053;18.92842445589414;0.5020802242942742;-0.46630859375;
07:49:51;812.0;1573199392;88.034;19.058015743500025;0.5055176589787804;-0.46875;
07:49:52;813.0;1573199394;88.548;18.79883316828825;0.4986427896097679;-0.4638671875;
07:49:53;814.0;1573199394;88.529;19.058015743500025;0.5055176589787804;-0.46875;
07:49:54;815.0;1573199395;88.319;19.187607031105912;0.5089550936632867;-0.47119140625;
07:49:55;816.0;1573199396;88.376;19.187607031105912;0.5089550936632867;-0.47119140625;
07:49:56;817.0;1573199398;88.129;19.058015743500025;0.5055176589787804;-0.46875;
07:49:57;818.0;1573199398;87.692;19.187607031105912;0.5089550936632867;-0.47119140625;
07:49:58;819.0;1573199399;87.504;19.317198318711796;0.5123925283477929;-0.4736328125;
07:49:59;820.0;1573199400;87.259;19.187607031105912;0.5089550936632867;-0.47119140625;
07:50:00;821.0;1573199402;87.485;19.446789606317687;0.5158299630322993;-0.47607421875;
07:50:01;822.0;1573199403;88.11;19.317198318711796;0.5123925283477929;-0.4736328125;
07:50:02;823.0;1573199403;88.816;18.92842445589414;0.5020802242942742;-0.46630859375;
07:50:03;824.0;1573199404;88.854;19.058015743500025;0.5055176589787804;-0.46875;
07:50:04;825.0;1573199406;88.663;19.187607031105912;0.5089550936632867;-0.47119140625;
07:50:05;826.0;1573199407;88.243;19.058015743500025;0.5055176589787804;-0.46875;
07:50:06;827.0;1573199407;87.692;19.187607031105912;0.5089550936632867;-0.47119140625;
07:50:07;828.0;1573199408;87.692;19.317198318711796;0.5123925283477929;-0.4736328125;
07:50:08;829.0;1573199410;87.674;19.187607031105912;0.5089550936632867;-0.47119140625;
07:50:09;830.0;1573199411;87.863;17.114146429411733;0.4539561387111865;-0.43212890625;
07:50:10;831.0;1573199412;87.674;19.187607031105912;0.5089550936632867;-0.47119140625;
07:50:11;832.0;1573199412;87.655;19.187607031105912;0.5089550936632867;-0.47119140625;
07:50:12;833.0;1573199414;87.617;19.317198318711796;0.5123925283477929;-0.4736328125;
07:50:13;834.0;1573199415;87.863;19.187607031105912;0.5089550936632867;-0.47119140625;
07:50:14;835.0;1573199416;88.529;21.39065892040598;0.5673914832998933;-0.5126953125;
07:50:15;836.0;1573199416;88.567;18.92842445589414;0.5020802242942742;-0.46630859375;
07:50:16;837.0;1573199418;88.319;18.79883316828825;0.4986427896097679;-0.4638671875;
07:50:17;838.0;1573199419;88.11;19.187607031105912;0.5089550936632867;-0.47119140625;
07:50:18;839.0;1573199420;87.636;19.57638089392357;0.5192673977168055;-0.478515625;
07:50:19;840.0;1573199420;87.863;19.187607031105912;0.5089550936632867;-0.47119140625;
07:50:20;841.0;1573199422;88.072;18.53965059307648;0.4917679202407554;-0.458984375;
07:50:21;842.0;1573199423;88.091;19.446789606317687;0.5158299630322993;-0.47607421875;
07:50:22;843.0;1573199424;88.129;19.058015743500025;0.5055176589787804;-0.46875;
07:50:25;846.0;1573199425;88.129;19.446789606317687;0.5158299630322993;-0.47607421875;
07:50:26;847.0;1573199427;87.92;19.57638089392357;0.5192673977168055;-0.478515625;
07:50:27;848.0;1573199428;87.882;19.187607031105912;0.5089550936632867;-0.47119140625;
07:50:28;849.0;1573199429;87.73;19.058015743500025;0.5055176589787804;-0.46875;
07:50:29;850.0;1573199430;87.958;19.187607031105912;0.5089550936632867;-0.47119140625;
07:50:30;851.0;1573199431;88.148;19.187607031105912;0.5089550936632867;-0.47119140625;
07:50:31;852.0;1573199432;88.414;19.058015743500025;0.5055176589787804;-0.46875;
07:50:32;853.0;1573199433;88.605;19.187607031105912;0.5089550936632867;-0.47119140625;
07:50:33;854.0;1573199434;88.797;19.187607031105912;0.5089550936632867;-0.47119140625;
07:50:34;855.0;1573199435;89.008;18.92842445589414;0.5020802242942742;-0.46630859375;
07:50:35;856.0;1573199436;88.739;18.79883316828825;0.4986427896097679;-0.4638671875;
07:50:36;857.0;1573199437;88.3;19.187607031105912;0.5089550936632867;-0.47119140625;
07:50:37;858.0;1573199438;87.882;19.058015743500025;0.5055176589787804;-0.46875;
07:50:38;859.0;1573199439;87.466;19.187607031105912;0.5089550936632867;-0.47119140625;
07:50:39;860.0;1573199440;87.522;18.92842445589414;0.5020802242942742;-0.46630859375;
07:50:40;861.0;1573199441;87.485;19.187607031105912;0.5089550936632867;-0.47119140625;
07:50:41;862.0;1573199442;87.939;19.187607031105912;0.5089550936632867;-0.47119140625;
07:50:42;863.0;1573199443;88.586;19.187607031105912;0.5089550936632867;-0.47119140625;
07:50:43;864.0;1573199444;88.778;19.187607031105912;0.5089550936632867;-0.47119140625;
07:50:44;865.0;1573199445;88.682;19.317198318711796;0.5123925283477929;-0.4736328125;
07:50:45;866.0;1573199446;88.644;19.187607031105912;0.5089550936632867;-0.47119140625;
07:50:46;867.0;1573199447;88.186;19.187607031105912;0.5089550936632867;-0.47119140625;
07:50:47;868.0;1573199448;87.844;22.686571796464843;0.601765830144956;-0.537109375;
