Time;Seconds from start for linreg;Unix Time;ch1 po2;Uc;Ubl;Vc;
08:36:17;-2.0;1573202179;91.486;26.18553656182377;0.6945765666266251;-0.60302734375;
08:36:18;-1.0;1573202180;91.427;26.055945274217887;0.691139131942119;-0.6005859375;
08:36:19;0.0;1573202181;91.585;25.407988836188455;0.6739519585195877;-0.58837890625;
08:36:20;1.0;1573202182;91.566;26.31512784942966;0.6980140013111316;-0.60546875;
08:36:21;2.0;1573202183;91.585;26.18553656182377;0.6945765666266251;-0.60302734375;
08:36:23;4.0;1573202184;91.645;26.574310424641432;0.704888870680144;-0.6103515625;
08:36:24;5.0;1573202185;91.466;21.909024070829524;0.5811412220379184;-0.5224609375;
08:36:25;6.0;1573202186;91.526;27.481449437882635;0.7289509134716878;-0.62744140625;
08:36:26;7.0;1573202187;91.585;26.18553656182377;0.6945765666266251;-0.60302734375;
08:36:27;8.0;1573202188;91.546;26.574310424641432;0.704888870680144;-0.6103515625;
08:36:28;9.0;1573202189;91.288;26.18553656182377;0.6945765666266251;-0.60302734375;
08:36:29;10.0;1573202190;91.506;26.574310424641432;0.704888870680144;-0.6103515625;
08:36:30;11.0;1573202191;91.427;26.18553656182377;0.6945765666266251;-0.60302734375;
08:36:31;12.0;1573202192;91.506;26.055945274217887;0.691139131942119;-0.6005859375;
08:36:32;13.0;1573202193;91.704;26.703901712247315;0.7083263053646502;-0.61279296875;
08:36:33;14.0;1573202194;91.685;26.18553656182377;0.6945765666266251;-0.60302734375;
08:36:34;15.0;1573202195;91.744;26.31512784942966;0.6980140013111316;-0.60546875;
08:36:35;16.0;1573202196;91.645;21.779432783223637;0.5777037873534121;-0.52001953125;
08:36:36;17.0;1573202197;91.407;26.574310424641432;0.704888870680144;-0.6103515625;
08:36:37;18.0;1573202198;91.209;29.425318751970927;0.7805124337392818;-0.6640625;
08:36:38;19.0;1573202199;91.15;26.444719137035545;0.7014514359956378;-0.60791015625;
08:36:39;20.0;1573202200;90.953;24.630441110553136;0.65332735041255;-0.57373046875;
08:36:40;21.0;1573202201;91.249;25.926353986612;0.6877016972576127;-0.59814453125;
08:36:41;22.0;1573202202;91.546;26.444719137035545;0.7014514359956378;-0.60791015625;
08:36:42;23.0;1573202203;91.585;26.444719137035545;0.7014514359956378;-0.60791015625;
08:36:43;24.0;1573202204;91.863;26.31512784942966;0.6980140013111316;-0.60546875;
08:36:44;25.0;1573202205;91.883;26.444719137035545;0.7014514359956378;-0.60791015625;
08:36:45;26.0;1573202206;91.566;26.444719137035545;0.7014514359956378;-0.60791015625;
08:36:46;27.0;1573202207;91.566;26.055945274217887;0.691139131942119;-0.6005859375;
08:36:47;28.0;1573202208;91.546;26.18553656182377;0.6945765666266251;-0.60302734375;
08:36:48;29.0;1573202209;91.466;26.444719137035545;0.7014514359956378;-0.60791015625;
08:36:49;30.0;1573202210;91.427;26.31512784942966;0.6980140013111316;-0.60546875;
08:36:50;31.0;1573202212;91.447;26.444719137035545;0.7014514359956378;-0.60791015625;
08:36:51;32.0;1573202212;91.407;26.31512784942966;0.6980140013111316;-0.60546875;
08:36:52;33.0;1573202213;91.407;26.574310424641432;0.704888870680144;-0.6103515625;
08:36:53;34.0;1573202214;91.704;26.18553656182377;0.6945765666266251;-0.60302734375;
08:36:54;35.0;1573202215;91.685;26.18553656182377;0.6945765666266251;-0.60302734375;
08:36:55;36.0;1573202216;91.724;26.18553656182377;0.6945765666266251;-0.60302734375;
08:36:56;37.0;1573202217;91.744;26.574310424641432;0.704888870680144;-0.6103515625;
08:36:57;38.0;1573202218;91.685;26.055945274217887;0.691139131942119;-0.6005859375;
08:36:58;39.0;1573202220;91.665;26.444719137035545;0.7014514359956378;-0.60791015625;
08:36:59;40.0;1573202220;91.407;26.574310424641432;0.704888870680144;-0.6103515625;
08:37:00;41.0;1573202221;91.447;26.444719137035545;0.7014514359956378;-0.60791015625;
08:37:01;42.0;1573202222;91.407;32.66510094211809;0.8664483008519386;-0.72509765625;
08:37:02;43.0;1573202224;91.427;26.31512784942966;0.6980140013111316;-0.60546875;
08:37:03;44.0;1573202225;91.685;26.055945274217887;0.691139131942119;-0.6005859375;
08:37:04;45.0;1573202225;91.19;26.444719137035545;0.7014514359956378;-0.60791015625;
08:37:05;46.0;1573202226;91.506;26.703901712247315;0.7083263053646502;-0.61279296875;
08:37:06;47.0;1573202228;91.269;19.187607031105912;0.5089550936632867;-0.47119140625;
08:37:07;48.0;1573202229;91.328;26.444719137035545;0.7014514359956378;-0.60791015625;
08:37:08;49.0;1573202230;91.546;26.703901712247315;0.7083263053646502;-0.61279296875;
08:37:09;50.0;1573202230;91.091;26.31512784942966;0.6980140013111316;-0.60546875;
08:37:10;51.0;1573202231;91.328;26.055945274217887;0.691139131942119;-0.6005859375;
08:37:11;52.0;1573202233;91.209;25.926353986612;0.6877016972576127;-0.59814453125;
08:37:12;53.0;1573202234;91.447;26.055945274217887;0.691139131942119;-0.6005859375;
08:37:13;54.0;1573202235;91.685;26.18553656182377;0.6945765666266251;-0.60302734375;
08:37:14;55.0;1573202235;91.645;26.18553656182377;0.6945765666266251;-0.60302734375;
08:37:15;56.0;1573202237;91.665;26.18553656182377;0.6945765666266251;-0.60302734375;
08:37:16;57.0;1573202238;91.645;29.425318751970927;0.7805124337392818;-0.6640625;
08:37:17;58.0;1573202239;91.427;26.574310424641432;0.704888870680144;-0.6103515625;
08:37:18;59.0;1573202239;91.407;26.18553656182377;0.6945765666266251;-0.60302734375;
08:37:19;60.0;1573202241;91.367;26.574310424641432;0.704888870680144;-0.6103515625;
08:37:20;61.0;1573202242;90.933;26.444719137035545;0.7014514359956378;-0.60791015625;
08:37:21;62.0;1573202243;91.091;26.055945274217887;0.691139131942119;-0.6005859375;
08:37:22;63.0;1573202244;91.111;26.31512784942966;0.6980140013111316;-0.60546875;
08:37:23;64.0;1573202244;91.15;26.574310424641432;0.704888870680144;-0.6103515625;
08:37:24;65.0;1573202246;91.605;26.444719137035545;0.7014514359956378;-0.60791015625;
08:37:25;66.0;1573202247;91.605;25.926353986612;0.6877016972576127;-0.59814453125;
08:37:27;68.0;1573202248;91.427;24.889623685764906;0.6602022197815625;-0.57861328125;
08:37:28;69.0;1573202249;91.427;26.31512784942966;0.6980140013111316;-0.60546875;
08:37:29;70.0;1573202250;91.387;26.444719137035545;0.7014514359956378;-0.60791015625;
08:37:30;71.0;1573202251;91.407;26.31512784942966;0.6980140013111316;-0.60546875;
08:37:31;72.0;1573202252;91.784;26.18553656182377;0.6945765666266251;-0.60302734375;
08:37:32;73.0;1573202253;91.764;26.444719137035545;0.7014514359956378;-0.60791015625;
08:37:33;74.0;1573202254;91.824;26.18553656182377;0.6945765666266251;-0.60302734375;
08:37:34;75.0;1573202255;92.063;26.574310424641432;0.704888870680144;-0.6103515625;
08:37:35;76.0;1573202256;91.903;26.18553656182377;0.6945765666266251;-0.60302734375;
08:37:37;78.0;1573202257;91.704;26.055945274217887;0.691139131942119;-0.6005859375;
08:37:38;79.0;1573202259;91.506;26.444719137035545;0.7014514359956378;-0.60791015625;
08:37:39;80.0;1573202260;91.466;26.055945274217887;0.691139131942119;-0.6005859375;
08:37:40;81.0;1573202261;91.506;26.444719137035545;0.7014514359956378;-0.60791015625;
08:37:41;82.0;1573202262;91.466;26.31512784942966;0.6980140013111316;-0.60546875;
08:37:42;83.0;1573202263;91.427;26.31512784942966;0.6980140013111316;-0.60546875;
08:37:43;84.0;1573202264;91.447;26.444719137035545;0.7014514359956378;-0.60791015625;
08:37:44;85.0;1573202265;91.17;26.18553656182377;0.6945765666266251;-0.60302734375;
08:37:45;86.0;1573202266;91.407;26.18553656182377;0.6945765666266251;-0.60302734375;
08:37:46;87.0;1573202267;91.111;25.667171411400226;0.6808268278886;-0.59326171875;
08:37:47;88.0;1573202268;91.15;26.31512784942966;0.6980140013111316;-0.60546875;
08:37:48;89.0;1573202269;91.407;26.18553656182377;0.6945765666266251;-0.60302734375;
08:37:49;90.0;1573202270;90.757;26.18553656182377;0.6945765666266251;-0.60302734375;
08:37:50;91.0;1573202271;91.091;25.667171411400226;0.6808268278886;-0.59326171875;
08:37:51;92.0;1573202272;90.835;26.444719137035545;0.7014514359956378;-0.60791015625;
08:37:52;93.0;1573202273;90.345;26.18553656182377;0.6945765666266251;-0.60302734375;
08:37:53;94.0;1573202274;90.737;26.444719137035545;0.7014514359956378;-0.60791015625;
08:37:54;95.0;1573202275;90.58;26.31512784942966;0.6980140013111316;-0.60546875;
08:37:55;96.0;1573202276;90.835;26.444719137035545;0.7014514359956378;-0.60791015625;
08:37:56;97.0;1573202277;91.071;26.18553656182377;0.6945765666266251;-0.60302734375;
08:37:57;98.0;1573202278;91.328;25.667171411400226;0.6808268278886;-0.59326171875;
08:37:58;99.0;1573202280;91.486;25.926353986612;0.6877016972576127;-0.59814453125;
08:37:59;100.0;1573202280;91.209;26.31512784942966;0.6980140013111316;-0.60546875;
08:38:00;101.0;1573202281;91.209;26.055945274217887;0.691139131942119;-0.6005859375;
08:38:01;102.0;1573202282;91.052;25.796762699006113;0.6842642625731064;-0.595703125;
08:38:02;103.0;1573202284;90.993;26.31512784942966;0.6980140013111316;-0.60546875;
08:38:03;104.0;1573202284;91.249;26.444719137035545;0.7014514359956378;-0.60791015625;
08:38:04;105.0;1573202285;91.526;26.574310424641432;0.704888870680144;-0.6103515625;
08:38:05;106.0;1573202286;91.665;26.055945274217887;0.691139131942119;-0.6005859375;
08:38:06;107.0;1573202288;91.665;26.055945274217887;0.691139131942119;-0.6005859375;
08:38:07;108.0;1573202288;91.427;26.055945274217887;0.691139131942119;-0.6005859375;
08:38:08;109.0;1573202289;91.15;26.574310424641432;0.704888870680144;-0.6103515625;
08:38:09;110.0;1573202290;91.209;24.630441110553136;0.65332735041255;-0.57373046875;
08:38:10;111.0;1573202292;90.993;26.31512784942966;0.6980140013111316;-0.60546875;
08:38:11;112.0;1573202293;91.209;26.31512784942966;0.6980140013111316;-0.60546875;
08:38:12;113.0;1573202293;91.407;26.574310424641432;0.704888870680144;-0.6103515625;
08:38:13;114.0;1573202294;91.15;26.31512784942966;0.6980140013111316;-0.60546875;
08:38:14;115.0;1573202296;90.933;26.444719137035545;0.7014514359956378;-0.60791015625;
08:38:15;116.0;1573202297;90.717;26.31512784942966;0.6980140013111316;-0.60546875;
08:38:16;117.0;1573202298;90.56;25.926353986612;0.6877016972576127;-0.59814453125;
08:38:17;118.0;1573202298;90.776;26.055945274217887;0.691139131942119;-0.6005859375;
08:38:18;119.0;1573202299;91.249;26.18553656182377;0.6945765666266251;-0.60302734375;
08:38:19;120.0;1573202301;91.209;26.18553656182377;0.6945765666266251;-0.60302734375;
08:38:20;121.0;1573202302;91.427;26.31512784942966;0.6980140013111316;-0.60546875;
08:38:21;122.0;1573202303;90.953;26.055945274217887;0.691139131942119;-0.6005859375;
08:38:22;123.0;1573202303;90.874;26.703901712247315;0.7083263053646502;-0.61279296875;
08:38:23;124.0;1573202305;90.698;26.31512784942966;0.6980140013111316;-0.60546875;
08:38:24;125.0;1573202306;90.463;24.37125853534136;0.6464524810435374;-0.56884765625;
08:38:25;126.0;1573202307;90.717;26.31512784942966;0.6980140013111316;-0.60546875;
08:38:26;127.0;1573202308;90.757;26.055945274217887;0.691139131942119;-0.6005859375;
08:38:27;128.0;1573202309;90.933;26.055945274217887;0.691139131942119;-0.6005859375;
08:38:28;129.0;1573202310;90.933;26.18553656182377;0.6945765666266251;-0.60302734375;
08:38:29;130.0;1573202311;90.914;26.055945274217887;0.691139131942119;-0.6005859375;
08:38:31;132.0;1573202312;90.894;26.444719137035545;0.7014514359956378;-0.60791015625;
08:38:32;133.0;1573202313;90.894;26.18553656182377;0.6945765666266251;-0.60302734375;
08:38:33;134.0;1573202314;91.15;26.055945274217887;0.691139131942119;-0.6005859375;
08:38:34;135.0;1573202315;91.17;26.18553656182377;0.6945765666266251;-0.60302734375;
08:38:36;137.0;1573202316;91.269;26.31512784942966;0.6980140013111316;-0.60546875;
08:38:37;138.0;1573202318;90.973;22.686571796464843;0.601765830144956;-0.537109375;
08:38:38;139.0;1573202319;90.737;26.31512784942966;0.6980140013111316;-0.60546875;
08:38:39;140.0;1573202320;90.443;25.537580123794342;0.6773893932040939;-0.5908203125;
08:38:40;141.0;1573202321;90.658;26.18553656182377;0.6945765666266251;-0.60302734375;
08:38:41;142.0;1573202322;90.639;26.055945274217887;0.691139131942119;-0.6005859375;
08:38:42;143.0;1573202323;91.15;26.31512784942966;0.6980140013111316;-0.60546875;
08:38:43;144.0;1573202324;91.249;26.703901712247315;0.7083263053646502;-0.61279296875;
08:38:44;145.0;1573202325;91.052;26.18553656182377;0.6945765666266251;-0.60302734375;
08:38:45;146.0;1573202326;91.111;26.444719137035545;0.7014514359956378;-0.60791015625;
08:38:46;147.0;1573202327;91.071;26.18553656182377;0.6945765666266251;-0.60302734375;
08:38:47;148.0;1573202328;91.269;28.7773623139415;0.7633252603167505;-0.65185546875;
08:38:48;149.0;1573202329;91.566;26.444719137035545;0.7014514359956378;-0.60791015625;
08:38:49;150.0;1573202330;91.824;26.18553656182377;0.6945765666266251;-0.60302734375;
08:38:50;151.0;1573202331;91.367;26.31512784942966;0.6980140013111316;-0.60546875;
08:38:51;152.0;1573202332;91.328;26.055945274217887;0.691139131942119;-0.6005859375;
08:38:52;153.0;1573202333;91.012;26.055945274217887;0.691139131942119;-0.6005859375;
08:38:53;154.0;1573202334;91.012;26.18553656182377;0.6945765666266251;-0.60302734375;
08:38:54;155.0;1573202335;91.229;25.926353986612;0.6877016972576127;-0.59814453125;
08:38:55;156.0;1573202336;90.855;26.18553656182377;0.6945765666266251;-0.60302734375;
08:38:56;157.0;1573202337;90.835;26.055945274217887;0.691139131942119;-0.6005859375;
08:38:57;158.0;1573202338;90.776;26.18553656182377;0.6945765666266251;-0.60302734375;
08:38:58;159.0;1573202339;90.6;26.18553656182377;0.6945765666266251;-0.60302734375;
08:38:59;160.0;1573202340;90.482;30.462049052818024;0.8080119112153321;-0.68359375;
08:39:00;161.0;1573202342;90.56;26.18553656182377;0.6945765666266251;-0.60302734375;
08:39:01;162.0;1573202342;89.878;25.926353986612;0.6877016972576127;-0.59814453125;
08:39:02;163.0;1573202343;90.326;26.18553656182377;0.6945765666266251;-0.60302734375;
08:39:03;164.0;1573202344;90.619;26.444719137035545;0.7014514359956378;-0.60791015625;
08:39:04;165.0;1573202345;90.326;26.31512784942966;0.6980140013111316;-0.60546875;
08:39:05;166.0;1573202347;90.521;26.055945274217887;0.691139131942119;-0.6005859375;
08:39:06;167.0;1573202347;90.443;26.18553656182377;0.6945765666266251;-0.60302734375;
08:39:07;168.0;1573202348;90.443;26.31512784942966;0.6980140013111316;-0.60546875;
08:39:08;169.0;1573202349;90.423;22.297797933647182;0.5914535260914371;-0.52978515625;
08:39:09;170.0;1573202351;90.737;26.574310424641432;0.704888870680144;-0.6103515625;
08:39:10;171.0;1573202351;90.306;26.055945274217887;0.691139131942119;-0.6005859375;
08:39:11;172.0;1573202352;89.994;26.444719137035545;0.7014514359956378;-0.60791015625;
08:39:12;173.0;1573202353;90.463;26.31512784942966;0.6980140013111316;-0.60546875;
08:39:13;174.0;1573202355;90.423;26.31512784942966;0.6980140013111316;-0.60546875;
08:39:14;175.0;1573202356;90.658;26.444719137035545;0.7014514359956378;-0.60791015625;
08:39:15;176.0;1573202356;90.914;25.926353986612;0.6877016972576127;-0.59814453125;
08:39:16;177.0;1573202357;90.698;26.055945274217887;0.691139131942119;-0.6005859375;
08:39:17;178.0;1573202359;90.404;25.926353986612;0.6877016972576127;-0.59814453125;
08:39:18;179.0;1573202360;90.619;26.444719137035545;0.7014514359956378;-0.60791015625;
08:39:19;180.0;1573202361;90.933;25.537580123794342;0.6773893932040939;-0.5908203125;
08:39:20;181.0;1573202361;90.973;25.537580123794342;0.6773893932040939;-0.5908203125;
08:39:21;182.0;1573202362;91.486;26.444719137035545;0.7014514359956378;-0.60791015625;
08:39:22;183.0;1573202364;91.032;26.055945274217887;0.691139131942119;-0.6005859375;
08:39:23;184.0;1573202365;90.757;25.926353986612;0.6877016972576127;-0.59814453125;
08:39:24;185.0;1573202366;90.248;26.055945274217887;0.691139131942119;-0.6005859375;
08:39:25;186.0;1573202366;90.014;26.18553656182377;0.6945765666266251;-0.60302734375;
08:39:26;187.0;1573202368;90.502;26.18553656182377;0.6945765666266251;-0.60302734375;
08:39:27;188.0;1573202369;90.267;26.96308428745909;0.7152011747336628;-0.61767578125;
08:39:28;189.0;1573202370;90.776;26.18553656182377;0.6945765666266251;-0.60302734375;
08:39:29;190.0;1573202371;90.835;26.18553656182377;0.6945765666266251;-0.60302734375;
08:39:30;191.0;1573202372;90.345;26.18553656182377;0.6945765666266251;-0.60302734375;
08:39:31;192.0;1573202373;90.345;26.31512784942966;0.6980140013111316;-0.60546875;
08:39:32;193.0;1573202374;90.306;26.055945274217887;0.691139131942119;-0.6005859375;
08:39:35;196.0;1573202375;90.933;26.31512784942966;0.6980140013111316;-0.60546875;
08:39:36;197.0;1573202377;91.17;26.055945274217887;0.691139131942119;-0.6005859375;
08:39:37;198.0;1573202378;90.953;26.055945274217887;0.691139131942119;-0.6005859375;
08:39:38;199.0;1573202379;90.384;26.31512784942966;0.6980140013111316;-0.60546875;
08:39:39;200.0;1573202380;89.917;26.18553656182377;0.6945765666266251;-0.60302734375;
08:39:40;201.0;1573202381;89.897;26.055945274217887;0.691139131942119;-0.6005859375;
08:39:41;202.0;1573202382;90.111;26.444719137035545;0.7014514359956378;-0.60791015625;
08:39:42;203.0;1573202383;90.209;26.31512784942966;0.6980140013111316;-0.60546875;
08:39:43;204.0;1573202384;89.994;25.407988836188455;0.6739519585195877;-0.58837890625;
08:39:44;205.0;1573202385;89.975;26.574310424641432;0.704888870680144;-0.6103515625;
08:39:45;206.0;1573202386;90.228;26.574310424641432;0.704888870680144;-0.6103515625;
08:39:46;207.0;1573202387;90.541;26.574310424641432;0.704888870680144;-0.6103515625;
08:39:47;208.0;1573202388;91.052;26.31512784942966;0.6980140013111316;-0.60546875;
08:39:48;209.0;1573202389;91.071;26.31512784942966;0.6980140013111316;-0.60546875;
08:39:49;210.0;1573202390;90.658;26.703901712247315;0.7083263053646502;-0.61279296875;
08:39:50;211.0;1573202391;90.619;26.18553656182377;0.6945765666266251;-0.60302734375;
08:39:51;212.0;1573202392;90.737;25.667171411400226;0.6808268278886;-0.59326171875;
08:39:52;213.0;1573202393;90.228;26.18553656182377;0.6945765666266251;-0.60302734375;
08:39:53;214.0;1573202394;90.209;26.444719137035545;0.7014514359956378;-0.60791015625;
08:39:54;215.0;1573202395;89.975;26.18553656182377;0.6945765666266251;-0.60302734375;
08:39:55;216.0;1573202396;89.664;26.055945274217887;0.691139131942119;-0.6005859375;
08:39:56;217.0;1573202397;89.936;26.444719137035545;0.7014514359956378;-0.60791015625;
08:39:57;218.0;1573202398;90.345;27.481449437882635;0.7289509134716878;-0.62744140625;
08:39:58;219.0;1573202399;90.58;26.31512784942966;0.6980140013111316;-0.60546875;
08:39:59;220.0;1573202400;90.482;23.852893384917817;0.6327027423055124;-0.55908203125;
08:40:00;221.0;1573202401;90.228;26.31512784942966;0.6980140013111316;-0.60546875;
08:40:01;222.0;1573202402;89.781;26.833492999853206;0.7117637400491567;-0.615234375;
08:40:02;223.0;1573202403;89.8;25.926353986612;0.6877016972576127;-0.59814453125;
08:40:03;224.0;1573202404;89.839;26.31512784942966;0.6980140013111316;-0.60546875;
08:40:04;225.0;1573202405;90.326;23.852893384917817;0.6327027423055124;-0.55908203125;
08:40:05;226.0;1573202406;90.56;27.870223300700292;0.7392632175252066;-0.634765625;
08:40:06;227.0;1573202407;90.326;26.31512784942966;0.6980140013111316;-0.60546875;
08:40:07;228.0;1573202408;90.248;26.444719137035545;0.7014514359956378;-0.60791015625;
08:40:08;229.0;1573202410;89.819;26.18553656182377;0.6945765666266251;-0.60302734375;
08:40:09;230.0;1573202410;89.626;28.129405875912063;0.7461380868942191;-0.6396484375;
08:40:10;231.0;1573202411;89.626;25.537580123794342;0.6773893932040939;-0.5908203125;
08:40:11;232.0;1573202412;89.897;23.33452823449427;0.6189530035674873;-0.54931640625;
08:40:12;233.0;1573202414;90.111;26.444719137035545;0.7014514359956378;-0.60791015625;
08:40:13;234.0;1573202415;90.033;26.444719137035545;0.7014514359956378;-0.60791015625;
08:40:14;235.0;1573202415;89.839;25.667171411400226;0.6808268278886;-0.59326171875;
08:40:15;236.0;1573202416;90.072;26.444719137035545;0.7014514359956378;-0.60791015625;
08:40:16;237.0;1573202417;90.092;26.18553656182377;0.6945765666266251;-0.60302734375;
08:40:17;238.0;1573202419;90.131;27.99981458830618;0.7427006522097129;-0.63720703125;
08:40:18;239.0;1573202420;90.6;25.667171411400226;0.6808268278886;-0.59326171875;
08:40:19;240.0;1573202420;89.936;26.055945274217887;0.691139131942119;-0.6005859375;
08:40:20;241.0;1573202421;90.072;26.31512784942966;0.6980140013111316;-0.60546875;
08:40:21;242.0;1573202423;90.111;27.481449437882635;0.7289509134716878;-0.62744140625;
08:40:22;243.0;1573202424;90.072;26.31512784942966;0.6980140013111316;-0.60546875;
08:40:23;244.0;1573202424;90.521;26.703901712247315;0.7083263053646502;-0.61279296875;
08:40:24;245.0;1573202425;90.58;25.796762699006113;0.6842642625731064;-0.595703125;
08:40:25;246.0;1573202427;90.521;26.703901712247315;0.7083263053646502;-0.61279296875;
08:40:26;247.0;1573202428;90.287;25.407988836188455;0.6739519585195877;-0.58837890625;
08:40:27;248.0;1573202429;90.053;25.926353986612;0.6877016972576127;-0.59814453125;
08:40:28;249.0;1573202429;90.072;25.926353986612;0.6877016972576127;-0.59814453125;
08:40:29;250.0;1573202431;89.858;26.18553656182377;0.6945765666266251;-0.60302734375;
08:40:30;251.0;1573202432;89.684;26.703901712247315;0.7083263053646502;-0.61279296875;
08:40:31;252.0;1573202433;89.451;26.18553656182377;0.6945765666266251;-0.60302734375;
08:40:33;254.0;1573202434;89.066;26.96308428745909;0.7152011747336628;-0.61767578125;
08:40:34;255.0;1573202436;89.047;26.055945274217887;0.691139131942119;-0.6005859375;
08:40:35;256.0;1573202437;89.104;26.31512784942966;0.6980140013111316;-0.60546875;
08:40:36;257.0;1573202438;89.316;26.055945274217887;0.691139131942119;-0.6005859375;
08:40:37;258.0;1573202439;89.297;26.31512784942966;0.6980140013111316;-0.60546875;
08:40:39;260.0;1573202440;89.22;26.574310424641432;0.704888870680144;-0.6103515625;
08:40:40;261.0;1573202441;88.97;26.055945274217887;0.691139131942119;-0.6005859375;
08:40:41;262.0;1573202442;88.739;26.31512784942966;0.6980140013111316;-0.60546875;
08:40:42;263.0;1573202443;88.739;25.926353986612;0.6877016972576127;-0.59814453125;
08:40:43;264.0;1573202444;89.066;26.31512784942966;0.6980140013111316;-0.60546875;
08:40:44;265.0;1573202445;89.278;26.703901712247315;0.7083263053646502;-0.61279296875;
08:40:45;266.0;1573202446;89.878;26.703901712247315;0.7083263053646502;-0.61279296875;
08:40:46;267.0;1573202447;89.897;26.055945274217887;0.691139131942119;-0.6005859375;
08:40:47;268.0;1573202448;89.819;26.18553656182377;0.6945765666266251;-0.60302734375;
08:40:48;269.0;1573202449;90.326;26.444719137035545;0.7014514359956378;-0.60791015625;
08:40:49;270.0;1573202450;90.209;26.31512784942966;0.6980140013111316;-0.60546875;
08:40:50;271.0;1573202451;90.248;26.31512784942966;0.6980140013111316;-0.60546875;
08:40:51;272.0;1573202452;90.463;26.055945274217887;0.691139131942119;-0.6005859375;
08:40:52;273.0;1573202453;90.15;26.574310424641432;0.704888870680144;-0.6103515625;
08:40:53;274.0;1573202454;90.072;26.703901712247315;0.7083263053646502;-0.61279296875;
08:40:54;275.0;1573202455;90.014;26.31512784942966;0.6980140013111316;-0.60546875;
08:40:55;276.0;1573202456;89.606;25.926353986612;0.6877016972576127;-0.59814453125;
08:40:56;277.0;1573202457;89.664;26.055945274217887;0.691139131942119;-0.6005859375;
08:40:57;278.0;1573202458;89.703;26.574310424641432;0.704888870680144;-0.6103515625;
08:40:58;279.0;1573202459;89.451;25.796762699006113;0.6842642625731064;-0.595703125;
08:40:59;280.0;1573202460;89.626;25.796762699006113;0.6842642625731064;-0.595703125;
08:41:00;281.0;1573202461;89.393;26.574310424641432;0.704888870680144;-0.6103515625;
08:41:01;282.0;1573202462;89.124;26.31512784942966;0.6980140013111316;-0.60546875;
08:41:02;283.0;1573202463;89.374;25.926353986612;0.6877016972576127;-0.59814453125;
08:41:03;284.0;1573202464;89.451;25.926353986612;0.6877016972576127;-0.59814453125;
08:41:04;285.0;1573202465;89.917;29.6845013271827;0.7873873031082944;-0.6689453125;
08:41:05;286.0;1573202466;90.17;26.18553656182377;0.6945765666266251;-0.60302734375;
08:41:06;287.0;1573202467;89.897;26.31512784942966;0.6980140013111316;-0.60546875;
08:41:07;288.0;1573202468;89.839;26.18553656182377;0.6945765666266251;-0.60302734375;
08:41:08;289.0;1573202469;89.143;26.574310424641432;0.704888870680144;-0.6103515625;
08:41:09;290.0;1573202470;88.931;25.926353986612;0.6877016972576127;-0.59814453125;
08:41:10;291.0;1573202471;89.413;26.055945274217887;0.691139131942119;-0.6005859375;
08:41:11;292.0;1573202472;89.008;26.31512784942966;0.6980140013111316;-0.60546875;
08:41:12;293.0;1573202474;89.413;26.055945274217887;0.691139131942119;-0.6005859375;
08:41:13;294.0;1573202474;89.471;26.055945274217887;0.691139131942119;-0.6005859375;
08:41:14;295.0;1573202475;88.97;26.31512784942966;0.6980140013111316;-0.60546875;
08:41:15;296.0;1573202476;89.393;26.444719137035545;0.7014514359956378;-0.60791015625;
08:41:16;297.0;1573202478;89.451;26.444719137035545;0.7014514359956378;-0.60791015625;
08:41:17;298.0;1573202479;89.22;26.574310424641432;0.704888870680144;-0.6103515625;
08:41:18;299.0;1573202479;89.008;26.31512784942966;0.6980140013111316;-0.60546875;
08:41:19;300.0;1573202480;88.778;26.703901712247315;0.7083263053646502;-0.61279296875;
08:41:20;301.0;1573202482;88.701;26.18553656182377;0.6945765666266251;-0.60302734375;
08:41:21;302.0;1573202483;89.316;26.055945274217887;0.691139131942119;-0.6005859375;
08:41:22;303.0;1573202483;89.626;26.055945274217887;0.691139131942119;-0.6005859375;
08:41:23;304.0;1573202484;89.626;26.31512784942966;0.6980140013111316;-0.60546875;
08:41:24;305.0;1573202485;89.258;26.31512784942966;0.6980140013111316;-0.60546875;
08:41:25;306.0;1573202487;88.759;26.444719137035545;0.7014514359956378;-0.60791015625;
08:41:26;307.0;1573202488;88.51;26.833492999853206;0.7117637400491567;-0.615234375;
08:41:27;308.0;1573202488;88.091;26.055945274217887;0.691139131942119;-0.6005859375;
08:41:28;309.0;1573202489;88.243;26.055945274217887;0.691139131942119;-0.6005859375;
08:41:29;310.0;1573202491;88.51;23.982484672523704;0.6361401769900186;-0.5615234375;
08:41:30;311.0;1573202492;88.682;26.18553656182377;0.6945765666266251;-0.60302734375;
08:41:32;313.0;1573202493;88.835;26.444719137035545;0.7014514359956378;-0.60791015625;
08:41:33;314.0;1573202495;88.567;26.055945274217887;0.691139131942119;-0.6005859375;
08:41:34;315.0;1573202496;88.816;26.18553656182377;0.6945765666266251;-0.60302734375;
08:41:35;316.0;1573202497;89.085;26.18553656182377;0.6945765666266251;-0.60302734375;
08:41:36;317.0;1573202497;89.085;26.31512784942966;0.6980140013111316;-0.60546875;
08:41:37;318.0;1573202499;88.893;26.444719137035545;0.7014514359956378;-0.60791015625;
08:41:38;319.0;1573202500;88.701;26.31512784942966;0.6980140013111316;-0.60546875;
08:41:39;320.0;1573202501;89.085;29.425318751970927;0.7805124337392818;-0.6640625;
08:41:40;321.0;1573202502;89.143;26.574310424641432;0.704888870680144;-0.6103515625;
08:41:41;322.0;1573202503;89.181;26.444719137035545;0.7014514359956378;-0.60791015625;
08:41:42;323.0;1573202504;89.181;26.31512784942966;0.6980140013111316;-0.60546875;
08:41:44;325.0;1573202505;88.797;26.444719137035545;0.7014514359956378;-0.60791015625;
08:41:45;326.0;1573202506;88.778;26.055945274217887;0.691139131942119;-0.6005859375;
08:41:46;327.0;1573202507;88.97;26.574310424641432;0.704888870680144;-0.6103515625;
08:41:47;328.0;1573202508;89.181;26.055945274217887;0.691139131942119;-0.6005859375;
08:41:48;329.0;1573202509;88.97;26.96308428745909;0.7152011747336628;-0.61767578125;
08:41:49;330.0;1573202510;88.95;26.444719137035545;0.7014514359956378;-0.60791015625;
08:41:50;331.0;1573202511;88.912;23.46411952210016;0.6223904382519936;-0.5517578125;
08:41:51;332.0;1573202512;88.491;26.444719137035545;0.7014514359956378;-0.60791015625;
08:41:52;333.0;1573202513;88.701;26.31512784942966;0.6980140013111316;-0.60546875;
08:41:53;334.0;1573202514;88.453;26.444719137035545;0.7014514359956378;-0.60791015625;
08:41:54;335.0;1573202515;88.281;26.31512784942966;0.6980140013111316;-0.60546875;
08:41:55;336.0;1573202516;88.453;26.574310424641432;0.704888870680144;-0.6103515625;
08:41:56;337.0;1573202517;88.701;26.18553656182377;0.6945765666266251;-0.60302734375;
08:41:57;338.0;1573202518;88.931;25.926353986612;0.6877016972576127;-0.59814453125;
08:41:58;339.0;1573202519;89.124;26.18553656182377;0.6945765666266251;-0.60302734375;
08:41:59;340.0;1573202520;89.355;25.926353986612;0.6877016972576127;-0.59814453125;
08:42:00;341.0;1573202521;89.124;26.18553656182377;0.6945765666266251;-0.60302734375;
08:42:01;342.0;1573202522;89.124;26.444719137035545;0.7014514359956378;-0.60791015625;
08:42:02;343.0;1573202523;89.143;26.31512784942966;0.6980140013111316;-0.60546875;
08:42:03;344.0;1573202524;88.95;26.18553656182377;0.6945765666266251;-0.60302734375;
08:42:04;345.0;1573202525;88.912;26.444719137035545;0.7014514359956378;-0.60791015625;
08:42:05;346.0;1573202526;89.22;25.537580123794342;0.6773893932040939;-0.5908203125;
08:42:06;347.0;1573202527;88.95;26.833492999853206;0.7117637400491567;-0.615234375;
08:42:07;348.0;1573202528;88.95;26.703901712247315;0.7083263053646502;-0.61279296875;
08:42:08;349.0;1573202529;88.97;26.31512784942966;0.6980140013111316;-0.60546875;
08:42:09;350.0;1573202530;88.663;25.537580123794342;0.6773893932040939;-0.5908203125;
08:42:10;351.0;1573202531;88.433;26.055945274217887;0.691139131942119;-0.6005859375;
08:42:11;352.0;1573202532;88.186;26.18553656182377;0.6945765666266251;-0.60302734375;
08:42:12;353.0;1573202533;88.224;25.926353986612;0.6877016972576127;-0.59814453125;
08:42:13;354.0;1573202534;88.034;26.31512784942966;0.6980140013111316;-0.60546875;
08:42:14;355.0;1573202535;88.778;27.35185815027675;0.7255134787871816;-0.625;
08:42:15;356.0;1573202537;88.778;26.18553656182377;0.6945765666266251;-0.60302734375;
08:42:16;357.0;1573202537;88.605;26.055945274217887;0.691139131942119;-0.6005859375;
08:42:17;358.0;1573202538;88.605;25.019214973370797;0.6636396544660689;-0.5810546875;
08:42:18;359.0;1573202539;87.939;26.18553656182377;0.6945765666266251;-0.60302734375;
08:42:19;360.0;1573202541;88.338;25.926353986612;0.6877016972576127;-0.59814453125;
08:42:20;361.0;1573202542;88.224;26.31512784942966;0.6980140013111316;-0.60546875;
08:42:21;362.0;1573202542;88.395;26.055945274217887;0.691139131942119;-0.6005859375;
08:42:22;363.0;1573202543;88.759;26.833492999853206;0.7117637400491567;-0.615234375;
08:42:23;364.0;1573202545;87.749;26.055945274217887;0.691139131942119;-0.6005859375;
08:42:24;365.0;1573202546;87.56;26.055945274217887;0.691139131942119;-0.6005859375;
08:42:25;366.0;1573202546;87.617;26.574310424641432;0.704888870680144;-0.6103515625;
08:42:26;367.0;1573202547;87.882;27.22226686267086;0.7220760441026753;-0.62255859375;
08:42:27;368.0;1573202549;88.472;27.092675575064977;0.718638609418169;-0.6201171875;
08:42:28;369.0;1573202550;88.472;26.18553656182377;0.6945765666266251;-0.60302734375;
08:42:29;370.0;1573202550;88.262;25.796762699006113;0.6842642625731064;-0.595703125;
08:42:30;371.0;1573202551;88.053;26.31512784942966;0.6980140013111316;-0.60546875;
08:42:31;372.0;1573202552;88.3;26.055945274217887;0.691139131942119;-0.6005859375;
08:42:32;373.0;1573202554;88.51;25.926353986612;0.6877016972576127;-0.59814453125;
08:42:33;374.0;1573202555;88.453;26.444719137035545;0.7014514359956378;-0.60791015625;
08:42:34;375.0;1573202555;88.205;26.055945274217887;0.691139131942119;-0.6005859375;
08:42:35;376.0;1573202557;88.224;26.18553656182377;0.6945765666266251;-0.60302734375;
08:42:36;377.0;1573202558;88.262;26.18553656182377;0.6945765666266251;-0.60302734375;
08:42:37;378.0;1573202559;88.51;26.31512784942966;0.6980140013111316;-0.60546875;
08:42:38;379.0;1573202559;88.11;26.444719137035545;0.7014514359956378;-0.60791015625;
08:42:39;380.0;1573202561;88.148;26.574310424641432;0.704888870680144;-0.6103515625;
08:42:40;381.0;1573202562;88.129;26.18553656182377;0.6945765666266251;-0.60302734375;
08:42:41;382.0;1573202563;88.11;26.055945274217887;0.691139131942119;-0.6005859375;
08:42:42;383.0;1573202564;88.586;26.18553656182377;0.6945765666266251;-0.60302734375;
08:42:43;384.0;1573202565;88.3;26.055945274217887;0.691139131942119;-0.6005859375;
08:42:44;385.0;1573202566;88.243;25.926353986612;0.6877016972576127;-0.59814453125;
08:42:45;386.0;1573202567;88.243;26.444719137035545;0.7014514359956378;-0.60791015625;
08:42:46;387.0;1573202568;87.939;25.667171411400226;0.6808268278886;-0.59326171875;
08:42:48;389.0;1573202569;87.939;26.31512784942966;0.6980140013111316;-0.60546875;
08:42:49;390.0;1573202570;87.996;26.31512784942966;0.6980140013111316;-0.60546875;
08:42:50;391.0;1573202571;88.034;26.055945274217887;0.691139131942119;-0.6005859375;
08:42:51;392.0;1573202572;88.015;25.796762699006113;0.6842642625731064;-0.595703125;
08:42:52;393.0;1573202573;88.015;25.667171411400226;0.6808268278886;-0.59326171875;
08:42:53;394.0;1573202574;87.977;26.31512784942966;0.6980140013111316;-0.60546875;
08:42:54;395.0;1573202575;87.711;26.31512784942966;0.6980140013111316;-0.60546875;
08:42:55;396.0;1573202576;87.485;25.926353986612;0.6877016972576127;-0.59814453125;
08:42:56;397.0;1573202577;87.692;26.31512784942966;0.6980140013111316;-0.60546875;
08:42:57;398.0;1573202578;87.504;26.31512784942966;0.6980140013111316;-0.60546875;
08:42:58;399.0;1573202579;87.334;26.18553656182377;0.6945765666266251;-0.60302734375;
08:42:59;400.0;1573202580;88.091;26.31512784942966;0.6980140013111316;-0.60546875;
08:43:00;401.0;1573202581;87.73;26.96308428745909;0.7152011747336628;-0.61767578125;
08:43:01;402.0;1573202582;87.711;26.31512784942966;0.6980140013111316;-0.60546875;
08:43:02;403.0;1573202583;87.655;26.31512784942966;0.6980140013111316;-0.60546875;
08:43:03;404.0;1573202584;87.127;26.574310424641432;0.704888870680144;-0.6103515625;
08:43:04;405.0;1573202585;87.749;24.11207596012959;0.6395776116745249;-0.56396484375;
08:43:05;406.0;1573202586;87.768;26.703901712247315;0.7083263053646502;-0.61279296875;
08:43:06;407.0;1573202587;88.262;26.96308428745909;0.7152011747336628;-0.61767578125;
08:43:07;408.0;1573202588;88.586;26.31512784942966;0.6980140013111316;-0.60546875;
08:43:08;409.0;1573202589;88.091;26.444719137035545;0.7014514359956378;-0.60791015625;
08:43:09;410.0;1573202590;88.129;26.444719137035545;0.7014514359956378;-0.60791015625;
08:43:10;411.0;1573202591;87.428;26.18553656182377;0.6945765666266251;-0.60302734375;
08:43:11;412.0;1573202592;87.372;25.14880626097668;0.6670770891505751;-0.58349609375;
08:43:12;413.0;1573202593;87.636;24.889623685764906;0.6602022197815625;-0.57861328125;
08:43:13;414.0;1573202594;87.825;26.055945274217887;0.691139131942119;-0.6005859375;
08:43:14;415.0;1573202595;88.529;26.574310424641432;0.704888870680144;-0.6103515625;
08:43:15;416.0;1573202596;88.072;25.926353986612;0.6877016972576127;-0.59814453125;
08:43:16;417.0;1573202597;87.598;26.574310424641432;0.704888870680144;-0.6103515625;
08:43:17;418.0;1573202598;87.522;26.055945274217887;0.691139131942119;-0.6005859375;
08:43:18;419.0;1573202599;87.071;26.444719137035545;0.7014514359956378;-0.60791015625;
08:43:19;420.0;1573202600;87.579;26.055945274217887;0.691139131942119;-0.6005859375;
08:43:20;421.0;1573202601;87.844;26.31512784942966;0.6980140013111316;-0.60546875;
08:43:21;422.0;1573202603;87.92;26.444719137035545;0.7014514359956378;-0.60791015625;
08:43:22;423.0;1573202604;87.882;26.444719137035545;0.7014514359956378;-0.60791015625;
08:43:23;424.0;1573202604;87.787;26.31512784942966;0.6980140013111316;-0.60546875;
08:43:24;425.0;1573202605;87.598;26.31512784942966;0.6980140013111316;-0.60546875;
08:43:25;426.0;1573202606;87.39;26.055945274217887;0.691139131942119;-0.6005859375;
08:43:26;427.0;1573202608;87.202;26.31512784942966;0.6980140013111316;-0.60546875;
08:43:27;428.0;1573202608;87.183;26.055945274217887;0.691139131942119;-0.6005859375;
08:43:28;429.0;1573202609;87.409;27.611040725488518;0.732388348156194;-0.6298828125;
08:43:29;430.0;1573202611;87.409;26.444719137035545;0.7014514359956378;-0.60791015625;
08:43:30;431.0;1573202611;87.882;26.31512784942966;0.6980140013111316;-0.60546875;
08:43:31;432.0;1573202612;87.711;25.926353986612;0.6877016972576127;-0.59814453125;
08:43:32;433.0;1573202613;87.409;26.444719137035545;0.7014514359956378;-0.60791015625;
08:43:33;434.0;1573202615;87.409;26.055945274217887;0.691139131942119;-0.6005859375;
08:43:34;435.0;1573202616;87.372;26.444719137035545;0.7014514359956378;-0.60791015625;
08:43:35;436.0;1573202616;87.579;26.18553656182377;0.6945765666266251;-0.60302734375;
08:43:36;437.0;1573202618;87.617;25.796762699006113;0.6842642625731064;-0.595703125;
08:43:37;438.0;1573202619;87.844;26.18553656182377;0.6945765666266251;-0.60302734375;
08:43:38;439.0;1573202620;87.655;26.444719137035545;0.7014514359956378;-0.60791015625;
08:43:39;440.0;1573202620;87.447;25.796762699006113;0.6842642625731064;-0.595703125;
08:43:40;441.0;1573202621;87.409;26.055945274217887;0.691139131942119;-0.6005859375;
08:43:41;442.0;1573202623;87.146;29.425318751970927;0.7805124337392818;-0.6640625;
08:43:42;443.0;1573202624;87.165;26.574310424641432;0.704888870680144;-0.6103515625;
08:43:43;444.0;1573202625;87.202;25.926353986612;0.6877016972576127;-0.59814453125;
08:43:44;445.0;1573202625;87.447;26.31512784942966;0.6980140013111316;-0.60546875;
08:43:45;446.0;1573202627;87.466;26.31512784942966;0.6980140013111316;-0.60546875;
08:43:46;447.0;1573202628;87.485;26.18553656182377;0.6945765666266251;-0.60302734375;
08:43:47;448.0;1573202629;88.015;26.31512784942966;0.6980140013111316;-0.60546875;
08:43:48;449.0;1573202630;87.844;26.444719137035545;0.7014514359956378;-0.60791015625;
08:43:49;450.0;1573202631;87.844;27.35185815027675;0.7255134787871816;-0.625;
08:43:50;451.0;1573202632;88.015;26.444719137035545;0.7014514359956378;-0.60791015625;
08:43:52;453.0;1573202633;87.504;26.444719137035545;0.7014514359956378;-0.60791015625;
08:43:53;454.0;1573202634;87.447;26.444719137035545;0.7014514359956378;-0.60791015625;
08:43:54;455.0;1573202635;87.655;26.18553656182377;0.6945765666266251;-0.60302734375;
08:43:55;456.0;1573202636;87.39;26.703901712247315;0.7083263053646502;-0.61279296875;
08:43:56;457.0;1573202637;87.372;26.574310424641432;0.704888870680144;-0.6103515625;
08:43:57;458.0;1573202638;87.353;26.31512784942966;0.6980140013111316;-0.60546875;
08:43:58;459.0;1573202639;86.958;26.574310424641432;0.704888870680144;-0.6103515625;
08:43:59;460.0;1573202640;86.996;25.926353986612;0.6877016972576127;-0.59814453125;
08:44:00;461.0;1573202641;86.472;25.667171411400226;0.6808268278886;-0.59326171875;
08:44:01;462.0;1573202642;86.547;26.444719137035545;0.7014514359956378;-0.60791015625;
08:44:02;463.0;1573202643;86.547;26.055945274217887;0.691139131942119;-0.6005859375;
08:44:03;464.0;1573202644;86.323;26.31512784942966;0.6980140013111316;-0.60546875;
08:44:04;465.0;1573202645;86.621;26.055945274217887;0.691139131942119;-0.6005859375;
08:44:05;466.0;1573202646;86.565;26.444719137035545;0.7014514359956378;-0.60791015625;
08:44:06;467.0;1573202647;86.584;26.31512784942966;0.6980140013111316;-0.60546875;
08:44:07;468.0;1573202648;86.603;26.18553656182377;0.6945765666266251;-0.60302734375;
08:44:08;469.0;1573202649;87.052;26.574310424641432;0.704888870680144;-0.6103515625;
08:44:09;470.0;1573202650;87.108;26.574310424641432;0.704888870680144;-0.6103515625;
08:44:10;471.0;1573202651;87.485;26.31512784942966;0.6980140013111316;-0.60546875;
08:44:11;472.0;1573202652;87.863;26.31512784942966;0.6980140013111316;-0.60546875;
08:44:12;473.0;1573202653;87.844;26.574310424641432;0.704888870680144;-0.6103515625;
08:44:13;474.0;1573202654;87.768;25.926353986612;0.6877016972576127;-0.59814453125;
08:44:14;475.0;1573202655;87.409;26.833492999853206;0.7117637400491567;-0.615234375;
08:44:15;476.0;1573202656;87.033;26.18553656182377;0.6945765666266251;-0.60302734375;
08:44:16;477.0;1573202657;87.033;26.574310424641432;0.704888870680144;-0.6103515625;
08:44:17;478.0;1573202658;87.089;26.18553656182377;0.6945765666266251;-0.60302734375;
08:44:18;479.0;1573202659;87.259;25.926353986612;0.6877016972576127;-0.59814453125;
08:44:19;480.0;1573202660;87.447;25.926353986612;0.6877016972576127;-0.59814453125;
08:44:20;481.0;1573202661;87.277;26.18553656182377;0.6945765666266251;-0.60302734375;
08:44:21;482.0;1573202662;87.259;26.833492999853206;0.7117637400491567;-0.615234375;
08:44:22;483.0;1573202663;87.24;26.31512784942966;0.6980140013111316;-0.60546875;
08:44:23;484.0;1573202664;87.127;26.18553656182377;0.6945765666266251;-0.60302734375;
08:44:24;485.0;1573202665;86.883;26.444719137035545;0.7014514359956378;-0.60791015625;
08:44:25;486.0;1573202666;86.677;26.444719137035545;0.7014514359956378;-0.60791015625;
08:44:26;487.0;1573202667;86.51;26.444719137035545;0.7014514359956378;-0.60791015625;
08:44:27;488.0;1573202669;86.603;26.055945274217887;0.691139131942119;-0.6005859375;
08:44:28;489.0;1573202669;86.603;26.18553656182377;0.6945765666266251;-0.60302734375;
08:44:29;490.0;1573202670;86.64;30.462049052818024;0.8080119112153321;-0.68359375;
08:44:30;491.0;1573202671;86.808;26.31512784942966;0.6980140013111316;-0.60546875;
08:44:31;492.0;1573202673;86.621;25.926353986612;0.6877016972576127;-0.59814453125;
08:44:32;493.0;1573202674;86.435;26.18553656182377;0.6945765666266251;-0.60302734375;
08:44:33;494.0;1573202674;86.323;26.574310424641432;0.704888870680144;-0.6103515625;
08:44:34;495.0;1573202675;86.101;26.31512784942966;0.6980140013111316;-0.60546875;
08:44:35;496.0;1573202677;86.138;26.18553656182377;0.6945765666266251;-0.60302734375;
08:44:36;497.0;1573202678;86.286;26.444719137035545;0.7014514359956378;-0.60791015625;
08:44:37;498.0;1573202678;86.342;26.833492999853206;0.7117637400491567;-0.615234375;
08:44:38;499.0;1573202679;86.435;25.926353986612;0.6877016972576127;-0.59814453125;
08:44:39;500.0;1573202681;86.435;25.796762699006113;0.6842642625731064;-0.595703125;
08:44:40;501.0;1573202682;86.883;26.055945274217887;0.691139131942119;-0.6005859375;
08:44:41;502.0;1573202683;86.827;26.444719137035545;0.7014514359956378;-0.60791015625;
08:44:42;503.0;1573202683;86.808;26.18553656182377;0.6945765666266251;-0.60302734375;
08:44:43;504.0;1573202685;87.052;26.18553656182377;0.6945765666266251;-0.60302734375;
08:44:44;505.0;1573202686;86.846;26.444719137035545;0.7014514359956378;-0.60791015625;
08:44:45;506.0;1573202687;86.883;27.092675575064977;0.718638609418169;-0.6201171875;
08:44:46;507.0;1573202688;86.846;26.31512784942966;0.6980140013111316;-0.60546875;
08:44:47;508.0;1573202688;86.771;26.444719137035545;0.7014514359956378;-0.60791015625;
08:44:48;509.0;1573202690;86.565;26.444719137035545;0.7014514359956378;-0.60791015625;
08:44:49;510.0;1573202691;86.846;26.055945274217887;0.691139131942119;-0.6005859375;
08:44:50;511.0;1573202692;86.621;25.926353986612;0.6877016972576127;-0.59814453125;
08:44:51;512.0;1573202693;86.435;22.816163084070727;0.6052032648294622;-0.53955078125;
08:44:52;513.0;1573202694;86.416;26.444719137035545;0.7014514359956378;-0.60791015625;
08:44:53;514.0;1573202695;86.379;26.444719137035545;0.7014514359956378;-0.60791015625;
08:44:54;515.0;1573202696;86.79;26.444719137035545;0.7014514359956378;-0.60791015625;
08:44:56;517.0;1573202697;86.584;26.18553656182377;0.6945765666266251;-0.60302734375;
08:44:57;518.0;1573202698;86.119;26.96308428745909;0.7152011747336628;-0.61767578125;
08:44:58;519.0;1573202699;85.841;26.31512784942966;0.6980140013111316;-0.60546875;
08:44:59;520.0;1573202700;85.215;26.31512784942966;0.6980140013111316;-0.60546875;
08:45:00;521.0;1573202701;85.417;25.667171411400226;0.6808268278886;-0.59326171875;
08:45:01;522.0;1573202702;85.234;26.18553656182377;0.6945765666266251;-0.60302734375;
08:45:02;523.0;1573202703;85.069;25.926353986612;0.6877016972576127;-0.59814453125;
08:45:03;524.0;1573202704;85.27;26.18553656182377;0.6945765666266251;-0.60302734375;
08:45:04;525.0;1573202705;85.289;26.444719137035545;0.7014514359956378;-0.60791015625;
08:45:05;526.0;1573202706;85.694;26.444719137035545;0.7014514359956378;-0.60791015625;
08:45:06;527.0;1573202707;85.915;26.18553656182377;0.6945765666266251;-0.60302734375;
08:45:07;528.0;1573202708;85.915;26.055945274217887;0.691139131942119;-0.6005859375;
08:45:08;529.0;1573202709;86.156;26.31512784942966;0.6980140013111316;-0.60546875;
08:45:09;530.0;1573202710;86.435;26.31512784942966;0.6980140013111316;-0.60546875;
08:45:10;531.0;1573202711;86.621;26.31512784942966;0.6980140013111316;-0.60546875;
08:45:11;532.0;1573202712;87.033;26.31512784942966;0.6980140013111316;-0.60546875;
08:45:12;533.0;1573202713;86.734;25.278397548582568;0.6705145238350814;-0.5859375;
08:45:13;534.0;1573202714;86.659;26.444719137035545;0.7014514359956378;-0.60791015625;
08:45:14;535.0;1573202715;86.491;26.31512784942966;0.6980140013111316;-0.60546875;
08:45:15;536.0;1573202716;86.268;25.926353986612;0.6877016972576127;-0.59814453125;
08:45:16;537.0;1573202717;86.305;26.703901712247315;0.7083263053646502;-0.61279296875;
08:45:17;538.0;1573202718;86.119;26.31512784942966;0.6980140013111316;-0.60546875;
08:45:18;539.0;1573202719;86.342;25.926353986612;0.6877016972576127;-0.59814453125;
08:45:19;540.0;1573202720;86.398;26.574310424641432;0.704888870680144;-0.6103515625;
08:45:20;541.0;1573202721;86.398;25.796762699006113;0.6842642625731064;-0.595703125;
08:45:21;542.0;1573202722;86.621;26.703901712247315;0.7083263053646502;-0.61279296875;
08:45:22;543.0;1573202723;86.398;26.574310424641432;0.704888870680144;-0.6103515625;
08:45:23;544.0;1573202724;86.398;26.444719137035545;0.7014514359956378;-0.60791015625;
08:45:24;545.0;1573202725;86.156;26.18553656182377;0.6945765666266251;-0.60302734375;
08:45:25;546.0;1573202726;86.323;26.31512784942966;0.6980140013111316;-0.60546875;
08:45:26;547.0;1573202728;86.547;26.444719137035545;0.7014514359956378;-0.60791015625;
08:45:27;548.0;1573202728;86.547;26.18553656182377;0.6945765666266251;-0.60302734375;
08:45:28;549.0;1573202729;86.603;22.297797933647182;0.5914535260914371;-0.52978515625;
08:45:29;550.0;1573202730;86.435;26.703901712247315;0.7083263053646502;-0.61279296875;
08:45:30;551.0;1573202731;85.915;26.444719137035545;0.7014514359956378;-0.60791015625;
08:45:31;552.0;1573202733;85.454;26.574310424641432;0.704888870680144;-0.6103515625;
08:45:32;553.0;1573202733;86.101;26.31512784942966;0.6980140013111316;-0.60546875;
08:45:33;554.0;1573202734;85.638;26.055945274217887;0.691139131942119;-0.6005859375;
08:45:34;555.0;1573202735;85.712;26.444719137035545;0.7014514359956378;-0.60791015625;
08:45:35;556.0;1573202737;85.934;26.444719137035545;0.7014514359956378;-0.60791015625;
08:45:36;557.0;1573202738;85.252;26.444719137035545;0.7014514359956378;-0.60791015625;
08:45:37;558.0;1573202738;85.142;25.926353986612;0.6877016972576127;-0.59814453125;
08:45:38;559.0;1573202739;85.344;26.444719137035545;0.7014514359956378;-0.60791015625;
08:45:39;560.0;1573202741;85.546;26.18553656182377;0.6945765666266251;-0.60302734375;
08:45:40;561.0;1573202742;85.528;26.31512784942966;0.6980140013111316;-0.60546875;
08:45:41;562.0;1573202742;85.86;26.18553656182377;0.6945765666266251;-0.60302734375;
08:45:42;563.0;1573202743;86.082;26.055945274217887;0.691139131942119;-0.6005859375;
08:45:43;564.0;1573202745;85.934;26.444719137035545;0.7014514359956378;-0.60791015625;
08:45:44;565.0;1573202746;86.212;26.18553656182377;0.6945765666266251;-0.60302734375;
08:45:45;566.0;1573202747;86.026;26.444719137035545;0.7014514359956378;-0.60791015625;
08:45:46;567.0;1573202747;85.399;26.18553656182377;0.6945765666266251;-0.60302734375;
08:45:47;568.0;1573202749;85.362;25.926353986612;0.6877016972576127;-0.59814453125;
08:45:48;569.0;1573202750;85.325;26.31512784942966;0.6980140013111316;-0.60546875;
08:45:49;570.0;1573202751;85.142;26.18553656182377;0.6945765666266251;-0.60302734375;
08:45:50;571.0;1573202752;85.142;26.574310424641432;0.704888870680144;-0.6103515625;
08:45:51;572.0;1573202753;85.179;26.055945274217887;0.691139131942119;-0.6005859375;
08:45:52;573.0;1573202754;84.703;26.31512784942966;0.6980140013111316;-0.60546875;
08:45:53;574.0;1573202755;85.472;26.96308428745909;0.7152011747336628;-0.61767578125;
08:45:54;575.0;1573202756;85.878;26.055945274217887;0.691139131942119;-0.6005859375;
08:45:55;576.0;1573202757;86.045;26.055945274217887;0.691139131942119;-0.6005859375;
08:45:56;577.0;1573202758;86.379;26.18553656182377;0.6945765666266251;-0.60302734375;
08:45:57;578.0;1573202759;86.045;26.703901712247315;0.7083263053646502;-0.61279296875;
08:45:58;579.0;1573202760;85.841;26.055945274217887;0.691139131942119;-0.6005859375;
08:46:00;581.0;1573202761;85.417;26.18553656182377;0.6945765666266251;-0.60302734375;
08:46:01;582.0;1573202762;85.381;26.703901712247315;0.7083263053646502;-0.61279296875;
08:46:02;583.0;1573202763;85.583;26.444719137035545;0.7014514359956378;-0.60791015625;
08:46:03;584.0;1573202764;85.601;26.18553656182377;0.6945765666266251;-0.60302734375;
08:46:04;585.0;1573202765;85.601;25.926353986612;0.6877016972576127;-0.59814453125;
08:46:05;586.0;1573202766;85.767;26.31512784942966;0.6980140013111316;-0.60546875;
08:46:06;587.0;1573202767;85.325;26.703901712247315;0.7083263053646502;-0.61279296875;
08:46:07;588.0;1573202768;85.325;26.31512784942966;0.6980140013111316;-0.60546875;
08:46:08;589.0;1573202769;85.565;26.18553656182377;0.6945765666266251;-0.60302734375;
08:46:09;590.0;1573202770;85.417;25.926353986612;0.6877016972576127;-0.59814453125;
08:46:10;591.0;1573202771;85.583;25.926353986612;0.6877016972576127;-0.59814453125;
08:46:11;592.0;1573202772;85.565;26.574310424641432;0.704888870680144;-0.6103515625;
08:46:12;593.0;1573202773;85.362;25.278397548582568;0.6705145238350814;-0.5859375;
08:46:13;594.0;1573202774;85.105;26.444719137035545;0.7014514359956378;-0.60791015625;
08:46:14;595.0;1573202775;85.362;26.444719137035545;0.7014514359956378;-0.60791015625;
08:46:15;596.0;1573202776;85.344;27.870223300700292;0.7392632175252066;-0.634765625;
08:46:16;597.0;1573202777;85.694;26.444719137035545;0.7014514359956378;-0.60791015625;
08:46:17;598.0;1573202778;85.952;26.574310424641432;0.704888870680144;-0.6103515625;
08:46:18;599.0;1573202779;85.509;26.833492999853206;0.7117637400491567;-0.615234375;
08:46:19;600.0;1573202780;85.087;26.444719137035545;0.7014514359956378;-0.60791015625;
08:46:20;601.0;1573202781;84.904;26.574310424641432;0.704888870680144;-0.6103515625;
08:46:21;602.0;1573202782;84.831;26.444719137035545;0.7014514359956378;-0.60791015625;
08:46:22;603.0;1573202783;84.977;26.444719137035545;0.7014514359956378;-0.60791015625;
08:46:23;604.0;1573202784;85.454;26.31512784942966;0.6980140013111316;-0.60546875;
08:46:24;605.0;1573202785;85.27;26.18553656182377;0.6945765666266251;-0.60302734375;
08:46:25;606.0;1573202786;84.886;26.444719137035545;0.7014514359956378;-0.60791015625;
08:46:26;607.0;1573202787;85.179;26.574310424641432;0.704888870680144;-0.6103515625;
08:46:27;608.0;1573202788;85.325;26.574310424641432;0.704888870680144;-0.6103515625;
08:46:28;609.0;1573202789;85.767;26.31512784942966;0.6980140013111316;-0.60546875;
08:46:29;610.0;1573202790;85.971;26.444719137035545;0.7014514359956378;-0.60791015625;
08:46:30;611.0;1573202791;85.546;26.444719137035545;0.7014514359956378;-0.60791015625;
08:46:31;612.0;1573202792;85.344;25.796762699006113;0.6842642625731064;-0.595703125;
08:46:32;613.0;1573202793;85.565;25.926353986612;0.6877016972576127;-0.59814453125;
08:46:33;614.0;1573202795;86.026;26.31512784942966;0.6980140013111316;-0.60546875;
08:46:34;615.0;1573202795;86.249;25.926353986612;0.6877016972576127;-0.59814453125;
08:46:35;616.0;1573202796;86.063;26.31512784942966;0.6980140013111316;-0.60546875;
08:46:36;617.0;1573202797;85.86;25.667171411400226;0.6808268278886;-0.59326171875;
08:46:37;618.0;1573202799;85.344;26.055945274217887;0.691139131942119;-0.6005859375;
08:46:38;619.0;1573202800;85.344;26.18553656182377;0.6945765666266251;-0.60302734375;
08:46:39;620.0;1573202800;85.565;25.926353986612;0.6877016972576127;-0.59814453125;
08:46:40;621.0;1573202801;85.124;26.31512784942966;0.6980140013111316;-0.60546875;
08:46:41;622.0;1573202803;85.436;25.667171411400226;0.6808268278886;-0.59326171875;
08:46:42;623.0;1573202804;85.215;26.444719137035545;0.7014514359956378;-0.60791015625;
08:46:43;624.0;1573202805;84.977;26.574310424641432;0.704888870680144;-0.6103515625;
08:46:44;625.0;1573202805;84.941;26.444719137035545;0.7014514359956378;-0.60791015625;
08:46:45;626.0;1573202806;84.886;26.574310424641432;0.704888870680144;-0.6103515625;
08:46:46;627.0;1573202808;84.831;26.31512784942966;0.6980140013111316;-0.60546875;
08:46:47;628.0;1573202809;85.069;25.407988836188455;0.6739519585195877;-0.58837890625;
08:46:48;629.0;1573202809;85.528;25.278397548582568;0.6705145238350814;-0.5859375;
08:46:49;630.0;1573202810;85.712;26.444719137035545;0.7014514359956378;-0.60791015625;
08:46:50;631.0;1573202812;85.749;26.055945274217887;0.691139131942119;-0.6005859375;
08:46:51;632.0;1573202813;85.509;25.926353986612;0.6877016972576127;-0.59814453125;
08:46:52;633.0;1573202814;85.528;25.926353986612;0.6877016972576127;-0.59814453125;
08:46:53;634.0;1573202814;85.142;26.31512784942966;0.6980140013111316;-0.60546875;
08:46:54;635.0;1573202816;85.069;26.18553656182377;0.6945765666266251;-0.60302734375;
08:46:55;636.0;1573202817;85.289;26.18553656182377;0.6945765666266251;-0.60302734375;
08:46:56;637.0;1573202818;84.849;25.019214973370797;0.6636396544660689;-0.5810546875;
08:46:57;638.0;1573202819;85.069;26.18553656182377;0.6945765666266251;-0.60302734375;
08:46:58;639.0;1573202820;85.362;26.444719137035545;0.7014514359956378;-0.60791015625;
08:46:59;640.0;1573202821;84.941;23.852893384917817;0.6327027423055124;-0.55908203125;
08:47:00;641.0;1573202822;84.722;26.31512784942966;0.6980140013111316;-0.60546875;
08:47:01;642.0;1573202823;84.722;26.18553656182377;0.6945765666266251;-0.60302734375;
08:47:02;643.0;1573202824;84.485;26.444719137035545;0.7014514359956378;-0.60791015625;
08:47:04;645.0;1573202825;84.868;26.444719137035545;0.7014514359956378;-0.60791015625;
08:47:05;646.0;1573202826;85.05;25.926353986612;0.6877016972576127;-0.59814453125;
08:47:06;647.0;1573202827;84.813;26.31512784942966;0.6980140013111316;-0.60546875;
08:47:07;648.0;1573202828;85.05;26.31512784942966;0.6980140013111316;-0.60546875;
08:47:08;649.0;1573202829;84.868;25.796762699006113;0.6842642625731064;-0.595703125;
08:47:09;650.0;1573202830;84.685;26.18553656182377;0.6945765666266251;-0.60302734375;
08:47:10;651.0;1573202831;84.722;26.18553656182377;0.6945765666266251;-0.60302734375;
08:47:11;652.0;1573202832;84.959;26.703901712247315;0.7083263053646502;-0.61279296875;
08:47:12;653.0;1573202833;85.16;25.667171411400226;0.6808268278886;-0.59326171875;
08:47:13;654.0;1573202834;85.362;26.574310424641432;0.704888870680144;-0.6103515625;
08:47:14;655.0;1573202835;85.344;26.574310424641432;0.704888870680144;-0.6103515625;
08:47:15;656.0;1573202836;84.941;25.926353986612;0.6877016972576127;-0.59814453125;
08:47:16;657.0;1573202837;84.558;25.926353986612;0.6877016972576127;-0.59814453125;
08:47:17;658.0;1573202838;84.776;25.796762699006113;0.6842642625731064;-0.595703125;
08:47:18;659.0;1573202839;84.795;26.055945274217887;0.691139131942119;-0.6005859375;
08:47:19;660.0;1573202840;84.776;26.444719137035545;0.7014514359956378;-0.60791015625;
08:47:20;661.0;1573202841;84.977;25.14880626097668;0.6670770891505751;-0.58349609375;
08:47:21;662.0;1573202842;84.74;26.055945274217887;0.691139131942119;-0.6005859375;
08:47:22;663.0;1573202843;84.521;26.055945274217887;0.691139131942119;-0.6005859375;
08:47:23;664.0;1573202844;84.503;26.055945274217887;0.691139131942119;-0.6005859375;
08:47:24;665.0;1573202845;84.54;26.055945274217887;0.691139131942119;-0.6005859375;
08:47:25;666.0;1573202846;84.358;25.926353986612;0.6877016972576127;-0.59814453125;
08:47:26;667.0;1573202847;84.376;26.31512784942966;0.6980140013111316;-0.60546875;
08:47:27;668.0;1573202848;84.177;26.574310424641432;0.704888870680144;-0.6103515625;
08:47:28;669.0;1573202849;84.34;26.31512784942966;0.6980140013111316;-0.60546875;
08:47:29;670.0;1573202850;84.576;25.926353986612;0.6877016972576127;-0.59814453125;
08:47:30;671.0;1573202851;84.54;26.703901712247315;0.7083263053646502;-0.61279296875;
08:47:31;672.0;1573202852;84.467;26.18553656182377;0.6945765666266251;-0.60302734375;
08:47:32;673.0;1573202853;84.485;26.574310424641432;0.704888870680144;-0.6103515625;
08:47:33;674.0;1573202854;84.376;26.18553656182377;0.6945765666266251;-0.60302734375;
08:47:34;675.0;1573202855;84.431;26.444719137035545;0.7014514359956378;-0.60791015625;
08:47:35;676.0;1573202856;84.722;25.926353986612;0.6877016972576127;-0.59814453125;
08:47:36;677.0;1573202858;84.485;23.982484672523704;0.6361401769900186;-0.5615234375;
08:47:37;678.0;1573202858;84.594;26.574310424641432;0.704888870680144;-0.6103515625;
08:47:38;679.0;1573202859;84.376;25.926353986612;0.6877016972576127;-0.59814453125;
08:47:39;680.0;1573202860;84.159;25.926353986612;0.6877016972576127;-0.59814453125;
08:47:40;681.0;1573202862;83.942;26.574310424641432;0.704888870680144;-0.6103515625;
08:47:41;682.0;1573202863;84.068;26.444719137035545;0.7014514359956378;-0.60791015625;
08:47:42;683.0;1573202863;84.54;26.055945274217887;0.691139131942119;-0.6005859375;
08:47:43;684.0;1573202864;84.34;26.18553656182377;0.6945765666266251;-0.60302734375;
08:47:44;685.0;1573202865;84.54;25.667171411400226;0.6808268278886;-0.59326171875;
08:47:45;686.0;1573202867;84.322;26.31512784942966;0.6980140013111316;-0.60546875;
08:47:46;687.0;1573202868;84.05;26.055945274217887;0.691139131942119;-0.6005859375;
08:47:47;688.0;1573202868;84.412;26.444719137035545;0.7014514359956378;-0.60791015625;
08:47:48;689.0;1573202869;84.231;21.909024070829524;0.5811412220379184;-0.5224609375;
08:47:49;690.0;1573202871;84.231;26.444719137035545;0.7014514359956378;-0.60791015625;
08:47:50;691.0;1573202872;84.412;26.31512784942966;0.6980140013111316;-0.60546875;
08:47:51;692.0;1573202872;84.431;26.444719137035545;0.7014514359956378;-0.60791015625;
08:47:52;693.0;1573202873;84.649;25.667171411400226;0.6808268278886;-0.59326171875;
08:47:53;694.0;1573202875;84.503;26.055945274217887;0.691139131942119;-0.6005859375;
08:47:54;695.0;1573202876;84.249;26.055945274217887;0.691139131942119;-0.6005859375;
08:47:55;696.0;1573202876;84.032;26.444719137035545;0.7014514359956378;-0.60791015625;
08:47:56;697.0;1573202877;83.816;26.18553656182377;0.6945765666266251;-0.60302734375;
08:47:57;698.0;1573202879;83.96;25.796762699006113;0.6842642625731064;-0.595703125;
08:47:58;699.0;1573202880;84.032;26.055945274217887;0.691139131942119;-0.6005859375;
08:47:59;700.0;1573202881;84.014;26.833492999853206;0.7117637400491567;-0.615234375;
08:48:00;701.0;1573202881;84.431;26.574310424641432;0.704888870680144;-0.6103515625;
08:48:01;702.0;1573202883;84.322;26.18553656182377;0.6945765666266251;-0.60302734375;
08:48:02;703.0;1573202884;84.304;26.703901712247315;0.7083263053646502;-0.61279296875;
08:48:03;704.0;1573202885;84.74;26.574310424641432;0.704888870680144;-0.6103515625;
08:48:04;705.0;1573202886;84.322;26.444719137035545;0.7014514359956378;-0.60791015625;
08:48:05;706.0;1573202887;84.267;26.055945274217887;0.691139131942119;-0.6005859375;
08:48:06;707.0;1573202888;84.249;26.18553656182377;0.6945765666266251;-0.60302734375;
08:48:07;708.0;1573202889;83.852;26.444719137035545;0.7014514359956378;-0.60791015625;
08:48:09;710.0;1573202890;83.689;26.444719137035545;0.7014514359956378;-0.60791015625;
08:48:10;711.0;1573202891;83.725;26.444719137035545;0.7014514359956378;-0.60791015625;
08:48:11;712.0;1573202892;83.582;27.481449437882635;0.7289509134716878;-0.62744140625;
08:48:12;713.0;1573202893;83.618;26.574310424641432;0.704888870680144;-0.6103515625;
08:48:13;714.0;1573202894;83.78;25.796762699006113;0.6842642625731064;-0.595703125;
08:48:14;715.0;1573202895;83.564;26.31512784942966;0.6980140013111316;-0.60546875;
08:48:15;716.0;1573202896;83.743;27.611040725488518;0.732388348156194;-0.6298828125;
08:48:16;717.0;1573202897;83.942;26.055945274217887;0.691139131942119;-0.6005859375;
08:48:17;718.0;1573202898;84.195;26.703901712247315;0.7083263053646502;-0.61279296875;
08:48:18;719.0;1573202899;84.177;26.574310424641432;0.704888870680144;-0.6103515625;
08:48:19;720.0;1573202900;83.978;26.444719137035545;0.7014514359956378;-0.60791015625;
08:48:20;721.0;1573202901;83.761;26.18553656182377;0.6945765666266251;-0.60302734375;
08:48:21;722.0;1573202902;83.528;26.18553656182377;0.6945765666266251;-0.60302734375;
08:48:22;723.0;1573202903;83.942;26.31512784942966;0.6980140013111316;-0.60546875;
08:48:23;724.0;1573202904;84.322;26.574310424641432;0.704888870680144;-0.6103515625;
08:48:24;725.0;1573202905;84.122;26.31512784942966;0.6980140013111316;-0.60546875;
08:48:25;726.0;1573202906;84.086;27.092675575064977;0.718638609418169;-0.6201171875;
08:48:26;727.0;1573202907;83.834;26.31512784942966;0.6980140013111316;-0.60546875;
08:48:27;728.0;1573202908;83.618;27.22226686267086;0.7220760441026753;-0.62255859375;
08:48:28;729.0;1573202909;83.816;26.444719137035545;0.7014514359956378;-0.60791015625;
08:48:29;730.0;1573202910;84.032;26.055945274217887;0.691139131942119;-0.6005859375;
08:48:30;731.0;1573202911;84.104;26.055945274217887;0.691139131942119;-0.6005859375;
08:48:31;732.0;1573202912;84.086;26.055945274217887;0.691139131942119;-0.6005859375;
08:48:32;733.0;1573202913;84.05;25.926353986612;0.6877016972576127;-0.59814453125;
08:48:33;734.0;1573202914;83.834;25.278397548582568;0.6705145238350814;-0.5859375;
08:48:34;735.0;1573202915;84.014;26.31512784942966;0.6980140013111316;-0.60546875;
08:48:35;736.0;1573202916;84.104;26.31512784942966;0.6980140013111316;-0.60546875;
08:48:36;737.0;1573202917;84.122;26.31512784942966;0.6980140013111316;-0.60546875;
08:48:37;738.0;1573202918;84.159;25.278397548582568;0.6705145238350814;-0.5859375;
08:48:38;739.0;1573202919;84.213;26.18553656182377;0.6945765666266251;-0.60302734375;
08:48:39;740.0;1573202920;84.376;26.444719137035545;0.7014514359956378;-0.60791015625;
08:48:40;741.0;1573202921;84.358;26.055945274217887;0.691139131942119;-0.6005859375;
08:48:41;742.0;1573202922;84.304;26.444719137035545;0.7014514359956378;-0.60791015625;
08:48:42;743.0;1573202924;84.05;26.31512784942966;0.6980140013111316;-0.60546875;
08:48:43;744.0;1573202924;83.654;27.35185815027675;0.7255134787871816;-0.625;
08:48:44;745.0;1573202925;83.888;26.31512784942966;0.6980140013111316;-0.60546875;
08:48:45;746.0;1573202926;83.906;25.407988836188455;0.6739519585195877;-0.58837890625;
08:48:46;747.0;1573202928;83.87;26.444719137035545;0.7014514359956378;-0.60791015625;
08:48:47;748.0;1573202929;83.834;26.444719137035545;0.7014514359956378;-0.60791015625;
08:48:48;749.0;1573202929;83.87;26.18553656182377;0.6945765666266251;-0.60302734375;
08:48:49;750.0;1573202930;83.654;25.796762699006113;0.6842642625731064;-0.595703125;
08:48:50;751.0;1573202932;83.456;26.574310424641432;0.704888870680144;-0.6103515625;
08:48:51;752.0;1573202933;83.438;26.055945274217887;0.691139131942119;-0.6005859375;
08:48:52;753.0;1573202934;83.187;26.055945274217887;0.691139131942119;-0.6005859375;
08:48:53;754.0;1573202934;83.636;26.31512784942966;0.6980140013111316;-0.60546875;
08:48:54;755.0;1573202935;83.689;25.926353986612;0.6877016972576127;-0.59814453125;
08:48:55;756.0;1573202937;83.942;26.703901712247315;0.7083263053646502;-0.61279296875;
08:48:56;757.0;1573202938;83.96;26.31512784942966;0.6980140013111316;-0.60546875;
08:48:57;758.0;1573202938;83.51;26.444719137035545;0.7014514359956378;-0.60791015625;
08:48:58;759.0;1573202940;83.492;25.796762699006113;0.6842642625731064;-0.595703125;
08:48:59;760.0;1573202941;83.42;30.591640340423904;0.8114493458998382;-0.68603515625;
08:49:00;761.0;1573202942;83.205;26.444719137035545;0.7014514359956378;-0.60791015625;
08:49:01;762.0;1573202942;83.689;26.31512784942966;0.6980140013111316;-0.60546875;
08:49:02;763.0;1573202944;83.87;25.796762699006113;0.6842642625731064;-0.595703125;
08:49:03;764.0;1573202945;83.743;26.444719137035545;0.7014514359956378;-0.60791015625;
08:49:04;765.0;1573202946;83.798;26.055945274217887;0.691139131942119;-0.6005859375;
08:49:05;766.0;1573202947;83.725;23.982484672523704;0.6361401769900186;-0.5615234375;
08:49:06;767.0;1573202948;83.51;26.31512784942966;0.6980140013111316;-0.60546875;
08:49:07;768.0;1573202949;83.51;26.703901712247315;0.7083263053646502;-0.61279296875;
08:49:08;769.0;1573202950;83.654;26.31512784942966;0.6980140013111316;-0.60546875;
08:49:09;770.0;1573202951;83.259;26.055945274217887;0.691139131942119;-0.6005859375;
08:49:10;771.0;1573202952;83.277;25.926353986612;0.6877016972576127;-0.59814453125;
08:49:11;772.0;1573202953;83.241;27.092675575064977;0.718638609418169;-0.6201171875;
08:49:13;774.0;1573202954;83.241;26.444719137035545;0.7014514359956378;-0.60791015625;
08:49:14;775.0;1573202955;83.313;26.18553656182377;0.6945765666266251;-0.60302734375;
08:49:15;776.0;1573202956;83.331;26.31512784942966;0.6980140013111316;-0.60546875;
08:49:16;777.0;1573202957;83.098;26.31512784942966;0.6980140013111316;-0.60546875;
08:49:17;778.0;1573202958;82.688;26.31512784942966;0.6980140013111316;-0.60546875;
08:49:18;779.0;1573202959;82.476;23.46411952210016;0.6223904382519936;-0.5517578125;
08:49:19;780.0;1573202960;82.6;26.574310424641432;0.704888870680144;-0.6103515625;
08:49:20;781.0;1573202961;83.045;26.18553656182377;0.6945765666266251;-0.60302734375;
08:49:21;782.0;1573202962;82.813;26.574310424641432;0.704888870680144;-0.6103515625;
08:49:22;783.0;1573202963;83.17;26.18553656182377;0.6945765666266251;-0.60302734375;
08:49:23;784.0;1573202964;83.08;26.055945274217887;0.691139131942119;-0.6005859375;
08:49:25;786.0;1573202965;83.528;27.092675575064977;0.718638609418169;-0.6201171875;
08:49:26;787.0;1573202967;83.384;26.833492999853206;0.7117637400491567;-0.615234375;
08:49:27;788.0;1573202968;83.546;26.444719137035545;0.7014514359956378;-0.60791015625;
08:49:28;789.0;1573202969;83.152;27.481449437882635;0.7289509134716878;-0.62744140625;
08:49:29;790.0;1573202970;83.116;25.926353986612;0.6877016972576127;-0.59814453125;
08:49:30;791.0;1573202971;82.866;24.630441110553136;0.65332735041255;-0.57373046875;
08:49:31;792.0;1573202972;83.08;26.31512784942966;0.6980140013111316;-0.60546875;
08:49:32;793.0;1573202973;83.295;25.407988836188455;0.6739519585195877;-0.58837890625;
08:49:33;794.0;1573202974;83.366;26.703901712247315;0.7083263053646502;-0.61279296875;
08:49:34;795.0;1573202975;83.761;26.18553656182377;0.6945765666266251;-0.60302734375;
08:49:35;796.0;1573202976;83.384;26.444719137035545;0.7014514359956378;-0.60791015625;
08:49:36;797.0;1573202977;83.618;25.926353986612;0.6877016972576127;-0.59814453125;
08:49:37;798.0;1573202978;83.384;26.055945274217887;0.691139131942119;-0.6005859375;
08:49:38;799.0;1573202979;83.42;26.444719137035545;0.7014514359956378;-0.60791015625;
08:49:39;800.0;1573202980;83.384;26.18553656182377;0.6945765666266251;-0.60302734375;
08:49:40;801.0;1573202981;82.92;26.444719137035545;0.7014514359956378;-0.60791015625;
08:49:41;802.0;1573202982;82.973;26.444719137035545;0.7014514359956378;-0.60791015625;
08:49:42;803.0;1573202983;82.564;25.926353986612;0.6877016972576127;-0.59814453125;
08:49:43;804.0;1573202984;82.299;26.18553656182377;0.6945765666266251;-0.60302734375;
08:49:44;805.0;1573202986;82.493;26.444719137035545;0.7014514359956378;-0.60791015625;
08:49:45;806.0;1573202986;83.027;26.31512784942966;0.6980140013111316;-0.60546875;
08:49:46;807.0;1573202987;83.045;24.37125853534136;0.6464524810435374;-0.56884765625;
08:49:47;808.0;1573202988;82.955;26.444719137035545;0.7014514359956378;-0.60791015625;
08:49:48;809.0;1573202990;82.777;26.055945274217887;0.691139131942119;-0.6005859375;
08:49:49;810.0;1573202990;82.564;26.18553656182377;0.6945765666266251;-0.60302734375;
08:49:50;811.0;1573202991;82.706;26.18553656182377;0.6945765666266251;-0.60302734375;
08:49:51;812.0;1573202992;83.062;25.926353986612;0.6877016972576127;-0.59814453125;
08:49:52;813.0;1573202993;83.456;26.574310424641432;0.704888870680144;-0.6103515625;
08:49:53;814.0;1573202995;83.277;26.31512784942966;0.6980140013111316;-0.60546875;
08:49:54;815.0;1573202996;83.098;24.889623685764906;0.6602022197815625;-0.57861328125;
08:49:55;816.0;1573202996;83.277;25.407988836188455;0.6739519585195877;-0.58837890625;
08:49:56;817.0;1573202997;82.848;26.574310424641432;0.704888870680144;-0.6103515625;
08:49:57;818.0;1573202999;82.671;26.18553656182377;0.6945765666266251;-0.60302734375;
08:49:58;819.0;1573203000;82.671;26.444719137035545;0.7014514359956378;-0.60791015625;
08:49:59;820.0;1573203000;82.511;25.926353986612;0.6877016972576127;-0.59814453125;
08:50:00;821.0;1573203001;82.529;26.574310424641432;0.704888870680144;-0.6103515625;
08:50:01;822.0;1573203003;82.706;25.796762699006113;0.6842642625731064;-0.595703125;
08:50:02;823.0;1573203004;82.866;26.31512784942966;0.6980140013111316;-0.60546875;
08:50:03;824.0;1573203005;82.476;26.31512784942966;0.6980140013111316;-0.60546875;
08:50:04;825.0;1573203005;82.706;26.574310424641432;0.704888870680144;-0.6103515625;
08:50:05;826.0;1573203007;82.902;26.055945274217887;0.691139131942119;-0.6005859375;
08:50:06;827.0;1573203008;82.76;26.444719137035545;0.7014514359956378;-0.60791015625;
08:50:07;828.0;1573203009;82.742;26.31512784942966;0.6980140013111316;-0.60546875;
08:50:08;829.0;1573203009;82.742;26.444719137035545;0.7014514359956378;-0.60791015625;
08:50:09;830.0;1573203011;82.547;26.444719137035545;0.7014514359956378;-0.60791015625;
08:50:10;831.0;1573203012;82.564;25.926353986612;0.6877016972576127;-0.59814453125;
08:50:11;832.0;1573203013;82.777;26.31512784942966;0.6980140013111316;-0.60546875;
08:50:12;833.0;1573203014;82.724;27.35185815027675;0.7255134787871816;-0.625;
08:50:13;834.0;1573203015;82.529;27.22226686267086;0.7220760441026753;-0.62255859375;
08:50:14;835.0;1573203016;82.458;25.926353986612;0.6877016972576127;-0.59814453125;
08:50:15;836.0;1573203017;82.635;25.667171411400226;0.6808268278886;-0.59326171875;
08:50:17;838.0;1573203018;82.902;26.31512784942966;0.6980140013111316;-0.60546875;
08:50:18;839.0;1573203019;82.458;26.18553656182377;0.6945765666266251;-0.60302734375;
08:50:19;840.0;1573203020;82.316;25.537580123794342;0.6773893932040939;-0.5908203125;
08:50:20;841.0;1573203021;82.316;26.18553656182377;0.6945765666266251;-0.60302734375;
08:50:21;842.0;1573203022;81.858;26.444719137035545;0.7014514359956378;-0.60791015625;
08:50:22;843.0;1573203023;82.511;25.926353986612;0.6877016972576127;-0.59814453125;
08:50:23;844.0;1573203024;82.511;26.833492999853206;0.7117637400491567;-0.615234375;
08:50:24;845.0;1573203024;82.511;26.31512784942966;0.6980140013111316;-0.60546875;
08:50:25;846.0;1573203026;82.547;26.574310424641432;0.704888870680144;-0.6103515625;
08:50:26;847.0;1573203027;82.582;26.055945274217887;0.691139131942119;-0.6005859375;
08:50:27;848.0;1573203028;82.777;26.31512784942966;0.6980140013111316;-0.60546875;
08:50:28;849.0;1573203029;82.493;26.18553656182377;0.6945765666266251;-0.60302734375;
08:50:29;850.0;1573203030;82.316;26.055945274217887;0.691139131942119;-0.6005859375;
08:50:30;851.0;1573203031;82.263;27.481449437882635;0.7289509134716878;-0.62744140625;
08:50:31;852.0;1573203032;82.44;26.31512784942966;0.6980140013111316;-0.60546875;
08:50:32;853.0;1573203033;82.706;26.31512784942966;0.6980140013111316;-0.60546875;
08:50:33;854.0;1573203034;82.635;26.96308428745909;0.7152011747336628;-0.61767578125;
08:50:34;855.0;1573203035;82.617;26.703901712247315;0.7083263053646502;-0.61279296875;
08:50:35;856.0;1573203036;82.44;27.22226686267086;0.7220760441026753;-0.62255859375;
08:50:36;857.0;1573203037;81.999;26.18553656182377;0.6945765666266251;-0.60302734375;
08:50:37;858.0;1573203038;82.263;25.667171411400226;0.6808268278886;-0.59326171875;
08:50:38;859.0;1573203039;82.263;26.18553656182377;0.6945765666266251;-0.60302734375;
08:50:39;860.0;1573203040;82.246;25.667171411400226;0.6808268278886;-0.59326171875;
08:50:40;861.0;1573203041;82.511;26.444719137035545;0.7014514359956378;-0.60791015625;
08:50:41;862.0;1573203042;82.458;26.444719137035545;0.7014514359956378;-0.60791015625;
08:50:42;863.0;1573203043;82.281;26.444719137035545;0.7014514359956378;-0.60791015625;
08:50:43;864.0;1573203044;82.334;26.18553656182377;0.6945765666266251;-0.60302734375;
08:50:44;865.0;1573203045;82.193;26.18553656182377;0.6945765666266251;-0.60302734375;
08:50:45;866.0;1573203046;82.21;26.96308428745909;0.7152011747336628;-0.61767578125;
08:50:46;867.0;1573203048;82.44;26.574310424641432;0.704888870680144;-0.6103515625;
08:50:47;868.0;1573203048;82.6;26.444719137035545;0.7014514359956378;-0.60791015625;
