Time;Seconds from start for linreg;Unix Time;ch1 po2;Uc;Ubl;Vc;
03:59:20;-1.0;1572404361;101.79;19.751188380349994;0.481736301959756;-0.4736328125;
03:59:21;0.0;1572404362;102.035;19.883691132132412;0.48496807639347345;-0.47607421875;
03:59:22;1.0;1572404363;101.344;20.67870764282691;0.5043587229957783;-0.49072265625;
03:59:23;2.0;1572404364;101.544;19.883691132132412;0.48496807639347345;-0.47607421875;
03:59:24;3.0;1572404365;101.678;20.016193883914827;0.4881998508271909;-0.478515625;
03:59:25;4.0;1572404366;101.611;20.28119938747966;0.49466339969462586;-0.4833984375;
03:59:26;5.0;1572404367;102.215;20.148696635697245;0.49143162526090844;-0.48095703125;
03:59:27;6.0;1572404368;102.013;20.413702139262078;0.4978951741283434;-0.48583984375;
03:59:28;7.0;1572404369;101.991;20.28119938747966;0.49466339969462586;-0.4833984375;
03:59:29;8.0;1572404370;101.924;20.546204891044493;0.5011269485620607;-0.48828125;
03:59:30;9.0;1572404371;101.723;20.67870764282691;0.5043587229957783;-0.49072265625;
03:59:31;10.0;1572404372;101.723;20.28119938747966;0.49466339969462586;-0.4833984375;
03:59:32;11.0;1572404373;101.633;20.943713146391744;0.5108222718632133;-0.49560546875;
03:59:33;12.0;1572404374;101.411;20.28119938747966;0.49466339969462586;-0.4833984375;
03:59:34;13.0;1572404376;101.367;20.546204891044493;0.5011269485620607;-0.48828125;
03:59:35;14.0;1572404376;101.455;20.546204891044493;0.5011269485620607;-0.48828125;
03:59:36;15.0;1572404378;101.589;20.28119938747966;0.49466339969462586;-0.4833984375;
03:59:37;16.0;1572404378;101.834;20.148696635697245;0.49143162526090844;-0.48095703125;
03:59:38;17.0;1572404379;101.991;20.28119938747966;0.49466339969462586;-0.4833984375;
03:59:39;18.0;1572404380;101.946;20.28119938747966;0.49466339969462586;-0.4833984375;
03:59:40;19.0;1572404381;101.968;19.61868562856758;0.4785045275260385;-0.47119140625;
03:59:41;20.0;1572404383;101.901;21.07621589817416;0.5140540462969307;-0.498046875;
03:59:42;21.0;1572404383;101.946;22.666248919563152;0.5528353395015403;-0.52734375;
03:59:43;22.0;1572404385;101.991;20.413702139262078;0.4978951741283434;-0.48583984375;
03:59:44;23.0;1572404385;101.834;20.28119938747966;0.49466339969462586;-0.4833984375;
03:59:45;24.0;1572404386;101.834;19.883691132132412;0.48496807639347345;-0.47607421875;
03:59:46;25.0;1572404388;101.633;20.413702139262078;0.4978951741283434;-0.48583984375;
03:59:47;26.0;1572404388;101.611;20.67870764282691;0.5043587229957783;-0.49072265625;
03:59:48;27.0;1572404390;101.745;20.546204891044493;0.5011269485620607;-0.48828125;
03:59:49;28.0;1572404390;101.5;20.28119938747966;0.49466339969462586;-0.4833984375;
03:59:50;29.0;1572404392;101.567;20.546204891044493;0.5011269485620607;-0.48828125;
03:59:51;30.0;1572404392;101.544;15.511100323312677;0.378319520080797;-0.3955078125;
03:59:52;31.0;1572404394;101.256;20.546204891044493;0.5011269485620607;-0.48828125;
03:59:53;32.0;1572404395;101.7;20.28119938747966;0.49466339969462586;-0.4833984375;
03:59:54;33.0;1572404396;101.589;20.28119938747966;0.49466339969462586;-0.4833984375;
03:59:55;34.0;1572404397;101.946;20.28119938747966;0.49466339969462586;-0.4833984375;
03:59:56;35.0;1572404397;102.237;20.811210394609326;0.5075904974294958;-0.4931640625;
03:59:57;36.0;1572404399;101.924;20.28119938747966;0.49466339969462586;-0.4833984375;
03:59:58;37.0;1572404399;101.991;20.28119938747966;0.49466339969462586;-0.4833984375;
03:59:59;38.0;1572404401;101.633;20.28119938747966;0.49466339969462586;-0.4833984375;
04:00:00;39.0;1572404402;101.5;20.28119938747966;0.49466339969462586;-0.4833984375;
04:00:01;40.0;1572404403;101.611;20.413702139262078;0.4978951741283434;-0.48583984375;
04:00:02;41.0;1572404404;101.389;23.063757174910396;0.5625306628026926;-0.53466796875;
04:00:03;42.0;1572404405;101.455;20.546204891044493;0.5011269485620607;-0.48828125;
04:00:04;43.0;1572404406;101.167;20.67870764282691;0.5043587229957783;-0.49072265625;
04:00:05;44.0;1572404406;100.946;20.67870764282691;0.5043587229957783;-0.49072265625;
04:00:06;45.0;1572404408;101.123;20.148696635697245;0.49143162526090844;-0.48095703125;
04:00:07;46.0;1572404409;101.123;20.413702139262078;0.4978951741283434;-0.48583984375;
04:00:08;47.0;1572404410;101.411;19.883691132132412;0.48496807639347345;-0.47607421875;
04:00:09;48.0;1572404411;101.567;20.546204891044493;0.5011269485620607;-0.48828125;
04:00:11;50.0;1572404412;101.478;20.413702139262078;0.4978951741283434;-0.48583984375;
04:00:12;51.0;1572404413;101.322;20.28119938747966;0.49466339969462586;-0.4833984375;
04:00:13;52.0;1572404414;101.189;19.751188380349994;0.481736301959756;-0.4736328125;
04:00:14;53.0;1572404415;101.167;20.413702139262078;0.4978951741283434;-0.48583984375;
04:00:15;54.0;1572404416;101.433;20.943713146391744;0.5108222718632133;-0.49560546875;
04:00:16;55.0;1572404417;101.7;20.28119938747966;0.49466339969462586;-0.4833984375;
04:00:17;56.0;1572404418;101.611;18.161155358961;0.4429550087551464;-0.4443359375;
04:00:18;57.0;1572404419;101.567;21.341221401738988;0.5205175951643656;-0.5029296875;
04:00:19;58.0;1572404420;101.433;20.413702139262078;0.4978951741283434;-0.48583984375;
04:00:20;59.0;1572404421;101.344;20.28119938747966;0.49466339969462586;-0.4833984375;
04:00:21;60.0;1572404422;101.656;20.413702139262078;0.4978951741283434;-0.48583984375;
04:00:22;61.0;1572404423;101.946;19.883691132132412;0.48496807639347345;-0.47607421875;
04:00:23;62.0;1572404424;101.968;20.28119938747966;0.49466339969462586;-0.4833984375;
04:00:24;63.0;1572404425;102.08;20.148696635697245;0.49143162526090844;-0.48095703125;
04:00:25;64.0;1572404426;102.058;17.498641600048924;0.4267961365865591;-0.43212890625;
04:00:26;65.0;1572404427;101.79;20.148696635697245;0.49143162526090844;-0.48095703125;
04:00:27;66.0;1572404428;102.013;20.148696635697245;0.49143162526090844;-0.48095703125;
04:00:28;67.0;1572404429;101.812;20.413702139262078;0.4978951741283434;-0.48583984375;
04:00:29;68.0;1572404430;101.7;20.413702139262078;0.4978951741283434;-0.48583984375;
04:00:30;69.0;1572404431;101.656;20.148696635697245;0.49143162526090844;-0.48095703125;
04:00:31;70.0;1572404432;101.478;20.413702139262078;0.4978951741283434;-0.48583984375;
04:00:32;71.0;1572404433;101.322;20.413702139262078;0.4978951741283434;-0.48583984375;
04:00:33;72.0;1572404434;101.411;20.148696635697245;0.49143162526090844;-0.48095703125;
04:00:34;73.0;1572404435;101.767;20.28119938747966;0.49466339969462586;-0.4833984375;
04:00:35;74.0;1572404436;101.7;20.413702139262078;0.4978951741283434;-0.48583984375;
04:00:36;75.0;1572404437;101.633;20.546204891044493;0.5011269485620607;-0.48828125;
04:00:37;76.0;1572404438;101.367;20.28119938747966;0.49466339969462586;-0.4833984375;
04:00:39;78.0;1572404440;101.367;20.28119938747966;0.49466339969462586;-0.4833984375;
04:00:40;79.0;1572404441;101.322;19.61868562856758;0.4785045275260385;-0.47119140625;
04:00:41;80.0;1572404442;101.589;18.691166366090666;0.45588210649001626;-0.4541015625;
04:00:42;81.0;1572404443;101.544;20.811210394609326;0.5075904974294958;-0.4931640625;
04:00:43;82.0;1572404445;101.367;20.67870764282691;0.5043587229957783;-0.49072265625;
04:00:44;83.0;1572404445;101.812;20.546204891044493;0.5011269485620607;-0.48828125;
04:00:45;84.0;1572404447;101.723;20.28119938747966;0.49466339969462586;-0.4833984375;
04:00:46;85.0;1572404447;101.455;20.811210394609326;0.5075904974294958;-0.4931640625;
04:00:47;86.0;1572404449;101.344;20.148696635697245;0.49143162526090844;-0.48095703125;
04:00:48;87.0;1572404449;101.034;20.413702139262078;0.4978951741283434;-0.48583984375;
04:00:49;88.0;1572404451;100.791;20.148696635697245;0.49143162526090844;-0.48095703125;
04:00:50;89.0;1572404451;100.946;20.413702139262078;0.4978951741283434;-0.48583984375;
04:00:51;90.0;1572404453;101.233;21.738729657086235;0.530212918465518;-0.51025390625;
04:00:52;91.0;1572404453;101.167;20.28119938747966;0.49466339969462586;-0.4833984375;
04:00:53;92.0;1572404455;101.433;19.883691132132412;0.48496807639347345;-0.47607421875;
04:00:54;93.0;1572404456;101.256;20.148696635697245;0.49143162526090844;-0.48095703125;
04:00:55;94.0;1572404456;101.034;20.28119938747966;0.49466339969462586;-0.4833984375;
04:00:56;95.0;1572404458;100.968;20.148696635697245;0.49143162526090844;-0.48095703125;
04:00:57;96.0;1572404458;100.901;19.883691132132412;0.48496807639347345;-0.47607421875;
04:00:58;97.0;1572404460;100.99;20.28119938747966;0.49466339969462586;-0.4833984375;
04:00:59;98.0;1572404460;101.012;20.546204891044493;0.5011269485620607;-0.48828125;
04:01:00;99.0;1572404462;101.056;19.883691132132412;0.48496807639347345;-0.47607421875;
04:01:01;100.0;1572404463;100.99;20.546204891044493;0.5011269485620607;-0.48828125;
04:01:02;101.0;1572404464;101.1;20.148696635697245;0.49143162526090844;-0.48095703125;
04:01:03;102.0;1572404465;101.167;20.67870764282691;0.5043587229957783;-0.49072265625;
04:01:04;103.0;1572404465;101.189;20.413702139262078;0.4978951741283434;-0.48583984375;
04:01:05;104.0;1572404467;101.322;20.28119938747966;0.49466339969462586;-0.4833984375;
04:01:06;105.0;1572404468;101.211;20.148696635697245;0.49143162526090844;-0.48095703125;
04:01:07;106.0;1572404469;101.189;20.28119938747966;0.49466339969462586;-0.4833984375;
04:01:08;107.0;1572404470;101.1;20.413702139262078;0.4978951741283434;-0.48583984375;
04:01:09;108.0;1572404471;101.034;20.413702139262078;0.4978951741283434;-0.48583984375;
04:01:10;109.0;1572404472;100.968;20.28119938747966;0.49466339969462586;-0.4833984375;
04:01:11;110.0;1572404473;100.835;20.413702139262078;0.4978951741283434;-0.48583984375;
04:01:12;111.0;1572404474;101.1;20.28119938747966;0.49466339969462586;-0.4833984375;
04:01:13;112.0;1572404475;101.211;16.04111133044234;0.39124661781566683;-0.4052734375;
04:01:15;114.0;1572404476;101.3;20.28119938747966;0.49466339969462586;-0.4833984375;
04:01:16;115.0;1572404477;101.478;20.148696635697245;0.49143162526090844;-0.48095703125;
04:01:17;116.0;1572404478;101.5;20.546204891044493;0.5011269485620607;-0.48828125;
04:01:18;117.0;1572404479;101.3;20.67870764282691;0.5043587229957783;-0.49072265625;
04:01:19;118.0;1572404480;101.256;20.546204891044493;0.5011269485620607;-0.48828125;
04:01:20;119.0;1572404481;101.211;20.148696635697245;0.49143162526090844;-0.48095703125;
04:01:21;120.0;1572404482;101.123;19.35368012500275;0.47204097865860367;-0.46630859375;
04:01:22;121.0;1572404483;101.145;20.28119938747966;0.49466339969462586;-0.4833984375;
04:01:23;122.0;1572404484;101.256;20.148696635697245;0.49143162526090844;-0.48095703125;
04:01:24;123.0;1572404485;101.1;20.148696635697245;0.49143162526090844;-0.48095703125;
04:01:25;124.0;1572404486;100.946;19.883691132132412;0.48496807639347345;-0.47607421875;
04:01:26;125.0;1572404487;100.968;19.088674621437917;0.46557742979116873;-0.46142578125;
04:01:27;126.0;1572404488;100.769;20.546204891044493;0.5011269485620607;-0.48828125;
04:01:28;127.0;1572404489;100.813;20.413702139262078;0.4978951741283434;-0.48583984375;
04:01:29;128.0;1572404490;100.857;20.413702139262078;0.4978951741283434;-0.48583984375;
04:01:30;129.0;1572404491;100.857;20.811210394609326;0.5075904974294958;-0.4931640625;
04:01:31;130.0;1572404492;101.034;20.546204891044493;0.5011269485620607;-0.48828125;
04:01:32;131.0;1572404493;101.012;20.28119938747966;0.49466339969462586;-0.4833984375;
04:01:33;132.0;1572404494;101.189;20.148696635697245;0.49143162526090844;-0.48095703125;
04:01:34;133.0;1572404495;100.99;20.016193883914827;0.4881998508271909;-0.478515625;
04:01:35;134.0;1572404496;100.946;20.148696635697245;0.49143162526090844;-0.48095703125;
04:01:36;135.0;1572404497;101.1;20.28119938747966;0.49466339969462586;-0.4833984375;
04:01:38;137.0;1572404498;101.233;20.546204891044493;0.5011269485620607;-0.48828125;
04:01:39;138.0;1572404500;101.123;20.148696635697245;0.49143162526090844;-0.48095703125;
04:01:40;139.0;1572404501;100.659;23.858773685604895;0.5819213094049974;-0.54931640625;
04:01:41;140.0;1572404502;100.526;20.148696635697245;0.49143162526090844;-0.48095703125;
04:01:42;141.0;1572404503;100.681;19.883691132132412;0.48496807639347345;-0.47607421875;
04:01:43;142.0;1572404504;100.791;20.413702139262078;0.4978951741283434;-0.48583984375;
04:01:44;143.0;1572404506;101.078;22.666248919563152;0.5528353395015403;-0.52734375;
04:01:45;144.0;1572404506;100.968;20.28119938747966;0.49466339969462586;-0.4833984375;
04:01:46;145.0;1572404507;100.923;20.28119938747966;0.49466339969462586;-0.4833984375;
04:01:47;146.0;1572404508;100.901;20.546204891044493;0.5011269485620607;-0.48828125;
04:01:48;147.0;1572404509;100.813;22.931254423127985;0.5592988883689752;-0.5322265625;
04:01:49;148.0;1572404510;100.769;20.28119938747966;0.49466339969462586;-0.4833984375;
04:01:50;149.0;1572404511;100.57;20.28119938747966;0.49466339969462586;-0.4833984375;
04:01:51;150.0;1572404512;100.307;20.413702139262078;0.4978951741283434;-0.48583984375;
04:01:52;151.0;1572404513;100.417;20.148696635697245;0.49143162526090844;-0.48095703125;
04:01:53;152.0;1572404514;100.351;20.546204891044493;0.5011269485620607;-0.48828125;
04:01:54;153.0;1572404515;100.615;19.48618287678516;0.47527275309232103;-0.46875;
04:01:55;154.0;1572404516;100.923;20.67870764282691;0.5043587229957783;-0.49072265625;
04:01:56;155.0;1572404517;100.857;20.148696635697245;0.49143162526090844;-0.48095703125;
04:01:57;156.0;1572404518;101.1;26.64133147303564;0.6497885725130643;-0.6005859375;
04:01:58;157.0;1572404519;100.747;20.28119938747966;0.49466339969462586;-0.4833984375;
04:01:59;158.0;1572404520;100.482;20.28119938747966;0.49466339969462586;-0.4833984375;
04:02:00;159.0;1572404521;100.307;20.28119938747966;0.49466339969462586;-0.4833984375;
04:02:01;160.0;1572404522;100.285;20.413702139262078;0.4978951741283434;-0.48583984375;
04:02:02;161.0;1572404523;100.417;20.413702139262078;0.4978951741283434;-0.48583984375;
04:02:03;162.0;1572404524;100.57;20.28119938747966;0.49466339969462586;-0.4833984375;
04:02:04;163.0;1572404525;100.791;19.61868562856758;0.4785045275260385;-0.47119140625;
04:02:05;164.0;1572404526;100.901;20.28119938747966;0.49466339969462586;-0.4833984375;
04:02:06;165.0;1572404527;100.923;20.016193883914827;0.4881998508271909;-0.478515625;
04:02:07;166.0;1572404528;100.747;20.28119938747966;0.49466339969462586;-0.4833984375;
04:02:08;167.0;1572404529;100.857;20.546204891044493;0.5011269485620607;-0.48828125;
04:02:09;168.0;1572404530;100.395;20.546204891044493;0.5011269485620607;-0.48828125;
04:02:10;169.0;1572404531;100.57;20.811210394609326;0.5075904974294958;-0.4931640625;
04:02:11;170.0;1572404533;100.835;20.28119938747966;0.49466339969462586;-0.4833984375;
04:02:12;171.0;1572404533;100.681;20.413702139262078;0.4978951741283434;-0.48583984375;
04:02:13;172.0;1572404534;100.835;20.28119938747966;0.49466339969462586;-0.4833984375;
04:02:14;173.0;1572404535;100.615;20.413702139262078;0.4978951741283434;-0.48583984375;
04:02:15;174.0;1572404536;100.373;20.148696635697245;0.49143162526090844;-0.48095703125;
04:02:16;175.0;1572404537;100.57;20.546204891044493;0.5011269485620607;-0.48828125;
04:02:17;176.0;1572404538;100.526;20.28119938747966;0.49466339969462586;-0.4833984375;
04:02:18;177.0;1572404540;100.57;19.883691132132412;0.48496807639347345;-0.47607421875;
04:02:19;178.0;1572404540;100.791;20.546204891044493;0.5011269485620607;-0.48828125;
04:02:20;179.0;1572404542;100.439;21.07621589817416;0.5140540462969307;-0.498046875;
04:02:21;180.0;1572404542;100.57;20.811210394609326;0.5075904974294958;-0.4931640625;
04:02:22;181.0;1572404544;100.593;19.883691132132412;0.48496807639347345;-0.47607421875;
04:02:23;182.0;1572404544;100.461;19.883691132132412;0.48496807639347345;-0.47607421875;
04:02:24;183.0;1572404545;100.439;19.751188380349994;0.481736301959756;-0.4736328125;
04:02:25;184.0;1572404546;100.725;21.07621589817416;0.5140540462969307;-0.498046875;
04:02:26;185.0;1572404547;100.747;19.751188380349994;0.481736301959756;-0.4736328125;
04:02:27;186.0;1572404549;100.461;20.28119938747966;0.49466339969462586;-0.4833984375;
04:02:28;187.0;1572404549;100.548;20.148696635697245;0.49143162526090844;-0.48095703125;
04:02:29;188.0;1572404551;100.066;20.28119938747966;0.49466339969462586;-0.4833984375;
04:02:30;189.0;1572404551;99.847;20.546204891044493;0.5011269485620607;-0.48828125;
04:02:31;190.0;1572404553;99.913;20.016193883914827;0.4881998508271909;-0.478515625;
04:02:32;191.0;1572404554;99.934;20.28119938747966;0.49466339969462586;-0.4833984375;
04:02:33;192.0;1572404555;100.219;20.148696635697245;0.49143162526090844;-0.48095703125;
04:02:34;193.0;1572404556;100.417;19.61868562856758;0.4785045275260385;-0.47119140625;
04:02:35;194.0;1572404556;100.615;20.28119938747966;0.49466339969462586;-0.4833984375;
04:02:36;195.0;1572404557;100.548;20.28119938747966;0.49466339969462586;-0.4833984375;
04:02:37;196.0;1572404559;100.329;20.148696635697245;0.49143162526090844;-0.48095703125;
04:02:38;197.0;1572404560;100.197;20.546204891044493;0.5011269485620607;-0.48828125;
04:02:39;198.0;1572404560;100.022;20.148696635697245;0.49143162526090844;-0.48095703125;
04:02:40;199.0;1572404562;100.044;20.413702139262078;0.4978951741283434;-0.48583984375;
04:02:41;200.0;1572404563;100.241;20.811210394609326;0.5075904974294958;-0.4931640625;
04:02:42;201.0;1572404564;100.219;19.61868562856758;0.4785045275260385;-0.47119140625;
04:02:43;202.0;1572404565;100.263;20.413702139262078;0.4978951741283434;-0.48583984375;
04:02:44;203.0;1572404566;100.307;20.413702139262078;0.4978951741283434;-0.48583984375;
04:02:45;204.0;1572404567;100.241;20.28119938747966;0.49466339969462586;-0.4833984375;
04:02:46;205.0;1572404568;100.219;20.28119938747966;0.49466339969462586;-0.4833984375;
04:02:47;206.0;1572404569;100.066;20.413702139262078;0.4978951741283434;-0.48583984375;
04:02:48;207.0;1572404570;99.934;20.148696635697245;0.49143162526090844;-0.48095703125;
04:02:50;209.0;1572404571;99.716;20.413702139262078;0.4978951741283434;-0.48583984375;
04:02:51;210.0;1572404572;99.847;20.546204891044493;0.5011269485620607;-0.48828125;
04:02:52;211.0;1572404573;99.934;19.48618287678516;0.47527275309232103;-0.46875;
04:02:53;212.0;1572404574;100.022;20.67870764282691;0.5043587229957783;-0.49072265625;
04:02:54;213.0;1572404575;99.956;20.28119938747966;0.49466339969462586;-0.4833984375;
04:02:55;214.0;1572404576;99.651;20.546204891044493;0.5011269485620607;-0.48828125;
04:02:56;215.0;1572404577;99.433;20.28119938747966;0.49466339969462586;-0.4833984375;
04:02:57;216.0;1572404578;99.455;20.413702139262078;0.4978951741283434;-0.48583984375;
04:02:58;217.0;1572404579;99.673;20.546204891044493;0.5011269485620607;-0.48828125;
04:02:59;218.0;1572404580;99.825;20.413702139262078;0.4978951741283434;-0.48583984375;
04:03:00;219.0;1572404581;100.241;20.546204891044493;0.5011269485620607;-0.48828125;
04:03:01;220.0;1572404582;100.373;21.341221401738988;0.5205175951643656;-0.5029296875;
04:03:02;221.0;1572404583;100.417;20.016193883914827;0.4881998508271909;-0.478515625;
04:03:03;222.0;1572404584;100.461;20.67870764282691;0.5043587229957783;-0.49072265625;
04:03:04;223.0;1572404585;100.109;20.148696635697245;0.49143162526090844;-0.48095703125;
04:03:05;224.0;1572404586;100.0;20.811210394609326;0.5075904974294958;-0.4931640625;
04:03:06;225.0;1572404587;99.651;20.28119938747966;0.49466339969462586;-0.4833984375;
04:03:07;226.0;1572404588;99.673;19.221177373220332;0.46880920422488614;-0.4638671875;
04:03:08;227.0;1572404589;99.891;20.546204891044493;0.5011269485620607;-0.48828125;
04:03:09;228.0;1572404590;99.782;21.473724153521403;0.5237493695980829;-0.50537109375;
04:03:10;229.0;1572404591;100.066;19.61868562856758;0.4785045275260385;-0.47119140625;
04:03:11;230.0;1572404592;100.109;20.28119938747966;0.49466339969462586;-0.4833984375;
04:03:12;231.0;1572404593;100.109;20.67870764282691;0.5043587229957783;-0.49072265625;
04:03:13;232.0;1572404594;100.088;20.28119938747966;0.49466339969462586;-0.4833984375;
04:03:14;233.0;1572404595;99.934;20.148696635697245;0.49143162526090844;-0.48095703125;
04:03:15;234.0;1572404596;99.956;19.61868562856758;0.4785045275260385;-0.47119140625;
04:03:16;235.0;1572404597;99.825;20.148696635697245;0.49143162526090844;-0.48095703125;
04:03:17;236.0;1572404598;99.585;20.148696635697245;0.49143162526090844;-0.48095703125;
04:03:18;237.0;1572404599;99.651;20.413702139262078;0.4978951741283434;-0.48583984375;
04:03:19;238.0;1572404600;99.39;20.148696635697245;0.49143162526090844;-0.48095703125;
04:03:20;239.0;1572404602;99.651;20.28119938747966;0.49466339969462586;-0.4833984375;
04:03:21;240.0;1572404602;99.956;20.148696635697245;0.49143162526090844;-0.48095703125;
04:03:22;241.0;1572404604;100.0;20.546204891044493;0.5011269485620607;-0.48828125;
04:03:23;242.0;1572404604;100.044;20.016193883914827;0.4881998508271909;-0.478515625;
04:03:24;243.0;1572404605;99.869;20.413702139262078;0.4978951741283434;-0.48583984375;
04:03:25;244.0;1572404606;99.803;20.28119938747966;0.49466339969462586;-0.4833984375;
04:03:26;245.0;1572404607;99.716;20.148696635697245;0.49143162526090844;-0.48095703125;
04:03:27;246.0;1572404609;99.934;20.148696635697245;0.49143162526090844;-0.48095703125;
04:03:28;247.0;1572404609;99.694;20.546204891044493;0.5011269485620607;-0.48828125;
04:03:29;248.0;1572404611;99.716;20.67870764282691;0.5043587229957783;-0.49072265625;
04:03:30;249.0;1572404611;99.607;20.28119938747966;0.49466339969462586;-0.4833984375;
04:03:31;250.0;1572404613;99.52;20.28119938747966;0.49466339969462586;-0.4833984375;
04:03:32;251.0;1572404613;99.803;20.148696635697245;0.49143162526090844;-0.48095703125;
04:03:33;252.0;1572404615;100.022;19.883691132132412;0.48496807639347345;-0.47607421875;
04:03:34;253.0;1572404616;100.285;20.148696635697245;0.49143162526090844;-0.48095703125;
04:03:35;254.0;1572404616;100.57;20.28119938747966;0.49466339969462586;-0.4833984375;
04:03:36;255.0;1572404618;100.504;20.67870764282691;0.5043587229957783;-0.49072265625;
04:03:37;256.0;1572404618;100.329;20.28119938747966;0.49466339969462586;-0.4833984375;
04:03:38;257.0;1572404619;100.504;20.148696635697245;0.49143162526090844;-0.48095703125;
04:03:39;258.0;1572404620;100.088;18.55866361430825;0.45265033205629884;-0.45166015625;
04:03:40;259.0;1572404621;100.241;19.883691132132412;0.48496807639347345;-0.47607421875;
04:03:41;260.0;1572404622;100.022;21.871232408868654;0.5334446928992355;-0.5126953125;
04:03:42;261.0;1572404623;99.76;20.67870764282691;0.5043587229957783;-0.49072265625;
04:03:43;262.0;1572404624;99.76;20.546204891044493;0.5011269485620607;-0.48828125;
04:03:44;263.0;1572404625;99.411;20.28119938747966;0.49466339969462586;-0.4833984375;
04:03:45;264.0;1572404626;99.585;20.413702139262078;0.4978951741283434;-0.48583984375;
04:03:46;265.0;1572404627;99.52;20.28119938747966;0.49466339969462586;-0.4833984375;
04:03:47;266.0;1572404628;99.564;20.28119938747966;0.49466339969462586;-0.4833984375;
04:03:48;267.0;1572404629;99.716;20.811210394609326;0.5075904974294958;-0.4931640625;
04:03:49;268.0;1572404630;99.803;20.148696635697245;0.49143162526090844;-0.48095703125;
04:03:50;269.0;1572404631;99.847;20.148696635697245;0.49143162526090844;-0.48095703125;
04:03:51;270.0;1572404632;99.76;20.413702139262078;0.4978951741283434;-0.48583984375;
04:03:52;271.0;1572404634;100.044;20.546204891044493;0.5011269485620607;-0.48828125;
04:03:53;272.0;1572404634;99.978;20.28119938747966;0.49466339969462586;-0.4833984375;
04:03:54;273.0;1572404635;99.978;20.148696635697245;0.49143162526090844;-0.48095703125;
04:03:55;274.0;1572404636;99.782;20.148696635697245;0.49143162526090844;-0.48095703125;
04:03:56;275.0;1572404637;99.52;20.28119938747966;0.49466339969462586;-0.4833984375;
04:03:57;276.0;1572404638;99.607;20.016193883914827;0.4881998508271909;-0.478515625;
04:03:58;277.0;1572404639;99.325;22.00373516065107;0.5366764673329529;-0.51513671875;
04:03:59;278.0;1572404641;99.477;20.413702139262078;0.4978951741283434;-0.48583984375;
04:04:00;279.0;1572404641;99.629;20.28119938747966;0.49466339969462586;-0.4833984375;
04:04:01;280.0;1572404643;99.281;20.28119938747966;0.49466339969462586;-0.4833984375;
04:04:02;281.0;1572404643;99.607;20.148696635697245;0.49143162526090844;-0.48095703125;
04:04:03;282.0;1572404645;99.694;20.413702139262078;0.4978951741283434;-0.48583984375;
04:04:04;283.0;1572404645;99.673;18.823669117873084;0.4591138809237338;-0.45654296875;
04:04:05;284.0;1572404646;99.956;20.28119938747966;0.49466339969462586;-0.4833984375;
04:04:06;285.0;1572404648;99.673;20.28119938747966;0.49466339969462586;-0.4833984375;
04:04:07;286.0;1572404648;99.76;20.28119938747966;0.49466339969462586;-0.4833984375;
04:04:08;287.0;1572404650;99.847;20.413702139262078;0.4978951741283434;-0.48583984375;
04:04:09;288.0;1572404650;99.869;20.413702139262078;0.4978951741283434;-0.48583984375;
04:04:10;289.0;1572404652;100.022;20.546204891044493;0.5011269485620607;-0.48828125;
04:04:11;290.0;1572404652;99.847;20.28119938747966;0.49466339969462586;-0.4833984375;
04:04:12;291.0;1572404654;99.782;20.148696635697245;0.49143162526090844;-0.48095703125;
04:04:13;292.0;1572404655;99.847;21.738729657086235;0.530212918465518;-0.51025390625;
04:04:14;293.0;1572404656;100.022;20.546204891044493;0.5011269485620607;-0.48828125;
04:04:15;294.0;1572404657;100.153;20.546204891044493;0.5011269485620607;-0.48828125;
04:04:16;295.0;1572404657;100.066;19.35368012500275;0.47204097865860367;-0.46630859375;
04:04:17;296.0;1572404659;99.694;20.28119938747966;0.49466339969462586;-0.4833984375;
04:04:18;297.0;1572404660;99.498;21.07621589817416;0.5140540462969307;-0.498046875;
04:04:19;298.0;1572404661;99.498;20.28119938747966;0.49466339969462586;-0.4833984375;
04:04:20;299.0;1572404662;99.281;20.148696635697245;0.49143162526090844;-0.48095703125;
04:04:21;300.0;1572404663;99.411;20.413702139262078;0.4978951741283434;-0.48583984375;
04:04:22;301.0;1572404664;99.151;20.546204891044493;0.5011269485620607;-0.48828125;
04:04:23;302.0;1572404665;98.697;20.148696635697245;0.49143162526090844;-0.48095703125;
04:04:25;304.0;1572404666;98.913;20.943713146391744;0.5108222718632133;-0.49560546875;
04:04:26;305.0;1572404667;98.827;21.341221401738988;0.5205175951643656;-0.5029296875;
04:04:27;306.0;1572404668;99.129;20.28119938747966;0.49466339969462586;-0.4833984375;
04:04:28;307.0;1572404669;99.52;18.691166366090666;0.45588210649001626;-0.4541015625;
04:04:29;308.0;1572404670;99.629;18.823669117873084;0.4591138809237338;-0.45654296875;
04:04:30;309.0;1572404671;99.891;20.546204891044493;0.5011269485620607;-0.48828125;
04:04:31;310.0;1572404672;99.913;20.413702139262078;0.4978951741283434;-0.48583984375;
04:04:32;311.0;1572404673;99.782;20.413702139262078;0.4978951741283434;-0.48583984375;
04:04:33;312.0;1572404674;99.782;20.28119938747966;0.49466339969462586;-0.4833984375;
04:04:34;313.0;1572404675;99.716;20.148696635697245;0.49143162526090844;-0.48095703125;
04:04:35;314.0;1572404676;99.564;20.28119938747966;0.49466339969462586;-0.4833984375;
04:04:36;315.0;1572404677;99.52;20.413702139262078;0.4978951741283434;-0.48583984375;
04:04:37;316.0;1572404678;99.368;20.148696635697245;0.49143162526090844;-0.48095703125;
04:04:38;317.0;1572404679;99.368;20.148696635697245;0.49143162526090844;-0.48095703125;
04:04:39;318.0;1572404680;99.477;20.67870764282691;0.5043587229957783;-0.49072265625;
04:04:40;319.0;1572404681;99.52;20.148696635697245;0.49143162526090844;-0.48095703125;
04:04:41;320.0;1572404682;99.455;19.883691132132412;0.48496807639347345;-0.47607421875;
04:04:42;321.0;1572404683;99.303;20.546204891044493;0.5011269485620607;-0.48828125;
04:04:43;322.0;1572404684;99.151;20.67870764282691;0.5043587229957783;-0.49072265625;
04:04:44;323.0;1572404685;99.173;20.413702139262078;0.4978951741283434;-0.48583984375;
04:04:45;324.0;1572404686;99.064;20.413702139262078;0.4978951741283434;-0.48583984375;
04:04:46;325.0;1572404687;99.151;20.546204891044493;0.5011269485620607;-0.48828125;
04:04:47;326.0;1572404688;99.325;20.28119938747966;0.49466339969462586;-0.4833984375;
04:04:48;327.0;1572404689;99.238;20.28119938747966;0.49466339969462586;-0.4833984375;
04:04:49;328.0;1572404690;99.325;20.148696635697245;0.49143162526090844;-0.48095703125;
04:04:50;329.0;1572404692;99.108;20.28119938747966;0.49466339969462586;-0.4833984375;
04:04:51;330.0;1572404692;98.87;19.883691132132412;0.48496807639347345;-0.47607421875;
04:04:52;331.0;1572404693;98.913;20.546204891044493;0.5011269485620607;-0.48828125;
04:04:53;332.0;1572404694;98.633;20.546204891044493;0.5011269485620607;-0.48828125;
04:04:54;333.0;1572404695;98.87;19.883691132132412;0.48496807639347345;-0.47607421875;
04:04:55;334.0;1572404696;99.0;21.473724153521403;0.5237493695980829;-0.50537109375;
04:04:56;335.0;1572404697;98.87;19.751188380349994;0.481736301959756;-0.4736328125;
04:04:57;336.0;1572404699;99.021;20.28119938747966;0.49466339969462586;-0.4833984375;
04:04:58;337.0;1572404699;98.848;20.148696635697245;0.49143162526090844;-0.48095703125;
04:04:59;338.0;1572404701;98.59;20.148696635697245;0.49143162526090844;-0.48095703125;
04:05:00;339.0;1572404701;99.064;20.148696635697245;0.49143162526090844;-0.48095703125;
04:05:01;340.0;1572404703;99.194;20.148696635697245;0.49143162526090844;-0.48095703125;
04:05:02;341.0;1572404703;99.151;19.883691132132412;0.48496807639347345;-0.47607421875;
04:05:03;342.0;1572404704;99.477;20.67870764282691;0.5043587229957783;-0.49072265625;
04:05:04;343.0;1572404706;99.086;20.546204891044493;0.5011269485620607;-0.48828125;
04:05:05;344.0;1572404706;99.021;20.28119938747966;0.49466339969462586;-0.4833984375;
04:05:06;345.0;1572404708;98.956;20.67870764282691;0.5043587229957783;-0.49072265625;
04:05:07;346.0;1572404708;98.827;20.016193883914827;0.4881998508271909;-0.478515625;
04:05:08;347.0;1572404710;99.086;19.61868562856758;0.4785045275260385;-0.47119140625;
04:05:09;348.0;1572404710;98.978;20.148696635697245;0.49143162526090844;-0.48095703125;
04:05:10;349.0;1572404712;99.303;20.28119938747966;0.49466339969462586;-0.4833984375;
04:05:11;350.0;1572404713;99.52;20.413702139262078;0.4978951741283434;-0.48583984375;
04:05:12;351.0;1572404713;99.194;20.413702139262078;0.4978951741283434;-0.48583984375;
04:05:13;352.0;1572404715;99.151;20.016193883914827;0.4881998508271909;-0.478515625;
04:05:14;353.0;1572404715;98.74;20.148696635697245;0.49143162526090844;-0.48095703125;
04:05:15;354.0;1572404717;98.568;20.413702139262078;0.4978951741283434;-0.48583984375;
04:05:16;355.0;1572404718;98.697;20.413702139262078;0.4978951741283434;-0.48583984375;
04:05:17;356.0;1572404719;98.697;20.148696635697245;0.49143162526090844;-0.48095703125;
04:05:18;357.0;1572404720;98.913;20.148696635697245;0.49143162526090844;-0.48095703125;
04:05:19;358.0;1572404720;98.654;20.148696635697245;0.49143162526090844;-0.48095703125;
04:05:20;359.0;1572404722;98.784;20.148696635697245;0.49143162526090844;-0.48095703125;
04:05:21;360.0;1572404723;98.956;20.67870764282691;0.5043587229957783;-0.49072265625;
04:05:22;361.0;1572404724;98.892;20.28119938747966;0.49466339969462586;-0.4833984375;
04:05:23;362.0;1572404725;99.086;20.148696635697245;0.49143162526090844;-0.48095703125;
04:05:24;363.0;1572404726;98.504;20.28119938747966;0.49466339969462586;-0.4833984375;
04:05:25;364.0;1572404727;98.31;20.148696635697245;0.49143162526090844;-0.48095703125;
04:05:26;365.0;1572404728;98.353;20.148696635697245;0.49143162526090844;-0.48095703125;
04:05:27;366.0;1572404729;98.375;22.2687406642159;0.5431400162003879;-0.52001953125;
04:05:29;368.0;1572404730;98.805;20.28119938747966;0.49466339969462586;-0.4833984375;
04:05:30;369.0;1572404731;98.848;18.691166366090666;0.45588210649001626;-0.4541015625;
04:05:31;370.0;1572404732;98.935;20.148696635697245;0.49143162526090844;-0.48095703125;
04:05:32;371.0;1572404733;98.697;20.148696635697245;0.49143162526090844;-0.48095703125;
04:05:33;372.0;1572404734;98.568;20.148696635697245;0.49143162526090844;-0.48095703125;
04:05:34;373.0;1572404735;98.439;20.148696635697245;0.49143162526090844;-0.48095703125;
04:05:35;374.0;1572404736;98.396;20.148696635697245;0.49143162526090844;-0.48095703125;
04:05:36;375.0;1572404737;98.59;20.546204891044493;0.5011269485620607;-0.48828125;
04:05:37;376.0;1572404738;98.568;20.28119938747966;0.49466339969462586;-0.4833984375;
04:05:38;377.0;1572404739;98.719;20.148696635697245;0.49143162526090844;-0.48095703125;
04:05:39;378.0;1572404740;98.784;20.546204891044493;0.5011269485620607;-0.48828125;
04:05:40;379.0;1572404741;99.0;20.67870764282691;0.5043587229957783;-0.49072265625;
04:05:41;380.0;1572404742;99.173;20.413702139262078;0.4978951741283434;-0.48583984375;
04:05:42;381.0;1572404743;99.021;20.016193883914827;0.4881998508271909;-0.478515625;
04:05:43;382.0;1572404744;98.805;20.546204891044493;0.5011269485620607;-0.48828125;
04:05:44;383.0;1572404745;98.547;20.148696635697245;0.49143162526090844;-0.48095703125;
04:05:45;384.0;1572404746;98.439;20.28119938747966;0.49466339969462586;-0.4833984375;
04:05:46;385.0;1572404747;98.568;20.148696635697245;0.49143162526090844;-0.48095703125;
04:05:47;386.0;1572404748;98.461;20.546204891044493;0.5011269485620607;-0.48828125;
04:05:48;387.0;1572404749;98.59;20.413702139262078;0.4978951741283434;-0.48583984375;
04:05:49;388.0;1572404750;98.59;20.016193883914827;0.4881998508271909;-0.478515625;
04:05:50;389.0;1572404751;98.461;19.088674621437917;0.46557742979116873;-0.46142578125;
04:05:51;390.0;1572404752;98.59;20.28119938747966;0.49466339969462586;-0.4833984375;
04:05:52;391.0;1572404753;98.676;20.28119938747966;0.49466339969462586;-0.4833984375;
04:05:53;392.0;1572404754;98.568;19.751188380349994;0.481736301959756;-0.4736328125;
04:05:54;393.0;1572404755;98.439;20.28119938747966;0.49466339969462586;-0.4833984375;
04:05:55;394.0;1572404756;98.547;20.413702139262078;0.4978951741283434;-0.48583984375;
04:05:56;395.0;1572404757;98.289;20.148696635697245;0.49143162526090844;-0.48095703125;
04:05:57;396.0;1572404759;98.396;20.28119938747966;0.49466339969462586;-0.4833984375;
04:05:58;397.0;1572404759;98.418;20.148696635697245;0.49143162526090844;-0.48095703125;
04:05:59;398.0;1572404760;98.139;20.28119938747966;0.49466339969462586;-0.4833984375;
04:06:00;399.0;1572404761;98.096;20.413702139262078;0.4978951741283434;-0.48583984375;
04:06:01;400.0;1572404762;97.882;20.546204891044493;0.5011269485620607;-0.48828125;
04:06:02;401.0;1572404763;98.182;20.28119938747966;0.49466339969462586;-0.4833984375;
04:06:03;402.0;1572404764;98.353;19.61868562856758;0.4785045275260385;-0.47119140625;
04:06:04;403.0;1572404766;98.246;20.67870764282691;0.5043587229957783;-0.49072265625;
04:06:05;404.0;1572404766;98.461;20.546204891044493;0.5011269485620607;-0.48828125;
04:06:06;405.0;1572404768;98.267;20.28119938747966;0.49466339969462586;-0.4833984375;
04:06:07;406.0;1572404768;98.267;20.413702139262078;0.4978951741283434;-0.48583984375;
04:06:08;407.0;1572404769;98.439;20.148696635697245;0.49143162526090844;-0.48095703125;
04:06:09;408.0;1572404771;98.525;20.546204891044493;0.5011269485620607;-0.48828125;
04:06:10;409.0;1572404771;98.568;20.546204891044493;0.5011269485620607;-0.48828125;
04:06:11;410.0;1572404773;98.353;22.2687406642159;0.5431400162003879;-0.52001953125;
04:06:12;411.0;1572404773;98.504;20.413702139262078;0.4978951741283434;-0.48583984375;
04:06:13;412.0;1572404775;98.246;20.148696635697245;0.49143162526090844;-0.48095703125;
04:06:14;413.0;1572404775;98.203;18.691166366090666;0.45588210649001626;-0.4541015625;
04:06:15;414.0;1572404777;98.032;20.28119938747966;0.49466339969462586;-0.4833984375;
04:06:16;415.0;1572404778;97.946;20.413702139262078;0.4978951741283434;-0.48583984375;
04:06:17;416.0;1572404778;97.946;20.546204891044493;0.5011269485620607;-0.48828125;
04:06:18;417.0;1572404780;97.904;20.148696635697245;0.49143162526090844;-0.48095703125;
04:06:19;418.0;1572404780;98.139;20.413702139262078;0.4978951741283434;-0.48583984375;
04:06:20;419.0;1572404782;98.01;20.546204891044493;0.5011269485620607;-0.48828125;
04:06:21;420.0;1572404782;98.139;20.546204891044493;0.5011269485620607;-0.48828125;
04:06:22;421.0;1572404784;98.31;20.28119938747966;0.49466339969462586;-0.4833984375;
04:06:23;422.0;1572404785;98.31;20.943713146391744;0.5108222718632133;-0.49560546875;
04:06:24;423.0;1572404786;98.353;20.148696635697245;0.49143162526090844;-0.48095703125;
04:06:25;424.0;1572404787;98.289;20.28119938747966;0.49466339969462586;-0.4833984375;
04:06:26;425.0;1572404787;98.182;18.426160862525833;0.4494185576225813;-0.44921875;
04:06:27;426.0;1572404789;98.182;20.546204891044493;0.5011269485620607;-0.48828125;
04:06:28;427.0;1572404790;98.267;20.413702139262078;0.4978951741283434;-0.48583984375;
04:06:29;428.0;1572404791;98.31;20.28119938747966;0.49466339969462586;-0.4833984375;
04:06:30;429.0;1572404792;98.289;20.148696635697245;0.49143162526090844;-0.48095703125;
04:06:31;430.0;1572404793;98.332;20.67870764282691;0.5043587229957783;-0.49072265625;
04:06:33;432.0;1572404793;98.246;20.811210394609326;0.5075904974294958;-0.4931640625;
04:06:34;433.0;1572404795;98.01;19.883691132132412;0.48496807639347345;-0.47607421875;
04:06:35;434.0;1572404796;98.139;20.148696635697245;0.49143162526090844;-0.48095703125;
04:06:36;435.0;1572404797;97.946;20.28119938747966;0.49466339969462586;-0.4833984375;
04:06:37;436.0;1572404798;97.797;20.148696635697245;0.49143162526090844;-0.48095703125;
04:06:38;437.0;1572404799;97.904;20.148696635697245;0.49143162526090844;-0.48095703125;
04:06:39;438.0;1572404800;97.754;20.413702139262078;0.4978951741283434;-0.48583984375;
04:06:40;439.0;1572404801;97.925;20.413702139262078;0.4978951741283434;-0.48583984375;
04:06:41;440.0;1572404802;97.968;20.413702139262078;0.4978951741283434;-0.48583984375;
04:06:42;441.0;1572404803;98.139;20.28119938747966;0.49466339969462586;-0.4833984375;
04:06:43;442.0;1572404804;98.16;20.28119938747966;0.49466339969462586;-0.4833984375;
04:06:44;443.0;1572404805;98.117;20.148696635697245;0.49143162526090844;-0.48095703125;
04:06:45;444.0;1572404806;98.31;20.413702139262078;0.4978951741283434;-0.48583984375;
04:06:46;445.0;1572404807;98.225;20.413702139262078;0.4978951741283434;-0.48583984375;
04:06:47;446.0;1572404808;98.01;20.28119938747966;0.49466339969462586;-0.4833984375;
04:06:48;447.0;1572404809;98.139;20.413702139262078;0.4978951741283434;-0.48583984375;
04:06:49;448.0;1572404810;97.946;20.28119938747966;0.49466339969462586;-0.4833984375;
04:06:50;449.0;1572404811;97.946;20.413702139262078;0.4978951741283434;-0.48583984375;
04:06:51;450.0;1572404812;97.968;20.148696635697245;0.49143162526090844;-0.48095703125;
04:06:52;451.0;1572404813;97.882;20.943713146391744;0.5108222718632133;-0.49560546875;
04:06:53;452.0;1572404814;97.776;20.28119938747966;0.49466339969462586;-0.4833984375;
04:06:54;453.0;1572404815;97.69;9999.0;9999.0;9999.0;
04:06:55;454.0;1572404816;97.69;20.148696635697245;0.49143162526090844;-0.48095703125;
04:06:56;455.0;1572404817;97.52;20.28119938747966;0.49466339969462586;-0.4833984375;
04:06:57;456.0;1572404818;97.84;20.413702139262078;0.4978951741283434;-0.48583984375;
04:06:58;457.0;1572404819;97.563;20.148696635697245;0.49143162526090844;-0.48095703125;
04:06:59;458.0;1572404821;97.478;20.28119938747966;0.49466339969462586;-0.4833984375;
04:07:00;459.0;1572404821;97.563;20.413702139262078;0.4978951741283434;-0.48583984375;
04:07:01;460.0;1572404823;97.435;20.413702139262078;0.4978951741283434;-0.48583984375;
04:07:02;461.0;1572404823;97.69;20.28119938747966;0.49466339969462586;-0.4833984375;
04:07:03;462.0;1572404824;98.01;20.28119938747966;0.49466339969462586;-0.4833984375;
04:07:04;463.0;1572404825;98.117;19.883691132132412;0.48496807639347345;-0.47607421875;
04:07:05;464.0;1572404826;98.31;20.546204891044493;0.5011269485620607;-0.48828125;
04:07:06;465.0;1572404828;98.439;18.823669117873084;0.4591138809237338;-0.45654296875;
04:07:07;466.0;1572404828;98.375;20.148696635697245;0.49143162526090844;-0.48095703125;
04:07:08;467.0;1572404830;98.16;20.28119938747966;0.49466339969462586;-0.4833984375;
04:07:09;468.0;1572404830;97.84;21.07621589817416;0.5140540462969307;-0.498046875;
04:07:10;469.0;1572404831;97.776;20.413702139262078;0.4978951741283434;-0.48583984375;
04:07:11;470.0;1572404832;97.797;20.016193883914827;0.4881998508271909;-0.478515625;
04:07:12;471.0;1572404833;97.904;20.28119938747966;0.49466339969462586;-0.4833984375;
04:07:13;472.0;1572404835;98.096;20.943713146391744;0.5108222718632133;-0.49560546875;
04:07:14;473.0;1572404835;98.032;20.148696635697245;0.49143162526090844;-0.48095703125;
04:07:15;474.0;1572404837;97.989;20.28119938747966;0.49466339969462586;-0.4833984375;
04:07:16;475.0;1572404837;97.968;20.413702139262078;0.4978951741283434;-0.48583984375;
04:07:17;476.0;1572404839;97.478;20.811210394609326;0.5075904974294958;-0.4931640625;
04:07:18;477.0;1572404839;97.371;20.28119938747966;0.49466339969462586;-0.4833984375;
04:07:19;478.0;1572404841;97.159;16.571122337572007;0.40417371555053677;-0.4150390625;
04:07:20;479.0;1572404842;97.202;20.28119938747966;0.49466339969462586;-0.4833984375;
04:07:21;480.0;1572404842;97.733;20.67870764282691;0.5043587229957783;-0.49072265625;
04:07:22;481.0;1572404844;97.712;18.9561718696555;0.4623456553574512;-0.458984375;
04:07:23;482.0;1572404844;98.096;20.016193883914827;0.4881998508271909;-0.478515625;
04:07:24;483.0;1572404846;98.096;20.148696635697245;0.49143162526090844;-0.48095703125;
04:07:25;484.0;1572404847;97.882;19.883691132132412;0.48496807639347345;-0.47607421875;
04:07:26;485.0;1572404848;98.096;20.148696635697245;0.49143162526090844;-0.48095703125;
04:07:27;486.0;1572404849;98.203;20.28119938747966;0.49466339969462586;-0.4833984375;
04:07:28;487.0;1572404850;97.968;20.016193883914827;0.4881998508271909;-0.478515625;
04:07:29;488.0;1572404851;97.882;20.28119938747966;0.49466339969462586;-0.4833984375;
04:07:30;489.0;1572404851;97.797;20.28119938747966;0.49466339969462586;-0.4833984375;
04:07:31;490.0;1572404852;97.584;19.088674621437917;0.46557742979116873;-0.46142578125;
04:07:32;491.0;1572404853;97.69;19.883691132132412;0.48496807639347345;-0.47607421875;
04:07:33;492.0;1572404854;97.712;20.546204891044493;0.5011269485620607;-0.48828125;
04:07:34;493.0;1572404855;97.499;20.28119938747966;0.49466339969462586;-0.4833984375;
04:07:35;494.0;1572404857;97.329;20.811210394609326;0.5075904974294958;-0.4931640625;
04:07:36;495.0;1572404857;97.329;19.61868562856758;0.4785045275260385;-0.47119140625;
04:07:37;496.0;1572404859;97.286;20.148696635697245;0.49143162526090844;-0.48095703125;
04:07:38;497.0;1572404859;97.584;20.148696635697245;0.49143162526090844;-0.48095703125;
04:07:39;498.0;1572404861;97.286;20.28119938747966;0.49466339969462586;-0.4833984375;
04:07:40;499.0;1572404861;97.414;20.413702139262078;0.4978951741283434;-0.48583984375;
04:07:41;500.0;1572404863;97.286;20.546204891044493;0.5011269485620607;-0.48828125;
04:07:42;501.0;1572404863;97.202;20.413702139262078;0.4978951741283434;-0.48583984375;
04:07:43;502.0;1572404865;97.329;19.883691132132412;0.48496807639347345;-0.47607421875;
04:07:44;503.0;1572404865;97.435;20.413702139262078;0.4978951741283434;-0.48583984375;
04:07:45;504.0;1572404866;97.776;20.148696635697245;0.49143162526090844;-0.48095703125;
04:07:46;505.0;1572404868;97.371;20.28119938747966;0.49466339969462586;-0.4833984375;
04:07:47;506.0;1572404868;97.435;20.413702139262078;0.4978951741283434;-0.48583984375;
04:07:48;507.0;1572404870;97.286;20.413702139262078;0.4978951741283434;-0.48583984375;
04:07:49;508.0;1572404870;97.117;20.28119938747966;0.49466339969462586;-0.4833984375;
04:07:50;509.0;1572404872;97.286;20.148696635697245;0.49143162526090844;-0.48095703125;
04:07:51;510.0;1572404872;97.393;20.413702139262078;0.4978951741283434;-0.48583984375;
04:07:52;511.0;1572404874;97.393;20.148696635697245;0.49143162526090844;-0.48095703125;
04:07:53;512.0;1572404874;97.478;20.413702139262078;0.4978951741283434;-0.48583984375;
04:07:54;513.0;1572404876;97.478;20.28119938747966;0.49466339969462586;-0.4833984375;
04:07:55;514.0;1572404877;97.69;20.546204891044493;0.5011269485620607;-0.48828125;
04:07:56;515.0;1572404878;97.626;20.67870764282691;0.5043587229957783;-0.49072265625;
04:07:57;516.0;1572404879;97.626;21.60622690530382;0.5269811440318005;-0.5078125;
04:07:58;517.0;1572404880;97.754;20.28119938747966;0.49466339969462586;-0.4833984375;
04:07:59;518.0;1572404881;97.541;20.016193883914827;0.4881998508271909;-0.478515625;
04:08:00;519.0;1572404881;97.563;20.546204891044493;0.5011269485620607;-0.48828125;
04:08:01;520.0;1572404883;97.35;20.67870764282691;0.5043587229957783;-0.49072265625;
04:08:02;521.0;1572404884;97.371;20.413702139262078;0.4978951741283434;-0.48583984375;
04:08:03;522.0;1572404885;97.286;20.148696635697245;0.49143162526090844;-0.48095703125;
04:08:04;523.0;1572404886;97.223;20.28119938747966;0.49466339969462586;-0.4833984375;
04:08:05;524.0;1572404887;97.223;20.413702139262078;0.4978951741283434;-0.48583984375;
04:08:06;525.0;1572404888;97.286;20.28119938747966;0.49466339969462586;-0.4833984375;
04:08:07;526.0;1572404889;97.286;20.28119938747966;0.49466339969462586;-0.4833984375;
04:08:09;528.0;1572404890;97.414;20.148696635697245;0.49143162526090844;-0.48095703125;
04:08:10;529.0;1572404891;97.478;20.28119938747966;0.49466339969462586;-0.4833984375;
04:08:11;530.0;1572404892;97.414;20.67870764282691;0.5043587229957783;-0.49072265625;
04:08:12;531.0;1572404893;97.35;20.413702139262078;0.4978951741283434;-0.48583984375;
04:08:13;532.0;1572404894;97.499;20.28119938747966;0.49466339969462586;-0.4833984375;
04:08:14;533.0;1572404895;97.478;20.413702139262078;0.4978951741283434;-0.48583984375;
04:08:15;534.0;1572404896;97.18;20.28119938747966;0.49466339969462586;-0.4833984375;
04:08:16;535.0;1572404897;97.414;19.221177373220332;0.46880920422488614;-0.4638671875;
04:08:17;536.0;1572404898;97.054;20.28119938747966;0.49466339969462586;-0.4833984375;
04:08:18;537.0;1572404899;97.032;20.413702139262078;0.4978951741283434;-0.48583984375;
04:08:19;538.0;1572404900;97.138;20.28119938747966;0.49466339969462586;-0.4833984375;
04:08:20;539.0;1572404901;97.117;18.823669117873084;0.4591138809237338;-0.45654296875;
04:08:21;540.0;1572404902;97.159;20.148696635697245;0.49143162526090844;-0.48095703125;
04:08:22;541.0;1572404903;97.308;20.28119938747966;0.49466339969462586;-0.4833984375;
04:08:23;542.0;1572404904;97.35;20.148696635697245;0.49143162526090844;-0.48095703125;
04:08:24;543.0;1572404905;97.202;20.546204891044493;0.5011269485620607;-0.48828125;
04:08:25;544.0;1572404906;97.138;20.016193883914827;0.4881998508271909;-0.478515625;
04:08:26;545.0;1572404907;97.096;20.67870764282691;0.5043587229957783;-0.49072265625;
04:08:27;546.0;1572404908;97.138;20.016193883914827;0.4881998508271909;-0.478515625;
04:08:28;547.0;1572404909;97.244;19.883691132132412;0.48496807639347345;-0.47607421875;
04:08:29;548.0;1572404910;97.117;20.413702139262078;0.4978951741283434;-0.48583984375;
04:08:31;550.0;1572404911;97.159;20.148696635697245;0.49143162526090844;-0.48095703125;
04:08:32;551.0;1572404913;97.202;20.28119938747966;0.49466339969462586;-0.4833984375;
04:08:33;552.0;1572404915;97.52;20.28119938747966;0.49466339969462586;-0.4833984375;
04:08:34;553.0;1572404915;97.541;20.28119938747966;0.49466339969462586;-0.4833984375;
04:08:35;554.0;1572404916;97.159;20.28119938747966;0.49466339969462586;-0.4833984375;
04:08:36;555.0;1572404917;96.821;20.016193883914827;0.4881998508271909;-0.478515625;
04:08:37;556.0;1572404918;96.758;20.28119938747966;0.49466339969462586;-0.4833984375;
04:08:38;557.0;1572404919;97.054;20.67870764282691;0.5043587229957783;-0.49072265625;
04:08:39;558.0;1572404920;97.18;20.413702139262078;0.4978951741283434;-0.48583984375;
04:08:40;559.0;1572404921;97.286;20.016193883914827;0.4881998508271909;-0.478515625;
04:08:41;560.0;1572404922;97.329;20.413702139262078;0.4978951741283434;-0.48583984375;
04:08:42;561.0;1572404924;96.779;20.413702139262078;0.4978951741283434;-0.48583984375;
04:08:43;562.0;1572404924;96.611;20.413702139262078;0.4978951741283434;-0.48583984375;
04:08:44;563.0;1572404926;96.526;20.546204891044493;0.5011269485620607;-0.48828125;
04:08:45;564.0;1572404926;96.358;20.148696635697245;0.49143162526090844;-0.48095703125;
04:08:46;565.0;1572404928;96.463;20.413702139262078;0.4978951741283434;-0.48583984375;
04:08:47;566.0;1572404928;96.653;20.413702139262078;0.4978951741283434;-0.48583984375;
04:08:48;567.0;1572404929;96.568;20.148696635697245;0.49143162526090844;-0.48095703125;
04:08:49;568.0;1572404931;96.547;19.751188380349994;0.481736301959756;-0.4736328125;
04:08:50;569.0;1572404931;96.632;22.666248919563152;0.5528353395015403;-0.52734375;
04:08:51;570.0;1572404933;96.484;20.413702139262078;0.4978951741283434;-0.48583984375;
04:08:52;571.0;1572404933;96.758;20.148696635697245;0.49143162526090844;-0.48095703125;
04:08:53;572.0;1572404935;96.969;20.28119938747966;0.49466339969462586;-0.4833984375;
04:08:54;573.0;1572404935;97.138;20.546204891044493;0.5011269485620607;-0.48828125;
04:08:55;574.0;1572404937;97.329;20.28119938747966;0.49466339969462586;-0.4833984375;
04:08:56;575.0;1572404937;97.393;20.148696635697245;0.49143162526090844;-0.48095703125;
04:08:57;576.0;1572404939;97.096;20.413702139262078;0.4978951741283434;-0.48583984375;
04:08:58;577.0;1572404940;97.18;20.413702139262078;0.4978951741283434;-0.48583984375;
04:08:59;578.0;1572404940;97.138;19.61868562856758;0.4785045275260385;-0.47119140625;
04:09:00;579.0;1572404942;96.948;20.413702139262078;0.4978951741283434;-0.48583984375;
04:09:01;580.0;1572404942;97.18;20.016193883914827;0.4881998508271909;-0.478515625;
04:09:02;581.0;1572404944;96.927;20.28119938747966;0.49466339969462586;-0.4833984375;
04:09:03;582.0;1572404945;96.927;20.28119938747966;0.49466339969462586;-0.4833984375;
04:09:04;583.0;1572404946;96.927;20.413702139262078;0.4978951741283434;-0.48583984375;
04:09:05;584.0;1572404947;96.568;20.28119938747966;0.49466339969462586;-0.4833984375;
04:09:06;585.0;1572404948;96.653;20.148696635697245;0.49143162526090844;-0.48095703125;
04:09:07;586.0;1572404949;96.421;19.883691132132412;0.48496807639347345;-0.47607421875;
04:09:08;587.0;1572404950;96.421;20.413702139262078;0.4978951741283434;-0.48583984375;
04:09:09;588.0;1572404951;96.547;20.28119938747966;0.49466339969462586;-0.4833984375;
04:09:10;589.0;1572404952;96.526;20.148696635697245;0.49143162526090844;-0.48095703125;
04:09:11;590.0;1572404953;96.695;20.67870764282691;0.5043587229957783;-0.49072265625;
04:09:13;592.0;1572404954;96.695;20.016193883914827;0.4881998508271909;-0.478515625;
04:09:14;593.0;1572404955;96.716;20.413702139262078;0.4978951741283434;-0.48583984375;
04:09:15;594.0;1572404956;96.821;20.413702139262078;0.4978951741283434;-0.48583984375;
04:09:16;595.0;1572404957;96.821;20.413702139262078;0.4978951741283434;-0.48583984375;
04:09:17;596.0;1572404958;96.8;20.148696635697245;0.49143162526090844;-0.48095703125;
04:09:18;597.0;1572404959;96.821;20.148696635697245;0.49143162526090844;-0.48095703125;
04:09:19;598.0;1572404960;96.674;19.883691132132412;0.48496807639347345;-0.47607421875;
