Time;Seconds from start for linreg;Unix Time;ch1 po2;Uc;Ubl;Vc;
23:49:01;-2.0;1576367343;94.22;19.682629254368564;0.5623608358391018;-0.48095703125;
23:49:02;-1.0;1576367343;94.424;19.682629254368564;0.5623608358391018;-0.48095703125;
23:49:03;0.0;1576367344;94.506;19.682629254368564;0.5623608358391018;-0.48095703125;
23:49:04;1.0;1576367345;94.301;19.682629254368564;0.5623608358391018;-0.48095703125;
23:49:05;2.0;1576367346;94.057;19.682629254368564;0.5623608358391018;-0.48095703125;
23:49:06;3.0;1576367347;93.65;19.682629254368564;0.5623608358391018;-0.48095703125;
23:49:07;4.0;1576367348;93.934;19.682629254368564;0.5623608358391018;-0.48095703125;
23:49:08;5.0;1576367349;94.077;19.682629254368564;0.5623608358391018;-0.48095703125;
23:49:09;6.0;1576367350;94.057;19.682629254368564;0.5623608358391018;-0.48095703125;
23:49:10;7.0;1576367352;94.22;19.682629254368564;0.5623608358391018;-0.48095703125;
23:49:11;8.0;1576367353;94.057;19.682629254368564;0.5623608358391018;-0.48095703125;
23:49:12;9.0;1576367354;93.853;19.682629254368564;0.5623608358391018;-0.48095703125;
23:49:13;10.0;1576367355;94.097;19.682629254368564;0.5623608358391018;-0.48095703125;
23:49:14;11.0;1576367356;93.894;19.682629254368564;0.5623608358391018;-0.48095703125;
23:49:15;12.0;1576367357;93.914;19.682629254368564;0.5623608358391018;-0.48095703125;
23:49:16;13.0;1576367358;94.016;19.682629254368564;0.5623608358391018;-0.48095703125;
23:49:17;14.0;1576367359;94.016;19.682629254368564;0.5623608358391018;-0.48095703125;
23:49:18;15.0;1576367360;94.567;19.682629254368564;0.5623608358391018;-0.48095703125;
23:49:19;16.0;1576367361;94.424;19.682629254368564;0.5623608358391018;-0.48095703125;
23:49:20;17.0;1576367362;94.363;19.682629254368564;0.5623608358391018;-0.48095703125;
23:49:22;19.0;1576367363;94.199;19.682629254368564;0.5623608358391018;-0.48095703125;
23:49:23;20.0;1576367364;94.016;19.682629254368564;0.5623608358391018;-0.48095703125;
23:49:24;21.0;1576367365;94.138;19.682629254368564;0.5623608358391018;-0.48095703125;
23:49:25;22.0;1576367366;94.342;19.682629254368564;0.5623608358391018;-0.48095703125;
23:49:26;23.0;1576367367;94.301;19.682629254368564;0.5623608358391018;-0.48095703125;
23:49:27;24.0;1576367368;94.016;19.682629254368564;0.5623608358391018;-0.48095703125;
23:49:28;25.0;1576367369;94.077;19.682629254368564;0.5623608358391018;-0.48095703125;
23:49:29;26.0;1576367370;94.016;19.682629254368564;0.5623608358391018;-0.48095703125;
23:49:30;27.0;1576367371;94.24;19.682629254368564;0.5623608358391018;-0.48095703125;
23:49:31;28.0;1576367372;94.69;19.682629254368564;0.5623608358391018;-0.48095703125;
23:49:32;29.0;1576367373;94.629;19.682629254368564;0.5623608358391018;-0.48095703125;
23:49:33;30.0;1576367374;94.711;19.682629254368564;0.5623608358391018;-0.48095703125;
23:49:34;31.0;1576367375;94.772;19.682629254368564;0.5623608358391018;-0.48095703125;
23:49:35;32.0;1576367376;94.567;19.682629254368564;0.5623608358391018;-0.48095703125;
23:49:36;33.0;1576367377;94.363;19.682629254368564;0.5623608358391018;-0.48095703125;
23:49:37;34.0;1576367378;94.383;19.682629254368564;0.5623608358391018;-0.48095703125;
23:49:38;35.0;1576367379;93.914;19.682629254368564;0.5623608358391018;-0.48095703125;
23:49:39;36.0;1576367380;93.996;19.682629254368564;0.5623608358391018;-0.48095703125;
23:49:40;37.0;1576367381;93.833;19.682629254368564;0.5623608358391018;-0.48095703125;
23:49:41;38.0;1576367382;93.63;19.682629254368564;0.5623608358391018;-0.48095703125;
23:49:42;39.0;1576367383;94.036;19.682629254368564;0.5623608358391018;-0.48095703125;
23:49:43;40.0;1576367384;93.894;19.682629254368564;0.5623608358391018;-0.48095703125;
23:49:44;41.0;1576367385;94.077;19.682629254368564;0.5623608358391018;-0.48095703125;
23:49:45;42.0;1576367386;93.934;19.682629254368564;0.5623608358391018;-0.48095703125;
23:49:46;43.0;1576367387;93.529;19.682629254368564;0.5623608358391018;-0.48095703125;
23:49:47;44.0;1576367388;93.428;19.682629254368564;0.5623608358391018;-0.48095703125;
23:49:48;45.0;1576367389;93.407;19.682629254368564;0.5623608358391018;-0.48095703125;
23:49:49;46.0;1576367390;93.671;19.682629254368564;0.5623608358391018;-0.48095703125;
23:49:50;47.0;1576367391;93.873;19.682629254368564;0.5623608358391018;-0.48095703125;
23:49:51;48.0;1576367392;94.138;19.682629254368564;0.5623608358391018;-0.48095703125;
23:49:52;49.0;1576367393;94.322;19.682629254368564;0.5623608358391018;-0.48095703125;
23:49:53;50.0;1576367394;93.996;19.682629254368564;0.5623608358391018;-0.48095703125;
23:49:54;51.0;1576367395;93.955;19.682629254368564;0.5623608358391018;-0.48095703125;
23:49:55;52.0;1576367396;93.711;19.682629254368564;0.5623608358391018;-0.48095703125;
23:49:56;53.0;1576367397;93.529;19.682629254368564;0.5623608358391018;-0.48095703125;
23:49:57;54.0;1576367398;93.65;19.682629254368564;0.5623608358391018;-0.48095703125;
23:49:58;55.0;1576367399;93.691;19.682629254368564;0.5623608358391018;-0.48095703125;
23:49:59;56.0;1576367400;93.772;19.682629254368564;0.5623608358391018;-0.48095703125;
23:50:00;57.0;1576367401;93.752;19.682629254368564;0.5623608358391018;-0.48095703125;
23:50:01;58.0;1576367402;93.996;19.682629254368564;0.5623608358391018;-0.48095703125;
23:50:02;59.0;1576367403;94.158;19.682629254368564;0.5623608358391018;-0.48095703125;
23:50:03;60.0;1576367404;93.996;19.682629254368564;0.5623608358391018;-0.48095703125;
23:50:04;61.0;1576367405;94.016;19.682629254368564;0.5623608358391018;-0.48095703125;
23:50:05;62.0;1576367406;94.179;19.682629254368564;0.5623608358391018;-0.48095703125;
23:50:06;63.0;1576367407;94.24;19.682629254368564;0.5623608358391018;-0.48095703125;
23:50:07;64.0;1576367408;94.301;19.682629254368564;0.5623608358391018;-0.48095703125;
23:50:08;65.0;1576367409;94.526;19.682629254368564;0.5623608358391018;-0.48095703125;
23:50:09;66.0;1576367410;94.322;19.682629254368564;0.5623608358391018;-0.48095703125;
23:50:10;67.0;1576367411;94.097;19.682629254368564;0.5623608358391018;-0.48095703125;
23:50:11;68.0;1576367412;94.138;19.682629254368564;0.5623608358391018;-0.48095703125;
23:50:12;69.0;1576367413;94.322;19.682629254368564;0.5623608358391018;-0.48095703125;
23:50:13;70.0;1576367415;94.199;19.682629254368564;0.5623608358391018;-0.48095703125;
23:50:14;71.0;1576367416;94.199;19.682629254368564;0.5623608358391018;-0.48095703125;
23:50:15;72.0;1576367417;94.138;19.682629254368564;0.5623608358391018;-0.48095703125;
23:50:16;73.0;1576367418;93.772;19.682629254368564;0.5623608358391018;-0.48095703125;
23:50:17;74.0;1576367419;93.731;19.682629254368564;0.5623608358391018;-0.48095703125;
23:50:18;75.0;1576367420;93.934;19.682629254368564;0.5623608358391018;-0.48095703125;
23:50:19;76.0;1576367421;94.036;19.682629254368564;0.5623608358391018;-0.48095703125;
23:50:20;77.0;1576367422;94.016;19.682629254368564;0.5623608358391018;-0.48095703125;
23:50:21;78.0;1576367423;94.158;19.682629254368564;0.5623608358391018;-0.48095703125;
23:50:22;79.0;1576367424;93.955;19.682629254368564;0.5623608358391018;-0.48095703125;
23:50:23;80.0;1576367425;94.158;19.682629254368564;0.5623608358391018;-0.48095703125;
23:50:24;81.0;1576367426;94.301;19.682629254368564;0.5623608358391018;-0.48095703125;
23:50:26;83.0;1576367427;94.036;19.682629254368564;0.5623608358391018;-0.48095703125;
23:50:27;84.0;1576367428;94.199;19.682629254368564;0.5623608358391018;-0.48095703125;
23:50:28;85.0;1576367429;93.955;19.682629254368564;0.5623608358391018;-0.48095703125;
23:50:29;86.0;1576367430;93.731;19.682629254368564;0.5623608358391018;-0.48095703125;
23:50:30;87.0;1576367431;94.22;19.682629254368564;0.5623608358391018;-0.48095703125;
23:50:31;88.0;1576367432;94.24;19.682629254368564;0.5623608358391018;-0.48095703125;
23:50:32;89.0;1576367433;94.465;19.682629254368564;0.5623608358391018;-0.48095703125;
23:50:33;90.0;1576367434;94.731;19.682629254368564;0.5623608358391018;-0.48095703125;
23:50:34;91.0;1576367435;94.424;19.682629254368564;0.5623608358391018;-0.48095703125;
23:50:35;92.0;1576367436;94.424;19.682629254368564;0.5623608358391018;-0.48095703125;
23:50:36;93.0;1576367437;94.404;19.682629254368564;0.5623608358391018;-0.48095703125;
23:50:37;94.0;1576367438;94.301;19.682629254368564;0.5623608358391018;-0.48095703125;
23:50:38;95.0;1576367439;94.24;19.682629254368564;0.5623608358391018;-0.48095703125;
23:50:39;96.0;1576367440;94.077;19.682629254368564;0.5623608358391018;-0.48095703125;
23:50:40;97.0;1576367441;93.914;19.682629254368564;0.5623608358391018;-0.48095703125;
23:50:41;98.0;1576367442;94.057;19.682629254368564;0.5623608358391018;-0.48095703125;
23:50:42;99.0;1576367443;93.873;19.682629254368564;0.5623608358391018;-0.48095703125;
23:50:43;100.0;1576367444;94.281;19.682629254368564;0.5623608358391018;-0.48095703125;
23:50:44;101.0;1576367445;94.097;19.682629254368564;0.5623608358391018;-0.48095703125;
23:50:45;102.0;1576367446;94.036;19.682629254368564;0.5623608358391018;-0.48095703125;
23:50:46;103.0;1576367447;94.383;19.682629254368564;0.5623608358391018;-0.48095703125;
23:50:47;104.0;1576367448;94.322;19.682629254368564;0.5623608358391018;-0.48095703125;
23:50:48;105.0;1576367449;94.834;19.682629254368564;0.5623608358391018;-0.48095703125;
23:50:49;106.0;1576367450;94.69;19.682629254368564;0.5623608358391018;-0.48095703125;
23:50:50;107.0;1576367451;94.567;19.682629254368564;0.5623608358391018;-0.48095703125;
23:50:51;108.0;1576367452;94.383;19.682629254368564;0.5623608358391018;-0.48095703125;
23:50:52;109.0;1576367453;94.22;19.682629254368564;0.5623608358391018;-0.48095703125;
23:50:53;110.0;1576367454;94.424;19.682629254368564;0.5623608358391018;-0.48095703125;
23:50:54;111.0;1576367455;94.158;19.682629254368564;0.5623608358391018;-0.48095703125;
23:50:55;112.0;1576367456;94.158;19.682629254368564;0.5623608358391018;-0.48095703125;
23:50:56;113.0;1576367458;94.158;19.682629254368564;0.5623608358391018;-0.48095703125;
23:50:57;114.0;1576367458;93.955;19.682629254368564;0.5623608358391018;-0.48095703125;
23:50:58;115.0;1576367459;94.342;19.682629254368564;0.5623608358391018;-0.48095703125;
23:50:59;116.0;1576367460;94.322;19.682629254368564;0.5623608358391018;-0.48095703125;
23:51:00;117.0;1576367461;94.322;19.682629254368564;0.5623608358391018;-0.48095703125;
23:51:01;118.0;1576367462;94.097;19.682629254368564;0.5623608358391018;-0.48095703125;
23:51:02;119.0;1576367463;94.097;19.682629254368564;0.5623608358391018;-0.48095703125;
23:51:03;120.0;1576367464;93.792;19.682629254368564;0.5623608358391018;-0.48095703125;
23:51:04;121.0;1576367465;93.589;19.682629254368564;0.5623608358391018;-0.48095703125;
23:51:05;122.0;1576367466;93.61;19.682629254368564;0.5623608358391018;-0.48095703125;
23:51:06;123.0;1576367467;93.508;19.682629254368564;0.5623608358391018;-0.48095703125;
23:51:07;124.0;1576367468;93.833;19.682629254368564;0.5623608358391018;-0.48095703125;
23:51:08;125.0;1576367469;93.996;19.682629254368564;0.5623608358391018;-0.48095703125;
23:51:09;126.0;1576367470;94.179;19.682629254368564;0.5623608358391018;-0.48095703125;
23:51:10;127.0;1576367471;94.526;19.682629254368564;0.5623608358391018;-0.48095703125;
23:51:11;128.0;1576367472;94.158;19.682629254368564;0.5623608358391018;-0.48095703125;
23:51:12;129.0;1576367473;93.955;19.682629254368564;0.5623608358391018;-0.48095703125;
23:51:13;130.0;1576367474;94.138;19.682629254368564;0.5623608358391018;-0.48095703125;
23:51:14;131.0;1576367475;94.036;19.682629254368564;0.5623608358391018;-0.48095703125;
23:51:15;132.0;1576367476;94.199;19.682629254368564;0.5623608358391018;-0.48095703125;
23:51:16;133.0;1576367477;94.444;19.682629254368564;0.5623608358391018;-0.48095703125;
23:51:17;134.0;1576367479;94.649;19.682629254368564;0.5623608358391018;-0.48095703125;
23:51:18;135.0;1576367480;94.67;19.682629254368564;0.5623608358391018;-0.48095703125;
23:51:19;136.0;1576367481;94.69;19.682629254368564;0.5623608358391018;-0.48095703125;
23:51:20;137.0;1576367482;94.649;19.682629254368564;0.5623608358391018;-0.48095703125;
23:51:21;138.0;1576367483;94.26;19.682629254368564;0.5623608358391018;-0.48095703125;
23:51:22;139.0;1576367484;93.772;19.682629254368564;0.5623608358391018;-0.48095703125;
23:51:23;140.0;1576367485;93.996;19.682629254368564;0.5623608358391018;-0.48095703125;
23:51:24;141.0;1576367486;94.036;19.682629254368564;0.5623608358391018;-0.48095703125;
23:51:25;142.0;1576367487;94.077;19.682629254368564;0.5623608358391018;-0.48095703125;
23:51:26;143.0;1576367488;94.036;19.682629254368564;0.5623608358391018;-0.48095703125;
23:51:27;144.0;1576367489;93.955;19.682629254368564;0.5623608358391018;-0.48095703125;
23:51:28;145.0;1576367490;93.914;19.682629254368564;0.5623608358391018;-0.48095703125;
23:51:30;147.0;1576367491;93.894;19.682629254368564;0.5623608358391018;-0.48095703125;
23:51:31;148.0;1576367492;94.138;19.682629254368564;0.5623608358391018;-0.48095703125;
23:51:32;149.0;1576367493;94.179;19.682629254368564;0.5623608358391018;-0.48095703125;
23:51:33;150.0;1576367494;94.24;19.682629254368564;0.5623608358391018;-0.48095703125;
23:51:34;151.0;1576367495;94.016;19.682629254368564;0.5623608358391018;-0.48095703125;
23:51:35;152.0;1576367496;94.158;19.682629254368564;0.5623608358391018;-0.48095703125;
23:51:36;153.0;1576367497;94.199;19.682629254368564;0.5623608358391018;-0.48095703125;
23:51:37;154.0;1576367498;94.016;19.682629254368564;0.5623608358391018;-0.48095703125;
23:51:38;155.0;1576367499;93.833;19.682629254368564;0.5623608358391018;-0.48095703125;
23:51:39;156.0;1576367500;93.468;19.682629254368564;0.5623608358391018;-0.48095703125;
23:51:40;157.0;1576367501;93.246;19.682629254368564;0.5623608358391018;-0.48095703125;
23:51:41;158.0;1576367502;93.387;19.682629254368564;0.5623608358391018;-0.48095703125;
23:51:42;159.0;1576367503;93.772;19.682629254368564;0.5623608358391018;-0.48095703125;
23:51:43;160.0;1576367504;93.934;19.682629254368564;0.5623608358391018;-0.48095703125;
23:51:44;161.0;1576367505;93.914;19.682629254368564;0.5623608358391018;-0.48095703125;
23:51:45;162.0;1576367506;93.731;19.682629254368564;0.5623608358391018;-0.48095703125;
23:51:46;163.0;1576367507;93.61;19.682629254368564;0.5623608358391018;-0.48095703125;
23:51:47;164.0;1576367508;93.813;19.682629254368564;0.5623608358391018;-0.48095703125;
23:51:48;165.0;1576367509;94.057;19.682629254368564;0.5623608358391018;-0.48095703125;
23:51:49;166.0;1576367510;94.057;19.682629254368564;0.5623608358391018;-0.48095703125;
23:51:50;167.0;1576367511;94.22;19.682629254368564;0.5623608358391018;-0.48095703125;
23:51:51;168.0;1576367512;94.057;19.682629254368564;0.5623608358391018;-0.48095703125;
23:51:52;169.0;1576367513;93.996;19.682629254368564;0.5623608358391018;-0.48095703125;
23:51:53;170.0;1576367514;94.22;19.682629254368564;0.5623608358391018;-0.48095703125;
23:51:54;171.0;1576367515;94.22;19.682629254368564;0.5623608358391018;-0.48095703125;
23:51:55;172.0;1576367516;94.383;19.682629254368564;0.5623608358391018;-0.48095703125;
23:51:56;173.0;1576367517;94.097;19.682629254368564;0.5623608358391018;-0.48095703125;
23:51:57;174.0;1576367517;93.873;19.682629254368564;0.5623608358391018;-0.48095703125;
23:51:58;175.0;1576367519;94.179;19.682629254368564;0.5623608358391018;-0.48095703125;
23:51:59;176.0;1576367520;93.975;19.682629254368564;0.5623608358391018;-0.48095703125;
23:52:00;177.0;1576367521;93.934;19.682629254368564;0.5623608358391018;-0.48095703125;
23:52:01;178.0;1576367522;93.996;19.682629254368564;0.5623608358391018;-0.48095703125;
23:52:02;179.0;1576367523;93.63;19.682629254368564;0.5623608358391018;-0.48095703125;
23:52:03;180.0;1576367524;93.65;19.682629254368564;0.5623608358391018;-0.48095703125;
23:52:04;181.0;1576367525;94.016;19.682629254368564;0.5623608358391018;-0.48095703125;
23:52:05;182.0;1576367526;93.934;19.682629254368564;0.5623608358391018;-0.48095703125;
23:52:06;183.0;1576367527;94.179;19.682629254368564;0.5623608358391018;-0.48095703125;
23:52:07;184.0;1576367528;94.199;19.682629254368564;0.5623608358391018;-0.48095703125;
23:52:08;185.0;1576367529;93.833;19.682629254368564;0.5623608358391018;-0.48095703125;
23:52:09;186.0;1576367530;93.873;19.682629254368564;0.5623608358391018;-0.48095703125;
23:52:10;187.0;1576367531;93.488;19.682629254368564;0.5623608358391018;-0.48095703125;
23:52:11;188.0;1576367532;93.508;19.682629254368564;0.5623608358391018;-0.48095703125;
23:52:12;189.0;1576367533;93.691;19.682629254368564;0.5623608358391018;-0.48095703125;
23:52:13;190.0;1576367534;94.016;19.682629254368564;0.5623608358391018;-0.48095703125;
23:52:14;191.0;1576367535;94.404;19.682629254368564;0.5623608358391018;-0.48095703125;
23:52:15;192.0;1576367536;94.69;19.682629254368564;0.5623608358391018;-0.48095703125;
23:52:16;193.0;1576367537;94.629;19.682629254368564;0.5623608358391018;-0.48095703125;
23:52:17;194.0;1576367538;94.322;19.682629254368564;0.5623608358391018;-0.48095703125;
23:52:18;195.0;1576367539;93.711;19.682629254368564;0.5623608358391018;-0.48095703125;
23:52:19;196.0;1576367540;93.205;19.682629254368564;0.5623608358391018;-0.48095703125;
23:52:20;197.0;1576367542;93.226;19.682629254368564;0.5623608358391018;-0.48095703125;
23:52:21;198.0;1576367543;92.964;19.682629254368564;0.5623608358391018;-0.48095703125;
23:52:22;199.0;1576367544;93.347;19.682629254368564;0.5623608358391018;-0.48095703125;
23:52:23;200.0;1576367545;93.367;19.682629254368564;0.5623608358391018;-0.48095703125;
23:52:24;201.0;1576367546;93.589;19.682629254368564;0.5623608358391018;-0.48095703125;
23:52:25;202.0;1576367547;93.975;19.682629254368564;0.5623608358391018;-0.48095703125;
23:52:26;203.0;1576367548;94.057;19.682629254368564;0.5623608358391018;-0.48095703125;
23:52:27;204.0;1576367549;94.26;19.682629254368564;0.5623608358391018;-0.48095703125;
23:52:28;205.0;1576367550;94.26;19.682629254368564;0.5623608358391018;-0.48095703125;
23:52:29;206.0;1576367551;94.077;19.682629254368564;0.5623608358391018;-0.48095703125;
23:52:30;207.0;1576367552;93.691;19.682629254368564;0.5623608358391018;-0.48095703125;
23:52:31;208.0;1576367553;93.671;19.682629254368564;0.5623608358391018;-0.48095703125;
23:52:32;209.0;1576367554;93.671;19.682629254368564;0.5623608358391018;-0.48095703125;
23:52:34;211.0;1576367555;93.671;19.682629254368564;0.5623608358391018;-0.48095703125;
23:52:35;212.0;1576367556;94.179;19.682629254368564;0.5623608358391018;-0.48095703125;
23:52:36;213.0;1576367557;94.363;19.682629254368564;0.5623608358391018;-0.48095703125;
23:52:37;214.0;1576367558;94.179;19.682629254368564;0.5623608358391018;-0.48095703125;
23:52:38;215.0;1576367559;94.363;19.682629254368564;0.5623608358391018;-0.48095703125;
23:52:39;216.0;1576367560;94.118;19.682629254368564;0.5623608358391018;-0.48095703125;
23:52:40;217.0;1576367561;93.731;19.682629254368564;0.5623608358391018;-0.48095703125;
23:52:41;218.0;1576367562;93.529;19.682629254368564;0.5623608358391018;-0.48095703125;
23:52:42;219.0;1576367563;93.589;19.682629254368564;0.5623608358391018;-0.48095703125;
23:52:43;220.0;1576367564;93.691;19.682629254368564;0.5623608358391018;-0.48095703125;
23:52:44;221.0;1576367565;93.813;19.682629254368564;0.5623608358391018;-0.48095703125;
23:52:45;222.0;1576367566;94.342;19.682629254368564;0.5623608358391018;-0.48095703125;
23:52:46;223.0;1576367567;94.077;19.682629254368564;0.5623608358391018;-0.48095703125;
23:52:47;224.0;1576367568;94.036;19.682629254368564;0.5623608358391018;-0.48095703125;
23:52:48;225.0;1576367569;94.118;19.682629254368564;0.5623608358391018;-0.48095703125;
23:52:49;226.0;1576367570;93.772;19.682629254368564;0.5623608358391018;-0.48095703125;
23:52:50;227.0;1576367571;93.833;19.682629254368564;0.5623608358391018;-0.48095703125;
23:52:51;228.0;1576367572;93.772;19.682629254368564;0.5623608358391018;-0.48095703125;
23:52:52;229.0;1576367573;93.792;19.682629254368564;0.5623608358391018;-0.48095703125;
23:52:53;230.0;1576367574;93.63;19.682629254368564;0.5623608358391018;-0.48095703125;
23:52:54;231.0;1576367575;93.711;19.682629254368564;0.5623608358391018;-0.48095703125;
23:52:56;233.0;1576367576;93.731;19.682629254368564;0.5623608358391018;-0.48095703125;
23:52:57;234.0;1576367578;93.549;19.682629254368564;0.5623608358391018;-0.48095703125;
23:52:58;235.0;1576367579;93.448;19.682629254368564;0.5623608358391018;-0.48095703125;
23:52:59;236.0;1576367580;93.246;19.682629254368564;0.5623608358391018;-0.48095703125;
23:53:00;237.0;1576367581;93.488;19.682629254368564;0.5623608358391018;-0.48095703125;
23:53:01;238.0;1576367582;93.853;19.682629254368564;0.5623608358391018;-0.48095703125;
23:53:02;239.0;1576367583;94.036;19.682629254368564;0.5623608358391018;-0.48095703125;
23:53:03;240.0;1576367584;94.22;19.682629254368564;0.5623608358391018;-0.48095703125;
23:53:04;241.0;1576367585;94.097;19.682629254368564;0.5623608358391018;-0.48095703125;
23:53:05;242.0;1576367586;94.077;19.682629254368564;0.5623608358391018;-0.48095703125;
23:53:06;243.0;1576367587;94.22;19.682629254368564;0.5623608358391018;-0.48095703125;
23:53:07;244.0;1576367588;94.199;19.682629254368564;0.5623608358391018;-0.48095703125;
23:53:08;245.0;1576367589;93.975;19.682629254368564;0.5623608358391018;-0.48095703125;
23:53:09;246.0;1576367590;93.894;19.682629254368564;0.5623608358391018;-0.48095703125;
23:53:10;247.0;1576367591;93.428;19.682629254368564;0.5623608358391018;-0.48095703125;
23:53:11;248.0;1576367592;93.266;19.682629254368564;0.5623608358391018;-0.48095703125;
23:53:12;249.0;1576367593;93.367;19.682629254368564;0.5623608358391018;-0.48095703125;
23:53:13;250.0;1576367594;93.327;19.682629254368564;0.5623608358391018;-0.48095703125;
23:53:14;251.0;1576367595;93.671;19.682629254368564;0.5623608358391018;-0.48095703125;
23:53:15;252.0;1576367596;94.016;19.682629254368564;0.5623608358391018;-0.48095703125;
23:53:16;253.0;1576367597;94.057;19.682629254368564;0.5623608358391018;-0.48095703125;
23:53:17;254.0;1576367598;94.444;19.682629254368564;0.5623608358391018;-0.48095703125;
23:53:18;255.0;1576367599;94.036;19.682629254368564;0.5623608358391018;-0.48095703125;
23:53:19;256.0;1576367600;93.833;19.682629254368564;0.5623608358391018;-0.48095703125;
23:53:20;257.0;1576367601;93.468;19.682629254368564;0.5623608358391018;-0.48095703125;
23:53:21;258.0;1576367602;93.226;19.682629254368564;0.5623608358391018;-0.48095703125;
23:53:22;259.0;1576367603;93.205;19.682629254368564;0.5623608358391018;-0.48095703125;
23:53:23;260.0;1576367604;93.407;19.682629254368564;0.5623608358391018;-0.48095703125;
23:53:24;261.0;1576367605;93.589;19.682629254368564;0.5623608358391018;-0.48095703125;
23:53:25;262.0;1576367606;93.589;19.682629254368564;0.5623608358391018;-0.48095703125;
23:53:26;263.0;1576367607;93.813;19.682629254368564;0.5623608358391018;-0.48095703125;
23:53:27;264.0;1576367609;93.61;19.682629254368564;0.5623608358391018;-0.48095703125;
23:53:28;265.0;1576367610;93.772;19.682629254368564;0.5623608358391018;-0.48095703125;
23:53:29;266.0;1576367611;93.752;19.682629254368564;0.5623608358391018;-0.48095703125;
23:53:30;267.0;1576367612;93.63;19.682629254368564;0.5623608358391018;-0.48095703125;
23:53:31;268.0;1576367613;93.65;19.682629254368564;0.5623608358391018;-0.48095703125;
23:53:32;269.0;1576367614;93.488;19.682629254368564;0.5623608358391018;-0.48095703125;
23:53:33;270.0;1576367615;93.488;19.682629254368564;0.5623608358391018;-0.48095703125;
23:53:34;271.0;1576367616;93.367;19.682629254368564;0.5623608358391018;-0.48095703125;
23:53:35;272.0;1576367617;93.367;19.682629254368564;0.5623608358391018;-0.48095703125;
23:53:36;273.0;1576367618;93.226;19.682629254368564;0.5623608358391018;-0.48095703125;
23:53:38;275.0;1576367619;93.306;19.682629254368564;0.5623608358391018;-0.48095703125;
23:53:39;276.0;1576367620;93.367;19.682629254368564;0.5623608358391018;-0.48095703125;
23:53:40;277.0;1576367621;93.347;19.682629254368564;0.5623608358391018;-0.48095703125;
23:53:41;278.0;1576367622;93.468;19.682629254368564;0.5623608358391018;-0.48095703125;
23:53:42;279.0;1576367623;93.085;19.682629254368564;0.5623608358391018;-0.48095703125;
23:53:43;280.0;1576367624;93.125;19.682629254368564;0.5623608358391018;-0.48095703125;
23:53:44;281.0;1576367625;92.984;19.682629254368564;0.5623608358391018;-0.48095703125;
23:53:45;282.0;1576367626;93.306;19.682629254368564;0.5623608358391018;-0.48095703125;
23:53:46;283.0;1576367627;93.589;19.682629254368564;0.5623608358391018;-0.48095703125;
23:53:47;284.0;1576367628;93.569;19.682629254368564;0.5623608358391018;-0.48095703125;
23:53:48;285.0;1576367629;93.772;19.682629254368564;0.5623608358391018;-0.48095703125;
23:53:49;286.0;1576367630;93.468;19.682629254368564;0.5623608358391018;-0.48095703125;
23:53:50;287.0;1576367631;93.205;19.682629254368564;0.5623608358391018;-0.48095703125;
23:53:51;288.0;1576367632;93.387;19.682629254368564;0.5623608358391018;-0.48095703125;
23:53:52;289.0;1576367633;92.984;19.682629254368564;0.5623608358391018;-0.48095703125;
23:53:53;290.0;1576367634;93.105;19.682629254368564;0.5623608358391018;-0.48095703125;
23:53:54;291.0;1576367635;93.347;19.682629254368564;0.5623608358391018;-0.48095703125;
23:53:55;292.0;1576367636;93.246;19.682629254368564;0.5623608358391018;-0.48095703125;
23:53:56;293.0;1576367637;93.448;19.682629254368564;0.5623608358391018;-0.48095703125;
23:53:57;294.0;1576367638;93.468;19.682629254368564;0.5623608358391018;-0.48095703125;
23:53:58;295.0;1576367639;93.327;19.682629254368564;0.5623608358391018;-0.48095703125;
23:53:59;296.0;1576367640;93.266;19.682629254368564;0.5623608358391018;-0.48095703125;
23:54:00;297.0;1576367641;93.226;19.682629254368564;0.5623608358391018;-0.48095703125;
23:54:01;298.0;1576367642;93.064;19.682629254368564;0.5623608358391018;-0.48095703125;
23:54:02;299.0;1576367643;93.105;19.682629254368564;0.5623608358391018;-0.48095703125;
23:54:03;300.0;1576367644;93.185;19.682629254368564;0.5623608358391018;-0.48095703125;
23:54:04;301.0;1576367645;93.428;19.682629254368564;0.5623608358391018;-0.48095703125;
23:54:05;302.0;1576367646;93.448;19.682629254368564;0.5623608358391018;-0.48095703125;
23:54:06;303.0;1576367647;93.407;19.682629254368564;0.5623608358391018;-0.48095703125;
23:54:07;304.0;1576367648;93.246;19.682629254368564;0.5623608358391018;-0.48095703125;
23:54:08;305.0;1576367649;93.205;19.682629254368564;0.5623608358391018;-0.48095703125;
23:54:09;306.0;1576367650;93.024;19.682629254368564;0.5623608358391018;-0.48095703125;
23:54:10;307.0;1576367651;93.024;19.682629254368564;0.5623608358391018;-0.48095703125;
23:54:11;308.0;1576367652;93.226;19.682629254368564;0.5623608358391018;-0.48095703125;
23:54:12;309.0;1576367654;93.064;19.682629254368564;0.5623608358391018;-0.48095703125;
23:54:13;310.0;1576367655;93.569;19.682629254368564;0.5623608358391018;-0.48095703125;
23:54:14;311.0;1576367656;93.549;19.682629254368564;0.5623608358391018;-0.48095703125;
23:54:15;312.0;1576367657;93.286;19.682629254368564;0.5623608358391018;-0.48095703125;
23:54:16;313.0;1576367658;93.085;19.682629254368564;0.5623608358391018;-0.48095703125;
23:54:17;314.0;1576367659;92.783;19.682629254368564;0.5623608358391018;-0.48095703125;
23:54:18;315.0;1576367660;92.663;19.682629254368564;0.5623608358391018;-0.48095703125;
23:54:19;316.0;1576367660;92.984;19.682629254368564;0.5623608358391018;-0.48095703125;
23:54:20;317.0;1576367661;93.125;19.682629254368564;0.5623608358391018;-0.48095703125;
23:54:21;318.0;1576367662;93.266;19.682629254368564;0.5623608358391018;-0.48095703125;
23:54:22;319.0;1576367663;93.367;19.682629254368564;0.5623608358391018;-0.48095703125;
23:54:23;320.0;1576367664;93.125;19.682629254368564;0.5623608358391018;-0.48095703125;
23:54:24;321.0;1576367665;93.004;19.682629254368564;0.5623608358391018;-0.48095703125;
23:54:25;322.0;1576367666;93.044;19.682629254368564;0.5623608358391018;-0.48095703125;
23:54:26;323.0;1576367667;93.105;19.682629254368564;0.5623608358391018;-0.48095703125;
23:54:27;324.0;1576367668;93.306;19.682629254368564;0.5623608358391018;-0.48095703125;
23:54:28;325.0;1576367669;93.488;19.682629254368564;0.5623608358391018;-0.48095703125;
23:54:29;326.0;1576367670;93.246;19.682629254368564;0.5623608358391018;-0.48095703125;
23:54:30;327.0;1576367671;93.448;19.682629254368564;0.5623608358391018;-0.48095703125;
23:54:31;328.0;1576367673;93.226;19.682629254368564;0.5623608358391018;-0.48095703125;
23:54:32;329.0;1576367674;93.205;19.682629254368564;0.5623608358391018;-0.48095703125;
23:54:33;330.0;1576367675;93.226;19.682629254368564;0.5623608358391018;-0.48095703125;
23:54:34;331.0;1576367676;93.004;19.682629254368564;0.5623608358391018;-0.48095703125;
23:54:35;332.0;1576367677;93.085;19.682629254368564;0.5623608358391018;-0.48095703125;
23:54:36;333.0;1576367678;93.044;19.682629254368564;0.5623608358391018;-0.48095703125;
23:54:37;334.0;1576367679;93.064;19.682629254368564;0.5623608358391018;-0.48095703125;
23:54:38;335.0;1576367680;93.085;19.682629254368564;0.5623608358391018;-0.48095703125;
23:54:39;336.0;1576367681;93.044;19.682629254368564;0.5623608358391018;-0.48095703125;
23:54:40;337.0;1576367682;92.984;19.682629254368564;0.5623608358391018;-0.48095703125;
23:54:42;339.0;1576367683;92.944;19.682629254368564;0.5623608358391018;-0.48095703125;
23:54:43;340.0;1576367684;92.924;19.682629254368564;0.5623608358391018;-0.48095703125;
23:54:44;341.0;1576367685;92.984;19.682629254368564;0.5623608358391018;-0.48095703125;
23:54:45;342.0;1576367686;93.286;19.682629254368564;0.5623608358391018;-0.48095703125;
23:54:46;343.0;1576367687;93.327;19.682629254368564;0.5623608358391018;-0.48095703125;
23:54:47;344.0;1576367688;93.165;19.682629254368564;0.5623608358391018;-0.48095703125;
23:54:48;345.0;1576367689;93.286;19.682629254368564;0.5623608358391018;-0.48095703125;
23:54:49;346.0;1576367690;93.286;19.682629254368564;0.5623608358391018;-0.48095703125;
23:54:50;347.0;1576367691;93.327;19.682629254368564;0.5623608358391018;-0.48095703125;
23:54:51;348.0;1576367692;93.671;19.682629254368564;0.5623608358391018;-0.48095703125;
23:54:52;349.0;1576367693;93.65;19.682629254368564;0.5623608358391018;-0.48095703125;
23:54:53;350.0;1576367694;93.246;19.682629254368564;0.5623608358391018;-0.48095703125;
23:54:54;351.0;1576367695;93.367;19.682629254368564;0.5623608358391018;-0.48095703125;
23:54:55;352.0;1576367696;93.226;19.682629254368564;0.5623608358391018;-0.48095703125;
23:54:56;353.0;1576367697;92.883;19.682629254368564;0.5623608358391018;-0.48095703125;
23:54:57;354.0;1576367698;93.085;19.682629254368564;0.5623608358391018;-0.48095703125;
23:54:58;355.0;1576367699;92.904;19.682629254368564;0.5623608358391018;-0.48095703125;
23:54:59;356.0;1576367700;92.863;19.682629254368564;0.5623608358391018;-0.48095703125;
23:55:00;357.0;1576367701;93.428;19.682629254368564;0.5623608358391018;-0.48095703125;
23:55:01;358.0;1576367702;93.428;19.682629254368564;0.5623608358391018;-0.48095703125;
23:55:02;359.0;1576367703;93.266;19.682629254368564;0.5623608358391018;-0.48095703125;
23:55:03;360.0;1576367704;93.205;19.682629254368564;0.5623608358391018;-0.48095703125;
23:55:04;361.0;1576367705;92.683;19.682629254368564;0.5623608358391018;-0.48095703125;
23:55:05;362.0;1576367706;92.643;19.682629254368564;0.5623608358391018;-0.48095703125;
23:55:06;363.0;1576367707;92.803;19.682629254368564;0.5623608358391018;-0.48095703125;
23:55:07;364.0;1576367708;92.944;19.682629254368564;0.5623608358391018;-0.48095703125;
23:55:08;365.0;1576367709;92.723;19.682629254368564;0.5623608358391018;-0.48095703125;
23:55:09;366.0;1576367710;92.583;19.682629254368564;0.5623608358391018;-0.48095703125;
23:55:10;367.0;1576367711;92.763;19.682629254368564;0.5623608358391018;-0.48095703125;
23:55:11;368.0;1576367712;92.823;19.682629254368564;0.5623608358391018;-0.48095703125;
23:55:12;369.0;1576367713;93.286;19.682629254368564;0.5623608358391018;-0.48095703125;
23:55:13;370.0;1576367714;93.448;19.682629254368564;0.5623608358391018;-0.48095703125;
23:55:14;371.0;1576367716;93.085;19.682629254368564;0.5623608358391018;-0.48095703125;
23:55:15;372.0;1576367717;93.145;19.682629254368564;0.5623608358391018;-0.48095703125;
23:55:16;373.0;1576367718;93.064;19.682629254368564;0.5623608358391018;-0.48095703125;
23:55:17;374.0;1576367718;93.165;19.682629254368564;0.5623608358391018;-0.48095703125;
23:55:18;375.0;1576367719;93.246;19.682629254368564;0.5623608358391018;-0.48095703125;
23:55:19;376.0;1576367720;92.944;19.682629254368564;0.5623608358391018;-0.48095703125;
23:55:20;377.0;1576367721;92.763;19.682629254368564;0.5623608358391018;-0.48095703125;
23:55:21;378.0;1576367722;92.743;19.682629254368564;0.5623608358391018;-0.48095703125;
23:55:22;379.0;1576367723;92.663;19.682629254368564;0.5623608358391018;-0.48095703125;
23:55:23;380.0;1576367724;92.783;19.682629254368564;0.5623608358391018;-0.48095703125;
23:55:24;381.0;1576367725;92.803;19.682629254368564;0.5623608358391018;-0.48095703125;
23:55:25;382.0;1576367726;92.863;19.682629254368564;0.5623608358391018;-0.48095703125;
23:55:26;383.0;1576367727;92.863;19.682629254368564;0.5623608358391018;-0.48095703125;
23:55:27;384.0;1576367728;92.843;19.682629254368564;0.5623608358391018;-0.48095703125;
23:55:28;385.0;1576367729;92.863;19.682629254368564;0.5623608358391018;-0.48095703125;
23:55:29;386.0;1576367730;92.803;19.682629254368564;0.5623608358391018;-0.48095703125;
23:55:30;387.0;1576367731;92.763;19.682629254368564;0.5623608358391018;-0.48095703125;
23:55:31;388.0;1576367732;92.723;19.682629254368564;0.5623608358391018;-0.48095703125;
23:55:32;389.0;1576367733;92.483;19.682629254368564;0.5623608358391018;-0.48095703125;
23:55:33;390.0;1576367734;92.283;19.682629254368564;0.5623608358391018;-0.48095703125;
23:55:34;391.0;1576367735;92.543;19.682629254368564;0.5623608358391018;-0.48095703125;
23:55:35;392.0;1576367736;92.563;19.682629254368564;0.5623608358391018;-0.48095703125;
23:55:36;393.0;1576367737;92.723;19.682629254368564;0.5623608358391018;-0.48095703125;
23:55:37;394.0;1576367738;92.743;19.682629254368564;0.5623608358391018;-0.48095703125;
23:55:38;395.0;1576367739;92.563;19.682629254368564;0.5623608358391018;-0.48095703125;
23:55:39;396.0;1576367741;92.283;19.682629254368564;0.5623608358391018;-0.48095703125;
23:55:40;397.0;1576367742;92.163;19.682629254368564;0.5623608358391018;-0.48095703125;
23:55:41;398.0;1576367743;92.463;19.682629254368564;0.5623608358391018;-0.48095703125;
23:55:42;399.0;1576367744;92.423;19.682629254368564;0.5623608358391018;-0.48095703125;
23:55:43;400.0;1576367745;92.543;19.682629254368564;0.5623608358391018;-0.48095703125;
23:55:44;401.0;1576367746;92.904;19.682629254368564;0.5623608358391018;-0.48095703125;
23:55:46;403.0;1576367747;92.543;19.682629254368564;0.5623608358391018;-0.48095703125;
23:55:47;404.0;1576367748;92.603;19.682629254368564;0.5623608358391018;-0.48095703125;
23:55:48;405.0;1576367749;92.623;19.682629254368564;0.5623608358391018;-0.48095703125;
23:55:49;406.0;1576367750;92.583;19.682629254368564;0.5623608358391018;-0.48095703125;
23:55:50;407.0;1576367751;92.743;19.682629254368564;0.5623608358391018;-0.48095703125;
23:55:51;408.0;1576367752;92.683;19.682629254368564;0.5623608358391018;-0.48095703125;
23:55:52;409.0;1576367753;92.503;19.682629254368564;0.5623608358391018;-0.48095703125;
23:55:53;410.0;1576367753;92.343;19.682629254368564;0.5623608358391018;-0.48095703125;
23:55:54;411.0;1576367755;92.383;19.682629254368564;0.5623608358391018;-0.48095703125;
23:55:55;412.0;1576367756;92.563;19.682629254368564;0.5623608358391018;-0.48095703125;
23:55:56;413.0;1576367757;92.904;19.682629254368564;0.5623608358391018;-0.48095703125;
23:55:57;414.0;1576367758;92.723;19.682629254368564;0.5623608358391018;-0.48095703125;
23:55:58;415.0;1576367759;92.703;19.682629254368564;0.5623608358391018;-0.48095703125;
23:55:59;416.0;1576367760;92.543;19.682629254368564;0.5623608358391018;-0.48095703125;
23:56:00;417.0;1576367761;92.383;19.682629254368564;0.5623608358391018;-0.48095703125;
23:56:01;418.0;1576367762;92.563;19.682629254368564;0.5623608358391018;-0.48095703125;
23:56:02;419.0;1576367763;92.443;19.682629254368564;0.5623608358391018;-0.48095703125;
23:56:03;420.0;1576367764;92.423;19.682629254368564;0.5623608358391018;-0.48095703125;
23:56:04;421.0;1576367765;92.263;19.682629254368564;0.5623608358391018;-0.48095703125;
23:56:05;422.0;1576367766;92.203;19.682629254368564;0.5623608358391018;-0.48095703125;
23:56:06;423.0;1576367767;92.163;19.682629254368564;0.5623608358391018;-0.48095703125;
23:56:07;424.0;1576367768;92.203;19.682629254368564;0.5623608358391018;-0.48095703125;
23:56:08;425.0;1576367769;92.503;19.682629254368564;0.5623608358391018;-0.48095703125;
23:56:09;426.0;1576367770;92.603;19.682629254368564;0.5623608358391018;-0.48095703125;
23:56:10;427.0;1576367771;92.623;19.682629254368564;0.5623608358391018;-0.48095703125;
23:56:11;428.0;1576367772;92.803;19.682629254368564;0.5623608358391018;-0.48095703125;
23:56:12;429.0;1576367773;92.643;19.682629254368564;0.5623608358391018;-0.48095703125;
23:56:13;430.0;1576367774;92.783;19.682629254368564;0.5623608358391018;-0.48095703125;
23:56:14;431.0;1576367775;93.145;19.682629254368564;0.5623608358391018;-0.48095703125;
23:56:15;432.0;1576367776;92.924;19.682629254368564;0.5623608358391018;-0.48095703125;
23:56:16;433.0;1576367777;92.763;19.682629254368564;0.5623608358391018;-0.48095703125;
23:56:17;434.0;1576367778;92.783;19.682629254368564;0.5623608358391018;-0.48095703125;
23:56:18;435.0;1576367779;92.563;19.682629254368564;0.5623608358391018;-0.48095703125;
23:56:19;436.0;1576367780;92.723;19.682629254368564;0.5623608358391018;-0.48095703125;
23:56:20;437.0;1576367781;92.924;19.682629254368564;0.5623608358391018;-0.48095703125;
23:56:21;438.0;1576367783;92.703;19.682629254368564;0.5623608358391018;-0.48095703125;
23:56:22;439.0;1576367784;92.703;19.682629254368564;0.5623608358391018;-0.48095703125;
23:56:23;440.0;1576367785;92.543;19.682629254368564;0.5623608358391018;-0.48095703125;
23:56:24;441.0;1576367786;92.523;19.682629254368564;0.5623608358391018;-0.48095703125;
23:56:25;442.0;1576367787;92.343;19.682629254368564;0.5623608358391018;-0.48095703125;
23:56:26;443.0;1576367788;92.004;19.682629254368564;0.5623608358391018;-0.48095703125;
23:56:27;444.0;1576367789;91.845;19.682629254368564;0.5623608358391018;-0.48095703125;
23:56:28;445.0;1576367790;92.064;19.682629254368564;0.5623608358391018;-0.48095703125;
23:56:29;446.0;1576367791;92.104;19.682629254368564;0.5623608358391018;-0.48095703125;
23:56:30;447.0;1576367792;92.223;19.682629254368564;0.5623608358391018;-0.48095703125;
23:56:31;448.0;1576367792;92.583;19.682629254368564;0.5623608358391018;-0.48095703125;
23:56:32;449.0;1576367793;92.203;19.682629254368564;0.5623608358391018;-0.48095703125;
23:56:33;450.0;1576367794;92.523;19.682629254368564;0.5623608358391018;-0.48095703125;
23:56:34;451.0;1576367795;92.523;19.682629254368564;0.5623608358391018;-0.48095703125;
23:56:35;452.0;1576367796;92.183;19.682629254368564;0.5623608358391018;-0.48095703125;
23:56:36;453.0;1576367797;92.303;19.682629254368564;0.5623608358391018;-0.48095703125;
23:56:37;454.0;1576367798;92.104;19.682629254368564;0.5623608358391018;-0.48095703125;
23:56:38;455.0;1576367799;92.343;19.682629254368564;0.5623608358391018;-0.48095703125;
23:56:39;456.0;1576367800;92.603;19.682629254368564;0.5623608358391018;-0.48095703125;
23:56:40;457.0;1576367801;92.263;19.682629254368564;0.5623608358391018;-0.48095703125;
23:56:41;458.0;1576367802;92.084;19.682629254368564;0.5623608358391018;-0.48095703125;
23:56:42;459.0;1576367804;92.044;19.682629254368564;0.5623608358391018;-0.48095703125;
23:56:43;460.0;1576367805;92.084;19.682629254368564;0.5623608358391018;-0.48095703125;
23:56:44;461.0;1576367806;92.483;19.682629254368564;0.5623608358391018;-0.48095703125;
23:56:45;462.0;1576367807;93.044;19.682629254368564;0.5623608358391018;-0.48095703125;
23:56:46;463.0;1576367808;92.863;19.682629254368564;0.5623608358391018;-0.48095703125;
23:56:47;464.0;1576367809;92.743;19.682629254368564;0.5623608358391018;-0.48095703125;
23:56:48;465.0;1576367810;92.783;19.682629254368564;0.5623608358391018;-0.48095703125;
23:56:50;467.0;1576367811;92.443;19.682629254368564;0.5623608358391018;-0.48095703125;
23:56:51;468.0;1576367812;92.323;19.682629254368564;0.5623608358391018;-0.48095703125;
23:56:52;469.0;1576367813;92.323;19.682629254368564;0.5623608358391018;-0.48095703125;
23:56:53;470.0;1576367814;92.124;19.682629254368564;0.5623608358391018;-0.48095703125;
23:56:54;471.0;1576367815;92.144;19.682629254368564;0.5623608358391018;-0.48095703125;
23:56:55;472.0;1576367816;92.303;19.682629254368564;0.5623608358391018;-0.48095703125;
23:56:56;473.0;1576367817;92.163;19.682629254368564;0.5623608358391018;-0.48095703125;
23:56:57;474.0;1576367818;92.323;19.682629254368564;0.5623608358391018;-0.48095703125;
23:56:58;475.0;1576367819;92.163;19.682629254368564;0.5623608358391018;-0.48095703125;
23:56:59;476.0;1576367820;92.004;19.682629254368564;0.5623608358391018;-0.48095703125;
23:57:00;477.0;1576367821;92.124;19.682629254368564;0.5623608358391018;-0.48095703125;
23:57:01;478.0;1576367822;92.263;19.682629254368564;0.5623608358391018;-0.48095703125;
23:57:02;479.0;1576367823;92.443;19.682629254368564;0.5623608358391018;-0.48095703125;
23:57:03;480.0;1576367824;92.723;19.682629254368564;0.5623608358391018;-0.48095703125;
23:57:04;481.0;1576367825;92.863;19.682629254368564;0.5623608358391018;-0.48095703125;
23:57:05;482.0;1576367826;92.723;19.682629254368564;0.5623608358391018;-0.48095703125;
23:57:06;483.0;1576367827;92.663;19.682629254368564;0.5623608358391018;-0.48095703125;
23:57:07;484.0;1576367828;92.203;19.682629254368564;0.5623608358391018;-0.48095703125;
23:57:08;485.0;1576367829;91.885;19.682629254368564;0.5623608358391018;-0.48095703125;
23:57:09;486.0;1576367830;91.667;19.682629254368564;0.5623608358391018;-0.48095703125;
23:57:10;487.0;1576367831;91.174;19.682629254368564;0.5623608358391018;-0.48095703125;
23:57:11;488.0;1576367832;91.707;19.682629254368564;0.5623608358391018;-0.48095703125;
23:57:12;489.0;1576367833;92.243;19.682629254368564;0.5623608358391018;-0.48095703125;
23:57:13;490.0;1576367834;92.483;19.682629254368564;0.5623608358391018;-0.48095703125;
23:57:14;491.0;1576367835;92.823;19.682629254368564;0.5623608358391018;-0.48095703125;
23:57:15;492.0;1576367836;92.563;19.682629254368564;0.5623608358391018;-0.48095703125;
23:57:16;493.0;1576367837;92.403;19.682629254368564;0.5623608358391018;-0.48095703125;
23:57:17;494.0;1576367838;92.403;19.682629254368564;0.5623608358391018;-0.48095703125;
23:57:18;495.0;1576367839;92.583;19.682629254368564;0.5623608358391018;-0.48095703125;
23:57:19;496.0;1576367840;92.623;19.682629254368564;0.5623608358391018;-0.48095703125;
23:57:20;497.0;1576367841;92.303;19.682629254368564;0.5623608358391018;-0.48095703125;
23:57:21;498.0;1576367842;92.243;19.682629254368564;0.5623608358391018;-0.48095703125;
23:57:22;499.0;1576367843;92.463;19.682629254368564;0.5623608358391018;-0.48095703125;
23:57:23;500.0;1576367844;92.283;19.682629254368564;0.5623608358391018;-0.48095703125;
23:57:24;501.0;1576367845;92.243;19.682629254368564;0.5623608358391018;-0.48095703125;
23:57:25;502.0;1576367846;92.643;19.682629254368564;0.5623608358391018;-0.48095703125;
23:57:26;503.0;1576367847;92.263;19.682629254368564;0.5623608358391018;-0.48095703125;
23:57:27;504.0;1576367849;92.403;19.682629254368564;0.5623608358391018;-0.48095703125;
23:57:28;505.0;1576367850;92.423;19.682629254368564;0.5623608358391018;-0.48095703125;
23:57:29;506.0;1576367851;91.845;19.682629254368564;0.5623608358391018;-0.48095703125;
23:57:30;507.0;1576367852;91.806;19.682629254368564;0.5623608358391018;-0.48095703125;
23:57:31;508.0;1576367853;91.647;19.682629254368564;0.5623608358391018;-0.48095703125;
23:57:32;509.0;1576367854;91.726;19.682629254368564;0.5623608358391018;-0.48095703125;
23:57:33;510.0;1576367855;91.766;19.682629254368564;0.5623608358391018;-0.48095703125;
23:57:34;511.0;1576367856;91.826;19.682629254368564;0.5623608358391018;-0.48095703125;
23:57:35;512.0;1576367856;91.845;19.682629254368564;0.5623608358391018;-0.48095703125;
23:57:36;513.0;1576367857;91.687;19.682629254368564;0.5623608358391018;-0.48095703125;
23:57:37;514.0;1576367858;91.667;19.682629254368564;0.5623608358391018;-0.48095703125;
23:57:38;515.0;1576367859;91.608;19.682629254368564;0.5623608358391018;-0.48095703125;
23:57:39;516.0;1576367860;91.627;19.682629254368564;0.5623608358391018;-0.48095703125;
23:57:40;517.0;1576367861;91.509;19.682629254368564;0.5623608358391018;-0.48095703125;
23:57:41;518.0;1576367862;91.667;19.682629254368564;0.5623608358391018;-0.48095703125;
23:57:42;519.0;1576367863;91.667;19.682629254368564;0.5623608358391018;-0.48095703125;
23:57:43;520.0;1576367864;91.885;19.682629254368564;0.5623608358391018;-0.48095703125;
23:57:44;521.0;1576367865;92.183;19.682629254368564;0.5623608358391018;-0.48095703125;
23:57:45;522.0;1576367866;92.163;19.682629254368564;0.5623608358391018;-0.48095703125;
23:57:46;523.0;1576367867;92.163;19.682629254368564;0.5623608358391018;-0.48095703125;
23:57:47;524.0;1576367869;92.104;19.682629254368564;0.5623608358391018;-0.48095703125;
23:57:48;525.0;1576367870;91.965;19.682629254368564;0.5623608358391018;-0.48095703125;
23:57:49;526.0;1576367871;91.984;19.682629254368564;0.5623608358391018;-0.48095703125;
23:57:50;527.0;1576367872;91.984;19.682629254368564;0.5623608358391018;-0.48095703125;
23:57:51;528.0;1576367873;91.984;19.682629254368564;0.5623608358391018;-0.48095703125;
23:57:52;529.0;1576367874;91.984;19.682629254368564;0.5623608358391018;-0.48095703125;
23:57:53;530.0;1576367875;91.726;19.682629254368564;0.5623608358391018;-0.48095703125;
23:57:55;532.0;1576367876;91.766;19.682629254368564;0.5623608358391018;-0.48095703125;
23:57:56;533.0;1576367877;91.627;19.682629254368564;0.5623608358391018;-0.48095703125;
23:57:57;534.0;1576367878;91.588;19.682629254368564;0.5623608358391018;-0.48095703125;
23:57:58;535.0;1576367879;92.004;19.682629254368564;0.5623608358391018;-0.48095703125;
23:57:59;536.0;1576367880;91.984;19.682629254368564;0.5623608358391018;-0.48095703125;
23:58:00;537.0;1576367881;91.965;19.682629254368564;0.5623608358391018;-0.48095703125;
23:58:01;538.0;1576367882;92.044;19.682629254368564;0.5623608358391018;-0.48095703125;
23:58:02;539.0;1576367883;91.865;19.682629254368564;0.5623608358391018;-0.48095703125;
23:58:03;540.0;1576367884;92.044;19.682629254368564;0.5623608358391018;-0.48095703125;
23:58:04;541.0;1576367885;92.104;19.682629254368564;0.5623608358391018;-0.48095703125;
23:58:05;542.0;1576367886;91.925;19.682629254368564;0.5623608358391018;-0.48095703125;
23:58:06;543.0;1576367887;91.786;19.682629254368564;0.5623608358391018;-0.48095703125;
23:58:07;544.0;1576367888;91.43;19.682629254368564;0.5623608358391018;-0.48095703125;
23:58:08;545.0;1576367889;91.45;19.682629254368564;0.5623608358391018;-0.48095703125;
23:58:09;546.0;1576367890;91.371;19.682629254368564;0.5623608358391018;-0.48095703125;
23:58:10;547.0;1576367891;91.568;19.682629254368564;0.5623608358391018;-0.48095703125;
23:58:11;548.0;1576367892;91.865;19.682629254368564;0.5623608358391018;-0.48095703125;
23:58:12;549.0;1576367893;91.885;19.682629254368564;0.5623608358391018;-0.48095703125;
23:58:13;550.0;1576367894;91.925;19.682629254368564;0.5623608358391018;-0.48095703125;
23:58:14;551.0;1576367895;91.925;19.682629254368564;0.5623608358391018;-0.48095703125;
23:58:15;552.0;1576367896;91.865;19.682629254368564;0.5623608358391018;-0.48095703125;
23:58:16;553.0;1576367897;91.746;19.682629254368564;0.5623608358391018;-0.48095703125;
23:58:17;554.0;1576367898;91.945;19.682629254368564;0.5623608358391018;-0.48095703125;
23:58:18;555.0;1576367899;91.766;19.682629254368564;0.5623608358391018;-0.48095703125;
23:58:19;556.0;1576367900;91.687;19.682629254368564;0.5623608358391018;-0.48095703125;
23:58:20;557.0;1576367901;91.726;19.682629254368564;0.5623608358391018;-0.48095703125;
23:58:21;558.0;1576367902;91.925;19.682629254368564;0.5623608358391018;-0.48095703125;
23:58:22;559.0;1576367903;91.905;19.682629254368564;0.5623608358391018;-0.48095703125;
23:58:23;560.0;1576367904;91.925;19.682629254368564;0.5623608358391018;-0.48095703125;
23:58:24;561.0;1576367905;91.905;19.682629254368564;0.5623608358391018;-0.48095703125;
23:58:25;562.0;1576367906;91.371;19.682629254368564;0.5623608358391018;-0.48095703125;
23:58:26;563.0;1576367907;91.371;19.682629254368564;0.5623608358391018;-0.48095703125;
23:58:27;564.0;1576367908;91.687;19.682629254368564;0.5623608358391018;-0.48095703125;
23:58:28;565.0;1576367909;91.687;19.682629254368564;0.5623608358391018;-0.48095703125;
23:58:29;566.0;1576367911;92.024;19.682629254368564;0.5623608358391018;-0.48095703125;
23:58:30;567.0;1576367912;92.223;19.682629254368564;0.5623608358391018;-0.48095703125;
23:58:31;568.0;1576367913;91.885;19.682629254368564;0.5623608358391018;-0.48095703125;
23:58:32;569.0;1576367914;91.726;19.682629254368564;0.5623608358391018;-0.48095703125;
23:58:33;570.0;1576367915;91.568;19.682629254368564;0.5623608358391018;-0.48095703125;
23:58:34;571.0;1576367915;91.588;19.682629254368564;0.5623608358391018;-0.48095703125;
23:58:35;572.0;1576367916;91.766;19.682629254368564;0.5623608358391018;-0.48095703125;
23:58:36;573.0;1576367917;91.925;19.682629254368564;0.5623608358391018;-0.48095703125;
23:58:37;574.0;1576367918;92.044;19.682629254368564;0.5623608358391018;-0.48095703125;
23:58:38;575.0;1576367919;92.024;19.682629254368564;0.5623608358391018;-0.48095703125;
23:58:39;576.0;1576367920;91.905;19.682629254368564;0.5623608358391018;-0.48095703125;
23:58:40;577.0;1576367921;91.786;19.682629254368564;0.5623608358391018;-0.48095703125;
23:58:41;578.0;1576367922;91.845;19.682629254368564;0.5623608358391018;-0.48095703125;
23:58:42;579.0;1576367923;91.667;19.682629254368564;0.5623608358391018;-0.48095703125;
23:58:43;580.0;1576367924;91.548;19.682629254368564;0.5623608358391018;-0.48095703125;
23:58:44;581.0;1576367925;91.707;19.682629254368564;0.5623608358391018;-0.48095703125;
23:58:45;582.0;1576367926;91.687;19.682629254368564;0.5623608358391018;-0.48095703125;
23:58:46;583.0;1576367927;91.627;19.682629254368564;0.5623608358391018;-0.48095703125;
23:58:47;584.0;1576367928;91.667;19.682629254368564;0.5623608358391018;-0.48095703125;
23:58:48;585.0;1576367929;91.647;19.682629254368564;0.5623608358391018;-0.48095703125;
23:58:49;586.0;1576367930;91.667;19.682629254368564;0.5623608358391018;-0.48095703125;
23:58:50;587.0;1576367931;91.826;19.682629254368564;0.5623608358391018;-0.48095703125;
23:58:51;588.0;1576367932;91.707;19.682629254368564;0.5623608358391018;-0.48095703125;
23:58:52;589.0;1576367934;91.509;19.682629254368564;0.5623608358391018;-0.48095703125;
23:58:53;590.0;1576367935;91.43;19.682629254368564;0.5623608358391018;-0.48095703125;
23:58:54;591.0;1576367936;91.174;19.682629254368564;0.5623608358391018;-0.48095703125;
23:58:55;592.0;1576367937;91.45;19.682629254368564;0.5623608358391018;-0.48095703125;
23:58:56;593.0;1576367938;91.687;19.682629254368564;0.5623608358391018;-0.48095703125;
23:58:57;594.0;1576367939;91.608;19.682629254368564;0.5623608358391018;-0.48095703125;
23:58:59;596.0;1576367940;91.647;19.682629254368564;0.5623608358391018;-0.48095703125;
23:59:00;597.0;1576367941;91.39;19.682629254368564;0.5623608358391018;-0.48095703125;
23:59:01;598.0;1576367942;91.115;19.682629254368564;0.5623608358391018;-0.48095703125;
23:59:02;599.0;1576367943;90.879;19.682629254368564;0.5623608358391018;-0.48095703125;
23:59:03;600.0;1576367944;91.016;19.682629254368564;0.5623608358391018;-0.48095703125;
23:59:04;601.0;1576367945;90.997;19.682629254368564;0.5623608358391018;-0.48095703125;
23:59:05;602.0;1576367946;90.781;19.682629254368564;0.5623608358391018;-0.48095703125;
23:59:06;603.0;1576367947;90.977;19.682629254368564;0.5623608358391018;-0.48095703125;
23:59:07;604.0;1576367948;90.624;19.682629254368564;0.5623608358391018;-0.48095703125;
23:59:08;605.0;1576367949;90.938;19.682629254368564;0.5623608358391018;-0.48095703125;
23:59:09;606.0;1576367950;91.154;19.682629254368564;0.5623608358391018;-0.48095703125;
23:59:10;607.0;1576367951;91.311;19.682629254368564;0.5623608358391018;-0.48095703125;
23:59:11;608.0;1576367952;91.746;19.682629254368564;0.5623608358391018;-0.48095703125;
23:59:12;609.0;1576367953;91.588;19.682629254368564;0.5623608358391018;-0.48095703125;
23:59:13;610.0;1576367954;91.826;19.682629254368564;0.5623608358391018;-0.48095703125;
23:59:14;611.0;1576367955;91.845;19.682629254368564;0.5623608358391018;-0.48095703125;
23:59:15;612.0;1576367956;91.568;19.682629254368564;0.5623608358391018;-0.48095703125;
23:59:16;613.0;1576367957;91.687;19.682629254368564;0.5623608358391018;-0.48095703125;
23:59:17;614.0;1576367958;91.845;19.682629254368564;0.5623608358391018;-0.48095703125;
23:59:18;615.0;1576367959;91.726;19.682629254368564;0.5623608358391018;-0.48095703125;
23:59:19;616.0;1576367960;91.845;19.682629254368564;0.5623608358391018;-0.48095703125;
23:59:20;617.0;1576367961;91.707;19.682629254368564;0.5623608358391018;-0.48095703125;
23:59:21;618.0;1576367962;91.41;19.682629254368564;0.5623608358391018;-0.48095703125;
23:59:22;619.0;1576367963;91.371;19.682629254368564;0.5623608358391018;-0.48095703125;
23:59:23;620.0;1576367964;91.272;19.682629254368564;0.5623608358391018;-0.48095703125;
23:59:24;621.0;1576367965;91.45;19.682629254368564;0.5623608358391018;-0.48095703125;
23:59:25;622.0;1576367966;91.608;19.682629254368564;0.5623608358391018;-0.48095703125;
23:59:26;623.0;1576367967;91.746;19.682629254368564;0.5623608358391018;-0.48095703125;
23:59:27;624.0;1576367968;91.726;19.682629254368564;0.5623608358391018;-0.48095703125;
23:59:28;625.0;1576367969;91.707;19.682629254368564;0.5623608358391018;-0.48095703125;
23:59:29;626.0;1576367970;91.627;19.682629254368564;0.5623608358391018;-0.48095703125;
23:59:30;627.0;1576367971;91.826;19.682629254368564;0.5623608358391018;-0.48095703125;
23:59:31;628.0;1576367972;92.004;19.682629254368564;0.5623608358391018;-0.48095703125;
23:59:32;629.0;1576367974;91.667;19.682629254368564;0.5623608358391018;-0.48095703125;
23:59:33;630.0;1576367975;91.489;19.682629254368564;0.5623608358391018;-0.48095703125;
23:59:34;631.0;1576367976;90.977;19.682629254368564;0.5623608358391018;-0.48095703125;
23:59:35;632.0;1576367977;90.997;19.682629254368564;0.5623608358391018;-0.48095703125;
23:59:36;633.0;1576367978;91.233;19.682629254368564;0.5623608358391018;-0.48095703125;
23:59:37;634.0;1576367978;91.272;19.682629254368564;0.5623608358391018;-0.48095703125;
23:59:38;635.0;1576367979;91.588;19.682629254368564;0.5623608358391018;-0.48095703125;
23:59:39;636.0;1576367980;91.469;19.682629254368564;0.5623608358391018;-0.48095703125;
23:59:40;637.0;1576367981;91.331;19.682629254368564;0.5623608358391018;-0.48095703125;
23:59:41;638.0;1576367982;91.331;19.682629254368564;0.5623608358391018;-0.48095703125;
23:59:42;639.0;1576367983;91.115;19.682629254368564;0.5623608358391018;-0.48095703125;
23:59:43;640.0;1576367984;90.859;19.682629254368564;0.5623608358391018;-0.48095703125;
23:59:44;641.0;1576367985;90.899;19.682629254368564;0.5623608358391018;-0.48095703125;
23:59:45;642.0;1576367986;91.075;19.682629254368564;0.5623608358391018;-0.48095703125;
23:59:46;643.0;1576367987;91.115;19.682629254368564;0.5623608358391018;-0.48095703125;
23:59:47;644.0;1576367988;91.45;19.682629254368564;0.5623608358391018;-0.48095703125;
23:59:48;645.0;1576367989;91.568;19.682629254368564;0.5623608358391018;-0.48095703125;
23:59:49;646.0;1576367990;91.509;19.682629254368564;0.5623608358391018;-0.48095703125;
23:59:50;647.0;1576367991;91.687;19.682629254368564;0.5623608358391018;-0.48095703125;
23:59:51;648.0;1576367992;91.43;19.682629254368564;0.5623608358391018;-0.48095703125;
23:59:52;649.0;1576367993;91.548;19.682629254368564;0.5623608358391018;-0.48095703125;
23:59:53;650.0;1576367995;91.43;19.682629254368564;0.5623608358391018;-0.48095703125;
23:59:54;651.0;1576367996;91.627;19.682629254368564;0.5623608358391018;-0.48095703125;
23:59:55;652.0;1576367997;91.687;19.682629254368564;0.5623608358391018;-0.48095703125;
23:59:56;653.0;1576367998;91.272;19.682629254368564;0.5623608358391018;-0.48095703125;
23:59:57;654.0;1576367999;91.292;19.682629254368564;0.5623608358391018;-0.48095703125;
23:59:58;655.0;1576368000;90.938;19.682629254368564;0.5623608358391018;-0.48095703125;
23:59:59;656.0;1576368001;90.742;19.682629254368564;0.5623608358391018;-0.48095703125;
00:00:00;-85743.0;1576368002;90.997;19.682629254368564;0.5623608358391018;-0.48095703125;
00:00:01;-85742.0;1576368003;91.056;19.682629254368564;0.5623608358391018;-0.48095703125;
00:00:03;-85740.0;1576368004;90.84;19.682629254368564;0.5623608358391018;-0.48095703125;
00:00:04;-85739.0;1576368005;91.193;19.682629254368564;0.5623608358391018;-0.48095703125;
00:00:05;-85738.0;1576368006;90.801;19.682629254368564;0.5623608358391018;-0.48095703125;
00:00:06;-85737.0;1576368007;90.84;19.682629254368564;0.5623608358391018;-0.48095703125;
00:00:07;-85736.0;1576368008;91.095;19.682629254368564;0.5623608358391018;-0.48095703125;
00:00:08;-85735.0;1576368009;90.957;19.682629254368564;0.5623608358391018;-0.48095703125;
00:00:09;-85734.0;1576368010;91.292;19.682629254368564;0.5623608358391018;-0.48095703125;
00:00:10;-85733.0;1576368011;90.997;19.682629254368564;0.5623608358391018;-0.48095703125;
00:00:11;-85732.0;1576368012;91.056;19.682629254368564;0.5623608358391018;-0.48095703125;
00:00:12;-85731.0;1576368013;90.938;19.682629254368564;0.5623608358391018;-0.48095703125;
00:00:13;-85730.0;1576368014;90.859;19.682629254368564;0.5623608358391018;-0.48095703125;
00:00:14;-85729.0;1576368015;91.193;19.682629254368564;0.5623608358391018;-0.48095703125;
00:00:15;-85728.0;1576368016;91.095;19.682629254368564;0.5623608358391018;-0.48095703125;
00:00:16;-85727.0;1576368017;91.213;19.682629254368564;0.5623608358391018;-0.48095703125;
00:00:17;-85726.0;1576368018;90.977;19.682629254368564;0.5623608358391018;-0.48095703125;
00:00:18;-85725.0;1576368019;90.644;19.682629254368564;0.5623608358391018;-0.48095703125;
00:00:19;-85724.0;1576368020;90.488;19.682629254368564;0.5623608358391018;-0.48095703125;
00:00:20;-85723.0;1576368021;90.371;19.682629254368564;0.5623608358391018;-0.48095703125;
00:00:21;-85722.0;1576368022;90.488;19.682629254368564;0.5623608358391018;-0.48095703125;
00:00:22;-85721.0;1576368023;90.624;19.682629254368564;0.5623608358391018;-0.48095703125;
00:00:23;-85720.0;1576368024;90.761;19.682629254368564;0.5623608358391018;-0.48095703125;
00:00:24;-85719.0;1576368025;90.527;19.682629254368564;0.5623608358391018;-0.48095703125;
00:00:25;-85718.0;1576368026;90.527;19.682629254368564;0.5623608358391018;-0.48095703125;
00:00:26;-85717.0;1576368027;90.761;19.682629254368564;0.5623608358391018;-0.48095703125;
00:00:27;-85716.0;1576368028;90.761;19.682629254368564;0.5623608358391018;-0.48095703125;
00:00:28;-85715.0;1576368029;91.115;19.682629254368564;0.5623608358391018;-0.48095703125;
00:00:29;-85714.0;1576368030;91.311;19.682629254368564;0.5623608358391018;-0.48095703125;
00:00:30;-85713.0;1576368031;91.095;19.682629254368564;0.5623608358391018;-0.48095703125;
00:00:31;-85712.0;1576368032;91.056;19.682629254368564;0.5623608358391018;-0.48095703125;
00:00:32;-85711.0;1576368033;91.213;19.682629254368564;0.5623608358391018;-0.48095703125;
00:00:33;-85710.0;1576368034;91.115;19.682629254368564;0.5623608358391018;-0.48095703125;
00:00:34;-85709.0;1576368035;90.761;19.682629254368564;0.5623608358391018;-0.48095703125;
00:00:35;-85708.0;1576368036;90.781;19.682629254368564;0.5623608358391018;-0.48095703125;
00:00:36;-85707.0;1576368037;90.781;19.682629254368564;0.5623608358391018;-0.48095703125;
00:00:37;-85706.0;1576368039;90.761;19.682629254368564;0.5623608358391018;-0.48095703125;
00:00:38;-85705.0;1576368040;90.84;19.682629254368564;0.5623608358391018;-0.48095703125;
00:00:39;-85704.0;1576368041;90.82;19.682629254368564;0.5623608358391018;-0.48095703125;
00:00:40;-85703.0;1576368042;90.879;19.682629254368564;0.5623608358391018;-0.48095703125;
00:00:41;-85702.0;1576368043;90.918;19.682629254368564;0.5623608358391018;-0.48095703125;
00:00:42;-85701.0;1576368044;91.016;19.682629254368564;0.5623608358391018;-0.48095703125;
00:00:43;-85700.0;1576368045;91.075;19.682629254368564;0.5623608358391018;-0.48095703125;
00:00:44;-85699.0;1576368045;90.663;19.682629254368564;0.5623608358391018;-0.48095703125;
00:00:45;-85698.0;1576368046;90.585;19.682629254368564;0.5623608358391018;-0.48095703125;
00:00:46;-85697.0;1576368047;90.663;19.682629254368564;0.5623608358391018;-0.48095703125;
00:00:47;-85696.0;1576368048;90.254;19.682629254368564;0.5623608358391018;-0.48095703125;
00:00:48;-85695.0;1576368049;90.449;19.682629254368564;0.5623608358391018;-0.48095703125;
00:00:49;-85694.0;1576368050;90.468;19.682629254368564;0.5623608358391018;-0.48095703125;
00:00:50;-85693.0;1576368051;90.605;19.682629254368564;0.5623608358391018;-0.48095703125;
00:00:51;-85692.0;1576368052;91.193;19.682629254368564;0.5623608358391018;-0.48095703125;
00:00:52;-85691.0;1576368053;91.174;19.682629254368564;0.5623608358391018;-0.48095703125;
00:00:53;-85690.0;1576368054;91.154;19.682629254368564;0.5623608358391018;-0.48095703125;
00:00:54;-85689.0;1576368055;91.154;19.682629254368564;0.5623608358391018;-0.48095703125;
00:00:55;-85688.0;1576368056;90.781;19.682629254368564;0.5623608358391018;-0.48095703125;
00:00:56;-85687.0;1576368057;90.624;19.682629254368564;0.5623608358391018;-0.48095703125;
00:00:57;-85686.0;1576368058;90.449;19.682629254368564;0.5623608358391018;-0.48095703125;
00:00:58;-85685.0;1576368060;90.449;19.682629254368564;0.5623608358391018;-0.48095703125;
00:00:59;-85684.0;1576368061;90.293;19.682629254368564;0.5623608358391018;-0.48095703125;
00:01:00;-85683.0;1576368062;90.293;19.682629254368564;0.5623608358391018;-0.48095703125;
00:01:01;-85682.0;1576368063;90.39;19.682629254368564;0.5623608358391018;-0.48095703125;
00:01:02;-85681.0;1576368064;90.39;19.682629254368564;0.5623608358391018;-0.48095703125;
00:01:03;-85680.0;1576368065;90.527;19.682629254368564;0.5623608358391018;-0.48095703125;
00:01:04;-85679.0;1576368066;90.488;19.682629254368564;0.5623608358391018;-0.48095703125;
00:01:05;-85678.0;1576368067;90.234;19.682629254368564;0.5623608358391018;-0.48095703125;
00:01:07;-85676.0;1576368068;90.234;19.682629254368564;0.5623608358391018;-0.48095703125;
00:01:08;-85675.0;1576368069;90.41;19.682629254368564;0.5623608358391018;-0.48095703125;
00:01:09;-85674.0;1576368070;90.449;19.682629254368564;0.5623608358391018;-0.48095703125;
00:01:10;-85673.0;1576368071;90.663;19.682629254368564;0.5623608358391018;-0.48095703125;
00:01:11;-85672.0;1576368072;90.468;19.682629254368564;0.5623608358391018;-0.48095703125;
00:01:12;-85671.0;1576368073;90.488;19.682629254368564;0.5623608358391018;-0.48095703125;
00:01:13;-85670.0;1576368074;90.644;19.682629254368564;0.5623608358391018;-0.48095703125;
00:01:14;-85669.0;1576368075;90.977;19.682629254368564;0.5623608358391018;-0.48095703125;
00:01:15;-85668.0;1576368076;91.331;19.682629254368564;0.5623608358391018;-0.48095703125;
00:01:16;-85667.0;1576368077;91.174;19.682629254368564;0.5623608358391018;-0.48095703125;
00:01:17;-85666.0;1576368078;91.174;19.682629254368564;0.5623608358391018;-0.48095703125;
00:01:18;-85665.0;1576368079;90.997;19.682629254368564;0.5623608358391018;-0.48095703125;
00:01:19;-85664.0;1576368080;91.016;19.682629254368564;0.5623608358391018;-0.48095703125;
00:01:20;-85663.0;1576368081;91.134;19.682629254368564;0.5623608358391018;-0.48095703125;
00:01:21;-85662.0;1576368082;90.997;19.682629254368564;0.5623608358391018;-0.48095703125;
00:01:22;-85661.0;1576368083;90.801;19.682629254368564;0.5623608358391018;-0.48095703125;
00:01:23;-85660.0;1576368084;90.938;19.682629254368564;0.5623608358391018;-0.48095703125;
00:01:24;-85659.0;1576368085;90.977;19.682629254368564;0.5623608358391018;-0.48095703125;
00:01:25;-85658.0;1576368086;91.134;19.682629254368564;0.5623608358391018;-0.48095703125;
00:01:26;-85657.0;1576368087;91.154;19.682629254368564;0.5623608358391018;-0.48095703125;
00:01:27;-85656.0;1576368088;90.41;19.682629254368564;0.5623608358391018;-0.48095703125;
00:01:28;-85655.0;1576368089;90.234;19.682629254368564;0.5623608358391018;-0.48095703125;
00:01:29;-85654.0;1576368090;89.943;19.682629254368564;0.5623608358391018;-0.48095703125;
00:01:30;-85653.0;1576368091;90.04;19.682629254368564;0.5623608358391018;-0.48095703125;
00:01:31;-85652.0;1576368092;90.156;19.682629254368564;0.5623608358391018;-0.48095703125;
00:01:32;-85651.0;1576368093;90.137;19.682629254368564;0.5623608358391018;-0.48095703125;
00:01:33;-85650.0;1576368094;90.098;19.682629254368564;0.5623608358391018;-0.48095703125;
00:01:34;-85649.0;1576368095;90.118;19.682629254368564;0.5623608358391018;-0.48095703125;
00:01:35;-85648.0;1576368096;90.254;19.682629254368564;0.5623608358391018;-0.48095703125;
00:01:36;-85647.0;1576368097;90.273;19.682629254368564;0.5623608358391018;-0.48095703125;
00:01:37;-85646.0;1576368098;90.449;19.682629254368564;0.5623608358391018;-0.48095703125;
00:01:38;-85645.0;1576368099;90.195;19.682629254368564;0.5623608358391018;-0.48095703125;
00:01:39;-85644.0;1576368100;90.195;19.682629254368564;0.5623608358391018;-0.48095703125;
00:01:40;-85643.0;1576368101;90.234;19.682629254368564;0.5623608358391018;-0.48095703125;
00:01:41;-85642.0;1576368103;90.118;19.682629254368564;0.5623608358391018;-0.48095703125;
00:01:42;-85641.0;1576368104;90.079;19.682629254368564;0.5623608358391018;-0.48095703125;
00:01:43;-85640.0;1576368105;89.865;19.682629254368564;0.5623608358391018;-0.48095703125;
00:01:44;-85639.0;1576368106;89.827;19.682629254368564;0.5623608358391018;-0.48095703125;
00:01:45;-85638.0;1576368107;90.234;19.682629254368564;0.5623608358391018;-0.48095703125;
00:01:47;-85636.0;1576368108;90.82;19.682629254368564;0.5623608358391018;-0.48095703125;
00:01:48;-85635.0;1576368110;90.801;19.682629254368564;0.5623608358391018;-0.48095703125;
00:01:49;-85634.0;1576368111;90.468;19.682629254368564;0.5623608358391018;-0.48095703125;
00:01:50;-85633.0;1576368112;90.332;19.682629254368564;0.5623608358391018;-0.48095703125;
00:01:51;-85632.0;1576368113;90.059;19.682629254368564;0.5623608358391018;-0.48095703125;
00:01:52;-85631.0;1576368114;90.234;19.682629254368564;0.5623608358391018;-0.48095703125;
00:01:53;-85630.0;1576368115;90.293;19.682629254368564;0.5623608358391018;-0.48095703125;
00:01:54;-85629.0;1576368115;90.254;19.682629254368564;0.5623608358391018;-0.48095703125;
00:01:55;-85628.0;1576368116;90.449;19.682629254368564;0.5623608358391018;-0.48095703125;
00:01:56;-85627.0;1576368117;90.507;19.682629254368564;0.5623608358391018;-0.48095703125;
00:01:57;-85626.0;1576368118;90.293;19.682629254368564;0.5623608358391018;-0.48095703125;
00:01:58;-85625.0;1576368119;90.371;19.682629254368564;0.5623608358391018;-0.48095703125;
00:01:59;-85624.0;1576368120;90.722;19.682629254368564;0.5623608358391018;-0.48095703125;
00:02:00;-85623.0;1576368121;90.351;19.682629254368564;0.5623608358391018;-0.48095703125;
00:02:01;-85622.0;1576368122;90.507;19.682629254368564;0.5623608358391018;-0.48095703125;
00:02:02;-85621.0;1576368123;90.507;19.682629254368564;0.5623608358391018;-0.48095703125;
00:02:03;-85620.0;1576368124;90.176;19.682629254368564;0.5623608358391018;-0.48095703125;
00:02:04;-85619.0;1576368125;90.449;19.682629254368564;0.5623608358391018;-0.48095703125;
00:02:05;-85618.0;1576368126;90.82;19.682629254368564;0.5623608358391018;-0.48095703125;
00:02:06;-85617.0;1576368127;90.781;19.682629254368564;0.5623608358391018;-0.48095703125;
00:02:07;-85616.0;1576368129;90.997;19.682629254368564;0.5623608358391018;-0.48095703125;
00:02:08;-85615.0;1576368130;90.703;19.682629254368564;0.5623608358391018;-0.48095703125;
00:02:09;-85614.0;1576368131;90.156;19.682629254368564;0.5623608358391018;-0.48095703125;
00:02:11;-85612.0;1576368132;89.962;19.682629254368564;0.5623608358391018;-0.48095703125;
00:02:12;-85611.0;1576368133;89.749;19.682629254368564;0.5623608358391018;-0.48095703125;
00:02:13;-85610.0;1576368134;90.176;19.682629254368564;0.5623608358391018;-0.48095703125;
00:02:14;-85609.0;1576368135;90.488;19.682629254368564;0.5623608358391018;-0.48095703125;
00:02:15;-85608.0;1576368136;90.82;19.682629254368564;0.5623608358391018;-0.48095703125;
00:02:16;-85607.0;1576368137;90.761;19.682629254368564;0.5623608358391018;-0.48095703125;
00:02:17;-85606.0;1576368138;90.468;19.682629254368564;0.5623608358391018;-0.48095703125;
00:02:18;-85605.0;1576368139;90.195;19.682629254368564;0.5623608358391018;-0.48095703125;
00:02:19;-85604.0;1576368140;89.827;19.682629254368564;0.5623608358391018;-0.48095703125;
00:02:20;-85603.0;1576368141;89.885;19.682629254368564;0.5623608358391018;-0.48095703125;
00:02:21;-85602.0;1576368142;90.118;19.682629254368564;0.5623608358391018;-0.48095703125;
00:02:22;-85601.0;1576368143;90.098;19.682629254368564;0.5623608358391018;-0.48095703125;
00:02:23;-85600.0;1576368144;90.156;19.682629254368564;0.5623608358391018;-0.48095703125;
00:02:24;-85599.0;1576368145;90.118;19.682629254368564;0.5623608358391018;-0.48095703125;
00:02:25;-85598.0;1576368146;90.098;19.682629254368564;0.5623608358391018;-0.48095703125;
00:02:26;-85597.0;1576368147;89.962;19.682629254368564;0.5623608358391018;-0.48095703125;
00:02:27;-85596.0;1576368148;90.156;19.682629254368564;0.5623608358391018;-0.48095703125;
00:02:28;-85595.0;1576368149;90.156;19.682629254368564;0.5623608358391018;-0.48095703125;
00:02:29;-85594.0;1576368150;89.962;19.682629254368564;0.5623608358391018;-0.48095703125;
00:02:30;-85593.0;1576368151;90.118;19.682629254368564;0.5623608358391018;-0.48095703125;
00:02:31;-85592.0;1576368152;89.73;19.682629254368564;0.5623608358391018;-0.48095703125;
00:02:32;-85591.0;1576368153;89.885;19.682629254368564;0.5623608358391018;-0.48095703125;
00:02:33;-85590.0;1576368154;89.672;19.682629254368564;0.5623608358391018;-0.48095703125;
00:02:34;-85589.0;1576368155;89.691;19.682629254368564;0.5623608358391018;-0.48095703125;
00:02:35;-85588.0;1576368156;90.371;19.682629254368564;0.5623608358391018;-0.48095703125;
00:02:36;-85587.0;1576368157;90.254;19.682629254368564;0.5623608358391018;-0.48095703125;
00:02:37;-85586.0;1576368158;90.39;19.682629254368564;0.5623608358391018;-0.48095703125;
00:02:38;-85585.0;1576368159;90.079;19.682629254368564;0.5623608358391018;-0.48095703125;
00:02:39;-85584.0;1576368160;89.595;19.682629254368564;0.5623608358391018;-0.48095703125;
00:02:40;-85583.0;1576368161;89.769;19.682629254368564;0.5623608358391018;-0.48095703125;
00:02:41;-85582.0;1576368162;89.846;19.682629254368564;0.5623608358391018;-0.48095703125;
00:02:42;-85581.0;1576368163;90.156;19.682629254368564;0.5623608358391018;-0.48095703125;
00:02:43;-85580.0;1576368164;90.312;19.682629254368564;0.5623608358391018;-0.48095703125;
00:02:44;-85579.0;1576368165;90.118;19.682629254368564;0.5623608358391018;-0.48095703125;
00:02:46;-85577.0;1576368166;90.293;19.682629254368564;0.5623608358391018;-0.48095703125;
00:02:47;-85576.0;1576368168;90.312;19.682629254368564;0.5623608358391018;-0.48095703125;
00:02:48;-85575.0;1576368169;90.001;19.682629254368564;0.5623608358391018;-0.48095703125;
00:02:49;-85574.0;1576368170;90.04;19.682629254368564;0.5623608358391018;-0.48095703125;
00:02:50;-85573.0;1576368172;89.982;19.682629254368564;0.5623608358391018;-0.48095703125;
00:02:51;-85572.0;1576368173;89.595;19.682629254368564;0.5623608358391018;-0.48095703125;
00:02:52;-85571.0;1576368174;90.098;19.682629254368564;0.5623608358391018;-0.48095703125;
00:02:53;-85570.0;1576368175;90.04;19.682629254368564;0.5623608358391018;-0.48095703125;
00:02:54;-85569.0;1576368176;89.885;19.682629254368564;0.5623608358391018;-0.48095703125;
00:02:55;-85568.0;1576368177;90.118;19.682629254368564;0.5623608358391018;-0.48095703125;
00:02:56;-85567.0;1576368178;89.769;19.682629254368564;0.5623608358391018;-0.48095703125;
00:02:57;-85566.0;1576368179;89.672;19.682629254368564;0.5623608358391018;-0.48095703125;
00:02:58;-85565.0;1576368180;89.498;19.682629254368564;0.5623608358391018;-0.48095703125;
00:02:59;-85564.0;1576368181;89.807;19.682629254368564;0.5623608358391018;-0.48095703125;
00:03:00;-85563.0;1576368182;89.827;19.682629254368564;0.5623608358391018;-0.48095703125;
00:03:01;-85562.0;1576368183;89.923;19.682629254368564;0.5623608358391018;-0.48095703125;
00:03:02;-85561.0;1576368184;90.273;19.682629254368564;0.5623608358391018;-0.48095703125;
00:03:03;-85560.0;1576368185;89.769;19.682629254368564;0.5623608358391018;-0.48095703125;
00:03:04;-85559.0;1576368186;89.749;19.682629254368564;0.5623608358391018;-0.48095703125;
00:03:05;-85558.0;1576368187;89.614;19.682629254368564;0.5623608358391018;-0.48095703125;
00:03:06;-85557.0;1576368188;89.537;19.682629254368564;0.5623608358391018;-0.48095703125;
00:03:07;-85556.0;1576368189;89.711;19.682629254368564;0.5623608358391018;-0.48095703125;
00:03:08;-85555.0;1576368190;89.749;19.682629254368564;0.5623608358391018;-0.48095703125;
00:03:09;-85554.0;1576368190;89.691;19.682629254368564;0.5623608358391018;-0.48095703125;
00:03:10;-85553.0;1576368191;89.769;19.682629254368564;0.5623608358391018;-0.48095703125;
00:03:11;-85552.0;1576368192;89.788;19.682629254368564;0.5623608358391018;-0.48095703125;
00:03:12;-85551.0;1576368194;89.672;19.682629254368564;0.5623608358391018;-0.48095703125;
00:03:13;-85550.0;1576368195;89.749;19.682629254368564;0.5623608358391018;-0.48095703125;
00:03:15;-85548.0;1576368196;89.575;19.682629254368564;0.5623608358391018;-0.48095703125;
00:03:16;-85547.0;1576368197;89.749;19.682629254368564;0.5623608358391018;-0.48095703125;
00:03:17;-85546.0;1576368198;89.865;19.682629254368564;0.5623608358391018;-0.48095703125;
00:03:18;-85545.0;1576368199;89.827;19.682629254368564;0.5623608358391018;-0.48095703125;
00:03:19;-85544.0;1576368200;89.865;19.682629254368564;0.5623608358391018;-0.48095703125;
00:03:20;-85543.0;1576368201;89.769;19.682629254368564;0.5623608358391018;-0.48095703125;
00:03:21;-85542.0;1576368202;89.614;19.682629254368564;0.5623608358391018;-0.48095703125;
00:03:22;-85541.0;1576368203;89.846;19.682629254368564;0.5623608358391018;-0.48095703125;
00:03:23;-85540.0;1576368204;89.982;19.682629254368564;0.5623608358391018;-0.48095703125;
00:03:24;-85539.0;1576368205;90.059;19.682629254368564;0.5623608358391018;-0.48095703125;
00:03:25;-85538.0;1576368206;90.156;19.682629254368564;0.5623608358391018;-0.48095703125;
00:03:26;-85537.0;1576368207;90.254;19.682629254368564;0.5623608358391018;-0.48095703125;
00:03:27;-85536.0;1576368208;89.904;19.682629254368564;0.5623608358391018;-0.48095703125;
00:03:28;-85535.0;1576368209;89.73;19.682629254368564;0.5623608358391018;-0.48095703125;
00:03:29;-85534.0;1576368210;89.595;19.682629254368564;0.5623608358391018;-0.48095703125;
00:03:30;-85533.0;1576368211;89.113;19.682629254368564;0.5623608358391018;-0.48095703125;
00:03:31;-85532.0;1576368212;89.344;19.682629254368564;0.5623608358391018;-0.48095703125;
