Time;Seconds from start for linreg;Unix Time;ch1 po2;Uc;Ubl;Vc;
22:24:00;-2.0;1576275842;88.711;20.718131484878633;0.5919466138536752;-0.50048828125;
22:24:01;-1.0;1576275842;88.311;20.45925592725112;0.584550169350032;-0.49560546875;
22:24:02;0.0;1576275843;88.425;20.45925592725112;0.584550169350032;-0.49560546875;
22:24:03;1.0;1576275844;88.635;20.200380369623602;0.5771537248463886;-0.49072265625;
22:24:04;2.0;1576275845;88.635;20.45925592725112;0.584550169350032;-0.49560546875;
22:24:05;3.0;1576275846;88.501;20.847569263692396;0.595644836105497;-0.5029296875;
22:24:06;4.0;1576275847;88.845;20.718131484878633;0.5919466138536752;-0.50048828125;
22:24:07;5.0;1576275848;88.749;17.22331145690713;0.4920946130544894;-0.4345703125;
22:24:08;6.0;1576275849;88.768;20.847569263692396;0.595644836105497;-0.5029296875;
22:24:09;7.0;1576275850;88.998;20.718131484878633;0.5919466138536752;-0.50048828125;
22:24:10;8.0;1576275852;88.692;18.906002581486003;0.5401715023281716;-0.46630859375;
22:24:11;9.0;1576275853;88.444;21.235882600133674;0.6067395028609621;-0.51025390625;
22:24:12;10.0;1576275854;88.425;20.847569263692396;0.595644836105497;-0.5029296875;
22:24:13;11.0;1576275855;88.52;20.45925592725112;0.584550169350032;-0.49560546875;
22:24:14;12.0;1576275856;88.349;20.847569263692396;0.595644836105497;-0.5029296875;
22:24:15;13.0;1576275857;88.349;20.718131484878633;0.5919466138536752;-0.50048828125;
22:24:16;14.0;1576275858;88.368;20.200380369623602;0.5771537248463886;-0.49072265625;
22:24:17;15.0;1576275859;88.387;20.718131484878633;0.5919466138536752;-0.50048828125;
22:24:18;16.0;1576275860;88.558;20.45925592725112;0.584550169350032;-0.49560546875;
22:24:19;17.0;1576275861;88.768;20.718131484878633;0.5919466138536752;-0.50048828125;
22:24:20;18.0;1576275862;88.558;20.588693706064877;0.5882483916018536;-0.498046875;
22:24:21;19.0;1576275863;88.73;20.718131484878633;0.5919466138536752;-0.50048828125;
22:24:22;20.0;1576275864;88.749;20.588693706064877;0.5882483916018536;-0.498046875;
22:24:23;21.0;1576275865;88.711;20.45925592725112;0.584550169350032;-0.49560546875;
22:24:24;22.0;1576275866;89.075;20.588693706064877;0.5882483916018536;-0.498046875;
22:24:26;24.0;1576275867;88.673;20.847569263692396;0.595644836105497;-0.5029296875;
22:24:27;25.0;1576275868;88.654;19.682629254368564;0.5623608358391018;-0.48095703125;
22:24:28;26.0;1576275869;88.635;20.718131484878633;0.5919466138536752;-0.50048828125;
22:24:29;27.0;1576275870;88.539;20.45925592725112;0.584550169350032;-0.49560546875;
22:24:30;28.0;1576275871;88.73;20.45925592725112;0.584550169350032;-0.49560546875;
22:24:31;29.0;1576275872;88.864;20.977007042506155;0.5993430583573187;-0.50537109375;
22:24:32;30.0;1576275873;88.922;20.329818148437358;0.5808519470982102;-0.4931640625;
22:24:33;31.0;1576275874;88.673;20.718131484878633;0.5919466138536752;-0.50048828125;
22:24:34;32.0;1576275875;88.692;20.718131484878633;0.5919466138536752;-0.50048828125;
22:24:35;33.0;1576275876;88.635;20.45925592725112;0.584550169350032;-0.49560546875;
22:24:36;34.0;1576275877;88.311;20.45925592725112;0.584550169350032;-0.49560546875;
22:24:37;35.0;1576275878;88.444;20.200380369623602;0.5771537248463886;-0.49072265625;
22:24:38;36.0;1576275879;88.406;20.718131484878633;0.5919466138536752;-0.50048828125;
22:24:39;37.0;1576275880;88.349;22.01250927301623;0.6289288363718923;-0.52490234375;
22:24:40;38.0;1576275881;88.635;20.847569263692396;0.595644836105497;-0.5029296875;
22:24:41;39.0;1576275882;88.654;20.45925592725112;0.584550169350032;-0.49560546875;
22:24:42;40.0;1576275883;88.501;22.78913594589879;0.6511181698828226;-0.53955078125;
22:24:43;41.0;1576275884;88.654;20.847569263692396;0.595644836105497;-0.5029296875;
22:24:44;42.0;1576275885;88.349;17.870500350975927;0.5105857243135979;-0.44677734375;
22:24:45;43.0;1576275886;88.387;20.588693706064877;0.5882483916018536;-0.498046875;
22:24:46;44.0;1576275887;88.406;20.847569263692396;0.595644836105497;-0.5029296875;
22:24:47;45.0;1576275888;88.235;20.588693706064877;0.5882483916018536;-0.498046875;
22:24:48;46.0;1576275889;88.52;20.847569263692396;0.595644836105497;-0.5029296875;
22:24:49;47.0;1576275890;88.33;20.588693706064877;0.5882483916018536;-0.498046875;
22:24:50;48.0;1576275891;88.197;20.847569263692396;0.595644836105497;-0.5029296875;
22:24:51;49.0;1576275891;88.368;21.106444821319915;0.6030412806091404;-0.5078125;
22:24:52;50.0;1576275893;88.406;22.918573724712548;0.6548163921346443;-0.5419921875;
22:24:53;51.0;1576275894;88.635;20.847569263692396;0.595644836105497;-0.5029296875;
22:24:54;52.0;1576275895;89.113;20.718131484878633;0.5919466138536752;-0.50048828125;
22:24:55;53.0;1576275896;88.902;20.588693706064877;0.5882483916018536;-0.498046875;
22:24:56;54.0;1576275897;88.902;20.45925592725112;0.584550169350032;-0.49560546875;
22:24:57;55.0;1576275898;88.864;20.45925592725112;0.584550169350032;-0.49560546875;
22:24:58;56.0;1576275899;88.539;20.588693706064877;0.5882483916018536;-0.498046875;
22:24:59;57.0;1576275900;88.788;21.106444821319915;0.6030412806091404;-0.5078125;
22:25:00;58.0;1576275902;88.749;20.718131484878633;0.5919466138536752;-0.50048828125;
22:25:01;59.0;1576275903;88.73;20.45925592725112;0.584550169350032;-0.49560546875;
22:25:02;60.0;1576275904;88.845;20.847569263692396;0.595644836105497;-0.5029296875;
22:25:03;61.0;1576275905;88.922;20.847569263692396;0.595644836105497;-0.5029296875;
22:25:04;62.0;1576275906;88.768;20.718131484878633;0.5919466138536752;-0.50048828125;
22:25:05;63.0;1576275907;88.768;20.45925592725112;0.584550169350032;-0.49560546875;
22:25:06;64.0;1576275908;88.501;20.847569263692396;0.595644836105497;-0.5029296875;
22:25:07;65.0;1576275909;88.368;20.718131484878633;0.5919466138536752;-0.50048828125;
22:25:08;66.0;1576275910;88.749;20.45925592725112;0.584550169350032;-0.49560546875;
22:25:09;67.0;1576275911;88.749;20.588693706064877;0.5882483916018536;-0.498046875;
22:25:10;68.0;1576275912;88.768;20.718131484878633;0.5919466138536752;-0.50048828125;
22:25:11;69.0;1576275913;88.635;20.07094259080984;0.5734555025945668;-0.48828125;
22:25:12;70.0;1576275914;88.311;20.588693706064877;0.5882483916018536;-0.498046875;
22:25:13;71.0;1576275915;87.894;20.718131484878633;0.5919466138536752;-0.50048828125;
22:25:14;72.0;1576275916;88.14;20.200380369623602;0.5771537248463886;-0.49072265625;
22:25:15;73.0;1576275917;88.292;20.45925592725112;0.584550169350032;-0.49560546875;
22:25:16;74.0;1576275918;88.235;20.200380369623602;0.5771537248463886;-0.49072265625;
22:25:17;75.0;1576275919;88.654;20.329818148437358;0.5808519470982102;-0.4931640625;
22:25:18;76.0;1576275920;88.558;20.588693706064877;0.5882483916018536;-0.498046875;
22:25:19;77.0;1576275921;88.197;20.588693706064877;0.5882483916018536;-0.498046875;
22:25:20;78.0;1576275922;88.235;20.718131484878633;0.5919466138536752;-0.50048828125;
22:25:21;79.0;1576275923;88.045;20.45925592725112;0.584550169350032;-0.49560546875;
22:25:22;80.0;1576275924;88.064;20.588693706064877;0.5882483916018536;-0.498046875;
22:25:23;81.0;1576275925;88.083;20.588693706064877;0.5882483916018536;-0.498046875;
22:25:24;82.0;1576275926;87.894;20.718131484878633;0.5919466138536752;-0.50048828125;
22:25:25;83.0;1576275927;87.894;20.329818148437358;0.5808519470982102;-0.4931640625;
22:25:26;84.0;1576275928;87.856;20.847569263692396;0.595644836105497;-0.5029296875;
22:25:27;85.0;1576275929;88.045;20.588693706064877;0.5882483916018536;-0.498046875;
22:25:28;86.0;1576275930;88.102;20.847569263692396;0.595644836105497;-0.5029296875;
22:25:30;88.0;1576275931;87.837;20.977007042506155;0.5993430583573187;-0.50537109375;
22:25:31;89.0;1576275932;88.007;20.200380369623602;0.5771537248463886;-0.49072265625;
22:25:32;90.0;1576275933;88.14;20.847569263692396;0.595644836105497;-0.5029296875;
22:25:33;91.0;1576275934;88.083;20.847569263692396;0.595644836105497;-0.5029296875;
22:25:34;92.0;1576275935;88.539;20.588693706064877;0.5882483916018536;-0.498046875;
22:25:35;93.0;1576275936;88.178;20.45925592725112;0.584550169350032;-0.49560546875;
22:25:36;94.0;1576275937;87.932;20.847569263692396;0.595644836105497;-0.5029296875;
22:25:37;95.0;1576275938;88.273;20.718131484878633;0.5919466138536752;-0.50048828125;
22:25:38;96.0;1576275939;88.311;20.200380369623602;0.5771537248463886;-0.49072265625;
22:25:39;97.0;1576275940;88.349;20.718131484878633;0.5919466138536752;-0.50048828125;
22:25:40;98.0;1576275941;88.387;20.718131484878633;0.5919466138536752;-0.50048828125;
22:25:41;99.0;1576275942;88.216;20.847569263692396;0.595644836105497;-0.5029296875;
22:25:42;100.0;1576275943;88.178;20.718131484878633;0.5919466138536752;-0.50048828125;
22:25:43;101.0;1576275944;88.311;20.718131484878633;0.5919466138536752;-0.50048828125;
22:25:44;102.0;1576275945;88.387;21.235882600133674;0.6067395028609621;-0.51025390625;
22:25:45;103.0;1576275946;88.539;20.588693706064877;0.5882483916018536;-0.498046875;
22:25:46;104.0;1576275947;88.216;21.235882600133674;0.6067395028609621;-0.51025390625;
22:25:47;105.0;1576275948;88.216;20.588693706064877;0.5882483916018536;-0.498046875;
22:25:48;106.0;1576275949;88.159;20.588693706064877;0.5882483916018536;-0.498046875;
22:25:50;108.0;1576275950;88.121;21.494758157761193;0.6141359473646055;-0.51513671875;
22:25:51;109.0;1576275952;88.197;20.847569263692396;0.595644836105497;-0.5029296875;
22:25:52;110.0;1576275953;88.064;20.977007042506155;0.5993430583573187;-0.50537109375;
22:25:53;111.0;1576275954;88.064;20.45925592725112;0.584550169350032;-0.49560546875;
22:25:54;112.0;1576275955;87.951;20.718131484878633;0.5919466138536752;-0.50048828125;
22:25:55;113.0;1576275956;87.629;21.494758157761193;0.6141359473646055;-0.51513671875;
22:25:56;114.0;1576275957;87.516;20.329818148437358;0.5808519470982102;-0.4931640625;
22:25:57;115.0;1576275958;87.479;20.977007042506155;0.5993430583573187;-0.50537109375;
22:25:58;116.0;1576275959;87.366;20.588693706064877;0.5882483916018536;-0.498046875;
22:25:59;117.0;1576275960;87.479;20.45925592725112;0.584550169350032;-0.49560546875;
22:26:00;118.0;1576275961;87.762;20.45925592725112;0.584550169350032;-0.49560546875;
22:26:01;119.0;1576275962;87.611;20.977007042506155;0.5993430583573187;-0.50537109375;
22:26:02;120.0;1576275963;87.875;20.718131484878633;0.5919466138536752;-0.50048828125;
22:26:03;121.0;1576275964;88.026;20.45925592725112;0.584550169350032;-0.49560546875;
22:26:04;122.0;1576275965;87.856;20.847569263692396;0.595644836105497;-0.5029296875;
22:26:05;123.0;1576275966;87.913;20.07094259080984;0.5734555025945668;-0.48828125;
22:26:06;124.0;1576275967;87.592;20.329818148437358;0.5808519470982102;-0.4931640625;
22:26:07;125.0;1576275968;87.554;20.977007042506155;0.5993430583573187;-0.50537109375;
22:26:08;126.0;1576275969;87.894;20.718131484878633;0.5919466138536752;-0.50048828125;
22:26:09;127.0;1576275970;88.254;20.588693706064877;0.5882483916018536;-0.498046875;
22:26:10;128.0;1576275971;88.577;20.45925592725112;0.584550169350032;-0.49560546875;
22:26:11;129.0;1576275972;88.425;20.847569263692396;0.595644836105497;-0.5029296875;
22:26:12;130.0;1576275973;88.216;20.07094259080984;0.5734555025945668;-0.48828125;
22:26:13;131.0;1576275974;87.969;20.977007042506155;0.5993430583573187;-0.50537109375;
22:26:14;132.0;1576275975;87.818;20.07094259080984;0.5734555025945668;-0.48828125;
22:26:15;133.0;1576275976;87.837;20.200380369623602;0.5771537248463886;-0.49072265625;
22:26:16;134.0;1576275977;88.007;21.106444821319915;0.6030412806091404;-0.5078125;
22:26:17;135.0;1576275978;88.064;20.200380369623602;0.5771537248463886;-0.49072265625;
22:26:18;136.0;1576275979;88.254;20.200380369623602;0.5771537248463886;-0.49072265625;
22:26:19;137.0;1576275980;88.444;20.329818148437358;0.5808519470982102;-0.4931640625;
22:26:20;138.0;1576275981;88.254;21.753633715388712;0.6215323918682489;-0.52001953125;
22:26:21;139.0;1576275982;88.064;20.200380369623602;0.5771537248463886;-0.49072265625;
22:26:22;140.0;1576275983;88.045;20.45925592725112;0.584550169350032;-0.49560546875;
22:26:23;141.0;1576275984;88.026;20.07094259080984;0.5734555025945668;-0.48828125;
22:26:24;142.0;1576275986;87.875;20.329818148437358;0.5808519470982102;-0.4931640625;
22:26:25;143.0;1576275987;87.837;20.200380369623602;0.5771537248463886;-0.49072265625;
22:26:26;144.0;1576275988;88.045;19.81206703318232;0.5660590580909234;-0.4833984375;
22:26:27;145.0;1576275989;88.045;19.941504811996083;0.5697572803427452;-0.48583984375;
22:26:28;146.0;1576275990;88.064;20.200380369623602;0.5771537248463886;-0.49072265625;
22:26:29;147.0;1576275991;87.951;20.588693706064877;0.5882483916018536;-0.498046875;
22:26:30;148.0;1576275992;87.629;20.200380369623602;0.5771537248463886;-0.49072265625;
22:26:31;149.0;1576275993;87.31;20.200380369623602;0.5771537248463886;-0.49072265625;
22:26:32;150.0;1576275994;87.178;20.45925592725112;0.584550169350032;-0.49560546875;
22:26:34;152.0;1576275995;87.197;20.07094259080984;0.5734555025945668;-0.48828125;
22:26:35;153.0;1576275996;87.141;20.45925592725112;0.584550169350032;-0.49560546875;
22:26:36;154.0;1576275997;87.366;20.329818148437358;0.5808519470982102;-0.4931640625;
22:26:37;155.0;1576275998;87.554;21.106444821319915;0.6030412806091404;-0.5078125;
22:26:38;156.0;1576275999;87.648;19.81206703318232;0.5660590580909234;-0.4833984375;
22:26:39;157.0;1576276000;87.535;20.45925592725112;0.584550169350032;-0.49560546875;
22:26:40;158.0;1576276001;87.479;20.200380369623602;0.5771537248463886;-0.49072265625;
22:26:41;159.0;1576276002;87.554;19.941504811996083;0.5697572803427452;-0.48583984375;
22:26:42;160.0;1576276003;87.724;20.588693706064877;0.5882483916018536;-0.498046875;
22:26:43;161.0;1576276004;88.007;20.329818148437358;0.5808519470982102;-0.4931640625;
22:26:44;162.0;1576276005;87.818;20.07094259080984;0.5734555025945668;-0.48828125;
22:26:45;163.0;1576276006;87.686;19.423753696741045;0.5549643913354584;-0.47607421875;
22:26:46;164.0;1576276007;87.743;20.329818148437358;0.5808519470982102;-0.4931640625;
22:26:47;165.0;1576276008;87.366;20.200380369623602;0.5771537248463886;-0.49072265625;
22:26:48;166.0;1576276009;87.516;20.329818148437358;0.5808519470982102;-0.4931640625;
22:26:49;167.0;1576276009;87.535;20.45925592725112;0.584550169350032;-0.49560546875;
22:26:50;168.0;1576276011;87.31;21.753633715388712;0.6215323918682489;-0.52001953125;
22:26:51;169.0;1576276012;87.46;20.588693706064877;0.5882483916018536;-0.498046875;
22:26:52;170.0;1576276013;87.479;20.200380369623602;0.5771537248463886;-0.49072265625;
22:26:53;171.0;1576276014;87.328;20.847569263692396;0.595644836105497;-0.5029296875;
22:26:54;172.0;1576276015;87.197;20.588693706064877;0.5882483916018536;-0.498046875;
22:26:55;173.0;1576276016;87.441;20.329818148437358;0.5808519470982102;-0.4931640625;
22:26:56;174.0;1576276017;87.328;20.329818148437358;0.5808519470982102;-0.4931640625;
22:26:57;175.0;1576276018;87.498;20.847569263692396;0.595644836105497;-0.5029296875;
22:26:58;176.0;1576276019;87.535;20.329818148437358;0.5808519470982102;-0.4931640625;
22:26:59;177.0;1576276020;87.347;20.329818148437358;0.5808519470982102;-0.4931640625;
22:27:00;178.0;1576276021;87.479;20.718131484878633;0.5919466138536752;-0.50048828125;
22:27:01;179.0;1576276022;87.291;20.329818148437358;0.5808519470982102;-0.4931640625;
22:27:02;180.0;1576276023;87.235;17.870500350975927;0.5105857243135979;-0.44677734375;
22:27:03;181.0;1576276024;87.366;21.235882600133674;0.6067395028609621;-0.51025390625;
22:27:04;182.0;1576276025;87.347;20.329818148437358;0.5808519470982102;-0.4931640625;
22:27:05;183.0;1576276026;87.366;20.200380369623602;0.5771537248463886;-0.49072265625;
22:27:06;184.0;1576276027;87.422;20.45925592725112;0.584550169350032;-0.49560546875;
22:27:07;185.0;1576276028;87.272;20.45925592725112;0.584550169350032;-0.49560546875;
22:27:08;186.0;1576276029;87.347;20.588693706064877;0.5882483916018536;-0.498046875;
22:27:09;187.0;1576276031;87.498;20.200380369623602;0.5771537248463886;-0.49072265625;
22:27:10;188.0;1576276032;87.762;20.588693706064877;0.5882483916018536;-0.498046875;
22:27:11;189.0;1576276033;87.611;20.45925592725112;0.584550169350032;-0.49560546875;
22:27:12;190.0;1576276034;87.385;20.718131484878633;0.5919466138536752;-0.50048828125;
22:27:13;191.0;1576276035;87.328;20.329818148437358;0.5808519470982102;-0.4931640625;
22:27:14;192.0;1576276036;87.01;20.45925592725112;0.584550169350032;-0.49560546875;
22:27:15;193.0;1576276037;87.197;20.588693706064877;0.5882483916018536;-0.498046875;
22:27:16;194.0;1576276038;87.272;20.200380369623602;0.5771537248463886;-0.49072265625;
22:27:17;195.0;1576276039;87.347;20.45925592725112;0.584550169350032;-0.49560546875;
22:27:18;196.0;1576276040;87.498;18.906002581486003;0.5401715023281716;-0.46630859375;
22:27:19;197.0;1576276041;87.31;20.200380369623602;0.5771537248463886;-0.49072265625;
22:27:20;198.0;1576276042;87.498;20.588693706064877;0.5882483916018536;-0.498046875;
22:27:21;199.0;1576276043;87.31;20.45925592725112;0.584550169350032;-0.49560546875;
22:27:22;200.0;1576276044;87.272;20.45925592725112;0.584550169350032;-0.49560546875;
22:27:23;201.0;1576276045;87.46;20.718131484878633;0.5919466138536752;-0.50048828125;
22:27:24;202.0;1576276046;87.216;19.81206703318232;0.5660590580909234;-0.4833984375;
22:27:25;203.0;1576276047;87.385;19.294315917927282;0.5512661690836366;-0.4736328125;
22:27:26;204.0;1576276048;87.291;20.977007042506155;0.5993430583573187;-0.50537109375;
22:27:27;205.0;1576276049;87.272;20.200380369623602;0.5771537248463886;-0.49072265625;
22:27:28;206.0;1576276050;87.235;20.07094259080984;0.5734555025945668;-0.48828125;
22:27:29;207.0;1576276051;87.235;20.07094259080984;0.5734555025945668;-0.48828125;
22:27:30;208.0;1576276052;87.253;20.200380369623602;0.5771537248463886;-0.49072265625;
22:27:31;209.0;1576276053;87.141;20.329818148437358;0.5808519470982102;-0.4931640625;
22:27:32;210.0;1576276054;87.16;20.329818148437358;0.5808519470982102;-0.4931640625;
22:27:33;211.0;1576276055;87.141;20.45925592725112;0.584550169350032;-0.49560546875;
22:27:34;212.0;1576276056;87.235;20.07094259080984;0.5734555025945668;-0.48828125;
22:27:35;213.0;1576276057;87.328;20.200380369623602;0.5771537248463886;-0.49072265625;
22:27:36;214.0;1576276058;87.629;20.07094259080984;0.5734555025945668;-0.48828125;
22:27:38;216.0;1576276059;87.762;20.329818148437358;0.5808519470982102;-0.4931640625;
22:27:39;217.0;1576276060;87.629;19.682629254368564;0.5623608358391018;-0.48095703125;
22:27:40;218.0;1576276061;87.648;20.45925592725112;0.584550169350032;-0.49560546875;
22:27:41;219.0;1576276062;87.385;21.883071494202472;0.6252306141200706;-0.5224609375;
22:27:42;220.0;1576276063;87.085;20.200380369623602;0.5771537248463886;-0.49072265625;
22:27:43;221.0;1576276064;87.103;20.200380369623602;0.5771537248463886;-0.49072265625;
22:27:44;222.0;1576276065;87.066;20.329818148437358;0.5808519470982102;-0.4931640625;
22:27:45;223.0;1576276066;87.216;20.45925592725112;0.584550169350032;-0.49560546875;
22:27:46;224.0;1576276067;87.291;20.45925592725112;0.584550169350032;-0.49560546875;
22:27:47;225.0;1576276068;87.385;20.588693706064877;0.5882483916018536;-0.498046875;
22:27:48;226.0;1576276068;87.441;20.718131484878633;0.5919466138536752;-0.50048828125;
22:27:49;227.0;1576276070;87.629;20.718131484878633;0.5919466138536752;-0.50048828125;
22:27:50;228.0;1576276071;87.573;20.07094259080984;0.5734555025945668;-0.48828125;
22:27:51;229.0;1576276072;87.498;20.329818148437358;0.5808519470982102;-0.4931640625;
22:27:52;230.0;1576276073;87.291;20.588693706064877;0.5882483916018536;-0.498046875;
22:27:53;231.0;1576276074;87.047;20.329818148437358;0.5808519470982102;-0.4931640625;
22:27:54;232.0;1576276075;87.047;20.329818148437358;0.5808519470982102;-0.4931640625;
22:27:55;233.0;1576276076;87.178;20.329818148437358;0.5808519470982102;-0.4931640625;
22:27:56;234.0;1576276077;87.216;20.45925592725112;0.584550169350032;-0.49560546875;
22:27:57;235.0;1576276078;87.085;20.200380369623602;0.5771537248463886;-0.49072265625;
22:27:58;236.0;1576276079;86.954;20.45925592725112;0.584550169350032;-0.49560546875;
22:27:59;237.0;1576276080;86.842;19.035440360299763;0.5438697245799933;-0.46875;
22:28:00;238.0;1576276081;86.842;20.200380369623602;0.5771537248463886;-0.49072265625;
22:28:01;239.0;1576276082;86.879;20.588693706064877;0.5882483916018536;-0.498046875;
22:28:02;240.0;1576276083;87.235;20.718131484878633;0.5919466138536752;-0.50048828125;
22:28:03;241.0;1576276084;87.178;20.329818148437358;0.5808519470982102;-0.4931640625;
22:28:04;242.0;1576276085;87.235;20.329818148437358;0.5808519470982102;-0.4931640625;
22:28:05;243.0;1576276086;87.197;20.718131484878633;0.5919466138536752;-0.50048828125;
22:28:06;244.0;1576276087;87.122;20.45925592725112;0.584550169350032;-0.49560546875;
22:28:07;245.0;1576276088;87.141;20.200380369623602;0.5771537248463886;-0.49072265625;
22:28:08;246.0;1576276089;87.047;20.45925592725112;0.584550169350032;-0.49560546875;
22:28:09;247.0;1576276090;87.047;20.329818148437358;0.5808519470982102;-0.4931640625;
22:28:10;248.0;1576276091;86.954;20.45925592725112;0.584550169350032;-0.49560546875;
22:28:11;249.0;1576276092;86.898;20.200380369623602;0.5771537248463886;-0.49072265625;
22:28:12;250.0;1576276093;86.972;20.588693706064877;0.5882483916018536;-0.498046875;
22:28:13;251.0;1576276094;86.991;20.45925592725112;0.584550169350032;-0.49560546875;
22:28:14;252.0;1576276095;86.916;20.329818148437358;0.5808519470982102;-0.4931640625;
22:28:15;253.0;1576276096;86.991;20.588693706064877;0.5882483916018536;-0.498046875;
22:28:16;254.0;1576276097;86.991;20.329818148437358;0.5808519470982102;-0.4931640625;
22:28:17;255.0;1576276098;86.991;20.329818148437358;0.5808519470982102;-0.4931640625;
22:28:18;256.0;1576276099;86.842;20.45925592725112;0.584550169350032;-0.49560546875;
22:28:19;257.0;1576276100;86.786;20.07094259080984;0.5734555025945668;-0.48828125;
22:28:20;258.0;1576276101;86.767;20.200380369623602;0.5771537248463886;-0.49072265625;
22:28:21;259.0;1576276102;86.786;19.941504811996083;0.5697572803427452;-0.48583984375;
22:28:22;260.0;1576276103;86.954;20.200380369623602;0.5771537248463886;-0.49072265625;
22:28:23;261.0;1576276104;86.972;20.200380369623602;0.5771537248463886;-0.49072265625;
22:28:24;262.0;1576276105;86.916;20.45925592725112;0.584550169350032;-0.49560546875;
22:28:25;263.0;1576276106;86.916;19.682629254368564;0.5623608358391018;-0.48095703125;
22:28:26;264.0;1576276107;86.935;20.329818148437358;0.5808519470982102;-0.4931640625;
22:28:27;265.0;1576276108;86.991;20.329818148437358;0.5808519470982102;-0.4931640625;
22:28:28;266.0;1576276109;86.991;20.45925592725112;0.584550169350032;-0.49560546875;
22:28:29;267.0;1576276110;86.954;20.329818148437358;0.5808519470982102;-0.4931640625;
22:28:30;268.0;1576276111;86.786;20.588693706064877;0.5882483916018536;-0.498046875;
22:28:31;269.0;1576276112;86.767;20.07094259080984;0.5734555025945668;-0.48828125;
22:28:32;270.0;1576276113;86.655;20.200380369623602;0.5771537248463886;-0.49072265625;
22:28:33;271.0;1576276114;86.599;20.45925592725112;0.584550169350032;-0.49560546875;
22:28:34;272.0;1576276115;86.748;20.329818148437358;0.5808519470982102;-0.4931640625;
22:28:35;273.0;1576276116;86.692;20.847569263692396;0.595644836105497;-0.5029296875;
22:28:36;274.0;1576276117;86.823;20.07094259080984;0.5734555025945668;-0.48828125;
22:28:37;275.0;1576276118;86.73;20.200380369623602;0.5771537248463886;-0.49072265625;
22:28:38;276.0;1576276120;86.748;18.776564802672244;0.5364732800763499;-0.4638671875;
22:28:39;277.0;1576276121;86.767;20.45925592725112;0.584550169350032;-0.49560546875;
22:28:40;278.0;1576276122;86.786;19.423753696741045;0.5549643913354584;-0.47607421875;
22:28:41;279.0;1576276123;86.935;19.035440360299763;0.5438697245799933;-0.46875;
22:28:43;281.0;1576276124;86.954;20.200380369623602;0.5771537248463886;-0.49072265625;
22:28:44;282.0;1576276125;86.972;20.45925592725112;0.584550169350032;-0.49560546875;
22:28:45;283.0;1576276126;86.786;20.45925592725112;0.584550169350032;-0.49560546875;
22:28:46;284.0;1576276127;86.636;20.45925592725112;0.584550169350032;-0.49560546875;
22:28:47;285.0;1576276127;86.432;20.07094259080984;0.5734555025945668;-0.48828125;
22:28:48;286.0;1576276129;86.302;20.329818148437358;0.5808519470982102;-0.4931640625;
22:28:49;287.0;1576276130;86.154;19.941504811996083;0.5697572803427452;-0.48583984375;
22:28:50;288.0;1576276131;86.488;19.81206703318232;0.5660590580909234;-0.4833984375;
22:28:51;289.0;1576276132;86.655;20.45925592725112;0.584550169350032;-0.49560546875;
22:28:52;290.0;1576276133;86.767;20.329818148437358;0.5808519470982102;-0.4931640625;
22:28:53;291.0;1576276134;87.16;20.45925592725112;0.584550169350032;-0.49560546875;
22:28:54;292.0;1576276135;86.972;20.200380369623602;0.5771537248463886;-0.49072265625;
22:28:55;293.0;1576276136;86.842;20.45925592725112;0.584550169350032;-0.49560546875;
22:28:56;294.0;1576276137;86.842;18.906002581486003;0.5401715023281716;-0.46630859375;
22:28:57;295.0;1576276138;86.599;20.718131484878633;0.5919466138536752;-0.50048828125;
22:28:58;296.0;1576276139;86.432;20.200380369623602;0.5771537248463886;-0.49072265625;
22:28:59;297.0;1576276140;86.395;20.45925592725112;0.584550169350032;-0.49560546875;
22:29:00;298.0;1576276141;86.246;20.588693706064877;0.5882483916018536;-0.498046875;
22:29:01;299.0;1576276142;86.302;20.718131484878633;0.5919466138536752;-0.50048828125;
22:29:02;300.0;1576276143;86.246;20.588693706064877;0.5882483916018536;-0.498046875;
22:29:03;301.0;1576276144;86.246;20.200380369623602;0.5771537248463886;-0.49072265625;
22:29:04;302.0;1576276145;86.246;22.27138483064375;0.6363252808755357;-0.52978515625;
22:29:05;303.0;1576276146;86.228;20.588693706064877;0.5882483916018536;-0.498046875;
22:29:06;304.0;1576276147;86.283;20.329818148437358;0.5808519470982102;-0.4931640625;
22:29:07;305.0;1576276148;86.302;20.329818148437358;0.5808519470982102;-0.4931640625;
22:29:08;306.0;1576276149;86.339;20.45925592725112;0.584550169350032;-0.49560546875;
22:29:09;307.0;1576276150;86.525;20.588693706064877;0.5882483916018536;-0.498046875;
22:29:10;308.0;1576276151;86.581;20.45925592725112;0.584550169350032;-0.49560546875;
22:29:11;309.0;1576276152;86.413;20.588693706064877;0.5882483916018536;-0.498046875;
22:29:12;310.0;1576276153;86.543;19.423753696741045;0.5549643913354584;-0.47607421875;
22:29:13;311.0;1576276154;86.525;20.329818148437358;0.5808519470982102;-0.4931640625;
22:29:14;312.0;1576276155;86.636;20.45925592725112;0.584550169350032;-0.49560546875;
22:29:15;313.0;1576276156;86.804;20.329818148437358;0.5808519470982102;-0.4931640625;
22:29:16;314.0;1576276157;86.823;20.329818148437358;0.5808519470982102;-0.4931640625;
22:29:17;315.0;1576276158;86.655;19.941504811996083;0.5697572803427452;-0.48583984375;
22:29:18;316.0;1576276159;86.469;20.329818148437358;0.5808519470982102;-0.4931640625;
22:29:19;317.0;1576276160;86.618;20.45925592725112;0.584550169350032;-0.49560546875;
22:29:20;318.0;1576276161;86.246;20.718131484878633;0.5919466138536752;-0.50048828125;
22:29:21;319.0;1576276162;86.413;19.941504811996083;0.5697572803427452;-0.48583984375;
22:29:22;320.0;1576276163;86.618;20.329818148437358;0.5808519470982102;-0.4931640625;
22:29:23;321.0;1576276164;86.636;20.588693706064877;0.5882483916018536;-0.498046875;
22:29:24;322.0;1576276166;86.823;21.235882600133674;0.6067395028609621;-0.51025390625;
22:29:25;323.0;1576276167;86.469;19.941504811996083;0.5697572803427452;-0.48583984375;
22:29:26;324.0;1576276168;86.135;20.847569263692396;0.595644836105497;-0.5029296875;
22:29:27;325.0;1576276169;85.84;20.847569263692396;0.595644836105497;-0.5029296875;
22:29:28;326.0;1576276170;85.84;20.329818148437358;0.5808519470982102;-0.4931640625;
22:29:29;327.0;1576276171;86.024;20.847569263692396;0.595644836105497;-0.5029296875;
22:29:30;328.0;1576276172;86.154;20.45925592725112;0.584550169350032;-0.49560546875;
22:29:31;329.0;1576276173;86.265;20.329818148437358;0.5808519470982102;-0.4931640625;
22:29:32;330.0;1576276174;86.283;20.45925592725112;0.584550169350032;-0.49560546875;
22:29:33;331.0;1576276175;86.265;20.200380369623602;0.5771537248463886;-0.49072265625;
22:29:34;332.0;1576276176;86.358;20.07094259080984;0.5734555025945668;-0.48828125;
22:29:35;333.0;1576276177;86.562;20.329818148437358;0.5808519470982102;-0.4931640625;
22:29:36;334.0;1576276178;86.525;20.45925592725112;0.584550169350032;-0.49560546875;
22:29:37;335.0;1576276179;86.581;20.45925592725112;0.584550169350032;-0.49560546875;
22:29:38;336.0;1576276180;86.525;20.200380369623602;0.5771537248463886;-0.49072265625;
22:29:39;337.0;1576276181;86.061;18.647127023858484;0.5327750578245282;-0.46142578125;
22:29:40;338.0;1576276182;86.283;20.329818148437358;0.5808519470982102;-0.4931640625;
22:29:41;339.0;1576276183;86.228;20.718131484878633;0.5919466138536752;-0.50048828125;
22:29:42;340.0;1576276184;86.246;20.200380369623602;0.5771537248463886;-0.49072265625;
22:29:43;341.0;1576276185;86.525;19.941504811996083;0.5697572803427452;-0.48583984375;
22:29:44;342.0;1576276186;86.172;20.200380369623602;0.5771537248463886;-0.49072265625;
22:29:45;343.0;1576276186;86.043;20.45925592725112;0.584550169350032;-0.49560546875;
22:29:47;345.0;1576276188;86.209;20.200380369623602;0.5771537248463886;-0.49072265625;
22:29:48;346.0;1576276189;86.08;20.200380369623602;0.5771537248463886;-0.49072265625;
22:29:49;347.0;1576276190;86.135;20.329818148437358;0.5808519470982102;-0.4931640625;
22:29:50;348.0;1576276191;86.098;20.588693706064877;0.5882483916018536;-0.498046875;
22:29:51;349.0;1576276192;85.803;20.45925592725112;0.584550169350032;-0.49560546875;
22:29:52;350.0;1576276193;85.877;20.45925592725112;0.584550169350032;-0.49560546875;
22:29:53;351.0;1576276194;86.172;20.200380369623602;0.5771537248463886;-0.49072265625;
22:29:54;352.0;1576276195;86.191;20.329818148437358;0.5808519470982102;-0.4931640625;
22:29:55;353.0;1576276196;86.117;20.200380369623602;0.5771537248463886;-0.49072265625;
22:29:56;354.0;1576276197;86.172;20.329818148437358;0.5808519470982102;-0.4931640625;
22:29:57;355.0;1576276198;86.154;20.200380369623602;0.5771537248463886;-0.49072265625;
22:29:58;356.0;1576276199;86.413;20.977007042506155;0.5993430583573187;-0.50537109375;
22:29:59;357.0;1576276200;86.413;20.45925592725112;0.584550169350032;-0.49560546875;
22:30:00;358.0;1576276201;86.228;19.941504811996083;0.5697572803427452;-0.48583984375;
22:30:01;359.0;1576276202;86.024;20.45925592725112;0.584550169350032;-0.49560546875;
22:30:02;360.0;1576276203;85.913;19.81206703318232;0.5660590580909234;-0.4833984375;
22:30:03;361.0;1576276204;86.117;20.200380369623602;0.5771537248463886;-0.49072265625;
22:30:04;362.0;1576276205;86.302;20.45925592725112;0.584550169350032;-0.49560546875;
22:30:05;363.0;1576276206;86.172;20.45925592725112;0.584550169350032;-0.49560546875;
22:30:06;364.0;1576276207;86.172;18.129375908603446;0.5179821688172414;-0.45166015625;
22:30:07;365.0;1576276208;85.987;20.329818148437358;0.5808519470982102;-0.4931640625;
22:30:08;366.0;1576276209;85.821;19.941504811996083;0.5697572803427452;-0.48583984375;
22:30:09;367.0;1576276210;85.803;20.200380369623602;0.5771537248463886;-0.49072265625;
22:30:10;368.0;1576276211;85.784;20.329818148437358;0.5808519470982102;-0.4931640625;
22:30:11;369.0;1576276212;85.84;20.200380369623602;0.5771537248463886;-0.49072265625;
22:30:12;370.0;1576276213;85.858;20.45925592725112;0.584550169350032;-0.49560546875;
22:30:13;371.0;1576276214;85.895;20.329818148437358;0.5808519470982102;-0.4931640625;
22:30:14;372.0;1576276215;85.748;21.235882600133674;0.6067395028609621;-0.51025390625;
22:30:15;373.0;1576276216;85.969;20.588693706064877;0.5882483916018536;-0.498046875;
22:30:16;374.0;1576276217;85.987;20.588693706064877;0.5882483916018536;-0.498046875;
22:30:17;375.0;1576276218;85.858;20.200380369623602;0.5771537248463886;-0.49072265625;
22:30:18;376.0;1576276219;85.858;20.45925592725112;0.584550169350032;-0.49560546875;
22:30:19;377.0;1576276220;85.564;20.329818148437358;0.5808519470982102;-0.4931640625;
22:30:20;378.0;1576276221;85.398;20.329818148437358;0.5808519470982102;-0.4931640625;
22:30:21;379.0;1576276222;85.509;20.45925592725112;0.584550169350032;-0.49560546875;
22:30:22;380.0;1576276223;85.38;20.200380369623602;0.5771537248463886;-0.49072265625;
22:30:23;381.0;1576276224;85.234;20.45925592725112;0.584550169350032;-0.49560546875;
22:30:24;382.0;1576276225;85.38;20.718131484878633;0.5919466138536752;-0.50048828125;
22:30:25;383.0;1576276226;85.234;20.45925592725112;0.584550169350032;-0.49560546875;
22:30:26;384.0;1576276227;85.234;20.45925592725112;0.584550169350032;-0.49560546875;
22:30:27;385.0;1576276228;85.527;20.329818148437358;0.5808519470982102;-0.4931640625;
22:30:28;386.0;1576276229;85.509;20.329818148437358;0.5808519470982102;-0.4931640625;
22:30:29;387.0;1576276230;85.84;20.588693706064877;0.5882483916018536;-0.498046875;
22:30:30;388.0;1576276231;86.135;20.588693706064877;0.5882483916018536;-0.498046875;
22:30:31;389.0;1576276232;85.987;20.45925592725112;0.584550169350032;-0.49560546875;
22:30:32;390.0;1576276233;86.117;20.718131484878633;0.5919466138536752;-0.50048828125;
22:30:33;391.0;1576276234;85.932;20.200380369623602;0.5771537248463886;-0.49072265625;
22:30:34;392.0;1576276235;85.784;20.07094259080984;0.5734555025945668;-0.48828125;
22:30:35;393.0;1576276236;85.84;20.45925592725112;0.584550169350032;-0.49560546875;
22:30:36;394.0;1576276237;85.932;20.200380369623602;0.5771537248463886;-0.49072265625;
22:30:37;395.0;1576276239;85.803;21.624195936574953;0.6178341696164272;-0.517578125;
22:30:38;396.0;1576276240;85.637;20.329818148437358;0.5808519470982102;-0.4931640625;
22:30:39;397.0;1576276241;85.619;20.200380369623602;0.5771537248463886;-0.49072265625;
22:30:40;398.0;1576276242;85.252;20.200380369623602;0.5771537248463886;-0.49072265625;
22:30:41;399.0;1576276243;85.27;20.45925592725112;0.584550169350032;-0.49560546875;
22:30:42;400.0;1576276244;85.124;20.329818148437358;0.5808519470982102;-0.4931640625;
22:30:43;401.0;1576276245;85.142;20.200380369623602;0.5771537248463886;-0.49072265625;
22:30:44;402.0;1576276246;85.16;20.45925592725112;0.584550169350032;-0.49560546875;
22:30:45;403.0;1576276247;85.288;20.588693706064877;0.5882483916018536;-0.498046875;
22:30:46;404.0;1576276248;85.619;20.45925592725112;0.584550169350032;-0.49560546875;
22:30:47;405.0;1576276249;85.343;20.45925592725112;0.584550169350032;-0.49560546875;
22:30:48;406.0;1576276250;85.343;20.329818148437358;0.5808519470982102;-0.4931640625;
22:30:49;407.0;1576276251;85.142;20.329818148437358;0.5808519470982102;-0.4931640625;
22:30:51;409.0;1576276252;85.124;20.07094259080984;0.5734555025945668;-0.48828125;
22:30:52;410.0;1576276253;85.106;20.588693706064877;0.5882483916018536;-0.498046875;
22:30:53;411.0;1576276254;84.941;20.07094259080984;0.5734555025945668;-0.48828125;
22:30:54;412.0;1576276255;85.179;19.423753696741045;0.5549643913354584;-0.47607421875;
22:30:55;413.0;1576276256;85.033;20.200380369623602;0.5771537248463886;-0.49072265625;
22:30:56;414.0;1576276257;85.362;20.329818148437358;0.5808519470982102;-0.4931640625;
22:30:57;415.0;1576276258;85.509;21.106444821319915;0.6030412806091404;-0.5078125;
22:30:58;416.0;1576276259;85.27;20.200380369623602;0.5771537248463886;-0.49072265625;
22:30:59;417.0;1576276260;85.124;20.588693706064877;0.5882483916018536;-0.498046875;
22:31:00;418.0;1576276261;84.723;20.45925592725112;0.584550169350032;-0.49560546875;
22:31:01;419.0;1576276262;84.559;20.200380369623602;0.5771537248463886;-0.49072265625;
22:31:02;420.0;1576276263;84.451;20.200380369623602;0.5771537248463886;-0.49072265625;
22:31:03;421.0;1576276264;84.578;20.329818148437358;0.5808519470982102;-0.4931640625;
22:31:04;422.0;1576276265;84.596;20.45925592725112;0.584550169350032;-0.49560546875;
22:31:05;423.0;1576276266;84.759;20.329818148437358;0.5808519470982102;-0.4931640625;
22:31:06;424.0;1576276267;84.741;20.588693706064877;0.5882483916018536;-0.498046875;
22:31:07;425.0;1576276268;84.759;19.81206703318232;0.5660590580909234;-0.4833984375;
22:31:08;426.0;1576276269;84.978;19.81206703318232;0.5660590580909234;-0.4833984375;
22:31:09;427.0;1576276270;84.996;20.200380369623602;0.5771537248463886;-0.49072265625;
22:31:10;428.0;1576276271;85.033;19.941504811996083;0.5697572803427452;-0.48583984375;
22:31:11;429.0;1576276272;85.014;19.941504811996083;0.5697572803427452;-0.48583984375;
22:31:12;430.0;1576276273;84.814;20.07094259080984;0.5734555025945668;-0.48828125;
22:31:13;431.0;1576276274;84.814;20.07094259080984;0.5734555025945668;-0.48828125;
22:31:14;432.0;1576276275;84.96;20.200380369623602;0.5771537248463886;-0.49072265625;
22:31:15;433.0;1576276276;84.796;20.200380369623602;0.5771537248463886;-0.49072265625;
22:31:16;434.0;1576276277;84.941;18.388251466230965;0.5253786133208848;-0.45654296875;
22:31:17;435.0;1576276278;85.051;20.200380369623602;0.5771537248463886;-0.49072265625;
22:31:18;436.0;1576276279;84.923;20.07094259080984;0.5734555025945668;-0.48828125;
22:31:19;437.0;1576276280;85.069;20.329818148437358;0.5808519470982102;-0.4931640625;
22:31:20;438.0;1576276281;84.923;20.329818148437358;0.5808519470982102;-0.4931640625;
22:31:21;439.0;1576276282;84.941;19.682629254368564;0.5623608358391018;-0.48095703125;
22:31:22;440.0;1576276283;84.905;18.647127023858484;0.5327750578245282;-0.46142578125;
22:31:23;441.0;1576276284;84.923;20.07094259080984;0.5734555025945668;-0.48828125;
22:31:24;442.0;1576276285;85.124;19.81206703318232;0.5660590580909234;-0.4833984375;
22:31:25;443.0;1576276286;84.868;20.200380369623602;0.5771537248463886;-0.49072265625;
22:31:26;444.0;1576276287;85.142;20.45925592725112;0.584550169350032;-0.49560546875;
22:31:27;445.0;1576276288;85.124;9999.0;9999.0;9999.0;
22:31:28;446.0;1576276289;84.905;20.07094259080984;0.5734555025945668;-0.48828125;
22:31:29;447.0;1576276290;84.868;20.07094259080984;0.5734555025945668;-0.48828125;
22:31:30;448.0;1576276291;84.832;19.81206703318232;0.5660590580909234;-0.4833984375;
22:31:31;449.0;1576276292;84.705;20.45925592725112;0.584550169350032;-0.49560546875;
22:31:32;450.0;1576276293;84.887;19.5531914755548;0.55866261358728;-0.478515625;
22:31:33;451.0;1576276294;85.234;19.941504811996083;0.5697572803427452;-0.48583984375;
22:31:34;452.0;1576276295;85.142;20.07094259080984;0.5734555025945668;-0.48828125;
22:31:35;453.0;1576276296;85.472;20.200380369623602;0.5771537248463886;-0.49072265625;
22:31:36;454.0;1576276297;85.16;19.682629254368564;0.5623608358391018;-0.48095703125;
22:31:37;455.0;1576276298;84.796;20.07094259080984;0.5734555025945668;-0.48828125;
22:31:38;456.0;1576276299;84.65;20.45925592725112;0.584550169350032;-0.49560546875;
22:31:39;457.0;1576276300;84.215;20.45925592725112;0.584550169350032;-0.49560546875;
22:31:40;458.0;1576276302;84.487;20.329818148437358;0.5808519470982102;-0.4931640625;
22:31:41;459.0;1576276303;84.614;20.200380369623602;0.5771537248463886;-0.49072265625;
22:31:42;460.0;1576276304;84.578;20.200380369623602;0.5771537248463886;-0.49072265625;
22:31:43;461.0;1576276304;84.686;20.200380369623602;0.5771537248463886;-0.49072265625;
22:31:44;462.0;1576276306;84.432;20.07094259080984;0.5734555025945668;-0.48828125;
22:31:45;463.0;1576276307;84.197;19.164878139113522;0.547567946831815;-0.47119140625;
22:31:46;464.0;1576276308;84.233;20.200380369623602;0.5771537248463886;-0.49072265625;
22:31:47;465.0;1576276309;84.215;19.941504811996083;0.5697572803427452;-0.48583984375;
22:31:48;466.0;1576276310;84.342;20.45925592725112;0.584550169350032;-0.49560546875;
22:31:49;467.0;1576276311;84.596;19.164878139113522;0.547567946831815;-0.47119140625;
22:31:50;468.0;1576276312;84.614;20.200380369623602;0.5771537248463886;-0.49072265625;
22:31:51;469.0;1576276313;84.741;20.07094259080984;0.5734555025945668;-0.48828125;
22:31:52;470.0;1576276314;84.759;19.682629254368564;0.5623608358391018;-0.48095703125;
22:31:53;471.0;1576276315;84.487;19.941504811996083;0.5697572803427452;-0.48583984375;
22:31:55;473.0;1576276316;84.541;20.07094259080984;0.5734555025945668;-0.48828125;
22:31:56;474.0;1576276317;84.741;19.941504811996083;0.5697572803427452;-0.48583984375;
22:31:57;475.0;1576276318;84.686;20.200380369623602;0.5771537248463886;-0.49072265625;
22:31:58;476.0;1576276319;84.832;19.81206703318232;0.5660590580909234;-0.4833984375;
22:31:59;477.0;1576276320;84.414;19.5531914755548;0.55866261358728;-0.478515625;
22:32:00;478.0;1576276321;83.909;20.07094259080984;0.5734555025945668;-0.48828125;
22:32:01;479.0;1576276322;84.125;20.07094259080984;0.5734555025945668;-0.48828125;
22:32:02;480.0;1576276323;84.288;20.200380369623602;0.5771537248463886;-0.49072265625;
22:32:03;481.0;1576276324;84.632;20.200380369623602;0.5771537248463886;-0.49072265625;
22:32:04;482.0;1576276325;84.65;19.941504811996083;0.5697572803427452;-0.48583984375;
22:32:05;483.0;1576276326;84.668;20.847569263692396;0.595644836105497;-0.5029296875;
22:32:06;484.0;1576276327;84.741;19.682629254368564;0.5623608358391018;-0.48095703125;
22:32:07;485.0;1576276328;84.759;20.329818148437358;0.5808519470982102;-0.4931640625;
22:32:08;486.0;1576276329;84.941;20.200380369623602;0.5771537248463886;-0.49072265625;
22:32:09;487.0;1576276330;84.759;20.200380369623602;0.5771537248463886;-0.49072265625;
22:32:10;488.0;1576276331;84.414;20.200380369623602;0.5771537248463886;-0.49072265625;
22:32:11;489.0;1576276332;84.27;20.200380369623602;0.5771537248463886;-0.49072265625;
22:32:12;490.0;1576276333;84.252;19.423753696741045;0.5549643913354584;-0.47607421875;
22:32:13;491.0;1576276334;84.233;19.941504811996083;0.5697572803427452;-0.48583984375;
22:32:14;492.0;1576276335;84.179;20.07094259080984;0.5734555025945668;-0.48828125;
22:32:15;493.0;1576276336;84.197;20.45925592725112;0.584550169350032;-0.49560546875;
22:32:16;494.0;1576276337;84.071;19.294315917927282;0.5512661690836366;-0.4736328125;
22:32:17;495.0;1576276338;83.909;20.329818148437358;0.5808519470982102;-0.4931640625;
22:32:18;496.0;1576276339;83.783;19.941504811996083;0.5697572803427452;-0.48583984375;
22:32:19;497.0;1576276340;83.604;20.200380369623602;0.5771537248463886;-0.49072265625;
22:32:20;498.0;1576276341;84.071;20.200380369623602;0.5771537248463886;-0.49072265625;
22:32:21;499.0;1576276342;84.107;20.847569263692396;0.595644836105497;-0.5029296875;
22:32:22;500.0;1576276343;84.089;19.164878139113522;0.547567946831815;-0.47119140625;
22:32:23;501.0;1576276344;84.396;20.45925592725112;0.584550169350032;-0.49560546875;
22:32:24;502.0;1576276345;84.089;19.941504811996083;0.5697572803427452;-0.48583984375;
22:32:25;503.0;1576276346;84.053;20.718131484878633;0.5919466138536752;-0.50048828125;
22:32:26;504.0;1576276347;84.197;20.07094259080984;0.5734555025945668;-0.48828125;
22:32:27;505.0;1576276349;84.035;20.07094259080984;0.5734555025945668;-0.48828125;
22:32:28;506.0;1576276350;83.819;20.45925592725112;0.584550169350032;-0.49560546875;
22:32:29;507.0;1576276351;83.819;18.258813687417206;0.521680391069063;-0.4541015625;
22:32:30;508.0;1576276352;83.837;20.07094259080984;0.5734555025945668;-0.48828125;
22:32:31;509.0;1576276353;84.017;20.200380369623602;0.5771537248463886;-0.49072265625;
22:32:32;510.0;1576276354;83.927;20.200380369623602;0.5771537248463886;-0.49072265625;
22:32:33;511.0;1576276355;83.927;19.682629254368564;0.5623608358391018;-0.48095703125;
22:32:34;512.0;1576276356;84.107;20.200380369623602;0.5771537248463886;-0.49072265625;
22:32:35;513.0;1576276357;83.945;20.200380369623602;0.5771537248463886;-0.49072265625;
22:32:36;514.0;1576276358;84.089;20.329818148437358;0.5808519470982102;-0.4931640625;
22:32:37;515.0;1576276359;83.981;20.200380369623602;0.5771537248463886;-0.49072265625;
22:32:38;516.0;1576276360;83.909;20.200380369623602;0.5771537248463886;-0.49072265625;
22:32:39;517.0;1576276361;83.783;20.07094259080984;0.5734555025945668;-0.48828125;
22:32:40;518.0;1576276362;83.639;20.200380369623602;0.5771537248463886;-0.49072265625;
22:32:41;519.0;1576276363;83.639;20.200380369623602;0.5771537248463886;-0.49072265625;
22:32:42;520.0;1576276364;83.532;20.07094259080984;0.5734555025945668;-0.48828125;
22:32:43;521.0;1576276365;83.639;19.81206703318232;0.5660590580909234;-0.4833984375;
22:32:44;522.0;1576276366;84.107;20.07094259080984;0.5734555025945668;-0.48828125;
22:32:45;523.0;1576276367;84.233;20.200380369623602;0.5771537248463886;-0.49072265625;
22:32:46;524.0;1576276368;84.252;19.81206703318232;0.5660590580909234;-0.4833984375;
22:32:47;525.0;1576276369;84.233;20.200380369623602;0.5771537248463886;-0.49072265625;
22:32:48;526.0;1576276370;83.873;20.329818148437358;0.5808519470982102;-0.4931640625;
22:32:49;527.0;1576276371;83.891;20.07094259080984;0.5734555025945668;-0.48828125;
22:32:50;528.0;1576276372;83.873;20.07094259080984;0.5734555025945668;-0.48828125;
22:32:51;529.0;1576276373;83.747;19.941504811996083;0.5697572803427452;-0.48583984375;
22:32:52;530.0;1576276374;83.891;19.81206703318232;0.5660590580909234;-0.4833984375;
22:32:53;531.0;1576276375;83.55;20.329818148437358;0.5808519470982102;-0.4931640625;
22:32:54;532.0;1576276376;83.192;19.81206703318232;0.5660590580909234;-0.4833984375;
22:32:55;533.0;1576276377;83.568;20.200380369623602;0.5771537248463886;-0.49072265625;
22:32:56;534.0;1576276378;83.532;19.941504811996083;0.5697572803427452;-0.48583984375;
22:32:57;535.0;1576276379;84.017;20.07094259080984;0.5734555025945668;-0.48828125;
22:32:59;537.0;1576276380;84.089;20.07094259080984;0.5734555025945668;-0.48828125;
22:33:00;538.0;1576276381;83.855;20.329818148437358;0.5808519470982102;-0.4931640625;
22:33:01;539.0;1576276382;83.783;20.07094259080984;0.5734555025945668;-0.48828125;
22:33:02;540.0;1576276383;83.604;20.07094259080984;0.5734555025945668;-0.48828125;
22:33:03;541.0;1576276384;83.873;20.200380369623602;0.5771537248463886;-0.49072265625;
22:33:04;542.0;1576276385;83.55;21.365320378947434;0.6104377251127838;-0.5126953125;
22:33:05;543.0;1576276386;83.514;19.81206703318232;0.5660590580909234;-0.4833984375;
22:33:06;544.0;1576276387;83.389;20.200380369623602;0.5771537248463886;-0.49072265625;
22:33:07;545.0;1576276388;83.121;20.07094259080984;0.5734555025945668;-0.48828125;
22:33:08;546.0;1576276389;83.317;19.81206703318232;0.5660590580909234;-0.4833984375;
22:33:09;547.0;1576276390;83.21;19.294315917927282;0.5512661690836366;-0.4736328125;
22:33:10;548.0;1576276391;83.264;20.200380369623602;0.5771537248463886;-0.49072265625;
22:33:11;549.0;1576276392;83.282;19.941504811996083;0.5697572803427452;-0.48583984375;
22:33:12;550.0;1576276393;83.282;19.294315917927282;0.5512661690836366;-0.4736328125;
22:33:13;551.0;1576276394;83.407;20.329818148437358;0.5808519470982102;-0.4931640625;
22:33:14;552.0;1576276395;83.335;20.07094259080984;0.5734555025945668;-0.48828125;
22:33:15;553.0;1576276396;83.532;19.81206703318232;0.5660590580909234;-0.4833984375;
22:33:16;554.0;1576276397;83.621;19.941504811996083;0.5697572803427452;-0.48583984375;
22:33:17;555.0;1576276398;83.639;21.883071494202472;0.6252306141200706;-0.5224609375;
22:33:18;556.0;1576276399;83.478;20.07094259080984;0.5734555025945668;-0.48828125;
22:33:19;557.0;1576276400;83.317;20.200380369623602;0.5771537248463886;-0.49072265625;
22:33:20;558.0;1576276401;83.192;20.45925592725112;0.584550169350032;-0.49560546875;
22:33:21;559.0;1576276402;83.157;20.07094259080984;0.5734555025945668;-0.48828125;
22:33:22;560.0;1576276403;83.46;20.200380369623602;0.5771537248463886;-0.49072265625;
22:33:23;561.0;1576276404;83.282;19.941504811996083;0.5697572803427452;-0.48583984375;
22:33:24;562.0;1576276405;83.139;20.200380369623602;0.5771537248463886;-0.49072265625;
22:33:25;563.0;1576276406;83.21;20.588693706064877;0.5882483916018536;-0.498046875;
22:33:26;564.0;1576276407;82.961;20.07094259080984;0.5734555025945668;-0.48828125;
22:33:27;565.0;1576276408;83.371;20.718131484878633;0.5919466138536752;-0.50048828125;
22:33:28;566.0;1576276409;83.657;20.07094259080984;0.5734555025945668;-0.48828125;
22:33:29;567.0;1576276410;83.21;20.07094259080984;0.5734555025945668;-0.48828125;
22:33:30;568.0;1576276411;83.228;20.200380369623602;0.5771537248463886;-0.49072265625;
22:33:31;569.0;1576276412;83.264;20.588693706064877;0.5882483916018536;-0.498046875;
22:33:32;570.0;1576276413;83.174;20.200380369623602;0.5771537248463886;-0.49072265625;
22:33:33;571.0;1576276414;83.46;20.45925592725112;0.584550169350032;-0.49560546875;
22:33:34;572.0;1576276415;83.711;20.329818148437358;0.5808519470982102;-0.4931640625;
22:33:35;573.0;1576276416;83.407;20.200380369623602;0.5771537248463886;-0.49072265625;
22:33:36;574.0;1576276417;83.371;20.200380369623602;0.5771537248463886;-0.49072265625;
22:33:37;575.0;1576276418;83.55;20.588693706064877;0.5882483916018536;-0.498046875;
22:33:38;576.0;1576276419;83.246;20.200380369623602;0.5771537248463886;-0.49072265625;
22:33:39;577.0;1576276420;83.407;20.200380369623602;0.5771537248463886;-0.49072265625;
22:33:40;578.0;1576276421;83.407;20.200380369623602;0.5771537248463886;-0.49072265625;
22:33:41;579.0;1576276422;83.121;19.81206703318232;0.5660590580909234;-0.4833984375;
22:33:42;580.0;1576276423;82.996;20.07094259080984;0.5734555025945668;-0.48828125;
22:33:43;581.0;1576276424;82.641;19.941504811996083;0.5697572803427452;-0.48583984375;
22:33:44;582.0;1576276425;82.801;20.07094259080984;0.5734555025945668;-0.48828125;
22:33:45;583.0;1576276426;82.801;20.07094259080984;0.5734555025945668;-0.48828125;
22:33:46;584.0;1576276427;83.228;20.45925592725112;0.584550169350032;-0.49560546875;
22:33:47;585.0;1576276428;83.442;20.45925592725112;0.584550169350032;-0.49560546875;
22:33:48;586.0;1576276429;83.299;19.682629254368564;0.5623608358391018;-0.48095703125;
22:33:49;587.0;1576276430;83.246;20.07094259080984;0.5734555025945668;-0.48828125;
22:33:50;588.0;1576276431;82.979;20.329818148437358;0.5808519470982102;-0.4931640625;
22:33:51;589.0;1576276432;83.121;20.200380369623602;0.5771537248463886;-0.49072265625;
22:33:52;590.0;1576276433;82.961;20.45925592725112;0.584550169350032;-0.49560546875;
22:33:53;591.0;1576276434;82.979;20.07094259080984;0.5734555025945668;-0.48828125;
22:33:54;592.0;1576276435;82.783;20.200380369623602;0.5771537248463886;-0.49072265625;
22:33:55;593.0;1576276437;82.641;20.45925592725112;0.584550169350032;-0.49560546875;
22:33:56;594.0;1576276438;82.482;20.200380369623602;0.5771537248463886;-0.49072265625;
22:33:57;595.0;1576276439;82.482;20.07094259080984;0.5734555025945668;-0.48828125;
22:33:58;596.0;1576276440;82.518;20.07094259080984;0.5734555025945668;-0.48828125;
22:33:59;597.0;1576276441;82.5;21.235882600133674;0.6067395028609621;-0.51025390625;
22:34:00;598.0;1576276442;82.518;20.588693706064877;0.5882483916018536;-0.498046875;
22:34:01;599.0;1576276443;82.341;20.329818148437358;0.5808519470982102;-0.4931640625;
22:34:03;601.0;1576276444;82.677;21.106444821319915;0.6030412806091404;-0.5078125;
22:34:04;602.0;1576276445;82.695;20.200380369623602;0.5771537248463886;-0.49072265625;
22:34:05;603.0;1576276446;82.819;20.07094259080984;0.5734555025945668;-0.48828125;
22:34:06;604.0;1576276447;82.854;19.941504811996083;0.5697572803427452;-0.48583984375;
22:34:07;605.0;1576276448;82.641;20.07094259080984;0.5734555025945668;-0.48828125;
22:34:08;606.0;1576276449;82.606;20.07094259080984;0.5734555025945668;-0.48828125;
22:34:09;607.0;1576276450;82.765;20.07094259080984;0.5734555025945668;-0.48828125;
22:34:10;608.0;1576276451;82.712;19.81206703318232;0.5660590580909234;-0.4833984375;
22:34:11;609.0;1576276452;82.908;20.200380369623602;0.5771537248463886;-0.49072265625;
22:34:12;610.0;1576276453;82.73;20.200380369623602;0.5771537248463886;-0.49072265625;
22:34:13;611.0;1576276454;82.624;21.624195936574953;0.6178341696164272;-0.517578125;
22:34:14;612.0;1576276455;82.748;20.588693706064877;0.5882483916018536;-0.498046875;
22:34:15;613.0;1576276456;82.606;19.423753696741045;0.5549643913354584;-0.47607421875;
22:34:16;614.0;1576276457;82.925;19.81206703318232;0.5660590580909234;-0.4833984375;
22:34:17;615.0;1576276458;82.908;21.365320378947434;0.6104377251127838;-0.5126953125;
22:34:18;616.0;1576276459;82.677;20.07094259080984;0.5734555025945668;-0.48828125;
22:34:19;617.0;1576276460;82.482;19.5531914755548;0.55866261358728;-0.478515625;
22:34:20;618.0;1576276461;82.182;19.941504811996083;0.5697572803427452;-0.48583984375;
22:34:21;619.0;1576276462;82.059;19.941504811996083;0.5697572803427452;-0.48583984375;
22:34:22;620.0;1576276463;82.235;20.07094259080984;0.5734555025945668;-0.48828125;
22:34:23;621.0;1576276464;82.518;20.200380369623602;0.5771537248463886;-0.49072265625;
22:34:24;622.0;1576276465;82.996;20.329818148437358;0.5808519470982102;-0.4931640625;
22:34:25;623.0;1576276466;82.961;20.07094259080984;0.5734555025945668;-0.48828125;
22:34:26;624.0;1576276467;82.961;19.941504811996083;0.5697572803427452;-0.48583984375;
22:34:27;625.0;1576276468;82.712;20.07094259080984;0.5734555025945668;-0.48828125;
22:34:28;626.0;1576276469;82.235;20.200380369623602;0.5771537248463886;-0.49072265625;
22:34:29;627.0;1576276470;82.376;20.200380369623602;0.5771537248463886;-0.49072265625;
22:34:30;628.0;1576276471;82.376;21.494758157761193;0.6141359473646055;-0.51513671875;
22:34:31;629.0;1576276472;82.553;20.200380369623602;0.5771537248463886;-0.49072265625;
22:34:32;630.0;1576276473;82.712;20.200380369623602;0.5771537248463886;-0.49072265625;
22:34:33;631.0;1576276474;82.429;20.07094259080984;0.5734555025945668;-0.48828125;
22:34:34;632.0;1576276475;82.27;20.07094259080984;0.5734555025945668;-0.48828125;
22:34:35;633.0;1576276476;82.218;20.200380369623602;0.5771537248463886;-0.49072265625;
22:34:36;634.0;1576276477;81.954;20.07094259080984;0.5734555025945668;-0.48828125;
22:34:37;635.0;1576276478;82.341;20.200380369623602;0.5771537248463886;-0.49072265625;
22:34:38;636.0;1576276479;82.306;20.329818148437358;0.5808519470982102;-0.4931640625;
22:34:39;637.0;1576276480;82.306;20.200380369623602;0.5771537248463886;-0.49072265625;
22:34:41;639.0;1576276482;82.2;19.423753696741045;0.5549643913354584;-0.47607421875;
22:34:42;640.0;1576276484;82.341;19.941504811996083;0.5697572803427452;-0.48583984375;
22:34:43;641.0;1576276485;82.359;19.682629254368564;0.5623608358391018;-0.48095703125;
22:34:44;642.0;1576276486;82.235;19.682629254368564;0.5623608358391018;-0.48095703125;
22:34:45;643.0;1576276487;82.2;19.423753696741045;0.5549643913354584;-0.47607421875;
22:34:46;644.0;1576276488;82.376;20.200380369623602;0.5771537248463886;-0.49072265625;
22:34:47;645.0;1576276489;82.094;20.07094259080984;0.5734555025945668;-0.48828125;
22:34:48;646.0;1576276490;82.218;20.07094259080984;0.5734555025945668;-0.48828125;
22:34:49;647.0;1576276491;82.412;20.588693706064877;0.5882483916018536;-0.498046875;
22:34:50;648.0;1576276492;82.165;20.07094259080984;0.5734555025945668;-0.48828125;
22:34:51;649.0;1576276493;82.323;20.200380369623602;0.5771537248463886;-0.49072265625;
22:34:52;650.0;1576276494;82.465;20.07094259080984;0.5734555025945668;-0.48828125;
22:34:53;651.0;1576276495;82.042;20.200380369623602;0.5771537248463886;-0.49072265625;
22:34:54;652.0;1576276496;81.989;20.200380369623602;0.5771537248463886;-0.49072265625;
22:34:55;653.0;1576276497;81.971;19.941504811996083;0.5697572803427452;-0.48583984375;
22:34:56;654.0;1576276498;81.499;19.941504811996083;0.5697572803427452;-0.48583984375;
22:34:57;655.0;1576276499;81.866;20.329818148437358;0.5808519470982102;-0.4931640625;
22:34:58;656.0;1576276500;81.691;21.365320378947434;0.6104377251127838;-0.5126953125;
22:34:59;657.0;1576276501;81.709;20.200380369623602;0.5771537248463886;-0.49072265625;
22:35:00;658.0;1576276502;81.901;20.45925592725112;0.584550169350032;-0.49560546875;
22:35:01;659.0;1576276503;81.604;20.45925592725112;0.584550169350032;-0.49560546875;
22:35:02;660.0;1576276504;81.796;20.07094259080984;0.5734555025945668;-0.48828125;
22:35:03;661.0;1576276505;81.604;19.81206703318232;0.5660590580909234;-0.4833984375;
22:35:04;662.0;1576276506;81.709;20.200380369623602;0.5771537248463886;-0.49072265625;
22:35:05;663.0;1576276507;81.761;19.81206703318232;0.5660590580909234;-0.4833984375;
22:35:07;665.0;1576276508;81.884;19.81206703318232;0.5660590580909234;-0.4833984375;
22:35:08;666.0;1576276509;82.165;20.200380369623602;0.5771537248463886;-0.49072265625;
22:35:09;667.0;1576276510;81.901;20.588693706064877;0.5882483916018536;-0.498046875;
22:35:10;668.0;1576276511;81.726;20.200380369623602;0.5771537248463886;-0.49072265625;
22:35:11;669.0;1576276512;81.481;19.81206703318232;0.5660590580909234;-0.4833984375;
22:35:12;670.0;1576276513;81.185;20.200380369623602;0.5771537248463886;-0.49072265625;
22:35:13;671.0;1576276514;81.342;20.329818148437358;0.5808519470982102;-0.4931640625;
22:35:14;672.0;1576276515;81.377;20.45925592725112;0.584550169350032;-0.49560546875;
22:35:15;673.0;1576276516;81.604;19.81206703318232;0.5660590580909234;-0.4833984375;
22:35:16;674.0;1576276517;81.586;20.45925592725112;0.584550169350032;-0.49560546875;
22:35:17;675.0;1576276518;81.586;19.164878139113522;0.547567946831815;-0.47119140625;
22:35:18;676.0;1576276519;81.691;20.200380369623602;0.5771537248463886;-0.49072265625;
22:35:19;677.0;1576276520;81.744;20.45925592725112;0.584550169350032;-0.49560546875;
22:35:20;678.0;1576276521;81.796;20.200380369623602;0.5771537248463886;-0.49072265625;
22:35:21;679.0;1576276522;81.499;18.258813687417206;0.521680391069063;-0.4541015625;
22:35:22;680.0;1576276523;81.551;20.200380369623602;0.5771537248463886;-0.49072265625;
22:35:23;681.0;1576276524;81.22;19.941504811996083;0.5697572803427452;-0.48583984375;
22:35:24;682.0;1576276525;81.255;20.200380369623602;0.5771537248463886;-0.49072265625;
22:35:25;683.0;1576276526;81.272;20.200380369623602;0.5771537248463886;-0.49072265625;
22:35:26;684.0;1576276527;81.359;20.329818148437358;0.5808519470982102;-0.4931640625;
22:35:27;685.0;1576276528;81.516;17.22331145690713;0.4920946130544894;-0.4345703125;
22:35:28;686.0;1576276529;81.185;20.977007042506155;0.5993430583573187;-0.50537109375;
22:35:29;687.0;1576276530;81.464;20.200380369623602;0.5771537248463886;-0.49072265625;
22:35:30;688.0;1576276531;81.203;20.200380369623602;0.5771537248463886;-0.49072265625;
22:35:31;689.0;1576276532;81.22;20.329818148437358;0.5808519470982102;-0.4931640625;
22:35:32;690.0;1576276533;81.534;22.01250927301623;0.6289288363718923;-0.52490234375;
22:35:33;691.0;1576276534;81.394;20.329818148437358;0.5808519470982102;-0.4931640625;
22:35:34;692.0;1576276535;81.551;19.941504811996083;0.5697572803427452;-0.48583984375;
22:35:35;693.0;1576276536;81.237;20.977007042506155;0.5993430583573187;-0.50537109375;
22:35:36;694.0;1576276537;81.046;19.423753696741045;0.5549643913354584;-0.47607421875;
22:35:37;695.0;1576276538;81.133;20.329818148437358;0.5808519470982102;-0.4931640625;
22:35:38;696.0;1576276539;81.255;20.329818148437358;0.5808519470982102;-0.4931640625;
22:35:40;698.0;1576276540;81.551;19.941504811996083;0.5697572803427452;-0.48583984375;
22:35:41;699.0;1576276542;81.621;20.200380369623602;0.5771537248463886;-0.49072265625;
22:35:42;700.0;1576276543;81.499;20.200380369623602;0.5771537248463886;-0.49072265625;
22:35:43;701.0;1576276544;81.516;20.200380369623602;0.5771537248463886;-0.49072265625;
22:35:44;702.0;1576276545;81.446;20.07094259080984;0.5734555025945668;-0.48828125;
22:35:45;703.0;1576276546;81.325;20.329818148437358;0.5808519470982102;-0.4931640625;
22:35:46;704.0;1576276547;81.168;20.45925592725112;0.584550169350032;-0.49560546875;
22:35:47;705.0;1576276548;81.185;20.07094259080984;0.5734555025945668;-0.48828125;
22:35:48;706.0;1576276549;81.325;20.07094259080984;0.5734555025945668;-0.48828125;
22:35:49;707.0;1576276550;81.307;20.329818148437358;0.5808519470982102;-0.4931640625;
22:35:50;708.0;1576276551;81.412;20.200380369623602;0.5771537248463886;-0.49072265625;
22:35:51;709.0;1576276552;81.394;19.81206703318232;0.5660590580909234;-0.4833984375;
22:35:52;710.0;1576276553;81.255;20.07094259080984;0.5734555025945668;-0.48828125;
22:35:53;711.0;1576276554;81.255;20.200380369623602;0.5771537248463886;-0.49072265625;
22:35:54;712.0;1576276555;81.098;20.45925592725112;0.584550169350032;-0.49560546875;
22:35:55;713.0;1576276556;80.908;22.01250927301623;0.6289288363718923;-0.52490234375;
22:35:56;714.0;1576276557;81.046;20.07094259080984;0.5734555025945668;-0.48828125;
22:35:57;715.0;1576276558;81.151;20.200380369623602;0.5771537248463886;-0.49072265625;
22:35:58;716.0;1576276559;81.481;20.200380369623602;0.5771537248463886;-0.49072265625;
22:35:59;717.0;1576276560;81.796;19.941504811996083;0.5697572803427452;-0.48583984375;
22:36:00;718.0;1576276561;81.779;20.07094259080984;0.5734555025945668;-0.48828125;
22:36:01;719.0;1576276562;81.726;19.81206703318232;0.5660590580909234;-0.4833984375;
22:36:02;720.0;1576276563;81.429;20.200380369623602;0.5771537248463886;-0.49072265625;
22:36:03;721.0;1576276564;81.307;20.200380369623602;0.5771537248463886;-0.49072265625;
22:36:04;722.0;1576276565;81.272;19.81206703318232;0.5660590580909234;-0.4833984375;
22:36:05;723.0;1576276566;81.116;19.81206703318232;0.5660590580909234;-0.4833984375;
22:36:06;724.0;1576276567;81.168;19.941504811996083;0.5697572803427452;-0.48583984375;
22:36:07;725.0;1576276568;80.994;19.682629254368564;0.5623608358391018;-0.48095703125;
22:36:08;726.0;1576276569;80.839;19.81206703318232;0.5660590580909234;-0.4833984375;
22:36:09;727.0;1576276571;81.064;19.5531914755548;0.55866261358728;-0.478515625;
22:36:10;728.0;1576276572;81.012;19.682629254368564;0.5623608358391018;-0.48095703125;
22:36:12;730.0;1576276573;81.064;19.682629254368564;0.5623608358391018;-0.48095703125;
22:36:13;731.0;1576276574;81.22;18.129375908603446;0.5179821688172414;-0.45166015625;
22:36:14;732.0;1576276575;80.942;19.5531914755548;0.55866261358728;-0.478515625;
22:36:15;733.0;1576276576;80.839;20.200380369623602;0.5771537248463886;-0.49072265625;
22:36:16;734.0;1576276577;80.96;20.07094259080984;0.5734555025945668;-0.48828125;
22:36:17;735.0;1576276578;80.856;20.07094259080984;0.5734555025945668;-0.48828125;
22:36:18;736.0;1576276579;80.821;19.81206703318232;0.5660590580909234;-0.4833984375;
22:36:19;737.0;1576276580;80.804;19.941504811996083;0.5697572803427452;-0.48583984375;
22:36:20;738.0;1576276581;80.666;19.941504811996083;0.5697572803427452;-0.48583984375;
22:36:21;739.0;1576276582;80.528;21.494758157761193;0.6141359473646055;-0.51513671875;
22:36:22;740.0;1576276583;80.683;19.81206703318232;0.5660590580909234;-0.4833984375;
22:36:23;741.0;1576276584;80.856;19.682629254368564;0.5623608358391018;-0.48095703125;
22:36:24;742.0;1576276585;80.994;19.682629254368564;0.5623608358391018;-0.48095703125;
22:36:25;743.0;1576276586;81.237;19.81206703318232;0.5660590580909234;-0.4833984375;
22:36:26;744.0;1576276587;80.96;20.07094259080984;0.5734555025945668;-0.48828125;
22:36:27;745.0;1576276588;80.942;19.81206703318232;0.5660590580909234;-0.4833984375;
22:36:28;746.0;1576276589;80.873;19.81206703318232;0.5660590580909234;-0.4833984375;
22:36:29;747.0;1576276590;80.493;20.07094259080984;0.5734555025945668;-0.48828125;
22:36:30;748.0;1576276591;80.545;19.941504811996083;0.5697572803427452;-0.48583984375;
22:36:31;749.0;1576276592;80.39;19.941504811996083;0.5697572803427452;-0.48583984375;
22:36:32;750.0;1576276593;80.304;19.682629254368564;0.5623608358391018;-0.48095703125;
22:36:33;751.0;1576276594;80.442;19.682629254368564;0.5623608358391018;-0.48095703125;
22:36:34;752.0;1576276595;80.528;20.07094259080984;0.5734555025945668;-0.48828125;
22:36:35;753.0;1576276596;80.666;20.07094259080984;0.5734555025945668;-0.48828125;
22:36:36;754.0;1576276597;80.562;18.776564802672244;0.5364732800763499;-0.4638671875;
22:36:37;755.0;1576276598;80.579;20.329818148437358;0.5808519470982102;-0.4931640625;
22:36:38;756.0;1576276599;80.459;20.200380369623602;0.5771537248463886;-0.49072265625;
22:36:39;757.0;1576276600;80.476;20.07094259080984;0.5734555025945668;-0.48828125;
22:36:40;758.0;1576276601;80.614;19.941504811996083;0.5697572803427452;-0.48583984375;
22:36:41;759.0;1576276602;80.442;20.200380369623602;0.5771537248463886;-0.49072265625;
22:36:42;760.0;1576276603;80.614;20.07094259080984;0.5734555025945668;-0.48828125;
22:36:43;761.0;1576276604;80.493;19.941504811996083;0.5697572803427452;-0.48583984375;
22:36:44;762.0;1576276605;80.321;19.941504811996083;0.5697572803427452;-0.48583984375;
22:36:45;763.0;1576276606;80.476;18.129375908603446;0.5179821688172414;-0.45166015625;
22:36:46;764.0;1576276607;80.287;20.329818148437358;0.5808519470982102;-0.4931640625;
22:36:47;765.0;1576276608;80.012;19.81206703318232;0.5660590580909234;-0.4833984375;
22:36:48;766.0;1576276609;80.424;19.682629254368564;0.5623608358391018;-0.48095703125;
22:36:49;767.0;1576276610;80.27;19.941504811996083;0.5697572803427452;-0.48583984375;
22:36:50;768.0;1576276611;80.287;20.07094259080984;0.5734555025945668;-0.48828125;
22:36:51;769.0;1576276612;80.493;19.682629254368564;0.5623608358391018;-0.48095703125;
22:36:52;770.0;1576276613;80.218;19.81206703318232;0.5660590580909234;-0.4833984375;
22:36:53;771.0;1576276614;80.235;19.164878139113522;0.547567946831815;-0.47119140625;
22:36:54;772.0;1576276616;80.373;19.682629254368564;0.5623608358391018;-0.48095703125;
22:36:55;773.0;1576276617;80.304;19.941504811996083;0.5697572803427452;-0.48583984375;
22:36:56;774.0;1576276618;80.304;19.941504811996083;0.5697572803427452;-0.48583984375;
22:36:57;775.0;1576276619;80.459;20.200380369623602;0.5771537248463886;-0.49072265625;
22:36:58;776.0;1576276620;80.373;19.682629254368564;0.5623608358391018;-0.48095703125;
22:36:59;777.0;1576276621;80.321;19.81206703318232;0.5660590580909234;-0.4833984375;
22:37:00;778.0;1576276622;80.356;19.941504811996083;0.5697572803427452;-0.48583984375;
22:37:01;779.0;1576276623;80.218;19.423753696741045;0.5549643913354584;-0.47607421875;
22:37:02;780.0;1576276624;80.132;19.941504811996083;0.5697572803427452;-0.48583984375;
22:37:03;781.0;1576276625;80.321;19.941504811996083;0.5697572803427452;-0.48583984375;
22:37:04;782.0;1576276626;79.995;19.81206703318232;0.5660590580909234;-0.4833984375;
22:37:05;783.0;1576276627;79.961;20.07094259080984;0.5734555025945668;-0.48828125;
22:37:06;784.0;1576276628;79.961;19.941504811996083;0.5697572803427452;-0.48583984375;
22:37:07;785.0;1576276629;79.79;20.07094259080984;0.5734555025945668;-0.48828125;
22:37:08;786.0;1576276630;79.824;20.07094259080984;0.5734555025945668;-0.48828125;
22:37:09;787.0;1576276631;79.876;19.941504811996083;0.5697572803427452;-0.48583984375;
22:37:10;788.0;1576276632;79.756;19.164878139113522;0.547567946831815;-0.47119140625;
22:37:11;789.0;1576276633;79.807;19.5531914755548;0.55866261358728;-0.478515625;
22:37:12;790.0;1576276634;79.79;19.682629254368564;0.5623608358391018;-0.48095703125;
22:37:13;791.0;1576276635;80.012;19.81206703318232;0.5660590580909234;-0.4833984375;
22:37:14;792.0;1576276636;80.03;19.81206703318232;0.5660590580909234;-0.4833984375;
22:37:16;794.0;1576276637;79.995;19.682629254368564;0.5623608358391018;-0.48095703125;
22:37:17;795.0;1576276638;80.012;20.07094259080984;0.5734555025945668;-0.48828125;
22:37:18;796.0;1576276639;79.62;19.941504811996083;0.5697572803427452;-0.48583984375;
22:37:19;797.0;1576276640;79.756;19.682629254368564;0.5623608358391018;-0.48095703125;
22:37:20;798.0;1576276641;79.688;19.682629254368564;0.5623608358391018;-0.48095703125;
22:37:21;799.0;1576276642;79.824;18.517689245044725;0.5290768355727065;-0.458984375;
22:37:22;800.0;1576276643;79.978;19.5531914755548;0.55866261358728;-0.478515625;
22:37:23;801.0;1576276644;79.807;20.847569263692396;0.595644836105497;-0.5029296875;
22:37:24;802.0;1576276645;79.91;19.941504811996083;0.5697572803427452;-0.48583984375;
22:37:25;803.0;1576276646;79.876;19.682629254368564;0.5623608358391018;-0.48095703125;
22:37:26;804.0;1576276647;79.893;19.941504811996083;0.5697572803427452;-0.48583984375;
22:37:27;805.0;1576276648;80.098;19.5531914755548;0.55866261358728;-0.478515625;
22:37:28;806.0;1576276649;79.756;18.647127023858484;0.5327750578245282;-0.46142578125;
22:37:29;807.0;1576276650;79.637;19.682629254368564;0.5623608358391018;-0.48095703125;
22:37:30;808.0;1576276651;79.297;19.81206703318232;0.5660590580909234;-0.4833984375;
22:37:31;809.0;1576276652;79.246;20.45925592725112;0.584550169350032;-0.49560546875;
22:37:32;810.0;1576276653;79.552;19.941504811996083;0.5697572803427452;-0.48583984375;
22:37:33;811.0;1576276654;79.91;19.682629254368564;0.5623608358391018;-0.48095703125;
22:37:34;812.0;1576276655;80.201;19.81206703318232;0.5660590580909234;-0.4833984375;
22:37:35;813.0;1576276656;79.944;19.81206703318232;0.5660590580909234;-0.4833984375;
22:37:36;814.0;1576276657;79.978;19.81206703318232;0.5660590580909234;-0.4833984375;
22:37:37;815.0;1576276658;79.773;20.329818148437358;0.5808519470982102;-0.4931640625;
22:37:38;816.0;1576276658;79.79;19.81206703318232;0.5660590580909234;-0.4833984375;
22:37:39;817.0;1576276660;80.098;19.5531914755548;0.55866261358728;-0.478515625;
22:37:40;818.0;1576276661;80.03;20.07094259080984;0.5734555025945668;-0.48828125;
22:37:41;819.0;1576276662;79.859;19.682629254368564;0.5623608358391018;-0.48095703125;
22:37:42;820.0;1576276663;79.893;19.682629254368564;0.5623608358391018;-0.48095703125;
22:37:43;821.0;1576276664;79.859;19.81206703318232;0.5660590580909234;-0.4833984375;
22:37:44;822.0;1576276665;79.859;19.682629254368564;0.5623608358391018;-0.48095703125;
22:37:45;823.0;1576276666;80.03;19.682629254368564;0.5623608358391018;-0.48095703125;
22:37:46;824.0;1576276667;79.876;20.07094259080984;0.5734555025945668;-0.48828125;
22:37:47;825.0;1576276668;79.739;19.682629254368564;0.5623608358391018;-0.48095703125;
22:37:48;826.0;1576276669;79.756;20.07094259080984;0.5734555025945668;-0.48828125;
22:37:49;827.0;1576276670;79.62;22.27138483064375;0.6363252808755357;-0.52978515625;
22:37:50;828.0;1576276671;79.705;19.81206703318232;0.5660590580909234;-0.4833984375;
22:37:51;829.0;1576276672;79.45;19.81206703318232;0.5660590580909234;-0.4833984375;
22:37:52;830.0;1576276673;79.161;19.81206703318232;0.5660590580909234;-0.4833984375;
22:37:53;831.0;1576276674;79.178;19.682629254368564;0.5623608358391018;-0.48095703125;
22:37:54;832.0;1576276675;79.077;19.941504811996083;0.5697572803427452;-0.48583984375;
22:37:55;833.0;1576276676;79.501;19.682629254368564;0.5623608358391018;-0.48095703125;
22:37:56;834.0;1576276677;79.688;20.07094259080984;0.5734555025945668;-0.48828125;
22:37:57;835.0;1576276678;79.671;20.718131484878633;0.5919466138536752;-0.50048828125;
22:37:58;836.0;1576276679;79.535;20.45925592725112;0.584550169350032;-0.49560546875;
22:37:59;837.0;1576276680;79.331;19.682629254368564;0.5623608358391018;-0.48095703125;
22:38:00;838.0;1576276681;79.331;20.07094259080984;0.5734555025945668;-0.48828125;
22:38:01;839.0;1576276682;79.297;19.941504811996083;0.5697572803427452;-0.48583984375;
22:38:02;840.0;1576276683;79.552;19.682629254368564;0.5623608358391018;-0.48095703125;
22:38:03;841.0;1576276685;79.433;19.682629254368564;0.5623608358391018;-0.48095703125;
22:38:04;842.0;1576276686;79.348;20.07094259080984;0.5734555025945668;-0.48828125;
22:38:05;843.0;1576276687;79.229;19.81206703318232;0.5660590580909234;-0.4833984375;
22:38:06;844.0;1576276688;79.127;19.682629254368564;0.5623608358391018;-0.48095703125;
22:38:07;845.0;1576276689;79.297;19.81206703318232;0.5660590580909234;-0.4833984375;
22:38:08;846.0;1576276690;79.416;20.07094259080984;0.5734555025945668;-0.48828125;
22:38:09;847.0;1576276691;79.535;20.07094259080984;0.5734555025945668;-0.48828125;
22:38:10;848.0;1576276692;79.348;9999.0;9999.0;9999.0;
22:38:11;849.0;1576276693;79.195;20.45925592725112;0.584550169350032;-0.49560546875;
22:38:12;850.0;1576276694;79.28;19.81206703318232;0.5660590580909234;-0.4833984375;
22:38:13;851.0;1576276695;79.297;19.294315917927282;0.5512661690836366;-0.4736328125;
22:38:14;852.0;1576276696;79.45;20.07094259080984;0.5734555025945668;-0.48828125;
22:38:15;853.0;1576276697;79.637;19.941504811996083;0.5697572803427452;-0.48583984375;
22:38:16;854.0;1576276698;79.501;20.07094259080984;0.5734555025945668;-0.48828125;
22:38:17;855.0;1576276699;79.45;19.682629254368564;0.5623608358391018;-0.48095703125;
22:38:18;856.0;1576276700;79.297;19.81206703318232;0.5660590580909234;-0.4833984375;
22:38:20;858.0;1576276701;79.009;19.81206703318232;0.5660590580909234;-0.4833984375;
22:38:21;859.0;1576276703;78.942;19.682629254368564;0.5623608358391018;-0.48095703125;
22:38:23;861.0;1576276704;79.144;19.423753696741045;0.5549643913354584;-0.47607421875;
22:38:24;862.0;1576276705;79.399;20.07094259080984;0.5734555025945668;-0.48828125;
22:38:25;863.0;1576276706;79.365;19.682629254368564;0.5623608358391018;-0.48095703125;
22:38:26;864.0;1576276707;79.127;20.07094259080984;0.5734555025945668;-0.48828125;
22:38:27;865.0;1576276708;79.094;18.388251466230965;0.5253786133208848;-0.45654296875;
22:38:28;866.0;1576276709;78.874;19.941504811996083;0.5697572803427452;-0.48583984375;
22:38:29;867.0;1576276710;79.043;19.5531914755548;0.55866261358728;-0.478515625;
22:38:30;868.0;1576276711;79.28;19.294315917927282;0.5512661690836366;-0.4736328125;
