Time;Seconds from start for linreg;Unix Time;ch1 po2;Uc;Ubl;Vc;
20:04:01;-1.0;1576353842;94.281;19.682629254368564;0.5623608358391018;-0.48095703125;
20:04:02;0.0;1576353843;94.281;19.682629254368564;0.5623608358391018;-0.48095703125;
20:04:03;1.0;1576353844;94.24;19.682629254368564;0.5623608358391018;-0.48095703125;
20:04:04;2.0;1576353845;94.281;19.682629254368564;0.5623608358391018;-0.48095703125;
20:04:05;3.0;1576353846;94.322;19.682629254368564;0.5623608358391018;-0.48095703125;
20:04:06;4.0;1576353847;94.179;19.682629254368564;0.5623608358391018;-0.48095703125;
20:04:07;5.0;1576353848;94.363;19.682629254368564;0.5623608358391018;-0.48095703125;
20:04:08;6.0;1576353849;94.179;19.682629254368564;0.5623608358391018;-0.48095703125;
20:04:09;7.0;1576353850;94.016;19.682629254368564;0.5623608358391018;-0.48095703125;
20:04:10;8.0;1576353851;93.996;19.682629254368564;0.5623608358391018;-0.48095703125;
20:04:11;9.0;1576353852;94.036;19.682629254368564;0.5623608358391018;-0.48095703125;
20:04:12;10.0;1576353853;94.199;19.682629254368564;0.5623608358391018;-0.48095703125;
20:04:13;11.0;1576353854;94.465;19.682629254368564;0.5623608358391018;-0.48095703125;
20:04:14;12.0;1576353855;94.772;19.682629254368564;0.5623608358391018;-0.48095703125;
20:04:15;13.0;1576353856;94.588;19.682629254368564;0.5623608358391018;-0.48095703125;
20:04:16;14.0;1576353857;94.608;19.682629254368564;0.5623608358391018;-0.48095703125;
20:04:17;15.0;1576353858;94.465;19.682629254368564;0.5623608358391018;-0.48095703125;
20:04:18;16.0;1576353859;94.301;19.682629254368564;0.5623608358391018;-0.48095703125;
20:04:19;17.0;1576353860;94.26;19.682629254368564;0.5623608358391018;-0.48095703125;
20:04:20;18.0;1576353861;94.057;19.682629254368564;0.5623608358391018;-0.48095703125;
20:04:21;19.0;1576353862;94.118;19.682629254368564;0.5623608358391018;-0.48095703125;
20:04:22;20.0;1576353863;93.955;19.682629254368564;0.5623608358391018;-0.48095703125;
20:04:23;21.0;1576353864;94.036;19.682629254368564;0.5623608358391018;-0.48095703125;
20:04:24;22.0;1576353865;94.036;19.682629254368564;0.5623608358391018;-0.48095703125;
20:04:25;23.0;1576353866;94.424;19.682629254368564;0.5623608358391018;-0.48095703125;
20:04:26;24.0;1576353867;94.424;19.682629254368564;0.5623608358391018;-0.48095703125;
20:04:27;25.0;1576353869;94.383;19.682629254368564;0.5623608358391018;-0.48095703125;
20:04:28;26.0;1576353870;94.404;19.682629254368564;0.5623608358391018;-0.48095703125;
20:04:29;27.0;1576353871;94.016;19.682629254368564;0.5623608358391018;-0.48095703125;
20:04:30;28.0;1576353872;94.22;19.682629254368564;0.5623608358391018;-0.48095703125;
20:04:31;29.0;1576353873;94.24;19.682629254368564;0.5623608358391018;-0.48095703125;
20:04:32;30.0;1576353874;94.24;19.682629254368564;0.5623608358391018;-0.48095703125;
20:04:33;31.0;1576353875;94.118;19.682629254368564;0.5623608358391018;-0.48095703125;
20:04:34;32.0;1576353876;93.934;19.682629254368564;0.5623608358391018;-0.48095703125;
20:04:35;33.0;1576353877;93.934;19.682629254368564;0.5623608358391018;-0.48095703125;
20:04:36;34.0;1576353878;93.894;19.682629254368564;0.5623608358391018;-0.48095703125;
20:04:37;35.0;1576353879;94.036;19.682629254368564;0.5623608358391018;-0.48095703125;
20:04:38;36.0;1576353880;94.199;19.682629254368564;0.5623608358391018;-0.48095703125;
20:04:39;37.0;1576353881;93.955;19.682629254368564;0.5623608358391018;-0.48095703125;
20:04:40;38.0;1576353882;94.179;19.682629254368564;0.5623608358391018;-0.48095703125;
20:04:41;39.0;1576353883;94.199;19.682629254368564;0.5623608358391018;-0.48095703125;
20:04:42;40.0;1576353884;94.22;19.682629254368564;0.5623608358391018;-0.48095703125;
20:04:43;41.0;1576353885;94.465;19.682629254368564;0.5623608358391018;-0.48095703125;
20:04:44;42.0;1576353886;94.485;19.682629254368564;0.5623608358391018;-0.48095703125;
20:04:45;43.0;1576353887;94.301;19.682629254368564;0.5623608358391018;-0.48095703125;
20:04:46;44.0;1576353888;94.057;19.682629254368564;0.5623608358391018;-0.48095703125;
20:04:47;45.0;1576353888;94.057;19.682629254368564;0.5623608358391018;-0.48095703125;
20:04:49;47.0;1576353890;94.036;19.682629254368564;0.5623608358391018;-0.48095703125;
20:04:50;48.0;1576353891;94.057;19.682629254368564;0.5623608358391018;-0.48095703125;
20:04:51;49.0;1576353892;94.424;19.682629254368564;0.5623608358391018;-0.48095703125;
20:04:52;50.0;1576353893;94.424;19.682629254368564;0.5623608358391018;-0.48095703125;
20:04:53;51.0;1576353894;94.567;19.682629254368564;0.5623608358391018;-0.48095703125;
20:04:54;52.0;1576353895;94.22;19.682629254368564;0.5623608358391018;-0.48095703125;
20:04:55;53.0;1576353896;94.301;19.682629254368564;0.5623608358391018;-0.48095703125;
20:04:56;54.0;1576353897;94.342;19.682629254368564;0.5623608358391018;-0.48095703125;
20:04:57;55.0;1576353898;94.199;19.682629254368564;0.5623608358391018;-0.48095703125;
20:04:58;56.0;1576353899;94.322;19.682629254368564;0.5623608358391018;-0.48095703125;
20:04:59;57.0;1576353900;94.097;19.682629254368564;0.5623608358391018;-0.48095703125;
20:05:00;58.0;1576353901;94.199;19.682629254368564;0.5623608358391018;-0.48095703125;
20:05:01;59.0;1576353902;94.016;19.682629254368564;0.5623608358391018;-0.48095703125;
20:05:02;60.0;1576353903;94.199;19.682629254368564;0.5623608358391018;-0.48095703125;
20:05:03;61.0;1576353904;93.975;19.682629254368564;0.5623608358391018;-0.48095703125;
20:05:04;62.0;1576353905;94.363;19.682629254368564;0.5623608358391018;-0.48095703125;
20:05:05;63.0;1576353906;94.506;19.682629254368564;0.5623608358391018;-0.48095703125;
20:05:06;64.0;1576353907;94.526;19.682629254368564;0.5623608358391018;-0.48095703125;
20:05:07;65.0;1576353908;94.731;19.682629254368564;0.5623608358391018;-0.48095703125;
20:05:08;66.0;1576353909;94.342;19.682629254368564;0.5623608358391018;-0.48095703125;
20:05:09;67.0;1576353910;94.547;19.682629254368564;0.5623608358391018;-0.48095703125;
20:05:10;68.0;1576353911;94.711;19.682629254368564;0.5623608358391018;-0.48095703125;
20:05:11;69.0;1576353912;94.567;19.682629254368564;0.5623608358391018;-0.48095703125;
20:05:12;70.0;1576353913;94.547;19.682629254368564;0.5623608358391018;-0.48095703125;
20:05:13;71.0;1576353914;94.342;19.682629254368564;0.5623608358391018;-0.48095703125;
20:05:14;72.0;1576353915;94.506;19.682629254368564;0.5623608358391018;-0.48095703125;
20:05:15;73.0;1576353916;94.649;19.682629254368564;0.5623608358391018;-0.48095703125;
20:05:16;74.0;1576353917;94.813;19.682629254368564;0.5623608358391018;-0.48095703125;
20:05:17;75.0;1576353918;94.834;19.682629254368564;0.5623608358391018;-0.48095703125;
20:05:18;76.0;1576353919;94.69;19.682629254368564;0.5623608358391018;-0.48095703125;
20:05:19;77.0;1576353920;94.547;19.682629254368564;0.5623608358391018;-0.48095703125;
20:05:20;78.0;1576353921;94.404;19.682629254368564;0.5623608358391018;-0.48095703125;
20:05:21;79.0;1576353922;94.036;19.682629254368564;0.5623608358391018;-0.48095703125;
20:05:22;80.0;1576353923;93.853;19.682629254368564;0.5623608358391018;-0.48095703125;
20:05:23;81.0;1576353924;94.036;19.682629254368564;0.5623608358391018;-0.48095703125;
20:05:24;82.0;1576353925;93.671;19.682629254368564;0.5623608358391018;-0.48095703125;
20:05:25;83.0;1576353926;94.016;19.682629254368564;0.5623608358391018;-0.48095703125;
20:05:26;84.0;1576353927;94.138;19.682629254368564;0.5623608358391018;-0.48095703125;
20:05:27;85.0;1576353928;93.934;19.682629254368564;0.5623608358391018;-0.48095703125;
20:05:28;86.0;1576353929;94.342;19.682629254368564;0.5623608358391018;-0.48095703125;
20:05:29;87.0;1576353930;94.016;19.682629254368564;0.5623608358391018;-0.48095703125;
20:05:30;88.0;1576353931;94.077;19.682629254368564;0.5623608358391018;-0.48095703125;
20:05:31;89.0;1576353932;94.077;19.682629254368564;0.5623608358391018;-0.48095703125;
20:05:32;90.0;1576353933;94.016;19.682629254368564;0.5623608358391018;-0.48095703125;
20:05:33;91.0;1576353935;94.567;19.682629254368564;0.5623608358391018;-0.48095703125;
20:05:34;92.0;1576353936;94.363;19.682629254368564;0.5623608358391018;-0.48095703125;
20:05:35;93.0;1576353937;94.383;19.682629254368564;0.5623608358391018;-0.48095703125;
20:05:36;94.0;1576353938;94.24;19.682629254368564;0.5623608358391018;-0.48095703125;
20:05:37;95.0;1576353939;94.036;19.682629254368564;0.5623608358391018;-0.48095703125;
20:05:38;96.0;1576353940;94.057;19.682629254368564;0.5623608358391018;-0.48095703125;
20:05:39;97.0;1576353941;94.016;19.682629254368564;0.5623608358391018;-0.48095703125;
20:05:40;98.0;1576353942;94.077;19.682629254368564;0.5623608358391018;-0.48095703125;
20:05:41;99.0;1576353943;93.873;19.682629254368564;0.5623608358391018;-0.48095703125;
20:05:42;100.0;1576353944;93.853;19.682629254368564;0.5623608358391018;-0.48095703125;
20:05:43;101.0;1576353945;93.833;19.682629254368564;0.5623608358391018;-0.48095703125;
20:05:44;102.0;1576353946;93.955;19.682629254368564;0.5623608358391018;-0.48095703125;
20:05:45;103.0;1576353947;94.383;19.682629254368564;0.5623608358391018;-0.48095703125;
20:05:46;104.0;1576353947;94.711;19.682629254368564;0.5623608358391018;-0.48095703125;
20:05:47;105.0;1576353949;94.916;19.682629254368564;0.5623608358391018;-0.48095703125;
20:05:48;106.0;1576353950;94.608;19.682629254368564;0.5623608358391018;-0.48095703125;
20:05:49;107.0;1576353951;94.179;19.682629254368564;0.5623608358391018;-0.48095703125;
20:05:50;108.0;1576353952;93.996;19.682629254368564;0.5623608358391018;-0.48095703125;
20:05:51;109.0;1576353953;93.853;19.682629254368564;0.5623608358391018;-0.48095703125;
20:05:53;111.0;1576353954;94.077;19.682629254368564;0.5623608358391018;-0.48095703125;
20:05:54;112.0;1576353955;94.097;19.682629254368564;0.5623608358391018;-0.48095703125;
20:05:55;113.0;1576353956;94.097;19.682629254368564;0.5623608358391018;-0.48095703125;
20:05:56;114.0;1576353957;93.853;19.682629254368564;0.5623608358391018;-0.48095703125;
20:05:57;115.0;1576353958;93.752;19.682629254368564;0.5623608358391018;-0.48095703125;
20:05:58;116.0;1576353959;93.569;19.682629254368564;0.5623608358391018;-0.48095703125;
20:05:59;117.0;1576353960;93.63;19.682629254368564;0.5623608358391018;-0.48095703125;
20:06:00;118.0;1576353961;93.65;19.682629254368564;0.5623608358391018;-0.48095703125;
20:06:01;119.0;1576353962;93.813;19.682629254368564;0.5623608358391018;-0.48095703125;
20:06:02;120.0;1576353963;93.792;19.682629254368564;0.5623608358391018;-0.48095703125;
20:06:03;121.0;1576353964;93.65;19.682629254368564;0.5623608358391018;-0.48095703125;
20:06:04;122.0;1576353965;93.853;19.682629254368564;0.5623608358391018;-0.48095703125;
20:06:05;123.0;1576353966;94.077;19.682629254368564;0.5623608358391018;-0.48095703125;
20:06:06;124.0;1576353967;94.26;19.682629254368564;0.5623608358391018;-0.48095703125;
20:06:07;125.0;1576353968;94.036;19.682629254368564;0.5623608358391018;-0.48095703125;
20:06:08;126.0;1576353969;94.077;19.682629254368564;0.5623608358391018;-0.48095703125;
20:06:09;127.0;1576353970;94.036;19.682629254368564;0.5623608358391018;-0.48095703125;
20:06:10;128.0;1576353971;94.097;19.682629254368564;0.5623608358391018;-0.48095703125;
20:06:11;129.0;1576353972;94.444;19.682629254368564;0.5623608358391018;-0.48095703125;
20:06:12;130.0;1576353973;94.383;19.682629254368564;0.5623608358391018;-0.48095703125;
20:06:13;131.0;1576353974;94.057;19.682629254368564;0.5623608358391018;-0.48095703125;
20:06:14;132.0;1576353975;94.016;19.682629254368564;0.5623608358391018;-0.48095703125;
20:06:15;133.0;1576353976;93.589;19.682629254368564;0.5623608358391018;-0.48095703125;
20:06:16;134.0;1576353977;93.549;19.682629254368564;0.5623608358391018;-0.48095703125;
20:06:17;135.0;1576353978;93.691;19.682629254368564;0.5623608358391018;-0.48095703125;
20:06:18;136.0;1576353979;93.549;19.682629254368564;0.5623608358391018;-0.48095703125;
20:06:19;137.0;1576353980;93.61;19.682629254368564;0.5623608358391018;-0.48095703125;
20:06:20;138.0;1576353981;93.731;19.682629254368564;0.5623608358391018;-0.48095703125;
20:06:21;139.0;1576353982;93.691;19.682629254368564;0.5623608358391018;-0.48095703125;
20:06:22;140.0;1576353983;94.016;19.682629254368564;0.5623608358391018;-0.48095703125;
20:06:23;141.0;1576353984;94.016;19.682629254368564;0.5623608358391018;-0.48095703125;
20:06:24;142.0;1576353985;94.118;19.682629254368564;0.5623608358391018;-0.48095703125;
20:06:25;143.0;1576353986;94.22;19.682629254368564;0.5623608358391018;-0.48095703125;
20:06:26;144.0;1576353987;94.199;19.682629254368564;0.5623608358391018;-0.48095703125;
20:06:27;145.0;1576353988;94.588;19.682629254368564;0.5623608358391018;-0.48095703125;
20:06:28;146.0;1576353989;94.22;19.682629254368564;0.5623608358391018;-0.48095703125;
20:06:29;147.0;1576353990;93.813;19.682629254368564;0.5623608358391018;-0.48095703125;
20:06:30;148.0;1576353991;93.833;19.682629254368564;0.5623608358391018;-0.48095703125;
20:06:31;149.0;1576353992;93.792;19.682629254368564;0.5623608358391018;-0.48095703125;
20:06:32;150.0;1576353993;93.589;19.682629254368564;0.5623608358391018;-0.48095703125;
20:06:33;151.0;1576353994;93.813;19.682629254368564;0.5623608358391018;-0.48095703125;
20:06:34;152.0;1576353995;93.853;19.682629254368564;0.5623608358391018;-0.48095703125;
20:06:35;153.0;1576353997;94.016;19.682629254368564;0.5623608358391018;-0.48095703125;
20:06:36;154.0;1576353998;94.22;19.682629254368564;0.5623608358391018;-0.48095703125;
20:06:37;155.0;1576353999;93.975;19.682629254368564;0.5623608358391018;-0.48095703125;
20:06:38;156.0;1576354000;93.934;19.682629254368564;0.5623608358391018;-0.48095703125;
20:06:39;157.0;1576354001;93.934;19.682629254368564;0.5623608358391018;-0.48095703125;
20:06:40;158.0;1576354002;94.138;19.682629254368564;0.5623608358391018;-0.48095703125;
20:06:41;159.0;1576354003;94.547;19.682629254368564;0.5623608358391018;-0.48095703125;
20:06:42;160.0;1576354004;94.383;19.682629254368564;0.5623608358391018;-0.48095703125;
20:06:43;161.0;1576354005;94.424;19.682629254368564;0.5623608358391018;-0.48095703125;
20:06:44;162.0;1576354006;94.444;19.682629254368564;0.5623608358391018;-0.48095703125;
20:06:45;163.0;1576354006;94.342;19.682629254368564;0.5623608358391018;-0.48095703125;
20:06:46;164.0;1576354008;94.179;19.682629254368564;0.5623608358391018;-0.48095703125;
20:06:47;165.0;1576354009;93.813;19.682629254368564;0.5623608358391018;-0.48095703125;
20:06:48;166.0;1576354010;93.752;19.682629254368564;0.5623608358391018;-0.48095703125;
20:06:49;167.0;1576354011;93.772;19.682629254368564;0.5623608358391018;-0.48095703125;
20:06:50;168.0;1576354012;93.934;19.682629254368564;0.5623608358391018;-0.48095703125;
20:06:51;169.0;1576354013;93.772;19.682629254368564;0.5623608358391018;-0.48095703125;
20:06:52;170.0;1576354014;93.833;19.682629254368564;0.5623608358391018;-0.48095703125;
20:06:53;171.0;1576354015;93.873;19.682629254368564;0.5623608358391018;-0.48095703125;
20:06:54;172.0;1576354015;93.894;19.682629254368564;0.5623608358391018;-0.48095703125;
20:06:55;173.0;1576354017;94.036;19.682629254368564;0.5623608358391018;-0.48095703125;
20:06:57;175.0;1576354018;93.996;19.682629254368564;0.5623608358391018;-0.48095703125;
20:06:58;176.0;1576354019;93.853;19.682629254368564;0.5623608358391018;-0.48095703125;
20:06:59;177.0;1576354020;93.63;19.682629254368564;0.5623608358391018;-0.48095703125;
20:07:00;178.0;1576354021;93.468;19.682629254368564;0.5623608358391018;-0.48095703125;
20:07:01;179.0;1576354022;93.488;19.682629254368564;0.5623608358391018;-0.48095703125;
20:07:02;180.0;1576354023;93.65;19.682629254368564;0.5623608358391018;-0.48095703125;
20:07:03;181.0;1576354024;93.711;19.682629254368564;0.5623608358391018;-0.48095703125;
20:07:04;182.0;1576354025;94.057;19.682629254368564;0.5623608358391018;-0.48095703125;
20:07:05;183.0;1576354026;94.036;19.682629254368564;0.5623608358391018;-0.48095703125;
20:07:06;184.0;1576354027;93.873;19.682629254368564;0.5623608358391018;-0.48095703125;
20:07:07;185.0;1576354028;93.833;19.682629254368564;0.5623608358391018;-0.48095703125;
20:07:08;186.0;1576354029;93.671;19.682629254368564;0.5623608358391018;-0.48095703125;
20:07:09;187.0;1576354030;93.65;19.682629254368564;0.5623608358391018;-0.48095703125;
20:07:10;188.0;1576354031;93.853;19.682629254368564;0.5623608358391018;-0.48095703125;
20:07:11;189.0;1576354032;93.873;19.682629254368564;0.5623608358391018;-0.48095703125;
20:07:12;190.0;1576354033;93.833;19.682629254368564;0.5623608358391018;-0.48095703125;
20:07:13;191.0;1576354034;93.691;19.682629254368564;0.5623608358391018;-0.48095703125;
20:07:14;192.0;1576354035;93.65;19.682629254368564;0.5623608358391018;-0.48095703125;
20:07:15;193.0;1576354036;93.772;19.682629254368564;0.5623608358391018;-0.48095703125;
20:07:16;194.0;1576354037;93.813;19.682629254368564;0.5623608358391018;-0.48095703125;
20:07:17;195.0;1576354038;93.975;19.682629254368564;0.5623608358391018;-0.48095703125;
20:07:18;196.0;1576354039;94.016;19.682629254368564;0.5623608358391018;-0.48095703125;
20:07:19;197.0;1576354040;94.179;19.682629254368564;0.5623608358391018;-0.48095703125;
20:07:20;198.0;1576354041;94.118;19.682629254368564;0.5623608358391018;-0.48095703125;
20:07:21;199.0;1576354042;93.934;19.682629254368564;0.5623608358391018;-0.48095703125;
20:07:22;200.0;1576354043;93.873;19.682629254368564;0.5623608358391018;-0.48095703125;
20:07:23;201.0;1576354044;93.772;19.682629254368564;0.5623608358391018;-0.48095703125;
20:07:24;202.0;1576354045;93.833;19.682629254368564;0.5623608358391018;-0.48095703125;
20:07:25;203.0;1576354046;94.036;19.682629254368564;0.5623608358391018;-0.48095703125;
20:07:26;204.0;1576354047;93.914;19.682629254368564;0.5623608358391018;-0.48095703125;
20:07:27;205.0;1576354048;93.853;19.682629254368564;0.5623608358391018;-0.48095703125;
20:07:28;206.0;1576354049;93.65;19.682629254368564;0.5623608358391018;-0.48095703125;
20:07:29;207.0;1576354050;93.813;19.682629254368564;0.5623608358391018;-0.48095703125;
20:07:30;208.0;1576354051;93.589;19.682629254368564;0.5623608358391018;-0.48095703125;
20:07:31;209.0;1576354052;93.61;19.682629254368564;0.5623608358391018;-0.48095703125;
20:07:32;210.0;1576354053;93.934;19.682629254368564;0.5623608358391018;-0.48095703125;
20:07:33;211.0;1576354054;93.387;19.682629254368564;0.5623608358391018;-0.48095703125;
20:07:34;212.0;1576354055;93.529;19.682629254368564;0.5623608358391018;-0.48095703125;
20:07:35;213.0;1576354056;93.752;19.682629254368564;0.5623608358391018;-0.48095703125;
20:07:36;214.0;1576354058;93.589;19.682629254368564;0.5623608358391018;-0.48095703125;
20:07:37;215.0;1576354059;93.975;19.682629254368564;0.5623608358391018;-0.48095703125;
20:07:38;216.0;1576354060;93.914;19.682629254368564;0.5623608358391018;-0.48095703125;
20:07:39;217.0;1576354061;93.65;19.682629254368564;0.5623608358391018;-0.48095703125;
20:07:40;218.0;1576354062;93.752;19.682629254368564;0.5623608358391018;-0.48095703125;
20:07:41;219.0;1576354063;93.772;19.682629254368564;0.5623608358391018;-0.48095703125;
20:07:42;220.0;1576354064;94.057;19.682629254368564;0.5623608358391018;-0.48095703125;
20:07:43;221.0;1576354065;94.118;19.682629254368564;0.5623608358391018;-0.48095703125;
20:07:44;222.0;1576354065;94.016;19.682629254368564;0.5623608358391018;-0.48095703125;
20:07:45;223.0;1576354067;94.036;19.682629254368564;0.5623608358391018;-0.48095703125;
20:07:46;224.0;1576354068;93.833;19.682629254368564;0.5623608358391018;-0.48095703125;
20:07:47;225.0;1576354069;93.671;19.682629254368564;0.5623608358391018;-0.48095703125;
20:07:48;226.0;1576354070;93.367;19.682629254368564;0.5623608358391018;-0.48095703125;
20:07:49;227.0;1576354071;92.944;19.682629254368564;0.5623608358391018;-0.48095703125;
20:07:50;228.0;1576354072;93.145;19.682629254368564;0.5623608358391018;-0.48095703125;
20:07:51;229.0;1576354072;92.964;19.682629254368564;0.5623608358391018;-0.48095703125;
20:07:52;230.0;1576354073;93.125;19.682629254368564;0.5623608358391018;-0.48095703125;
20:07:53;231.0;1576354074;93.65;19.682629254368564;0.5623608358391018;-0.48095703125;
20:07:54;232.0;1576354075;93.529;19.682629254368564;0.5623608358391018;-0.48095703125;
20:07:55;233.0;1576354076;93.711;19.682629254368564;0.5623608358391018;-0.48095703125;
20:07:56;234.0;1576354077;93.894;19.682629254368564;0.5623608358391018;-0.48095703125;
20:07:57;235.0;1576354079;93.934;19.682629254368564;0.5623608358391018;-0.48095703125;
20:07:58;236.0;1576354080;93.894;19.682629254368564;0.5623608358391018;-0.48095703125;
20:07:59;237.0;1576354081;93.731;19.682629254368564;0.5623608358391018;-0.48095703125;
20:08:01;239.0;1576354082;93.752;19.682629254368564;0.5623608358391018;-0.48095703125;
20:08:02;240.0;1576354083;93.589;19.682629254368564;0.5623608358391018;-0.48095703125;
20:08:03;241.0;1576354084;93.428;19.682629254368564;0.5623608358391018;-0.48095703125;
20:08:04;242.0;1576354085;93.61;19.682629254368564;0.5623608358391018;-0.48095703125;
20:08:05;243.0;1576354086;93.589;19.682629254368564;0.5623608358391018;-0.48095703125;
20:08:06;244.0;1576354087;93.529;19.682629254368564;0.5623608358391018;-0.48095703125;
20:08:07;245.0;1576354088;93.691;19.682629254368564;0.5623608358391018;-0.48095703125;
20:08:08;246.0;1576354089;93.468;19.682629254368564;0.5623608358391018;-0.48095703125;
20:08:09;247.0;1576354090;93.306;19.682629254368564;0.5623608358391018;-0.48095703125;
20:08:10;248.0;1576354091;93.185;19.682629254368564;0.5623608358391018;-0.48095703125;
20:08:11;249.0;1576354092;93.044;19.682629254368564;0.5623608358391018;-0.48095703125;
20:08:12;250.0;1576354093;93.387;19.682629254368564;0.5623608358391018;-0.48095703125;
20:08:13;251.0;1576354094;93.569;19.682629254368564;0.5623608358391018;-0.48095703125;
20:08:14;252.0;1576354095;93.549;19.682629254368564;0.5623608358391018;-0.48095703125;
20:08:15;253.0;1576354096;93.61;19.682629254368564;0.5623608358391018;-0.48095703125;
20:08:16;254.0;1576354097;93.448;19.682629254368564;0.5623608358391018;-0.48095703125;
20:08:17;255.0;1576354098;93.387;19.682629254368564;0.5623608358391018;-0.48095703125;
20:08:18;256.0;1576354099;93.488;19.682629254368564;0.5623608358391018;-0.48095703125;
20:08:19;257.0;1576354100;93.529;19.682629254368564;0.5623608358391018;-0.48095703125;
20:08:20;258.0;1576354101;93.508;19.682629254368564;0.5623608358391018;-0.48095703125;
20:08:21;259.0;1576354102;93.569;19.682629254368564;0.5623608358391018;-0.48095703125;
20:08:22;260.0;1576354103;93.428;19.682629254368564;0.5623608358391018;-0.48095703125;
20:08:23;261.0;1576354104;93.529;19.682629254368564;0.5623608358391018;-0.48095703125;
20:08:24;262.0;1576354105;93.387;19.682629254368564;0.5623608358391018;-0.48095703125;
20:08:25;263.0;1576354106;93.004;19.682629254368564;0.5623608358391018;-0.48095703125;
20:08:26;264.0;1576354107;92.843;19.682629254368564;0.5623608358391018;-0.48095703125;
20:08:27;265.0;1576354108;92.603;19.682629254368564;0.5623608358391018;-0.48095703125;
20:08:28;266.0;1576354109;92.783;19.682629254368564;0.5623608358391018;-0.48095703125;
20:08:29;267.0;1576354110;92.924;19.682629254368564;0.5623608358391018;-0.48095703125;
20:08:30;268.0;1576354111;93.286;19.682629254368564;0.5623608358391018;-0.48095703125;
20:08:31;269.0;1576354112;93.468;19.682629254368564;0.5623608358391018;-0.48095703125;
20:08:32;270.0;1576354113;93.61;19.682629254368564;0.5623608358391018;-0.48095703125;
20:08:33;271.0;1576354114;93.853;19.682629254368564;0.5623608358391018;-0.48095703125;
20:08:34;272.0;1576354115;93.853;19.682629254368564;0.5623608358391018;-0.48095703125;
20:08:35;273.0;1576354116;93.671;19.682629254368564;0.5623608358391018;-0.48095703125;
20:08:36;274.0;1576354117;93.589;19.682629254368564;0.5623608358391018;-0.48095703125;
20:08:37;275.0;1576354118;93.731;19.682629254368564;0.5623608358391018;-0.48095703125;
20:08:38;276.0;1576354119;93.731;19.682629254368564;0.5623608358391018;-0.48095703125;
20:08:39;277.0;1576354120;93.711;19.682629254368564;0.5623608358391018;-0.48095703125;
20:08:40;278.0;1576354121;93.671;19.682629254368564;0.5623608358391018;-0.48095703125;
20:08:41;279.0;1576354123;93.165;19.682629254368564;0.5623608358391018;-0.48095703125;
20:08:42;280.0;1576354124;93.145;19.682629254368564;0.5623608358391018;-0.48095703125;
20:08:43;281.0;1576354125;93.367;19.682629254368564;0.5623608358391018;-0.48095703125;
20:08:44;282.0;1576354126;93.306;19.682629254368564;0.5623608358391018;-0.48095703125;
20:08:45;283.0;1576354127;93.63;19.682629254368564;0.5623608358391018;-0.48095703125;
20:08:46;284.0;1576354128;93.65;19.682629254368564;0.5623608358391018;-0.48095703125;
20:08:47;285.0;1576354129;93.569;19.682629254368564;0.5623608358391018;-0.48095703125;
20:08:48;286.0;1576354130;93.731;19.682629254368564;0.5623608358391018;-0.48095703125;
20:08:49;287.0;1576354131;93.549;19.682629254368564;0.5623608358391018;-0.48095703125;
20:08:50;288.0;1576354132;93.367;19.682629254368564;0.5623608358391018;-0.48095703125;
20:08:51;289.0;1576354133;93.428;19.682629254368564;0.5623608358391018;-0.48095703125;
20:08:52;290.0;1576354134;93.085;19.682629254368564;0.5623608358391018;-0.48095703125;
20:08:53;291.0;1576354134;93.064;19.682629254368564;0.5623608358391018;-0.48095703125;
20:08:54;292.0;1576354135;93.085;19.682629254368564;0.5623608358391018;-0.48095703125;
20:08:55;293.0;1576354136;92.863;19.682629254368564;0.5623608358391018;-0.48095703125;
20:08:56;294.0;1576354137;93.085;19.682629254368564;0.5623608358391018;-0.48095703125;
20:08:57;295.0;1576354138;93.286;19.682629254368564;0.5623608358391018;-0.48095703125;
20:08:58;296.0;1576354139;93.468;19.682629254368564;0.5623608358391018;-0.48095703125;
20:08:59;297.0;1576354141;93.468;19.682629254368564;0.5623608358391018;-0.48095703125;
20:09:00;298.0;1576354142;93.65;19.682629254368564;0.5623608358391018;-0.48095703125;
20:09:01;299.0;1576354143;93.468;19.682629254368564;0.5623608358391018;-0.48095703125;
20:09:02;300.0;1576354144;93.448;19.682629254368564;0.5623608358391018;-0.48095703125;
20:09:03;301.0;1576354145;93.306;19.682629254368564;0.5623608358391018;-0.48095703125;
20:09:05;303.0;1576354146;93.246;19.682629254368564;0.5623608358391018;-0.48095703125;
20:09:06;304.0;1576354147;93.064;19.682629254368564;0.5623608358391018;-0.48095703125;
20:09:07;305.0;1576354148;93.044;19.682629254368564;0.5623608358391018;-0.48095703125;
20:09:08;306.0;1576354149;93.387;19.682629254368564;0.5623608358391018;-0.48095703125;
20:09:09;307.0;1576354150;93.246;19.682629254368564;0.5623608358391018;-0.48095703125;
20:09:10;308.0;1576354151;93.61;19.682629254368564;0.5623608358391018;-0.48095703125;
20:09:11;309.0;1576354152;93.327;19.682629254368564;0.5623608358391018;-0.48095703125;
20:09:12;310.0;1576354153;92.964;19.682629254368564;0.5623608358391018;-0.48095703125;
20:09:13;311.0;1576354154;92.783;19.682629254368564;0.5623608358391018;-0.48095703125;
20:09:14;312.0;1576354155;92.823;19.682629254368564;0.5623608358391018;-0.48095703125;
20:09:15;313.0;1576354156;92.964;19.682629254368564;0.5623608358391018;-0.48095703125;
20:09:16;314.0;1576354157;93.145;19.682629254368564;0.5623608358391018;-0.48095703125;
20:09:17;315.0;1576354158;93.145;19.682629254368564;0.5623608358391018;-0.48095703125;
20:09:18;316.0;1576354159;92.984;19.682629254368564;0.5623608358391018;-0.48095703125;
20:09:19;317.0;1576354160;93.205;19.682629254368564;0.5623608358391018;-0.48095703125;
20:09:20;318.0;1576354161;93.327;19.682629254368564;0.5623608358391018;-0.48095703125;
20:09:21;319.0;1576354162;93.569;19.682629254368564;0.5623608358391018;-0.48095703125;
20:09:22;320.0;1576354163;93.731;19.682629254368564;0.5623608358391018;-0.48095703125;
20:09:23;321.0;1576354164;93.508;19.682629254368564;0.5623608358391018;-0.48095703125;
20:09:24;322.0;1576354165;93.529;19.682629254368564;0.5623608358391018;-0.48095703125;
20:09:25;323.0;1576354166;93.428;19.682629254368564;0.5623608358391018;-0.48095703125;
20:09:26;324.0;1576354167;93.428;19.682629254368564;0.5623608358391018;-0.48095703125;
20:09:27;325.0;1576354168;93.387;19.682629254368564;0.5623608358391018;-0.48095703125;
20:09:28;326.0;1576354169;93.246;19.682629254368564;0.5623608358391018;-0.48095703125;
20:09:29;327.0;1576354170;93.286;19.682629254368564;0.5623608358391018;-0.48095703125;
20:09:30;328.0;1576354171;92.944;19.682629254368564;0.5623608358391018;-0.48095703125;
20:09:31;329.0;1576354172;92.924;19.682629254368564;0.5623608358391018;-0.48095703125;
20:09:32;330.0;1576354173;92.743;19.682629254368564;0.5623608358391018;-0.48095703125;
20:09:33;331.0;1576354174;92.743;19.682629254368564;0.5623608358391018;-0.48095703125;
20:09:34;332.0;1576354175;93.024;19.682629254368564;0.5623608358391018;-0.48095703125;
20:09:35;333.0;1576354176;92.924;19.682629254368564;0.5623608358391018;-0.48095703125;
20:09:36;334.0;1576354177;93.085;19.682629254368564;0.5623608358391018;-0.48095703125;
20:09:37;335.0;1576354178;93.327;19.682629254368564;0.5623608358391018;-0.48095703125;
20:09:38;336.0;1576354179;93.165;19.682629254368564;0.5623608358391018;-0.48095703125;
20:09:39;337.0;1576354180;93.286;19.682629254368564;0.5623608358391018;-0.48095703125;
20:09:40;338.0;1576354182;93.105;19.682629254368564;0.5623608358391018;-0.48095703125;
20:09:41;339.0;1576354183;92.904;19.682629254368564;0.5623608358391018;-0.48095703125;
20:09:42;340.0;1576354184;92.563;19.682629254368564;0.5623608358391018;-0.48095703125;
20:09:43;341.0;1576354185;92.623;19.682629254368564;0.5623608358391018;-0.48095703125;
20:09:44;342.0;1576354186;92.483;19.682629254368564;0.5623608358391018;-0.48095703125;
20:09:45;343.0;1576354187;92.403;19.682629254368564;0.5623608358391018;-0.48095703125;
20:09:46;344.0;1576354188;92.523;19.682629254368564;0.5623608358391018;-0.48095703125;
20:09:47;345.0;1576354189;92.303;19.682629254368564;0.5623608358391018;-0.48095703125;
20:09:48;346.0;1576354190;92.843;19.682629254368564;0.5623608358391018;-0.48095703125;
20:09:49;347.0;1576354191;92.843;19.682629254368564;0.5623608358391018;-0.48095703125;
20:09:50;348.0;1576354192;92.783;19.682629254368564;0.5623608358391018;-0.48095703125;
20:09:51;349.0;1576354193;92.763;19.682629254368564;0.5623608358391018;-0.48095703125;
20:09:52;350.0;1576354194;92.603;19.682629254368564;0.5623608358391018;-0.48095703125;
20:09:53;351.0;1576354194;92.603;19.682629254368564;0.5623608358391018;-0.48095703125;
20:09:54;352.0;1576354195;92.743;19.682629254368564;0.5623608358391018;-0.48095703125;
20:09:55;353.0;1576354196;92.743;19.682629254368564;0.5623608358391018;-0.48095703125;
20:09:56;354.0;1576354197;92.683;19.682629254368564;0.5623608358391018;-0.48095703125;
20:09:57;355.0;1576354198;92.503;19.682629254368564;0.5623608358391018;-0.48095703125;
20:09:58;356.0;1576354199;92.463;19.682629254368564;0.5623608358391018;-0.48095703125;
20:09:59;357.0;1576354200;92.543;19.682629254368564;0.5623608358391018;-0.48095703125;
20:10:00;358.0;1576354201;92.363;19.682629254368564;0.5623608358391018;-0.48095703125;
20:10:01;359.0;1576354202;92.363;19.682629254368564;0.5623608358391018;-0.48095703125;
20:10:02;360.0;1576354204;92.443;19.682629254368564;0.5623608358391018;-0.48095703125;
20:10:03;361.0;1576354205;92.623;19.682629254368564;0.5623608358391018;-0.48095703125;
20:10:04;362.0;1576354206;92.823;19.682629254368564;0.5623608358391018;-0.48095703125;
20:10:05;363.0;1576354207;93.024;19.682629254368564;0.5623608358391018;-0.48095703125;
20:10:06;364.0;1576354208;93.085;19.682629254368564;0.5623608358391018;-0.48095703125;
20:10:07;365.0;1576354209;93.044;19.682629254368564;0.5623608358391018;-0.48095703125;
20:10:08;366.0;1576354210;93.145;19.682629254368564;0.5623608358391018;-0.48095703125;
20:10:10;368.0;1576354211;93.145;19.682629254368564;0.5623608358391018;-0.48095703125;
20:10:11;369.0;1576354212;93.024;19.682629254368564;0.5623608358391018;-0.48095703125;
20:10:12;370.0;1576354213;93.004;19.682629254368564;0.5623608358391018;-0.48095703125;
20:10:13;371.0;1576354214;92.904;19.682629254368564;0.5623608358391018;-0.48095703125;
20:10:14;372.0;1576354215;92.683;19.682629254368564;0.5623608358391018;-0.48095703125;
20:10:15;373.0;1576354216;92.743;19.682629254368564;0.5623608358391018;-0.48095703125;
20:10:16;374.0;1576354217;92.603;19.682629254368564;0.5623608358391018;-0.48095703125;
20:10:17;375.0;1576354218;92.783;19.682629254368564;0.5623608358391018;-0.48095703125;
20:10:18;376.0;1576354219;92.823;19.682629254368564;0.5623608358391018;-0.48095703125;
20:10:19;377.0;1576354220;92.904;19.682629254368564;0.5623608358391018;-0.48095703125;
20:10:20;378.0;1576354221;93.044;19.682629254368564;0.5623608358391018;-0.48095703125;
20:10:21;379.0;1576354222;92.723;19.682629254368564;0.5623608358391018;-0.48095703125;
20:10:22;380.0;1576354223;92.683;19.682629254368564;0.5623608358391018;-0.48095703125;
20:10:23;381.0;1576354224;92.763;19.682629254368564;0.5623608358391018;-0.48095703125;
20:10:24;382.0;1576354225;92.623;19.682629254368564;0.5623608358391018;-0.48095703125;
20:10:25;383.0;1576354226;92.603;19.682629254368564;0.5623608358391018;-0.48095703125;
20:10:26;384.0;1576354227;92.663;19.682629254368564;0.5623608358391018;-0.48095703125;
20:10:27;385.0;1576354228;92.463;19.682629254368564;0.5623608358391018;-0.48095703125;
20:10:28;386.0;1576354229;92.283;19.682629254368564;0.5623608358391018;-0.48095703125;
20:10:29;387.0;1576354230;92.383;19.682629254368564;0.5623608358391018;-0.48095703125;
20:10:30;388.0;1576354231;92.583;19.682629254368564;0.5623608358391018;-0.48095703125;
20:10:31;389.0;1576354232;92.363;19.682629254368564;0.5623608358391018;-0.48095703125;
20:10:32;390.0;1576354233;92.343;19.682629254368564;0.5623608358391018;-0.48095703125;
20:10:33;391.0;1576354234;92.243;19.682629254368564;0.5623608358391018;-0.48095703125;
20:10:34;392.0;1576354235;92.084;19.682629254368564;0.5623608358391018;-0.48095703125;
20:10:35;393.0;1576354236;92.243;19.682629254368564;0.5623608358391018;-0.48095703125;
20:10:36;394.0;1576354237;92.403;19.682629254368564;0.5623608358391018;-0.48095703125;
20:10:37;395.0;1576354238;92.243;19.682629254368564;0.5623608358391018;-0.48095703125;
20:10:38;396.0;1576354239;92.563;19.682629254368564;0.5623608358391018;-0.48095703125;
20:10:39;397.0;1576354240;92.463;19.682629254368564;0.5623608358391018;-0.48095703125;
20:10:40;398.0;1576354241;92.503;19.682629254368564;0.5623608358391018;-0.48095703125;
20:10:42;400.0;1576354242;92.323;19.682629254368564;0.5623608358391018;-0.48095703125;
20:10:43;401.0;1576354244;92.303;19.682629254368564;0.5623608358391018;-0.48095703125;
20:10:44;402.0;1576354245;92.283;19.682629254368564;0.5623608358391018;-0.48095703125;
20:10:45;403.0;1576354246;92.463;19.682629254368564;0.5623608358391018;-0.48095703125;
20:10:46;404.0;1576354248;92.623;19.682629254368564;0.5623608358391018;-0.48095703125;
20:10:47;405.0;1576354249;92.583;19.682629254368564;0.5623608358391018;-0.48095703125;
20:10:48;406.0;1576354250;92.603;19.682629254368564;0.5623608358391018;-0.48095703125;
20:10:49;407.0;1576354251;92.523;19.682629254368564;0.5623608358391018;-0.48095703125;
20:10:50;408.0;1576354252;92.323;19.682629254368564;0.5623608358391018;-0.48095703125;
20:10:51;409.0;1576354253;92.543;19.682629254368564;0.5623608358391018;-0.48095703125;
20:10:52;410.0;1576354254;92.563;19.682629254368564;0.5623608358391018;-0.48095703125;
20:10:53;411.0;1576354255;92.503;19.682629254368564;0.5623608358391018;-0.48095703125;
20:10:54;412.0;1576354256;92.683;19.682629254368564;0.5623608358391018;-0.48095703125;
20:10:55;413.0;1576354256;92.523;19.682629254368564;0.5623608358391018;-0.48095703125;
20:10:56;414.0;1576354257;92.643;19.682629254368564;0.5623608358391018;-0.48095703125;
20:10:57;415.0;1576354258;92.603;19.682629254368564;0.5623608358391018;-0.48095703125;
20:10:58;416.0;1576354259;92.203;19.682629254368564;0.5623608358391018;-0.48095703125;
20:10:59;417.0;1576354260;92.223;19.682629254368564;0.5623608358391018;-0.48095703125;
20:11:00;418.0;1576354261;92.403;19.682629254368564;0.5623608358391018;-0.48095703125;
20:11:01;419.0;1576354262;92.343;19.682629254368564;0.5623608358391018;-0.48095703125;
20:11:02;420.0;1576354263;92.383;19.682629254368564;0.5623608358391018;-0.48095703125;
20:11:03;421.0;1576354264;92.523;19.682629254368564;0.5623608358391018;-0.48095703125;
20:11:04;422.0;1576354265;92.183;19.682629254368564;0.5623608358391018;-0.48095703125;
20:11:05;423.0;1576354266;92.203;19.682629254368564;0.5623608358391018;-0.48095703125;
20:11:06;424.0;1576354268;92.603;19.682629254368564;0.5623608358391018;-0.48095703125;
20:11:07;425.0;1576354269;92.703;19.682629254368564;0.5623608358391018;-0.48095703125;
20:11:08;426.0;1576354270;92.723;19.682629254368564;0.5623608358391018;-0.48095703125;
20:11:09;427.0;1576354271;92.883;19.682629254368564;0.5623608358391018;-0.48095703125;
20:11:10;428.0;1576354272;92.483;19.682629254368564;0.5623608358391018;-0.48095703125;
20:11:11;429.0;1576354273;92.203;19.682629254368564;0.5623608358391018;-0.48095703125;
20:11:12;430.0;1576354274;91.865;19.682629254368564;0.5623608358391018;-0.48095703125;
20:11:14;432.0;1576354275;91.726;19.682629254368564;0.5623608358391018;-0.48095703125;
20:11:15;433.0;1576354276;91.865;19.682629254368564;0.5623608358391018;-0.48095703125;
20:11:16;434.0;1576354277;92.004;19.682629254368564;0.5623608358391018;-0.48095703125;
20:11:17;435.0;1576354278;92.263;19.682629254368564;0.5623608358391018;-0.48095703125;
20:11:18;436.0;1576354279;92.064;19.682629254368564;0.5623608358391018;-0.48095703125;
20:11:19;437.0;1576354280;92.283;19.682629254368564;0.5623608358391018;-0.48095703125;
20:11:20;438.0;1576354281;92.323;19.682629254368564;0.5623608358391018;-0.48095703125;
20:11:21;439.0;1576354282;92.563;19.682629254368564;0.5623608358391018;-0.48095703125;
20:11:22;440.0;1576354283;92.924;19.682629254368564;0.5623608358391018;-0.48095703125;
20:11:23;441.0;1576354284;92.783;19.682629254368564;0.5623608358391018;-0.48095703125;
20:11:24;442.0;1576354285;92.663;19.682629254368564;0.5623608358391018;-0.48095703125;
20:11:25;443.0;1576354286;92.303;19.682629254368564;0.5623608358391018;-0.48095703125;
20:11:26;444.0;1576354287;92.144;19.682629254368564;0.5623608358391018;-0.48095703125;
20:11:27;445.0;1576354288;92.084;19.682629254368564;0.5623608358391018;-0.48095703125;
20:11:28;446.0;1576354289;92.203;19.682629254368564;0.5623608358391018;-0.48095703125;
20:11:29;447.0;1576354290;92.044;19.682629254368564;0.5623608358391018;-0.48095703125;
20:11:30;448.0;1576354291;91.885;19.682629254368564;0.5623608358391018;-0.48095703125;
20:11:31;449.0;1576354292;91.707;19.682629254368564;0.5623608358391018;-0.48095703125;
20:11:32;450.0;1576354293;91.548;19.682629254368564;0.5623608358391018;-0.48095703125;
20:11:33;451.0;1576354294;92.064;19.682629254368564;0.5623608358391018;-0.48095703125;
20:11:34;452.0;1576354295;92.243;19.682629254368564;0.5623608358391018;-0.48095703125;
20:11:35;453.0;1576354296;92.263;19.682629254368564;0.5623608358391018;-0.48095703125;
20:11:36;454.0;1576354297;92.583;19.682629254368564;0.5623608358391018;-0.48095703125;
20:11:37;455.0;1576354298;92.243;19.682629254368564;0.5623608358391018;-0.48095703125;
20:11:38;456.0;1576354299;91.865;19.682629254368564;0.5623608358391018;-0.48095703125;
20:11:39;457.0;1576354300;91.726;19.682629254368564;0.5623608358391018;-0.48095703125;
20:11:41;459.0;1576354301;91.509;19.682629254368564;0.5623608358391018;-0.48095703125;
20:11:42;460.0;1576354303;92.064;19.682629254368564;0.5623608358391018;-0.48095703125;
20:11:43;461.0;1576354304;92.383;19.682629254368564;0.5623608358391018;-0.48095703125;
20:11:44;462.0;1576354305;92.383;19.682629254368564;0.5623608358391018;-0.48095703125;
20:11:45;463.0;1576354306;92.363;19.682629254368564;0.5623608358391018;-0.48095703125;
20:11:46;464.0;1576354307;92.183;19.682629254368564;0.5623608358391018;-0.48095703125;
20:11:47;465.0;1576354308;92.124;19.682629254368564;0.5623608358391018;-0.48095703125;
20:11:48;466.0;1576354309;91.786;19.682629254368564;0.5623608358391018;-0.48095703125;
20:11:49;467.0;1576354310;92.104;19.682629254368564;0.5623608358391018;-0.48095703125;
20:11:50;468.0;1576354312;91.865;19.682629254368564;0.5623608358391018;-0.48095703125;
20:11:51;469.0;1576354313;91.746;19.682629254368564;0.5623608358391018;-0.48095703125;
20:11:52;470.0;1576354314;92.124;19.682629254368564;0.5623608358391018;-0.48095703125;
20:11:53;471.0;1576354315;92.183;19.682629254368564;0.5623608358391018;-0.48095703125;
20:11:54;472.0;1576354316;92.223;19.682629254368564;0.5623608358391018;-0.48095703125;
20:11:55;473.0;1576354317;92.343;19.682629254368564;0.5623608358391018;-0.48095703125;
20:11:56;474.0;1576354318;92.004;19.682629254368564;0.5623608358391018;-0.48095703125;
20:11:57;475.0;1576354319;91.687;19.682629254368564;0.5623608358391018;-0.48095703125;
20:11:58;476.0;1576354320;91.687;19.682629254368564;0.5623608358391018;-0.48095703125;
20:11:59;477.0;1576354321;91.568;19.682629254368564;0.5623608358391018;-0.48095703125;
20:12:00;478.0;1576354322;92.064;19.682629254368564;0.5623608358391018;-0.48095703125;
20:12:01;479.0;1576354323;92.144;19.682629254368564;0.5623608358391018;-0.48095703125;
20:12:02;480.0;1576354324;92.303;19.682629254368564;0.5623608358391018;-0.48095703125;
20:12:03;481.0;1576354325;92.323;19.682629254368564;0.5623608358391018;-0.48095703125;
20:12:04;482.0;1576354326;91.885;19.682629254368564;0.5623608358391018;-0.48095703125;
20:12:05;483.0;1576354326;91.806;19.682629254368564;0.5623608358391018;-0.48095703125;
20:12:06;484.0;1576354327;91.806;19.682629254368564;0.5623608358391018;-0.48095703125;
20:12:07;485.0;1576354328;91.925;19.682629254368564;0.5623608358391018;-0.48095703125;
20:12:08;486.0;1576354329;92.024;19.682629254368564;0.5623608358391018;-0.48095703125;
20:12:09;487.0;1576354330;92.104;19.682629254368564;0.5623608358391018;-0.48095703125;
20:12:10;488.0;1576354331;91.786;19.682629254368564;0.5623608358391018;-0.48095703125;
20:12:11;489.0;1576354333;91.925;19.682629254368564;0.5623608358391018;-0.48095703125;
20:12:12;490.0;1576354334;92.004;19.682629254368564;0.5623608358391018;-0.48095703125;
20:12:13;491.0;1576354335;92.084;19.682629254368564;0.5623608358391018;-0.48095703125;
20:12:14;492.0;1576354336;92.243;19.682629254368564;0.5623608358391018;-0.48095703125;
20:12:15;493.0;1576354337;92.044;19.682629254368564;0.5623608358391018;-0.48095703125;
20:12:16;494.0;1576354338;91.945;19.682629254368564;0.5623608358391018;-0.48095703125;
20:12:18;496.0;1576354339;91.786;19.682629254368564;0.5623608358391018;-0.48095703125;
20:12:19;497.0;1576354340;91.627;19.682629254368564;0.5623608358391018;-0.48095703125;
20:12:20;498.0;1576354341;91.469;19.682629254368564;0.5623608358391018;-0.48095703125;
20:12:21;499.0;1576354342;91.647;19.682629254368564;0.5623608358391018;-0.48095703125;
20:12:22;500.0;1576354343;91.608;19.682629254368564;0.5623608358391018;-0.48095703125;
20:12:23;501.0;1576354344;91.925;19.682629254368564;0.5623608358391018;-0.48095703125;
20:12:24;502.0;1576354345;92.024;19.682629254368564;0.5623608358391018;-0.48095703125;
20:12:25;503.0;1576354346;92.064;19.682629254368564;0.5623608358391018;-0.48095703125;
20:12:26;504.0;1576354347;92.064;19.682629254368564;0.5623608358391018;-0.48095703125;
20:12:27;505.0;1576354348;92.084;19.682629254368564;0.5623608358391018;-0.48095703125;
20:12:28;506.0;1576354349;92.243;19.682629254368564;0.5623608358391018;-0.48095703125;
20:12:29;507.0;1576354350;92.243;19.682629254368564;0.5623608358391018;-0.48095703125;
20:12:30;508.0;1576354351;92.283;19.682629254368564;0.5623608358391018;-0.48095703125;
20:12:31;509.0;1576354352;92.064;19.682629254368564;0.5623608358391018;-0.48095703125;
20:12:32;510.0;1576354353;92.064;19.682629254368564;0.5623608358391018;-0.48095703125;
20:12:33;511.0;1576354354;91.806;19.682629254368564;0.5623608358391018;-0.48095703125;
20:12:34;512.0;1576354355;91.746;19.682629254368564;0.5623608358391018;-0.48095703125;
20:12:35;513.0;1576354356;91.726;19.682629254368564;0.5623608358391018;-0.48095703125;
20:12:36;514.0;1576354357;91.568;19.682629254368564;0.5623608358391018;-0.48095703125;
20:12:37;515.0;1576354358;91.568;19.682629254368564;0.5623608358391018;-0.48095703125;
20:12:38;516.0;1576354359;91.233;19.682629254368564;0.5623608358391018;-0.48095703125;
20:12:40;518.0;1576354360;91.489;19.682629254368564;0.5623608358391018;-0.48095703125;
20:12:41;519.0;1576354362;91.568;19.682629254368564;0.5623608358391018;-0.48095703125;
20:12:42;520.0;1576354363;92.104;19.682629254368564;0.5623608358391018;-0.48095703125;
20:12:43;521.0;1576354364;92.084;19.682629254368564;0.5623608358391018;-0.48095703125;
20:12:44;522.0;1576354365;91.945;19.682629254368564;0.5623608358391018;-0.48095703125;
20:12:45;523.0;1576354366;91.965;19.682629254368564;0.5623608358391018;-0.48095703125;
20:12:46;524.0;1576354367;91.925;19.682629254368564;0.5623608358391018;-0.48095703125;
20:12:47;525.0;1576354368;91.845;19.682629254368564;0.5623608358391018;-0.48095703125;
20:12:48;526.0;1576354369;92.064;19.682629254368564;0.5623608358391018;-0.48095703125;
20:12:49;527.0;1576354370;91.806;19.682629254368564;0.5623608358391018;-0.48095703125;
20:12:50;528.0;1576354371;91.469;19.682629254368564;0.5623608358391018;-0.48095703125;
20:12:51;529.0;1576354372;91.529;19.682629254368564;0.5623608358391018;-0.48095703125;
20:12:52;530.0;1576354374;91.095;19.682629254368564;0.5623608358391018;-0.48095703125;
20:12:53;531.0;1576354375;91.331;19.682629254368564;0.5623608358391018;-0.48095703125;
20:12:54;532.0;1576354376;91.529;19.682629254368564;0.5623608358391018;-0.48095703125;
20:12:55;533.0;1576354377;91.489;19.682629254368564;0.5623608358391018;-0.48095703125;
20:12:56;534.0;1576354378;91.865;19.682629254368564;0.5623608358391018;-0.48095703125;
20:12:57;535.0;1576354379;91.826;19.682629254368564;0.5623608358391018;-0.48095703125;
20:12:58;536.0;1576354380;91.984;19.682629254368564;0.5623608358391018;-0.48095703125;
20:12:59;537.0;1576354380;92.024;19.682629254368564;0.5623608358391018;-0.48095703125;
20:13:00;538.0;1576354381;91.905;19.682629254368564;0.5623608358391018;-0.48095703125;
20:13:01;539.0;1576354382;91.885;19.682629254368564;0.5623608358391018;-0.48095703125;
20:13:02;540.0;1576354383;91.746;19.682629254368564;0.5623608358391018;-0.48095703125;
20:13:03;541.0;1576354384;91.905;19.682629254368564;0.5623608358391018;-0.48095703125;
20:13:04;542.0;1576354385;92.183;19.682629254368564;0.5623608358391018;-0.48095703125;
20:13:05;543.0;1576354386;91.786;19.682629254368564;0.5623608358391018;-0.48095703125;
20:13:06;544.0;1576354387;91.786;19.682629254368564;0.5623608358391018;-0.48095703125;
20:13:07;545.0;1576354388;91.292;19.682629254368564;0.5623608358391018;-0.48095703125;
20:13:08;546.0;1576354389;90.82;19.682629254368564;0.5623608358391018;-0.48095703125;
20:13:09;547.0;1576354390;91.095;19.682629254368564;0.5623608358391018;-0.48095703125;
20:13:10;548.0;1576354391;91.115;19.682629254368564;0.5623608358391018;-0.48095703125;
20:13:11;549.0;1576354392;91.647;19.682629254368564;0.5623608358391018;-0.48095703125;
20:13:12;550.0;1576354393;91.43;19.682629254368564;0.5623608358391018;-0.48095703125;
20:13:13;551.0;1576354394;91.213;19.682629254368564;0.5623608358391018;-0.48095703125;
20:13:14;552.0;1576354395;91.174;19.682629254368564;0.5623608358391018;-0.48095703125;
20:13:15;553.0;1576354397;90.781;19.682629254368564;0.5623608358391018;-0.48095703125;
20:13:16;554.0;1576354398;91.115;19.682629254368564;0.5623608358391018;-0.48095703125;
20:13:17;555.0;1576354399;91.469;19.682629254368564;0.5623608358391018;-0.48095703125;
20:13:18;556.0;1576354400;91.608;19.682629254368564;0.5623608358391018;-0.48095703125;
20:13:19;557.0;1576354401;92.004;19.682629254368564;0.5623608358391018;-0.48095703125;
20:13:20;558.0;1576354402;91.885;19.682629254368564;0.5623608358391018;-0.48095703125;
20:13:22;560.0;1576354403;91.707;19.682629254368564;0.5623608358391018;-0.48095703125;
20:13:23;561.0;1576354404;91.726;19.682629254368564;0.5623608358391018;-0.48095703125;
20:13:24;562.0;1576354405;91.371;19.682629254368564;0.5623608358391018;-0.48095703125;
20:13:25;563.0;1576354406;91.311;19.682629254368564;0.5623608358391018;-0.48095703125;
20:13:26;564.0;1576354407;91.469;19.682629254368564;0.5623608358391018;-0.48095703125;
20:13:27;565.0;1576354408;91.489;19.682629254368564;0.5623608358391018;-0.48095703125;
20:13:28;566.0;1576354409;91.469;19.682629254368564;0.5623608358391018;-0.48095703125;
20:13:29;567.0;1576354410;91.45;19.682629254368564;0.5623608358391018;-0.48095703125;
20:13:30;568.0;1576354411;91.469;19.682629254368564;0.5623608358391018;-0.48095703125;
20:13:31;569.0;1576354412;90.977;19.682629254368564;0.5623608358391018;-0.48095703125;
20:13:32;570.0;1576354413;91.351;19.682629254368564;0.5623608358391018;-0.48095703125;
20:13:33;571.0;1576354414;91.766;19.682629254368564;0.5623608358391018;-0.48095703125;
20:13:34;572.0;1576354415;91.806;19.682629254368564;0.5623608358391018;-0.48095703125;
20:13:35;573.0;1576354416;92.004;19.682629254368564;0.5623608358391018;-0.48095703125;
20:13:36;574.0;1576354417;91.826;19.682629254368564;0.5623608358391018;-0.48095703125;
20:13:37;575.0;1576354418;91.627;19.682629254368564;0.5623608358391018;-0.48095703125;
20:13:38;576.0;1576354419;91.41;19.682629254368564;0.5623608358391018;-0.48095703125;
20:13:39;577.0;1576354420;91.707;19.682629254368564;0.5623608358391018;-0.48095703125;
20:13:40;578.0;1576354421;91.529;19.682629254368564;0.5623608358391018;-0.48095703125;
20:13:41;579.0;1576354422;91.529;19.682629254368564;0.5623608358391018;-0.48095703125;
20:13:42;580.0;1576354423;91.489;19.682629254368564;0.5623608358391018;-0.48095703125;
20:13:43;581.0;1576354424;91.095;19.682629254368564;0.5623608358391018;-0.48095703125;
20:13:44;582.0;1576354425;91.292;19.682629254368564;0.5623608358391018;-0.48095703125;
20:13:45;583.0;1576354426;91.311;19.682629254368564;0.5623608358391018;-0.48095703125;
20:13:46;584.0;1576354427;91.233;19.682629254368564;0.5623608358391018;-0.48095703125;
20:13:47;585.0;1576354428;91.45;19.682629254368564;0.5623608358391018;-0.48095703125;
20:13:48;586.0;1576354429;91.311;19.682629254368564;0.5623608358391018;-0.48095703125;
20:13:49;587.0;1576354430;91.154;19.682629254368564;0.5623608358391018;-0.48095703125;
20:13:50;588.0;1576354431;91.43;19.682629254368564;0.5623608358391018;-0.48095703125;
20:13:51;589.0;1576354432;91.292;19.682629254368564;0.5623608358391018;-0.48095703125;
20:13:52;590.0;1576354433;91.39;19.682629254368564;0.5623608358391018;-0.48095703125;
20:13:53;591.0;1576354434;91.371;19.682629254368564;0.5623608358391018;-0.48095703125;
20:13:54;592.0;1576354435;91.252;19.682629254368564;0.5623608358391018;-0.48095703125;
20:13:55;593.0;1576354437;91.41;19.682629254368564;0.5623608358391018;-0.48095703125;
20:13:56;594.0;1576354438;91.252;19.682629254368564;0.5623608358391018;-0.48095703125;
20:13:57;595.0;1576354439;91.39;19.682629254368564;0.5623608358391018;-0.48095703125;
20:13:58;596.0;1576354440;91.588;19.682629254368564;0.5623608358391018;-0.48095703125;
20:13:59;597.0;1576354441;91.588;19.682629254368564;0.5623608358391018;-0.48095703125;
20:14:00;598.0;1576354442;91.786;19.682629254368564;0.5623608358391018;-0.48095703125;
20:14:01;599.0;1576354442;91.529;19.682629254368564;0.5623608358391018;-0.48095703125;
20:14:02;600.0;1576354443;91.41;19.682629254368564;0.5623608358391018;-0.48095703125;
20:14:03;601.0;1576354444;91.39;19.682629254368564;0.5623608358391018;-0.48095703125;
20:14:04;602.0;1576354445;91.174;19.682629254368564;0.5623608358391018;-0.48095703125;
20:14:05;603.0;1576354446;91.39;19.682629254368564;0.5623608358391018;-0.48095703125;
20:14:06;604.0;1576354447;91.41;19.682629254368564;0.5623608358391018;-0.48095703125;
20:14:07;605.0;1576354448;91.272;19.682629254368564;0.5623608358391018;-0.48095703125;
20:14:08;606.0;1576354449;91.331;19.682629254368564;0.5623608358391018;-0.48095703125;
20:14:09;607.0;1576354450;91.213;19.682629254368564;0.5623608358391018;-0.48095703125;
20:14:10;608.0;1576354451;90.918;19.682629254368564;0.5623608358391018;-0.48095703125;
20:14:11;609.0;1576354452;90.722;19.682629254368564;0.5623608358391018;-0.48095703125;
20:14:12;610.0;1576354453;90.859;19.682629254368564;0.5623608358391018;-0.48095703125;
20:14:13;611.0;1576354454;90.703;19.682629254368564;0.5623608358391018;-0.48095703125;
20:14:14;612.0;1576354455;90.859;19.682629254368564;0.5623608358391018;-0.48095703125;
20:14:15;613.0;1576354456;90.899;19.682629254368564;0.5623608358391018;-0.48095703125;
20:14:16;614.0;1576354457;90.899;19.682629254368564;0.5623608358391018;-0.48095703125;
20:14:17;615.0;1576354458;91.233;19.682629254368564;0.5623608358391018;-0.48095703125;
20:14:18;616.0;1576354459;91.272;19.682629254368564;0.5623608358391018;-0.48095703125;
20:14:19;617.0;1576354460;91.489;19.682629254368564;0.5623608358391018;-0.48095703125;
20:14:20;618.0;1576354461;91.647;19.682629254368564;0.5623608358391018;-0.48095703125;
20:14:21;619.0;1576354463;91.529;19.682629254368564;0.5623608358391018;-0.48095703125;
20:14:22;620.0;1576354464;91.509;19.682629254368564;0.5623608358391018;-0.48095703125;
20:14:23;621.0;1576354465;91.489;19.682629254368564;0.5623608358391018;-0.48095703125;
20:14:24;622.0;1576354466;91.311;19.682629254368564;0.5623608358391018;-0.48095703125;
20:14:26;624.0;1576354467;91.272;19.682629254368564;0.5623608358391018;-0.48095703125;
20:14:27;625.0;1576354468;91.45;19.682629254368564;0.5623608358391018;-0.48095703125;
20:14:28;626.0;1576354469;91.371;19.682629254368564;0.5623608358391018;-0.48095703125;
20:14:29;627.0;1576354470;91.056;19.682629254368564;0.5623608358391018;-0.48095703125;
20:14:30;628.0;1576354471;91.213;19.682629254368564;0.5623608358391018;-0.48095703125;
20:14:31;629.0;1576354472;91.036;19.682629254368564;0.5623608358391018;-0.48095703125;
20:14:32;630.0;1576354473;90.918;19.682629254368564;0.5623608358391018;-0.48095703125;
20:14:33;631.0;1576354474;91.056;19.682629254368564;0.5623608358391018;-0.48095703125;
20:14:34;632.0;1576354475;91.056;19.682629254368564;0.5623608358391018;-0.48095703125;
20:14:35;633.0;1576354476;91.154;19.682629254368564;0.5623608358391018;-0.48095703125;
20:14:36;634.0;1576354477;91.272;19.682629254368564;0.5623608358391018;-0.48095703125;
20:14:37;635.0;1576354478;91.331;19.682629254368564;0.5623608358391018;-0.48095703125;
20:14:38;636.0;1576354478;91.193;19.682629254368564;0.5623608358391018;-0.48095703125;
20:14:39;637.0;1576354480;90.918;19.682629254368564;0.5623608358391018;-0.48095703125;
20:14:40;638.0;1576354481;91.134;19.682629254368564;0.5623608358391018;-0.48095703125;
20:14:41;639.0;1576354482;91.095;19.682629254368564;0.5623608358391018;-0.48095703125;
20:14:42;640.0;1576354483;91.193;19.682629254368564;0.5623608358391018;-0.48095703125;
20:14:43;641.0;1576354484;91.351;19.682629254368564;0.5623608358391018;-0.48095703125;
20:14:44;642.0;1576354485;91.154;19.682629254368564;0.5623608358391018;-0.48095703125;
20:14:45;643.0;1576354486;91.115;19.682629254368564;0.5623608358391018;-0.48095703125;
20:14:46;644.0;1576354487;91.016;19.682629254368564;0.5623608358391018;-0.48095703125;
20:14:47;645.0;1576354488;90.801;19.682629254368564;0.5623608358391018;-0.48095703125;
20:14:48;646.0;1576354489;90.957;19.682629254368564;0.5623608358391018;-0.48095703125;
20:14:49;647.0;1576354490;90.997;19.682629254368564;0.5623608358391018;-0.48095703125;
20:14:50;648.0;1576354491;91.134;19.682629254368564;0.5623608358391018;-0.48095703125;
20:14:51;649.0;1576354492;91.489;19.682629254368564;0.5623608358391018;-0.48095703125;
20:14:52;650.0;1576354493;91.311;19.682629254368564;0.5623608358391018;-0.48095703125;
20:14:53;651.0;1576354494;91.134;19.682629254368564;0.5623608358391018;-0.48095703125;
20:14:54;652.0;1576354495;90.977;19.682629254368564;0.5623608358391018;-0.48095703125;
20:14:55;653.0;1576354496;90.879;19.682629254368564;0.5623608358391018;-0.48095703125;
20:14:56;654.0;1576354497;90.879;19.682629254368564;0.5623608358391018;-0.48095703125;
20:14:57;655.0;1576354498;90.977;19.682629254368564;0.5623608358391018;-0.48095703125;
20:14:58;656.0;1576354499;90.997;19.682629254368564;0.5623608358391018;-0.48095703125;
20:14:59;657.0;1576354500;90.761;19.682629254368564;0.5623608358391018;-0.48095703125;
20:15:00;658.0;1576354501;90.449;19.682629254368564;0.5623608358391018;-0.48095703125;
20:15:01;659.0;1576354502;90.507;19.682629254368564;0.5623608358391018;-0.48095703125;
20:15:02;660.0;1576354503;90.488;19.682629254368564;0.5623608358391018;-0.48095703125;
20:15:03;661.0;1576354504;90.663;19.682629254368564;0.5623608358391018;-0.48095703125;
20:15:04;662.0;1576354506;90.801;19.682629254368564;0.5623608358391018;-0.48095703125;
20:15:05;663.0;1576354507;90.488;19.682629254368564;0.5623608358391018;-0.48095703125;
20:15:06;664.0;1576354508;90.118;19.682629254368564;0.5623608358391018;-0.48095703125;
20:15:07;665.0;1576354509;90.293;19.682629254368564;0.5623608358391018;-0.48095703125;
20:15:08;666.0;1576354510;90.644;19.682629254368564;0.5623608358391018;-0.48095703125;
20:15:09;667.0;1576354511;90.781;19.682629254368564;0.5623608358391018;-0.48095703125;
20:15:10;668.0;1576354512;91.154;19.682629254368564;0.5623608358391018;-0.48095703125;
20:15:11;669.0;1576354513;91.233;19.682629254368564;0.5623608358391018;-0.48095703125;
20:15:12;670.0;1576354514;91.016;19.682629254368564;0.5623608358391018;-0.48095703125;
20:15:13;671.0;1576354515;90.859;19.682629254368564;0.5623608358391018;-0.48095703125;
20:15:14;672.0;1576354516;90.683;19.682629254368564;0.5623608358391018;-0.48095703125;
20:15:15;673.0;1576354517;90.273;19.682629254368564;0.5623608358391018;-0.48095703125;
20:15:16;674.0;1576354518;90.332;19.682629254368564;0.5623608358391018;-0.48095703125;
20:15:17;675.0;1576354519;90.82;19.682629254368564;0.5623608358391018;-0.48095703125;
20:15:18;676.0;1576354520;90.977;19.682629254368564;0.5623608358391018;-0.48095703125;
20:15:19;677.0;1576354521;90.918;19.682629254368564;0.5623608358391018;-0.48095703125;
20:15:20;678.0;1576354522;90.899;19.682629254368564;0.5623608358391018;-0.48095703125;
20:15:21;679.0;1576354523;90.781;19.682629254368564;0.5623608358391018;-0.48095703125;
20:15:22;680.0;1576354524;90.859;19.682629254368564;0.5623608358391018;-0.48095703125;
20:15:23;681.0;1576354525;91.056;19.682629254368564;0.5623608358391018;-0.48095703125;
20:15:24;682.0;1576354526;91.252;19.682629254368564;0.5623608358391018;-0.48095703125;
20:15:25;683.0;1576354527;91.213;19.682629254368564;0.5623608358391018;-0.48095703125;
20:15:26;684.0;1576354527;91.311;19.682629254368564;0.5623608358391018;-0.48095703125;
20:15:27;685.0;1576354529;91.351;19.682629254368564;0.5623608358391018;-0.48095703125;
20:15:28;686.0;1576354530;91.193;19.682629254368564;0.5623608358391018;-0.48095703125;
20:15:30;688.0;1576354531;91.331;19.682629254368564;0.5623608358391018;-0.48095703125;
20:15:31;689.0;1576354532;91.174;19.682629254368564;0.5623608358391018;-0.48095703125;
20:15:32;690.0;1576354533;91.016;19.682629254368564;0.5623608358391018;-0.48095703125;
20:15:33;691.0;1576354534;90.683;19.682629254368564;0.5623608358391018;-0.48095703125;
20:15:34;692.0;1576354535;90.488;19.682629254368564;0.5623608358391018;-0.48095703125;
20:15:35;693.0;1576354536;90.176;19.682629254368564;0.5623608358391018;-0.48095703125;
20:15:36;694.0;1576354537;90.001;19.682629254368564;0.5623608358391018;-0.48095703125;
20:15:37;695.0;1576354537;90.176;19.682629254368564;0.5623608358391018;-0.48095703125;
20:15:38;696.0;1576354539;89.923;19.682629254368564;0.5623608358391018;-0.48095703125;
20:15:39;697.0;1576354540;90.195;19.682629254368564;0.5623608358391018;-0.48095703125;
20:15:40;698.0;1576354541;90.371;19.682629254368564;0.5623608358391018;-0.48095703125;
20:15:41;699.0;1576354542;90.507;19.682629254368564;0.5623608358391018;-0.48095703125;
20:15:42;700.0;1576354543;90.644;19.682629254368564;0.5623608358391018;-0.48095703125;
20:15:43;701.0;1576354544;90.527;19.682629254368564;0.5623608358391018;-0.48095703125;
20:15:44;702.0;1576354545;90.351;19.682629254368564;0.5623608358391018;-0.48095703125;
20:15:45;703.0;1576354546;90.137;19.682629254368564;0.5623608358391018;-0.48095703125;
20:15:46;704.0;1576354547;90.351;19.682629254368564;0.5623608358391018;-0.48095703125;
20:15:47;705.0;1576354548;90.546;19.682629254368564;0.5623608358391018;-0.48095703125;
20:15:48;706.0;1576354549;90.899;19.682629254368564;0.5623608358391018;-0.48095703125;
20:15:49;707.0;1576354550;91.056;19.682629254368564;0.5623608358391018;-0.48095703125;
20:15:50;708.0;1576354551;90.918;19.682629254368564;0.5623608358391018;-0.48095703125;
20:15:51;709.0;1576354552;90.722;19.682629254368564;0.5623608358391018;-0.48095703125;
20:15:52;710.0;1576354553;90.703;19.682629254368564;0.5623608358391018;-0.48095703125;
20:15:53;711.0;1576354554;90.39;19.682629254368564;0.5623608358391018;-0.48095703125;
20:15:54;712.0;1576354555;90.332;19.682629254368564;0.5623608358391018;-0.48095703125;
20:15:55;713.0;1576354556;90.488;19.682629254368564;0.5623608358391018;-0.48095703125;
20:15:56;714.0;1576354557;90.156;19.682629254368564;0.5623608358391018;-0.48095703125;
20:15:57;715.0;1576354558;90.663;19.682629254368564;0.5623608358391018;-0.48095703125;
20:15:58;716.0;1576354559;90.644;19.682629254368564;0.5623608358391018;-0.48095703125;
20:15:59;717.0;1576354560;90.703;19.682629254368564;0.5623608358391018;-0.48095703125;
20:16:00;718.0;1576354561;90.781;19.682629254368564;0.5623608358391018;-0.48095703125;
20:16:01;719.0;1576354562;90.663;19.682629254368564;0.5623608358391018;-0.48095703125;
20:16:02;720.0;1576354563;90.801;19.682629254368564;0.5623608358391018;-0.48095703125;
20:16:03;721.0;1576354564;90.566;19.682629254368564;0.5623608358391018;-0.48095703125;
20:16:04;722.0;1576354565;90.644;19.682629254368564;0.5623608358391018;-0.48095703125;
20:16:05;723.0;1576354566;90.605;19.682629254368564;0.5623608358391018;-0.48095703125;
20:16:06;724.0;1576354567;90.781;19.682629254368564;0.5623608358391018;-0.48095703125;
20:16:07;725.0;1576354568;90.957;19.682629254368564;0.5623608358391018;-0.48095703125;
20:16:08;726.0;1576354570;90.977;19.682629254368564;0.5623608358391018;-0.48095703125;
20:16:09;727.0;1576354571;91.213;19.682629254368564;0.5623608358391018;-0.48095703125;
20:16:10;728.0;1576354572;90.918;19.682629254368564;0.5623608358391018;-0.48095703125;
20:16:11;729.0;1576354573;90.761;19.682629254368564;0.5623608358391018;-0.48095703125;
20:16:12;730.0;1576354574;90.624;19.682629254368564;0.5623608358391018;-0.48095703125;
20:16:13;731.0;1576354575;90.546;19.682629254368564;0.5623608358391018;-0.48095703125;
20:16:14;732.0;1576354576;90.546;19.682629254368564;0.5623608358391018;-0.48095703125;
20:16:15;733.0;1576354577;90.488;19.682629254368564;0.5623608358391018;-0.48095703125;
20:16:16;734.0;1576354578;90.781;19.682629254368564;0.5623608358391018;-0.48095703125;
20:16:17;735.0;1576354579;90.293;19.682629254368564;0.5623608358391018;-0.48095703125;
20:16:18;736.0;1576354580;90.468;19.682629254368564;0.5623608358391018;-0.48095703125;
20:16:19;737.0;1576354581;90.468;19.682629254368564;0.5623608358391018;-0.48095703125;
20:16:20;738.0;1576354582;90.293;19.682629254368564;0.5623608358391018;-0.48095703125;
20:16:21;739.0;1576354583;90.488;19.682629254368564;0.5623608358391018;-0.48095703125;
20:16:22;740.0;1576354583;90.488;19.682629254368564;0.5623608358391018;-0.48095703125;
20:16:23;741.0;1576354584;90.722;19.682629254368564;0.5623608358391018;-0.48095703125;
20:16:24;742.0;1576354585;90.957;19.682629254368564;0.5623608358391018;-0.48095703125;
20:16:25;743.0;1576354586;90.899;19.682629254368564;0.5623608358391018;-0.48095703125;
20:16:26;744.0;1576354587;90.918;19.682629254368564;0.5623608358391018;-0.48095703125;
20:16:27;745.0;1576354588;90.703;19.682629254368564;0.5623608358391018;-0.48095703125;
20:16:28;746.0;1576354589;90.722;19.682629254368564;0.5623608358391018;-0.48095703125;
20:16:29;747.0;1576354590;90.703;19.682629254368564;0.5623608358391018;-0.48095703125;
20:16:30;748.0;1576354592;90.351;19.682629254368564;0.5623608358391018;-0.48095703125;
20:16:31;749.0;1576354593;90.234;19.682629254368564;0.5623608358391018;-0.48095703125;
20:16:32;750.0;1576354594;89.982;19.682629254368564;0.5623608358391018;-0.48095703125;
20:16:33;751.0;1576354595;90.059;19.682629254368564;0.5623608358391018;-0.48095703125;
20:16:35;753.0;1576354596;90.04;19.682629254368564;0.5623608358391018;-0.48095703125;
20:16:36;754.0;1576354596;90.371;19.682629254368564;0.5623608358391018;-0.48095703125;
20:16:37;755.0;1576354598;90.195;19.682629254368564;0.5623608358391018;-0.48095703125;
20:16:38;756.0;1576354599;90.332;19.682629254368564;0.5623608358391018;-0.48095703125;
20:16:39;757.0;1576354600;90.527;19.682629254368564;0.5623608358391018;-0.48095703125;
20:16:40;758.0;1576354601;90.273;19.682629254368564;0.5623608358391018;-0.48095703125;
20:16:41;759.0;1576354602;90.293;19.682629254368564;0.5623608358391018;-0.48095703125;
20:16:42;760.0;1576354603;90.156;19.682629254368564;0.5623608358391018;-0.48095703125;
20:16:43;761.0;1576354604;90.079;19.682629254368564;0.5623608358391018;-0.48095703125;
20:16:44;762.0;1576354605;90.098;19.682629254368564;0.5623608358391018;-0.48095703125;
20:16:45;763.0;1576354606;90.098;19.682629254368564;0.5623608358391018;-0.48095703125;
20:16:46;764.0;1576354607;89.827;19.682629254368564;0.5623608358391018;-0.48095703125;
20:16:47;765.0;1576354608;89.691;19.682629254368564;0.5623608358391018;-0.48095703125;
20:16:48;766.0;1576354609;89.556;19.682629254368564;0.5623608358391018;-0.48095703125;
20:16:49;767.0;1576354610;89.672;19.682629254368564;0.5623608358391018;-0.48095703125;
20:16:50;768.0;1576354611;89.749;19.682629254368564;0.5623608358391018;-0.48095703125;
20:16:51;769.0;1576354612;90.098;19.682629254368564;0.5623608358391018;-0.48095703125;
20:16:52;770.0;1576354613;90.254;19.682629254368564;0.5623608358391018;-0.48095703125;
20:16:53;771.0;1576354614;90.332;19.682629254368564;0.5623608358391018;-0.48095703125;
20:16:54;772.0;1576354615;90.507;19.682629254368564;0.5623608358391018;-0.48095703125;
20:16:55;773.0;1576354616;90.312;19.682629254368564;0.5623608358391018;-0.48095703125;
20:16:56;774.0;1576354617;90.293;19.682629254368564;0.5623608358391018;-0.48095703125;
20:16:57;775.0;1576354618;90.429;19.682629254368564;0.5623608358391018;-0.48095703125;
20:16:58;776.0;1576354619;90.254;19.682629254368564;0.5623608358391018;-0.48095703125;
20:16:59;777.0;1576354620;90.156;19.682629254368564;0.5623608358391018;-0.48095703125;
20:17:00;778.0;1576354621;90.234;19.682629254368564;0.5623608358391018;-0.48095703125;
20:17:01;779.0;1576354622;90.234;19.682629254368564;0.5623608358391018;-0.48095703125;
20:17:02;780.0;1576354623;90.371;19.682629254368564;0.5623608358391018;-0.48095703125;
20:17:03;781.0;1576354624;90.507;19.682629254368564;0.5623608358391018;-0.48095703125;
20:17:04;782.0;1576354625;90.663;19.682629254368564;0.5623608358391018;-0.48095703125;
20:17:05;783.0;1576354626;90.468;19.682629254368564;0.5623608358391018;-0.48095703125;
20:17:06;784.0;1576354627;90.488;19.682629254368564;0.5623608358391018;-0.48095703125;
20:17:07;785.0;1576354628;90.683;19.682629254368564;0.5623608358391018;-0.48095703125;
20:17:08;786.0;1576354629;90.449;19.682629254368564;0.5623608358391018;-0.48095703125;
20:17:09;787.0;1576354630;90.468;19.682629254368564;0.5623608358391018;-0.48095703125;
20:17:10;788.0;1576354632;90.312;19.682629254368564;0.5623608358391018;-0.48095703125;
20:17:11;789.0;1576354633;90.098;19.682629254368564;0.5623608358391018;-0.48095703125;
20:17:12;790.0;1576354634;90.312;19.682629254368564;0.5623608358391018;-0.48095703125;
20:17:13;791.0;1576354635;90.351;19.682629254368564;0.5623608358391018;-0.48095703125;
20:17:14;792.0;1576354636;90.332;19.682629254368564;0.5623608358391018;-0.48095703125;
20:17:15;793.0;1576354637;90.137;19.682629254368564;0.5623608358391018;-0.48095703125;
20:17:16;794.0;1576354638;89.943;19.682629254368564;0.5623608358391018;-0.48095703125;
20:17:17;795.0;1576354639;89.595;19.682629254368564;0.5623608358391018;-0.48095703125;
20:17:18;796.0;1576354640;89.807;19.682629254368564;0.5623608358391018;-0.48095703125;
20:17:19;797.0;1576354641;89.691;19.682629254368564;0.5623608358391018;-0.48095703125;
20:17:20;798.0;1576354642;89.73;19.682629254368564;0.5623608358391018;-0.48095703125;
20:17:21;799.0;1576354642;89.923;19.682629254368564;0.5623608358391018;-0.48095703125;
20:17:22;800.0;1576354643;90.059;19.682629254368564;0.5623608358391018;-0.48095703125;
20:17:23;801.0;1576354644;90.234;19.682629254368564;0.5623608358391018;-0.48095703125;
20:17:24;802.0;1576354645;90.371;19.682629254368564;0.5623608358391018;-0.48095703125;
20:17:25;803.0;1576354646;90.04;19.682629254368564;0.5623608358391018;-0.48095703125;
20:17:26;804.0;1576354647;89.556;19.682629254368564;0.5623608358391018;-0.48095703125;
20:17:27;805.0;1576354648;89.653;19.682629254368564;0.5623608358391018;-0.48095703125;
20:17:28;806.0;1576354649;89.344;19.682629254368564;0.5623608358391018;-0.48095703125;
20:17:29;807.0;1576354650;89.982;19.682629254368564;0.5623608358391018;-0.48095703125;
20:17:30;808.0;1576354651;90.507;19.682629254368564;0.5623608358391018;-0.48095703125;
20:17:31;809.0;1576354652;90.39;19.682629254368564;0.5623608358391018;-0.48095703125;
20:17:32;810.0;1576354653;90.39;19.682629254368564;0.5623608358391018;-0.48095703125;
20:17:33;811.0;1576354655;90.059;19.682629254368564;0.5623608358391018;-0.48095703125;
20:17:34;812.0;1576354656;89.769;19.682629254368564;0.5623608358391018;-0.48095703125;
20:17:35;813.0;1576354657;89.595;19.682629254368564;0.5623608358391018;-0.48095703125;
20:17:36;814.0;1576354658;89.614;19.682629254368564;0.5623608358391018;-0.48095703125;
20:17:37;815.0;1576354659;89.749;19.682629254368564;0.5623608358391018;-0.48095703125;
20:17:39;817.0;1576354660;89.865;19.682629254368564;0.5623608358391018;-0.48095703125;
20:17:40;818.0;1576354661;89.982;19.682629254368564;0.5623608358391018;-0.48095703125;
20:17:41;819.0;1576354662;90.137;19.682629254368564;0.5623608358391018;-0.48095703125;
20:17:42;820.0;1576354663;90.001;19.682629254368564;0.5623608358391018;-0.48095703125;
20:17:43;821.0;1576354664;89.982;19.682629254368564;0.5623608358391018;-0.48095703125;
20:17:44;822.0;1576354665;89.885;19.682629254368564;0.5623608358391018;-0.48095703125;
20:17:45;823.0;1576354666;89.846;19.682629254368564;0.5623608358391018;-0.48095703125;
20:17:46;824.0;1576354667;90.176;19.682629254368564;0.5623608358391018;-0.48095703125;
20:17:47;825.0;1576354668;89.982;19.682629254368564;0.5623608358391018;-0.48095703125;
20:17:48;826.0;1576354669;90.118;19.682629254368564;0.5623608358391018;-0.48095703125;
20:17:49;827.0;1576354670;90.195;19.682629254368564;0.5623608358391018;-0.48095703125;
20:17:50;828.0;1576354671;89.865;19.682629254368564;0.5623608358391018;-0.48095703125;
20:17:51;829.0;1576354672;90.059;19.682629254368564;0.5623608358391018;-0.48095703125;
20:17:52;830.0;1576354673;90.234;19.682629254368564;0.5623608358391018;-0.48095703125;
20:17:53;831.0;1576354674;89.846;19.682629254368564;0.5623608358391018;-0.48095703125;
20:17:54;832.0;1576354675;89.653;19.682629254368564;0.5623608358391018;-0.48095703125;
20:17:55;833.0;1576354676;89.517;19.682629254368564;0.5623608358391018;-0.48095703125;
20:17:56;834.0;1576354677;89.363;19.682629254368564;0.5623608358391018;-0.48095703125;
20:17:57;835.0;1576354678;89.382;19.682629254368564;0.5623608358391018;-0.48095703125;
20:17:58;836.0;1576354679;89.537;19.682629254368564;0.5623608358391018;-0.48095703125;
20:17:59;837.0;1576354680;89.402;19.682629254368564;0.5623608358391018;-0.48095703125;
20:18:00;838.0;1576354681;89.363;19.682629254368564;0.5623608358391018;-0.48095703125;
20:18:01;839.0;1576354682;89.498;19.682629254368564;0.5623608358391018;-0.48095703125;
20:18:02;840.0;1576354683;89.382;19.682629254368564;0.5623608358391018;-0.48095703125;
20:18:03;841.0;1576354684;89.498;19.682629254368564;0.5623608358391018;-0.48095703125;
20:18:04;842.0;1576354685;89.691;19.682629254368564;0.5623608358391018;-0.48095703125;
20:18:05;843.0;1576354686;89.827;19.682629254368564;0.5623608358391018;-0.48095703125;
20:18:06;844.0;1576354687;90.137;19.682629254368564;0.5623608358391018;-0.48095703125;
20:18:07;845.0;1576354688;89.943;19.682629254368564;0.5623608358391018;-0.48095703125;
20:18:08;846.0;1576354689;89.807;19.682629254368564;0.5623608358391018;-0.48095703125;
20:18:09;847.0;1576354690;89.672;19.682629254368564;0.5623608358391018;-0.48095703125;
20:18:10;848.0;1576354691;89.711;19.682629254368564;0.5623608358391018;-0.48095703125;
20:18:11;849.0;1576354692;89.846;19.682629254368564;0.5623608358391018;-0.48095703125;
20:18:12;850.0;1576354693;89.672;19.682629254368564;0.5623608358391018;-0.48095703125;
20:18:13;851.0;1576354694;89.711;19.682629254368564;0.5623608358391018;-0.48095703125;
20:18:14;852.0;1576354695;89.363;19.682629254368564;0.5623608358391018;-0.48095703125;
20:18:15;853.0;1576354696;89.421;19.682629254368564;0.5623608358391018;-0.48095703125;
20:18:16;854.0;1576354697;89.614;19.682629254368564;0.5623608358391018;-0.48095703125;
20:18:17;855.0;1576354699;89.421;19.682629254368564;0.5623608358391018;-0.48095703125;
20:18:18;856.0;1576354700;89.517;19.682629254368564;0.5623608358391018;-0.48095703125;
20:18:19;857.0;1576354701;89.479;19.682629254368564;0.5623608358391018;-0.48095703125;
20:18:20;858.0;1576354702;89.595;19.682629254368564;0.5623608358391018;-0.48095703125;
20:18:21;859.0;1576354703;89.73;19.682629254368564;0.5623608358391018;-0.48095703125;
20:18:22;860.0;1576354704;89.943;19.682629254368564;0.5623608358391018;-0.48095703125;
20:18:23;861.0;1576354705;90.137;19.682629254368564;0.5623608358391018;-0.48095703125;
20:18:24;862.0;1576354706;90.02;19.682629254368564;0.5623608358391018;-0.48095703125;
20:18:25;863.0;1576354707;89.885;19.682629254368564;0.5623608358391018;-0.48095703125;
20:18:26;864.0;1576354708;89.44;19.682629254368564;0.5623608358391018;-0.48095703125;
20:18:27;865.0;1576354709;89.267;19.682629254368564;0.5623608358391018;-0.48095703125;
20:18:28;866.0;1576354710;89.402;19.682629254368564;0.5623608358391018;-0.48095703125;
20:18:29;867.0;1576354711;89.402;19.682629254368564;0.5623608358391018;-0.48095703125;
20:18:30;868.0;1576354712;89.865;19.682629254368564;0.5623608358391018;-0.48095703125;
