Time;Seconds from start for linreg;Unix Time;ch1 po2;Uc;Ubl;Vc;
01:54:01;-2.0;1576374843;94.22;19.682629254368564;0.5623608358391018;-0.48095703125;
01:54:02;-1.0;1576374843;94.036;19.682629254368564;0.5623608358391018;-0.48095703125;
01:54:03;0.0;1576374845;94.342;19.682629254368564;0.5623608358391018;-0.48095703125;
01:54:04;1.0;1576374846;94.138;19.682629254368564;0.5623608358391018;-0.48095703125;
01:54:05;2.0;1576374847;94.363;19.682629254368564;0.5623608358391018;-0.48095703125;
01:54:06;3.0;1576374848;94.22;19.682629254368564;0.5623608358391018;-0.48095703125;
01:54:07;4.0;1576374849;93.873;19.682629254368564;0.5623608358391018;-0.48095703125;
01:54:08;5.0;1576374850;94.22;19.682629254368564;0.5623608358391018;-0.48095703125;
01:54:09;6.0;1576374851;94.24;19.682629254368564;0.5623608358391018;-0.48095703125;
01:54:10;7.0;1576374852;94.24;19.682629254368564;0.5623608358391018;-0.48095703125;
01:54:11;8.0;1576374853;94.22;19.682629254368564;0.5623608358391018;-0.48095703125;
01:54:12;9.0;1576374854;94.036;19.682629254368564;0.5623608358391018;-0.48095703125;
01:54:13;10.0;1576374855;93.975;19.682629254368564;0.5623608358391018;-0.48095703125;
01:54:14;11.0;1576374856;94.118;19.682629254368564;0.5623608358391018;-0.48095703125;
01:54:15;12.0;1576374857;94.22;19.682629254368564;0.5623608358391018;-0.48095703125;
01:54:16;13.0;1576374858;94.26;19.682629254368564;0.5623608358391018;-0.48095703125;
01:54:17;14.0;1576374859;94.077;19.682629254368564;0.5623608358391018;-0.48095703125;
01:54:18;15.0;1576374860;94.199;19.682629254368564;0.5623608358391018;-0.48095703125;
01:54:19;16.0;1576374861;94.138;19.682629254368564;0.5623608358391018;-0.48095703125;
01:54:20;17.0;1576374862;94.097;19.682629254368564;0.5623608358391018;-0.48095703125;
01:54:21;18.0;1576374863;94.097;19.682629254368564;0.5623608358391018;-0.48095703125;
01:54:22;19.0;1576374864;93.569;19.682629254368564;0.5623608358391018;-0.48095703125;
01:54:23;20.0;1576374864;93.691;19.682629254368564;0.5623608358391018;-0.48095703125;
01:54:24;21.0;1576374866;93.894;19.682629254368564;0.5623608358391018;-0.48095703125;
01:54:25;22.0;1576374867;94.016;19.682629254368564;0.5623608358391018;-0.48095703125;
01:54:26;23.0;1576374868;94.588;19.682629254368564;0.5623608358391018;-0.48095703125;
01:54:28;25.0;1576374869;94.444;19.682629254368564;0.5623608358391018;-0.48095703125;
01:54:29;26.0;1576374870;94.077;19.682629254368564;0.5623608358391018;-0.48095703125;
01:54:30;27.0;1576374871;93.934;19.682629254368564;0.5623608358391018;-0.48095703125;
01:54:31;28.0;1576374872;93.914;19.682629254368564;0.5623608358391018;-0.48095703125;
01:54:32;29.0;1576374873;93.934;19.682629254368564;0.5623608358391018;-0.48095703125;
01:54:33;30.0;1576374874;94.118;19.682629254368564;0.5623608358391018;-0.48095703125;
01:54:34;31.0;1576374875;94.506;19.682629254368564;0.5623608358391018;-0.48095703125;
01:54:35;32.0;1576374876;94.383;19.682629254368564;0.5623608358391018;-0.48095703125;
01:54:36;33.0;1576374877;94.506;19.682629254368564;0.5623608358391018;-0.48095703125;
01:54:37;34.0;1576374878;94.813;19.682629254368564;0.5623608358391018;-0.48095703125;
01:54:38;35.0;1576374879;94.526;19.682629254368564;0.5623608358391018;-0.48095703125;
01:54:39;36.0;1576374880;94.526;19.682629254368564;0.5623608358391018;-0.48095703125;
01:54:40;37.0;1576374881;94.588;19.682629254368564;0.5623608358391018;-0.48095703125;
01:54:41;38.0;1576374882;94.526;19.682629254368564;0.5623608358391018;-0.48095703125;
01:54:42;39.0;1576374883;94.711;19.682629254368564;0.5623608358391018;-0.48095703125;
01:54:43;40.0;1576374884;94.506;19.682629254368564;0.5623608358391018;-0.48095703125;
01:54:44;41.0;1576374885;94.547;19.682629254368564;0.5623608358391018;-0.48095703125;
01:54:45;42.0;1576374886;94.24;19.682629254368564;0.5623608358391018;-0.48095703125;
01:54:46;43.0;1576374887;94.179;19.682629254368564;0.5623608358391018;-0.48095703125;
01:54:47;44.0;1576374888;94.179;19.682629254368564;0.5623608358391018;-0.48095703125;
01:54:48;45.0;1576374889;93.914;19.682629254368564;0.5623608358391018;-0.48095703125;
01:54:49;46.0;1576374890;93.996;19.682629254368564;0.5623608358391018;-0.48095703125;
01:54:50;47.0;1576374891;93.996;19.682629254368564;0.5623608358391018;-0.48095703125;
01:54:51;48.0;1576374892;94.097;19.682629254368564;0.5623608358391018;-0.48095703125;
01:54:52;49.0;1576374893;94.077;19.682629254368564;0.5623608358391018;-0.48095703125;
01:54:53;50.0;1576374894;94.158;19.682629254368564;0.5623608358391018;-0.48095703125;
01:54:54;51.0;1576374895;94.22;19.682629254368564;0.5623608358391018;-0.48095703125;
01:54:55;52.0;1576374896;94.118;19.682629254368564;0.5623608358391018;-0.48095703125;
01:54:56;53.0;1576374897;94.506;19.682629254368564;0.5623608358391018;-0.48095703125;
01:54:57;54.0;1576374898;94.26;19.682629254368564;0.5623608358391018;-0.48095703125;
01:54:58;55.0;1576374899;94.118;19.682629254368564;0.5623608358391018;-0.48095703125;
01:54:59;56.0;1576374900;93.975;19.682629254368564;0.5623608358391018;-0.48095703125;
01:55:00;57.0;1576374901;93.813;19.682629254368564;0.5623608358391018;-0.48095703125;
01:55:01;58.0;1576374902;94.118;19.682629254368564;0.5623608358391018;-0.48095703125;
01:55:02;59.0;1576374903;94.016;19.682629254368564;0.5623608358391018;-0.48095703125;
01:55:03;60.0;1576374904;94.363;19.682629254368564;0.5623608358391018;-0.48095703125;
01:55:04;61.0;1576374905;94.485;19.682629254368564;0.5623608358391018;-0.48095703125;
01:55:05;62.0;1576374906;94.179;19.682629254368564;0.5623608358391018;-0.48095703125;
01:55:06;63.0;1576374908;94.363;19.682629254368564;0.5623608358391018;-0.48095703125;
01:55:07;64.0;1576374909;94.138;19.682629254368564;0.5623608358391018;-0.48095703125;
01:55:08;65.0;1576374910;93.833;19.682629254368564;0.5623608358391018;-0.48095703125;
01:55:09;66.0;1576374911;93.996;19.682629254368564;0.5623608358391018;-0.48095703125;
01:55:10;67.0;1576374912;93.873;19.682629254368564;0.5623608358391018;-0.48095703125;
01:55:11;68.0;1576374913;94.057;19.682629254368564;0.5623608358391018;-0.48095703125;
01:55:12;69.0;1576374914;94.26;19.682629254368564;0.5623608358391018;-0.48095703125;
01:55:13;70.0;1576374915;94.281;19.682629254368564;0.5623608358391018;-0.48095703125;
01:55:14;71.0;1576374916;94.24;19.682629254368564;0.5623608358391018;-0.48095703125;
01:55:15;72.0;1576374917;94.281;19.682629254368564;0.5623608358391018;-0.48095703125;
01:55:16;73.0;1576374918;94.22;19.682629254368564;0.5623608358391018;-0.48095703125;
01:55:17;74.0;1576374919;94.281;19.682629254368564;0.5623608358391018;-0.48095703125;
01:55:18;75.0;1576374920;94.26;19.682629254368564;0.5623608358391018;-0.48095703125;
01:55:19;76.0;1576374921;93.996;19.682629254368564;0.5623608358391018;-0.48095703125;
01:55:20;77.0;1576374922;94.138;19.682629254368564;0.5623608358391018;-0.48095703125;
01:55:21;78.0;1576374922;93.996;19.682629254368564;0.5623608358391018;-0.48095703125;
01:55:22;79.0;1576374923;94.016;19.682629254368564;0.5623608358391018;-0.48095703125;
01:55:23;80.0;1576374924;94.016;19.682629254368564;0.5623608358391018;-0.48095703125;
01:55:24;81.0;1576374925;93.711;19.682629254368564;0.5623608358391018;-0.48095703125;
01:55:25;82.0;1576374926;93.996;19.682629254368564;0.5623608358391018;-0.48095703125;
01:55:26;83.0;1576374928;93.955;19.682629254368564;0.5623608358391018;-0.48095703125;
01:55:27;84.0;1576374929;94.036;19.682629254368564;0.5623608358391018;-0.48095703125;
01:55:28;85.0;1576374930;93.873;19.682629254368564;0.5623608358391018;-0.48095703125;
01:55:29;86.0;1576374931;93.813;19.682629254368564;0.5623608358391018;-0.48095703125;
01:55:30;87.0;1576374932;93.833;19.682629254368564;0.5623608358391018;-0.48095703125;
01:55:32;89.0;1576374933;93.792;19.682629254368564;0.5623608358391018;-0.48095703125;
01:55:33;90.0;1576374934;94.158;19.682629254368564;0.5623608358391018;-0.48095703125;
01:55:34;91.0;1576374935;94.322;19.682629254368564;0.5623608358391018;-0.48095703125;
01:55:35;92.0;1576374936;94.485;19.682629254368564;0.5623608358391018;-0.48095703125;
01:55:36;93.0;1576374937;94.526;19.682629254368564;0.5623608358391018;-0.48095703125;
01:55:37;94.0;1576374938;94.731;19.682629254368564;0.5623608358391018;-0.48095703125;
01:55:38;95.0;1576374939;94.342;19.682629254368564;0.5623608358391018;-0.48095703125;
01:55:39;96.0;1576374940;94.26;19.682629254368564;0.5623608358391018;-0.48095703125;
01:55:40;97.0;1576374941;94.383;19.682629254368564;0.5623608358391018;-0.48095703125;
01:55:41;98.0;1576374942;94.016;19.682629254368564;0.5623608358391018;-0.48095703125;
01:55:42;99.0;1576374943;93.894;19.682629254368564;0.5623608358391018;-0.48095703125;
01:55:43;100.0;1576374944;93.873;19.682629254368564;0.5623608358391018;-0.48095703125;
01:55:44;101.0;1576374945;93.731;19.682629254368564;0.5623608358391018;-0.48095703125;
01:55:45;102.0;1576374946;93.731;19.682629254368564;0.5623608358391018;-0.48095703125;
01:55:46;103.0;1576374947;94.118;19.682629254368564;0.5623608358391018;-0.48095703125;
01:55:47;104.0;1576374948;93.955;19.682629254368564;0.5623608358391018;-0.48095703125;
01:55:48;105.0;1576374949;93.752;19.682629254368564;0.5623608358391018;-0.48095703125;
01:55:49;106.0;1576374950;93.934;19.682629254368564;0.5623608358391018;-0.48095703125;
01:55:50;107.0;1576374951;93.691;19.682629254368564;0.5623608358391018;-0.48095703125;
01:55:51;108.0;1576374952;93.731;19.682629254368564;0.5623608358391018;-0.48095703125;
01:55:52;109.0;1576374953;93.914;19.682629254368564;0.5623608358391018;-0.48095703125;
01:55:53;110.0;1576374954;93.873;19.682629254368564;0.5623608358391018;-0.48095703125;
01:55:54;111.0;1576374955;93.711;19.682629254368564;0.5623608358391018;-0.48095703125;
01:55:55;112.0;1576374956;93.63;19.682629254368564;0.5623608358391018;-0.48095703125;
01:55:56;113.0;1576374957;93.833;19.682629254368564;0.5623608358391018;-0.48095703125;
01:55:57;114.0;1576374958;93.731;19.682629254368564;0.5623608358391018;-0.48095703125;
01:55:58;115.0;1576374959;94.097;19.682629254368564;0.5623608358391018;-0.48095703125;
01:55:59;116.0;1576374960;94.26;19.682629254368564;0.5623608358391018;-0.48095703125;
01:56:00;117.0;1576374961;94.26;19.682629254368564;0.5623608358391018;-0.48095703125;
01:56:01;118.0;1576374962;94.138;19.682629254368564;0.5623608358391018;-0.48095703125;
01:56:02;119.0;1576374963;93.813;19.682629254368564;0.5623608358391018;-0.48095703125;
01:56:03;120.0;1576374964;93.996;19.682629254368564;0.5623608358391018;-0.48095703125;
01:56:04;121.0;1576374965;93.955;19.682629254368564;0.5623608358391018;-0.48095703125;
01:56:05;122.0;1576374966;93.996;19.682629254368564;0.5623608358391018;-0.48095703125;
01:56:06;123.0;1576374967;94.301;19.682629254368564;0.5623608358391018;-0.48095703125;
01:56:07;124.0;1576374968;94.077;19.682629254368564;0.5623608358391018;-0.48095703125;
01:56:08;125.0;1576374969;93.772;19.682629254368564;0.5623608358391018;-0.48095703125;
01:56:09;126.0;1576374970;93.772;19.682629254368564;0.5623608358391018;-0.48095703125;
01:56:10;127.0;1576374971;93.772;19.682629254368564;0.5623608358391018;-0.48095703125;
01:56:11;128.0;1576374973;93.813;19.682629254368564;0.5623608358391018;-0.48095703125;
01:56:12;129.0;1576374974;93.996;19.682629254368564;0.5623608358391018;-0.48095703125;
01:56:13;130.0;1576374975;94.22;19.682629254368564;0.5623608358391018;-0.48095703125;
01:56:14;131.0;1576374976;94.179;19.682629254368564;0.5623608358391018;-0.48095703125;
01:56:15;132.0;1576374977;94.322;19.682629254368564;0.5623608358391018;-0.48095703125;
01:56:16;133.0;1576374978;94.281;19.682629254368564;0.5623608358391018;-0.48095703125;
01:56:17;134.0;1576374979;94.077;19.682629254368564;0.5623608358391018;-0.48095703125;
01:56:18;135.0;1576374980;94.138;19.682629254368564;0.5623608358391018;-0.48095703125;
01:56:19;136.0;1576374981;94.158;19.682629254368564;0.5623608358391018;-0.48095703125;
01:56:20;137.0;1576374982;94.526;19.682629254368564;0.5623608358391018;-0.48095703125;
01:56:21;138.0;1576374983;94.567;19.682629254368564;0.5623608358391018;-0.48095703125;
01:56:22;139.0;1576374984;94.506;19.682629254368564;0.5623608358391018;-0.48095703125;
01:56:23;140.0;1576374985;94.301;19.682629254368564;0.5623608358391018;-0.48095703125;
01:56:24;141.0;1576374986;93.955;19.682629254368564;0.5623608358391018;-0.48095703125;
01:56:25;142.0;1576374987;93.955;19.682629254368564;0.5623608358391018;-0.48095703125;
01:56:26;143.0;1576374988;93.996;19.682629254368564;0.5623608358391018;-0.48095703125;
01:56:27;144.0;1576374989;94.057;19.682629254368564;0.5623608358391018;-0.48095703125;
01:56:28;145.0;1576374990;94.199;19.682629254368564;0.5623608358391018;-0.48095703125;
01:56:29;146.0;1576374991;93.975;19.682629254368564;0.5623608358391018;-0.48095703125;
01:56:30;147.0;1576374992;93.711;19.682629254368564;0.5623608358391018;-0.48095703125;
01:56:31;148.0;1576374993;93.711;19.682629254368564;0.5623608358391018;-0.48095703125;
01:56:32;149.0;1576374994;93.407;19.682629254368564;0.5623608358391018;-0.48095703125;
01:56:33;150.0;1576374995;93.63;19.682629254368564;0.5623608358391018;-0.48095703125;
01:56:34;151.0;1576374996;93.752;19.682629254368564;0.5623608358391018;-0.48095703125;
01:56:36;153.0;1576374997;93.671;19.682629254368564;0.5623608358391018;-0.48095703125;
01:56:37;154.0;1576374998;93.955;19.682629254368564;0.5623608358391018;-0.48095703125;
01:56:38;155.0;1576374999;94.097;19.682629254368564;0.5623608358391018;-0.48095703125;
01:56:39;156.0;1576375000;94.26;19.682629254368564;0.5623608358391018;-0.48095703125;
01:56:40;157.0;1576375001;94.118;19.682629254368564;0.5623608358391018;-0.48095703125;
01:56:41;158.0;1576375002;94.138;19.682629254368564;0.5623608358391018;-0.48095703125;
01:56:42;159.0;1576375003;93.894;19.682629254368564;0.5623608358391018;-0.48095703125;
01:56:43;160.0;1576375004;93.731;19.682629254368564;0.5623608358391018;-0.48095703125;
01:56:44;161.0;1576375005;93.975;19.682629254368564;0.5623608358391018;-0.48095703125;
01:56:45;162.0;1576375006;93.63;19.682629254368564;0.5623608358391018;-0.48095703125;
01:56:46;163.0;1576375007;93.711;19.682629254368564;0.5623608358391018;-0.48095703125;
01:56:47;164.0;1576375008;93.488;19.682629254368564;0.5623608358391018;-0.48095703125;
01:56:48;165.0;1576375009;93.448;19.682629254368564;0.5623608358391018;-0.48095703125;
01:56:49;166.0;1576375010;93.813;19.682629254368564;0.5623608358391018;-0.48095703125;
01:56:50;167.0;1576375011;93.752;19.682629254368564;0.5623608358391018;-0.48095703125;
01:56:51;168.0;1576375012;94.077;19.682629254368564;0.5623608358391018;-0.48095703125;
01:56:52;169.0;1576375013;93.873;19.682629254368564;0.5623608358391018;-0.48095703125;
01:56:53;170.0;1576375014;93.731;19.682629254368564;0.5623608358391018;-0.48095703125;
01:56:54;171.0;1576375015;93.934;19.682629254368564;0.5623608358391018;-0.48095703125;
01:56:55;172.0;1576375016;93.813;19.682629254368564;0.5623608358391018;-0.48095703125;
01:56:56;173.0;1576375017;93.873;19.682629254368564;0.5623608358391018;-0.48095703125;
01:56:57;174.0;1576375018;93.873;19.682629254368564;0.5623608358391018;-0.48095703125;
01:56:58;175.0;1576375019;93.529;19.682629254368564;0.5623608358391018;-0.48095703125;
01:56:59;176.0;1576375020;93.185;19.682629254368564;0.5623608358391018;-0.48095703125;
01:57:00;177.0;1576375021;93.286;19.682629254368564;0.5623608358391018;-0.48095703125;
01:57:01;178.0;1576375022;93.589;19.682629254368564;0.5623608358391018;-0.48095703125;
01:57:02;179.0;1576375023;93.569;19.682629254368564;0.5623608358391018;-0.48095703125;
01:57:03;180.0;1576375024;93.873;19.682629254368564;0.5623608358391018;-0.48095703125;
01:57:04;181.0;1576375025;94.077;19.682629254368564;0.5623608358391018;-0.48095703125;
01:57:05;182.0;1576375026;93.589;19.682629254368564;0.5623608358391018;-0.48095703125;
01:57:06;183.0;1576375027;93.407;19.682629254368564;0.5623608358391018;-0.48095703125;
01:57:07;184.0;1576375028;93.468;19.682629254368564;0.5623608358391018;-0.48095703125;
01:57:08;185.0;1576375029;93.165;19.682629254368564;0.5623608358391018;-0.48095703125;
01:57:09;186.0;1576375030;93.508;19.682629254368564;0.5623608358391018;-0.48095703125;
01:57:10;187.0;1576375031;93.914;19.682629254368564;0.5623608358391018;-0.48095703125;
01:57:11;188.0;1576375032;94.036;19.682629254368564;0.5623608358391018;-0.48095703125;
01:57:12;189.0;1576375033;94.22;19.682629254368564;0.5623608358391018;-0.48095703125;
01:57:13;190.0;1576375034;94.016;19.682629254368564;0.5623608358391018;-0.48095703125;
01:57:14;191.0;1576375035;93.772;19.682629254368564;0.5623608358391018;-0.48095703125;
01:57:15;192.0;1576375036;93.792;19.682629254368564;0.5623608358391018;-0.48095703125;
01:57:16;193.0;1576375037;93.934;19.682629254368564;0.5623608358391018;-0.48095703125;
01:57:17;194.0;1576375038;94.118;19.682629254368564;0.5623608358391018;-0.48095703125;
01:57:18;195.0;1576375039;94.567;19.682629254368564;0.5623608358391018;-0.48095703125;
01:57:19;196.0;1576375040;94.281;19.682629254368564;0.5623608358391018;-0.48095703125;
01:57:20;197.0;1576375042;93.873;19.682629254368564;0.5623608358391018;-0.48095703125;
01:57:21;198.0;1576375043;93.671;19.682629254368564;0.5623608358391018;-0.48095703125;
01:57:22;199.0;1576375044;93.105;19.682629254368564;0.5623608358391018;-0.48095703125;
01:57:23;200.0;1576375045;93.185;19.682629254368564;0.5623608358391018;-0.48095703125;
01:57:24;201.0;1576375046;93.61;19.682629254368564;0.5623608358391018;-0.48095703125;
01:57:25;202.0;1576375047;93.833;19.682629254368564;0.5623608358391018;-0.48095703125;
01:57:26;203.0;1576375048;94.158;19.682629254368564;0.5623608358391018;-0.48095703125;
01:57:27;204.0;1576375049;94.363;19.682629254368564;0.5623608358391018;-0.48095703125;
01:57:28;205.0;1576375050;93.934;19.682629254368564;0.5623608358391018;-0.48095703125;
01:57:29;206.0;1576375051;93.61;19.682629254368564;0.5623608358391018;-0.48095703125;
01:57:30;207.0;1576375052;93.468;19.682629254368564;0.5623608358391018;-0.48095703125;
01:57:31;208.0;1576375053;93.448;19.682629254368564;0.5623608358391018;-0.48095703125;
01:57:32;209.0;1576375054;93.63;19.682629254368564;0.5623608358391018;-0.48095703125;
01:57:33;210.0;1576375055;94.118;19.682629254368564;0.5623608358391018;-0.48095703125;
01:57:34;211.0;1576375056;93.853;19.682629254368564;0.5623608358391018;-0.48095703125;
01:57:35;212.0;1576375057;93.549;19.682629254368564;0.5623608358391018;-0.48095703125;
01:57:36;213.0;1576375058;93.448;19.682629254368564;0.5623608358391018;-0.48095703125;
01:57:37;214.0;1576375059;93.246;19.682629254368564;0.5623608358391018;-0.48095703125;
01:57:38;215.0;1576375060;93.691;19.682629254368564;0.5623608358391018;-0.48095703125;
01:57:40;217.0;1576375061;93.833;19.682629254368564;0.5623608358391018;-0.48095703125;
01:57:41;218.0;1576375062;93.792;19.682629254368564;0.5623608358391018;-0.48095703125;
01:57:42;219.0;1576375063;93.306;19.682629254368564;0.5623608358391018;-0.48095703125;
01:57:43;220.0;1576375064;93.327;19.682629254368564;0.5623608358391018;-0.48095703125;
01:57:44;221.0;1576375065;93.205;19.682629254368564;0.5623608358391018;-0.48095703125;
01:57:45;222.0;1576375066;93.306;19.682629254368564;0.5623608358391018;-0.48095703125;
01:57:46;223.0;1576375067;93.246;19.682629254368564;0.5623608358391018;-0.48095703125;
01:57:47;224.0;1576375068;93.165;19.682629254368564;0.5623608358391018;-0.48095703125;
01:57:48;225.0;1576375069;93.529;19.682629254368564;0.5623608358391018;-0.48095703125;
01:57:49;226.0;1576375070;93.772;19.682629254368564;0.5623608358391018;-0.48095703125;
01:57:50;227.0;1576375071;93.975;19.682629254368564;0.5623608358391018;-0.48095703125;
01:57:51;228.0;1576375072;94.077;19.682629254368564;0.5623608358391018;-0.48095703125;
01:57:52;229.0;1576375073;93.691;19.682629254368564;0.5623608358391018;-0.48095703125;
01:57:53;230.0;1576375074;93.327;19.682629254368564;0.5623608358391018;-0.48095703125;
01:57:54;231.0;1576375075;93.508;19.682629254368564;0.5623608358391018;-0.48095703125;
01:57:55;232.0;1576375076;93.286;19.682629254368564;0.5623608358391018;-0.48095703125;
01:57:56;233.0;1576375077;93.407;19.682629254368564;0.5623608358391018;-0.48095703125;
01:57:57;234.0;1576375078;93.387;19.682629254368564;0.5623608358391018;-0.48095703125;
01:57:58;235.0;1576375079;93.407;19.682629254368564;0.5623608358391018;-0.48095703125;
01:57:59;236.0;1576375080;93.347;19.682629254368564;0.5623608358391018;-0.48095703125;
01:58:00;237.0;1576375081;93.347;19.682629254368564;0.5623608358391018;-0.48095703125;
01:58:01;238.0;1576375082;93.407;19.682629254368564;0.5623608358391018;-0.48095703125;
01:58:02;239.0;1576375083;93.387;19.682629254368564;0.5623608358391018;-0.48095703125;
01:58:03;240.0;1576375084;93.65;19.682629254368564;0.5623608358391018;-0.48095703125;
01:58:04;241.0;1576375085;93.529;19.682629254368564;0.5623608358391018;-0.48095703125;
01:58:05;242.0;1576375086;93.711;19.682629254368564;0.5623608358391018;-0.48095703125;
01:58:06;243.0;1576375087;93.407;19.682629254368564;0.5623608358391018;-0.48095703125;
01:58:07;244.0;1576375088;93.125;19.682629254368564;0.5623608358391018;-0.48095703125;
01:58:08;245.0;1576375089;93.468;19.682629254368564;0.5623608358391018;-0.48095703125;
01:58:09;246.0;1576375090;93.085;19.682629254368564;0.5623608358391018;-0.48095703125;
01:58:10;247.0;1576375091;93.367;19.682629254368564;0.5623608358391018;-0.48095703125;
01:58:11;248.0;1576375092;93.813;19.682629254368564;0.5623608358391018;-0.48095703125;
01:58:12;249.0;1576375093;93.468;19.682629254368564;0.5623608358391018;-0.48095703125;
01:58:13;250.0;1576375094;93.772;19.682629254368564;0.5623608358391018;-0.48095703125;
01:58:14;251.0;1576375095;93.792;19.682629254368564;0.5623608358391018;-0.48095703125;
01:58:15;252.0;1576375096;93.63;19.682629254368564;0.5623608358391018;-0.48095703125;
01:58:16;253.0;1576375097;93.63;19.682629254368564;0.5623608358391018;-0.48095703125;
01:58:17;254.0;1576375098;93.833;19.682629254368564;0.5623608358391018;-0.48095703125;
01:58:18;255.0;1576375099;93.853;19.682629254368564;0.5623608358391018;-0.48095703125;
01:58:19;256.0;1576375100;93.833;19.682629254368564;0.5623608358391018;-0.48095703125;
01:58:20;257.0;1576375101;93.914;19.682629254368564;0.5623608358391018;-0.48095703125;
01:58:21;258.0;1576375102;93.387;19.682629254368564;0.5623608358391018;-0.48095703125;
01:58:22;259.0;1576375103;93.347;19.682629254368564;0.5623608358391018;-0.48095703125;
01:58:23;260.0;1576375105;93.105;19.682629254368564;0.5623608358391018;-0.48095703125;
01:58:24;261.0;1576375106;93.367;19.682629254368564;0.5623608358391018;-0.48095703125;
01:58:25;262.0;1576375107;93.914;19.682629254368564;0.5623608358391018;-0.48095703125;
01:58:26;263.0;1576375108;93.752;19.682629254368564;0.5623608358391018;-0.48095703125;
01:58:27;264.0;1576375109;93.894;19.682629254368564;0.5623608358391018;-0.48095703125;
01:58:28;265.0;1576375110;93.529;19.682629254368564;0.5623608358391018;-0.48095703125;
01:58:29;266.0;1576375111;93.226;19.682629254368564;0.5623608358391018;-0.48095703125;
01:58:30;267.0;1576375112;93.165;19.682629254368564;0.5623608358391018;-0.48095703125;
01:58:31;268.0;1576375113;93.064;19.682629254368564;0.5623608358391018;-0.48095703125;
01:58:32;269.0;1576375114;93.266;19.682629254368564;0.5623608358391018;-0.48095703125;
01:58:33;270.0;1576375115;93.185;19.682629254368564;0.5623608358391018;-0.48095703125;
01:58:34;271.0;1576375116;93.226;19.682629254368564;0.5623608358391018;-0.48095703125;
01:58:35;272.0;1576375117;93.468;19.682629254368564;0.5623608358391018;-0.48095703125;
01:58:36;273.0;1576375118;93.286;19.682629254368564;0.5623608358391018;-0.48095703125;
01:58:37;274.0;1576375119;93.185;19.682629254368564;0.5623608358391018;-0.48095703125;
01:58:38;275.0;1576375120;93.387;19.682629254368564;0.5623608358391018;-0.48095703125;
01:58:39;276.0;1576375121;93.165;19.682629254368564;0.5623608358391018;-0.48095703125;
01:58:40;277.0;1576375122;92.964;19.682629254368564;0.5623608358391018;-0.48095703125;
01:58:41;278.0;1576375123;93.266;19.682629254368564;0.5623608358391018;-0.48095703125;
01:58:42;279.0;1576375124;93.105;19.682629254368564;0.5623608358391018;-0.48095703125;
01:58:44;281.0;1576375125;93.125;19.682629254368564;0.5623608358391018;-0.48095703125;
01:58:45;282.0;1576375126;93.327;19.682629254368564;0.5623608358391018;-0.48095703125;
01:58:46;283.0;1576375127;93.286;19.682629254368564;0.5623608358391018;-0.48095703125;
01:58:47;284.0;1576375128;93.488;19.682629254368564;0.5623608358391018;-0.48095703125;
01:58:48;285.0;1576375129;93.306;19.682629254368564;0.5623608358391018;-0.48095703125;
01:58:49;286.0;1576375130;93.064;19.682629254368564;0.5623608358391018;-0.48095703125;
01:58:50;287.0;1576375131;93.105;19.682629254368564;0.5623608358391018;-0.48095703125;
01:58:51;288.0;1576375132;92.944;19.682629254368564;0.5623608358391018;-0.48095703125;
01:58:52;289.0;1576375133;93.286;19.682629254368564;0.5623608358391018;-0.48095703125;
01:58:53;290.0;1576375134;93.448;19.682629254368564;0.5623608358391018;-0.48095703125;
01:58:54;291.0;1576375135;93.306;19.682629254368564;0.5623608358391018;-0.48095703125;
01:58:55;292.0;1576375136;93.246;19.682629254368564;0.5623608358391018;-0.48095703125;
01:58:56;293.0;1576375137;93.064;19.682629254368564;0.5623608358391018;-0.48095703125;
01:58:57;294.0;1576375138;93.306;19.682629254368564;0.5623608358391018;-0.48095703125;
01:58:58;295.0;1576375139;93.266;19.682629254368564;0.5623608358391018;-0.48095703125;
01:58:59;296.0;1576375140;93.488;19.682629254368564;0.5623608358391018;-0.48095703125;
01:59:00;297.0;1576375141;93.306;19.682629254368564;0.5623608358391018;-0.48095703125;
01:59:01;298.0;1576375142;93.125;19.682629254368564;0.5623608358391018;-0.48095703125;
01:59:02;299.0;1576375143;93.327;19.682629254368564;0.5623608358391018;-0.48095703125;
01:59:03;300.0;1576375144;92.944;19.682629254368564;0.5623608358391018;-0.48095703125;
01:59:04;301.0;1576375145;93.125;19.682629254368564;0.5623608358391018;-0.48095703125;
01:59:05;302.0;1576375146;93.266;19.682629254368564;0.5623608358391018;-0.48095703125;
01:59:06;303.0;1576375147;92.783;19.682629254368564;0.5623608358391018;-0.48095703125;
01:59:07;304.0;1576375148;92.783;19.682629254368564;0.5623608358391018;-0.48095703125;
01:59:08;305.0;1576375149;93.064;19.682629254368564;0.5623608358391018;-0.48095703125;
01:59:09;306.0;1576375150;93.145;19.682629254368564;0.5623608358391018;-0.48095703125;
01:59:10;307.0;1576375151;93.266;19.682629254368564;0.5623608358391018;-0.48095703125;
01:59:11;308.0;1576375152;93.306;19.682629254368564;0.5623608358391018;-0.48095703125;
01:59:12;309.0;1576375153;92.984;19.682629254368564;0.5623608358391018;-0.48095703125;
01:59:13;310.0;1576375154;92.563;19.682629254368564;0.5623608358391018;-0.48095703125;
01:59:14;311.0;1576375155;92.783;19.682629254368564;0.5623608358391018;-0.48095703125;
01:59:15;312.0;1576375156;93.105;19.682629254368564;0.5623608358391018;-0.48095703125;
01:59:16;313.0;1576375157;93.004;19.682629254368564;0.5623608358391018;-0.48095703125;
01:59:17;314.0;1576375158;93.367;19.682629254368564;0.5623608358391018;-0.48095703125;
01:59:18;315.0;1576375159;93.125;19.682629254368564;0.5623608358391018;-0.48095703125;
01:59:19;316.0;1576375160;92.944;19.682629254368564;0.5623608358391018;-0.48095703125;
01:59:20;317.0;1576375161;93.185;19.682629254368564;0.5623608358391018;-0.48095703125;
01:59:21;318.0;1576375162;93.165;19.682629254368564;0.5623608358391018;-0.48095703125;
01:59:22;319.0;1576375163;93.508;19.682629254368564;0.5623608358391018;-0.48095703125;
01:59:23;320.0;1576375164;93.813;19.682629254368564;0.5623608358391018;-0.48095703125;
01:59:24;321.0;1576375165;93.711;19.682629254368564;0.5623608358391018;-0.48095703125;
01:59:25;322.0;1576375166;93.752;19.682629254368564;0.5623608358391018;-0.48095703125;
01:59:26;323.0;1576375167;93.63;19.682629254368564;0.5623608358391018;-0.48095703125;
01:59:27;324.0;1576375168;93.306;19.682629254368564;0.5623608358391018;-0.48095703125;
01:59:28;325.0;1576375169;93.266;19.682629254368564;0.5623608358391018;-0.48095703125;
01:59:29;326.0;1576375170;93.286;19.682629254368564;0.5623608358391018;-0.48095703125;
01:59:30;327.0;1576375171;93.105;19.682629254368564;0.5623608358391018;-0.48095703125;
01:59:31;328.0;1576375173;92.964;19.682629254368564;0.5623608358391018;-0.48095703125;
01:59:32;329.0;1576375174;92.823;19.682629254368564;0.5623608358391018;-0.48095703125;
01:59:33;330.0;1576375175;92.583;19.682629254368564;0.5623608358391018;-0.48095703125;
01:59:34;331.0;1576375176;92.423;19.682629254368564;0.5623608358391018;-0.48095703125;
01:59:35;332.0;1576375177;92.643;19.682629254368564;0.5623608358391018;-0.48095703125;
01:59:36;333.0;1576375178;92.823;19.682629254368564;0.5623608358391018;-0.48095703125;
01:59:37;334.0;1576375179;92.663;19.682629254368564;0.5623608358391018;-0.48095703125;
01:59:38;335.0;1576375180;92.803;19.682629254368564;0.5623608358391018;-0.48095703125;
01:59:39;336.0;1576375181;92.883;19.682629254368564;0.5623608358391018;-0.48095703125;
01:59:40;337.0;1576375182;92.683;19.682629254368564;0.5623608358391018;-0.48095703125;
01:59:41;338.0;1576375183;92.683;19.682629254368564;0.5623608358391018;-0.48095703125;
01:59:42;339.0;1576375184;92.663;19.682629254368564;0.5623608358391018;-0.48095703125;
01:59:43;340.0;1576375185;92.243;19.682629254368564;0.5623608358391018;-0.48095703125;
01:59:44;341.0;1576375186;92.303;19.682629254368564;0.5623608358391018;-0.48095703125;
01:59:45;342.0;1576375187;92.483;19.682629254368564;0.5623608358391018;-0.48095703125;
01:59:46;343.0;1576375187;92.683;19.682629254368564;0.5623608358391018;-0.48095703125;
01:59:48;345.0;1576375189;92.883;19.682629254368564;0.5623608358391018;-0.48095703125;
01:59:49;346.0;1576375190;93.064;19.682629254368564;0.5623608358391018;-0.48095703125;
01:59:50;347.0;1576375191;93.387;19.682629254368564;0.5623608358391018;-0.48095703125;
01:59:51;348.0;1576375192;93.226;19.682629254368564;0.5623608358391018;-0.48095703125;
01:59:52;349.0;1576375193;93.488;19.682629254368564;0.5623608358391018;-0.48095703125;
01:59:53;350.0;1576375194;93.589;19.682629254368564;0.5623608358391018;-0.48095703125;
01:59:54;351.0;1576375195;93.428;19.682629254368564;0.5623608358391018;-0.48095703125;
01:59:55;352.0;1576375196;93.589;19.682629254368564;0.5623608358391018;-0.48095703125;
01:59:56;353.0;1576375197;93.145;19.682629254368564;0.5623608358391018;-0.48095703125;
01:59:57;354.0;1576375198;92.984;19.682629254368564;0.5623608358391018;-0.48095703125;
01:59:58;355.0;1576375199;92.823;19.682629254368564;0.5623608358391018;-0.48095703125;
01:59:59;356.0;1576375200;93.004;19.682629254368564;0.5623608358391018;-0.48095703125;
02:00:00;357.0;1576375201;93.266;19.682629254368564;0.5623608358391018;-0.48095703125;
02:00:01;358.0;1576375202;93.205;19.682629254368564;0.5623608358391018;-0.48095703125;
02:00:02;359.0;1576375203;93.226;19.682629254368564;0.5623608358391018;-0.48095703125;
02:00:03;360.0;1576375204;92.883;19.682629254368564;0.5623608358391018;-0.48095703125;
02:00:04;361.0;1576375205;92.904;19.682629254368564;0.5623608358391018;-0.48095703125;
02:00:05;362.0;1576375206;92.843;19.682629254368564;0.5623608358391018;-0.48095703125;
02:00:06;363.0;1576375207;92.663;19.682629254368564;0.5623608358391018;-0.48095703125;
02:00:07;364.0;1576375208;92.783;19.682629254368564;0.5623608358391018;-0.48095703125;
02:00:08;365.0;1576375209;92.603;19.682629254368564;0.5623608358391018;-0.48095703125;
02:00:09;366.0;1576375210;92.583;19.682629254368564;0.5623608358391018;-0.48095703125;
02:00:10;367.0;1576375211;92.583;19.682629254368564;0.5623608358391018;-0.48095703125;
02:00:11;368.0;1576375212;92.603;19.682629254368564;0.5623608358391018;-0.48095703125;
02:00:12;369.0;1576375213;92.763;19.682629254368564;0.5623608358391018;-0.48095703125;
02:00:13;370.0;1576375214;92.623;19.682629254368564;0.5623608358391018;-0.48095703125;
02:00:14;371.0;1576375215;92.623;19.682629254368564;0.5623608358391018;-0.48095703125;
02:00:15;372.0;1576375216;92.523;19.682629254368564;0.5623608358391018;-0.48095703125;
02:00:16;373.0;1576375217;92.343;19.682629254368564;0.5623608358391018;-0.48095703125;
02:00:17;374.0;1576375218;92.803;19.682629254368564;0.5623608358391018;-0.48095703125;
02:00:18;375.0;1576375219;92.823;19.682629254368564;0.5623608358391018;-0.48095703125;
02:00:19;376.0;1576375220;92.623;19.682629254368564;0.5623608358391018;-0.48095703125;
02:00:20;377.0;1576375221;92.783;19.682629254368564;0.5623608358391018;-0.48095703125;
02:00:21;378.0;1576375222;92.403;19.682629254368564;0.5623608358391018;-0.48095703125;
02:00:22;379.0;1576375223;92.543;19.682629254368564;0.5623608358391018;-0.48095703125;
02:00:23;380.0;1576375224;92.663;19.682629254368564;0.5623608358391018;-0.48095703125;
02:00:24;381.0;1576375225;92.663;19.682629254368564;0.5623608358391018;-0.48095703125;
02:00:25;382.0;1576375226;92.703;19.682629254368564;0.5623608358391018;-0.48095703125;
02:00:26;383.0;1576375227;92.723;19.682629254368564;0.5623608358391018;-0.48095703125;
02:00:27;384.0;1576375228;92.924;19.682629254368564;0.5623608358391018;-0.48095703125;
02:00:28;385.0;1576375229;92.904;19.682629254368564;0.5623608358391018;-0.48095703125;
02:00:29;386.0;1576375230;93.024;19.682629254368564;0.5623608358391018;-0.48095703125;
02:00:30;387.0;1576375231;92.883;19.682629254368564;0.5623608358391018;-0.48095703125;
02:00:31;388.0;1576375232;93.044;19.682629254368564;0.5623608358391018;-0.48095703125;
02:00:32;389.0;1576375233;92.723;19.682629254368564;0.5623608358391018;-0.48095703125;
02:00:33;390.0;1576375234;92.783;19.682629254368564;0.5623608358391018;-0.48095703125;
02:00:34;391.0;1576375235;92.883;19.682629254368564;0.5623608358391018;-0.48095703125;
02:00:35;392.0;1576375236;92.503;19.682629254368564;0.5623608358391018;-0.48095703125;
02:00:36;393.0;1576375237;92.683;19.682629254368564;0.5623608358391018;-0.48095703125;
02:00:37;394.0;1576375239;92.543;19.682629254368564;0.5623608358391018;-0.48095703125;
02:00:38;395.0;1576375240;92.383;19.682629254368564;0.5623608358391018;-0.48095703125;
02:00:39;396.0;1576375241;92.563;19.682629254368564;0.5623608358391018;-0.48095703125;
02:00:40;397.0;1576375242;92.703;19.682629254368564;0.5623608358391018;-0.48095703125;
02:00:41;398.0;1576375243;92.483;19.682629254368564;0.5623608358391018;-0.48095703125;
02:00:42;399.0;1576375244;92.623;19.682629254368564;0.5623608358391018;-0.48095703125;
02:00:43;400.0;1576375245;92.523;19.682629254368564;0.5623608358391018;-0.48095703125;
02:00:44;401.0;1576375246;92.183;19.682629254368564;0.5623608358391018;-0.48095703125;
02:00:45;402.0;1576375247;92.004;19.682629254368564;0.5623608358391018;-0.48095703125;
02:00:46;403.0;1576375248;91.885;19.682629254368564;0.5623608358391018;-0.48095703125;
02:00:47;404.0;1576375249;91.687;19.682629254368564;0.5623608358391018;-0.48095703125;
02:00:48;405.0;1576375250;91.707;19.682629254368564;0.5623608358391018;-0.48095703125;
02:00:49;406.0;1576375251;92.263;19.682629254368564;0.5623608358391018;-0.48095703125;
02:00:50;407.0;1576375252;92.044;19.682629254368564;0.5623608358391018;-0.48095703125;
02:00:51;408.0;1576375253;92.383;19.682629254368564;0.5623608358391018;-0.48095703125;
02:00:53;410.0;1576375254;92.503;19.682629254368564;0.5623608358391018;-0.48095703125;
02:00:54;411.0;1576375255;92.084;19.682629254368564;0.5623608358391018;-0.48095703125;
02:00:55;412.0;1576375256;92.443;19.682629254368564;0.5623608358391018;-0.48095703125;
02:00:56;413.0;1576375257;92.104;19.682629254368564;0.5623608358391018;-0.48095703125;
02:00:57;414.0;1576375258;92.124;19.682629254368564;0.5623608358391018;-0.48095703125;
02:00:58;415.0;1576375259;92.323;19.682629254368564;0.5623608358391018;-0.48095703125;
02:00:59;416.0;1576375260;92.163;19.682629254368564;0.5623608358391018;-0.48095703125;
02:01:00;417.0;1576375261;92.323;19.682629254368564;0.5623608358391018;-0.48095703125;
02:01:01;418.0;1576375262;92.283;19.682629254368564;0.5623608358391018;-0.48095703125;
02:01:02;419.0;1576375263;92.104;19.682629254368564;0.5623608358391018;-0.48095703125;
02:01:03;420.0;1576375264;91.905;19.682629254368564;0.5623608358391018;-0.48095703125;
02:01:04;421.0;1576375265;92.104;19.682629254368564;0.5623608358391018;-0.48095703125;
02:01:05;422.0;1576375266;91.865;19.682629254368564;0.5623608358391018;-0.48095703125;
02:01:06;423.0;1576375267;91.984;19.682629254368564;0.5623608358391018;-0.48095703125;
02:01:07;424.0;1576375268;92.383;19.682629254368564;0.5623608358391018;-0.48095703125;
02:01:08;425.0;1576375269;92.323;19.682629254368564;0.5623608358391018;-0.48095703125;
02:01:09;426.0;1576375270;92.783;19.682629254368564;0.5623608358391018;-0.48095703125;
02:01:10;427.0;1576375271;92.904;19.682629254368564;0.5623608358391018;-0.48095703125;
02:01:11;428.0;1576375272;92.583;19.682629254368564;0.5623608358391018;-0.48095703125;
02:01:12;429.0;1576375273;92.603;19.682629254368564;0.5623608358391018;-0.48095703125;
02:01:13;430.0;1576375274;92.423;19.682629254368564;0.5623608358391018;-0.48095703125;
02:01:14;431.0;1576375275;92.383;19.682629254368564;0.5623608358391018;-0.48095703125;
02:01:15;432.0;1576375276;92.303;19.682629254368564;0.5623608358391018;-0.48095703125;
02:01:16;433.0;1576375277;92.343;19.682629254368564;0.5623608358391018;-0.48095703125;
02:01:17;434.0;1576375278;92.363;19.682629254368564;0.5623608358391018;-0.48095703125;
02:01:18;435.0;1576375279;92.243;19.682629254368564;0.5623608358391018;-0.48095703125;
02:01:19;436.0;1576375280;92.723;19.682629254368564;0.5623608358391018;-0.48095703125;
02:01:20;437.0;1576375281;92.323;19.682629254368564;0.5623608358391018;-0.48095703125;
02:01:21;438.0;1576375282;92.323;19.682629254368564;0.5623608358391018;-0.48095703125;
02:01:22;439.0;1576375283;92.323;19.682629254368564;0.5623608358391018;-0.48095703125;
02:01:23;440.0;1576375284;92.064;19.682629254368564;0.5623608358391018;-0.48095703125;
02:01:24;441.0;1576375285;92.104;19.682629254368564;0.5623608358391018;-0.48095703125;
02:01:25;442.0;1576375286;91.965;19.682629254368564;0.5623608358391018;-0.48095703125;
02:01:26;443.0;1576375287;91.905;19.682629254368564;0.5623608358391018;-0.48095703125;
02:01:27;444.0;1576375288;91.925;19.682629254368564;0.5623608358391018;-0.48095703125;
02:01:28;445.0;1576375289;92.203;19.682629254368564;0.5623608358391018;-0.48095703125;
02:01:29;446.0;1576375290;92.363;19.682629254368564;0.5623608358391018;-0.48095703125;
02:01:30;447.0;1576375291;92.183;19.682629254368564;0.5623608358391018;-0.48095703125;
02:01:31;448.0;1576375292;92.343;19.682629254368564;0.5623608358391018;-0.48095703125;
02:01:32;449.0;1576375293;92.203;19.682629254368564;0.5623608358391018;-0.48095703125;
02:01:33;450.0;1576375294;92.163;19.682629254368564;0.5623608358391018;-0.48095703125;
02:01:34;451.0;1576375295;92.663;19.682629254368564;0.5623608358391018;-0.48095703125;
02:01:35;452.0;1576375296;92.683;19.682629254368564;0.5623608358391018;-0.48095703125;
02:01:36;453.0;1576375297;92.723;19.682629254368564;0.5623608358391018;-0.48095703125;
02:01:37;454.0;1576375298;92.984;19.682629254368564;0.5623608358391018;-0.48095703125;
02:01:38;455.0;1576375299;92.843;19.682629254368564;0.5623608358391018;-0.48095703125;
02:01:39;456.0;1576375300;92.583;19.682629254368564;0.5623608358391018;-0.48095703125;
02:01:40;457.0;1576375302;92.563;19.682629254368564;0.5623608358391018;-0.48095703125;
02:01:41;458.0;1576375303;92.303;19.682629254368564;0.5623608358391018;-0.48095703125;
02:01:42;459.0;1576375304;92.283;19.682629254368564;0.5623608358391018;-0.48095703125;
02:01:43;460.0;1576375305;92.543;19.682629254368564;0.5623608358391018;-0.48095703125;
02:01:44;461.0;1576375306;92.203;19.682629254368564;0.5623608358391018;-0.48095703125;
02:01:45;462.0;1576375307;91.945;19.682629254368564;0.5623608358391018;-0.48095703125;
02:01:46;463.0;1576375308;91.965;19.682629254368564;0.5623608358391018;-0.48095703125;
02:01:47;464.0;1576375309;91.746;19.682629254368564;0.5623608358391018;-0.48095703125;
02:01:48;465.0;1576375310;92.283;19.682629254368564;0.5623608358391018;-0.48095703125;
02:01:49;466.0;1576375311;92.603;19.682629254368564;0.5623608358391018;-0.48095703125;
02:01:50;467.0;1576375312;92.543;19.682629254368564;0.5623608358391018;-0.48095703125;
02:01:51;468.0;1576375313;92.623;19.682629254368564;0.5623608358391018;-0.48095703125;
02:01:52;469.0;1576375314;92.423;19.682629254368564;0.5623608358391018;-0.48095703125;
02:01:53;470.0;1576375315;92.603;19.682629254368564;0.5623608358391018;-0.48095703125;
02:01:54;471.0;1576375316;92.483;19.682629254368564;0.5623608358391018;-0.48095703125;
02:01:55;472.0;1576375317;92.663;19.682629254368564;0.5623608358391018;-0.48095703125;
02:01:57;474.0;1576375318;92.483;19.682629254368564;0.5623608358391018;-0.48095703125;
02:01:58;475.0;1576375319;92.223;19.682629254368564;0.5623608358391018;-0.48095703125;
02:01:59;476.0;1576375320;92.523;19.682629254368564;0.5623608358391018;-0.48095703125;
02:02:00;477.0;1576375321;91.905;19.682629254368564;0.5623608358391018;-0.48095703125;
02:02:01;478.0;1576375322;92.203;19.682629254368564;0.5623608358391018;-0.48095703125;
02:02:02;479.0;1576375323;91.984;19.682629254368564;0.5623608358391018;-0.48095703125;
02:02:03;480.0;1576375324;91.806;19.682629254368564;0.5623608358391018;-0.48095703125;
02:02:04;481.0;1576375325;91.945;19.682629254368564;0.5623608358391018;-0.48095703125;
02:02:05;482.0;1576375326;91.786;19.682629254368564;0.5623608358391018;-0.48095703125;
02:02:06;483.0;1576375327;92.024;19.682629254368564;0.5623608358391018;-0.48095703125;
02:02:07;484.0;1576375328;91.905;19.682629254368564;0.5623608358391018;-0.48095703125;
02:02:08;485.0;1576375329;92.124;19.682629254368564;0.5623608358391018;-0.48095703125;
02:02:09;486.0;1576375330;91.984;19.682629254368564;0.5623608358391018;-0.48095703125;
02:02:10;487.0;1576375331;91.845;19.682629254368564;0.5623608358391018;-0.48095703125;
02:02:11;488.0;1576375332;92.004;19.682629254368564;0.5623608358391018;-0.48095703125;
02:02:12;489.0;1576375333;91.647;19.682629254368564;0.5623608358391018;-0.48095703125;
02:02:13;490.0;1576375334;91.826;19.682629254368564;0.5623608358391018;-0.48095703125;
02:02:14;491.0;1576375335;91.845;19.682629254368564;0.5623608358391018;-0.48095703125;
02:02:15;492.0;1576375336;91.687;19.682629254368564;0.5623608358391018;-0.48095703125;
02:02:16;493.0;1576375337;91.925;19.682629254368564;0.5623608358391018;-0.48095703125;
02:02:17;494.0;1576375338;91.905;19.682629254368564;0.5623608358391018;-0.48095703125;
02:02:18;495.0;1576375339;91.905;19.682629254368564;0.5623608358391018;-0.48095703125;
02:02:19;496.0;1576375340;92.024;19.682629254368564;0.5623608358391018;-0.48095703125;
02:02:20;497.0;1576375341;91.925;19.682629254368564;0.5623608358391018;-0.48095703125;
02:02:21;498.0;1576375342;91.766;19.682629254368564;0.5623608358391018;-0.48095703125;
02:02:22;499.0;1576375343;91.568;19.682629254368564;0.5623608358391018;-0.48095703125;
02:02:23;500.0;1576375344;91.627;19.682629254368564;0.5623608358391018;-0.48095703125;
02:02:24;501.0;1576375345;91.509;19.682629254368564;0.5623608358391018;-0.48095703125;
02:02:25;502.0;1576375346;91.509;19.682629254368564;0.5623608358391018;-0.48095703125;
02:02:26;503.0;1576375347;91.707;19.682629254368564;0.5623608358391018;-0.48095703125;
02:02:27;504.0;1576375348;91.627;19.682629254368564;0.5623608358391018;-0.48095703125;
02:02:28;505.0;1576375349;91.826;19.682629254368564;0.5623608358391018;-0.48095703125;
02:02:29;506.0;1576375350;91.826;19.682629254368564;0.5623608358391018;-0.48095703125;
02:02:30;507.0;1576375351;91.786;19.682629254368564;0.5623608358391018;-0.48095703125;
02:02:31;508.0;1576375352;91.529;19.682629254368564;0.5623608358391018;-0.48095703125;
02:02:32;509.0;1576375353;91.331;19.682629254368564;0.5623608358391018;-0.48095703125;
02:02:33;510.0;1576375354;91.45;19.682629254368564;0.5623608358391018;-0.48095703125;
02:02:34;511.0;1576375355;91.726;19.682629254368564;0.5623608358391018;-0.48095703125;
02:02:35;512.0;1576375356;91.925;19.682629254368564;0.5623608358391018;-0.48095703125;
02:02:36;513.0;1576375357;92.283;19.682629254368564;0.5623608358391018;-0.48095703125;
02:02:37;514.0;1576375358;92.363;19.682629254368564;0.5623608358391018;-0.48095703125;
02:02:38;515.0;1576375359;92.243;19.682629254368564;0.5623608358391018;-0.48095703125;
02:02:39;516.0;1576375360;92.223;19.682629254368564;0.5623608358391018;-0.48095703125;
02:02:40;517.0;1576375361;92.024;19.682629254368564;0.5623608358391018;-0.48095703125;
02:02:41;518.0;1576375362;91.826;19.682629254368564;0.5623608358391018;-0.48095703125;
02:02:42;519.0;1576375363;91.667;19.682629254368564;0.5623608358391018;-0.48095703125;
02:02:44;521.0;1576375364;91.865;19.682629254368564;0.5623608358391018;-0.48095703125;
02:02:45;522.0;1576375366;91.627;19.682629254368564;0.5623608358391018;-0.48095703125;
02:02:46;523.0;1576375368;91.647;19.682629254368564;0.5623608358391018;-0.48095703125;
02:02:47;524.0;1576375369;91.746;19.682629254368564;0.5623608358391018;-0.48095703125;
02:02:48;525.0;1576375370;91.965;19.682629254368564;0.5623608358391018;-0.48095703125;
02:02:49;526.0;1576375371;91.965;19.682629254368564;0.5623608358391018;-0.48095703125;
02:02:50;527.0;1576375372;92.124;19.682629254368564;0.5623608358391018;-0.48095703125;
02:02:51;528.0;1576375373;91.965;19.682629254368564;0.5623608358391018;-0.48095703125;
02:02:52;529.0;1576375374;91.43;19.682629254368564;0.5623608358391018;-0.48095703125;
02:02:53;530.0;1576375375;92.004;19.682629254368564;0.5623608358391018;-0.48095703125;
02:02:54;531.0;1576375376;91.845;19.682629254368564;0.5623608358391018;-0.48095703125;
02:02:55;532.0;1576375377;91.865;19.682629254368564;0.5623608358391018;-0.48095703125;
02:02:56;533.0;1576375378;91.845;19.682629254368564;0.5623608358391018;-0.48095703125;
02:02:57;534.0;1576375379;91.687;19.682629254368564;0.5623608358391018;-0.48095703125;
02:02:58;535.0;1576375380;91.687;19.682629254368564;0.5623608358391018;-0.48095703125;
02:02:59;536.0;1576375381;91.509;19.682629254368564;0.5623608358391018;-0.48095703125;
02:03:01;538.0;1576375382;91.845;19.682629254368564;0.5623608358391018;-0.48095703125;
02:03:02;539.0;1576375383;91.627;19.682629254368564;0.5623608358391018;-0.48095703125;
02:03:03;540.0;1576375384;91.826;19.682629254368564;0.5623608358391018;-0.48095703125;
02:03:04;541.0;1576375385;91.965;19.682629254368564;0.5623608358391018;-0.48095703125;
02:03:05;542.0;1576375386;91.865;19.682629254368564;0.5623608358391018;-0.48095703125;
02:03:06;543.0;1576375387;91.885;19.682629254368564;0.5623608358391018;-0.48095703125;
02:03:07;544.0;1576375388;91.845;19.682629254368564;0.5623608358391018;-0.48095703125;
02:03:08;545.0;1576375389;92.024;19.682629254368564;0.5623608358391018;-0.48095703125;
02:03:09;546.0;1576375390;91.965;19.682629254368564;0.5623608358391018;-0.48095703125;
02:03:10;547.0;1576375391;92.163;19.682629254368564;0.5623608358391018;-0.48095703125;
02:03:11;548.0;1576375392;91.984;19.682629254368564;0.5623608358391018;-0.48095703125;
02:03:12;549.0;1576375393;91.667;19.682629254368564;0.5623608358391018;-0.48095703125;
02:03:13;550.0;1576375394;91.845;19.682629254368564;0.5623608358391018;-0.48095703125;
02:03:14;551.0;1576375395;91.806;19.682629254368564;0.5623608358391018;-0.48095703125;
02:03:15;552.0;1576375396;91.865;19.682629254368564;0.5623608358391018;-0.48095703125;
02:03:16;553.0;1576375397;92.004;19.682629254368564;0.5623608358391018;-0.48095703125;
02:03:17;554.0;1576375398;91.647;19.682629254368564;0.5623608358391018;-0.48095703125;
02:03:18;555.0;1576375399;91.174;19.682629254368564;0.5623608358391018;-0.48095703125;
02:03:19;556.0;1576375400;91.292;19.682629254368564;0.5623608358391018;-0.48095703125;
02:03:20;557.0;1576375401;91.292;19.682629254368564;0.5623608358391018;-0.48095703125;
02:03:21;558.0;1576375402;91.687;19.682629254368564;0.5623608358391018;-0.48095703125;
02:03:22;559.0;1576375403;91.984;19.682629254368564;0.5623608358391018;-0.48095703125;
02:03:23;560.0;1576375404;91.786;19.682629254368564;0.5623608358391018;-0.48095703125;
02:03:24;561.0;1576375405;91.925;19.682629254368564;0.5623608358391018;-0.48095703125;
02:03:25;562.0;1576375406;91.707;19.682629254368564;0.5623608358391018;-0.48095703125;
02:03:26;563.0;1576375407;91.726;19.682629254368564;0.5623608358391018;-0.48095703125;
02:03:27;564.0;1576375408;91.568;19.682629254368564;0.5623608358391018;-0.48095703125;
02:03:28;565.0;1576375409;91.489;19.682629254368564;0.5623608358391018;-0.48095703125;
02:03:29;566.0;1576375410;91.272;19.682629254368564;0.5623608358391018;-0.48095703125;
02:03:30;567.0;1576375411;91.134;19.682629254368564;0.5623608358391018;-0.48095703125;
02:03:31;568.0;1576375412;91.115;19.682629254368564;0.5623608358391018;-0.48095703125;
02:03:32;569.0;1576375413;91.095;19.682629254368564;0.5623608358391018;-0.48095703125;
02:03:33;570.0;1576375414;91.371;19.682629254368564;0.5623608358391018;-0.48095703125;
02:03:34;571.0;1576375415;91.39;19.682629254368564;0.5623608358391018;-0.48095703125;
02:03:35;572.0;1576375416;91.627;19.682629254368564;0.5623608358391018;-0.48095703125;
02:03:36;573.0;1576375417;91.233;19.682629254368564;0.5623608358391018;-0.48095703125;
02:03:37;574.0;1576375418;91.016;19.682629254368564;0.5623608358391018;-0.48095703125;
02:03:38;575.0;1576375419;91.193;19.682629254368564;0.5623608358391018;-0.48095703125;
02:03:39;576.0;1576375420;91.154;19.682629254368564;0.5623608358391018;-0.48095703125;
02:03:40;577.0;1576375421;91.687;19.682629254368564;0.5623608358391018;-0.48095703125;
02:03:41;578.0;1576375422;91.865;19.682629254368564;0.5623608358391018;-0.48095703125;
02:03:43;580.0;1576375423;91.707;19.682629254368564;0.5623608358391018;-0.48095703125;
02:03:44;581.0;1576375425;91.548;19.682629254368564;0.5623608358391018;-0.48095703125;
02:03:45;582.0;1576375426;91.548;19.682629254368564;0.5623608358391018;-0.48095703125;
02:03:46;583.0;1576375427;91.707;19.682629254368564;0.5623608358391018;-0.48095703125;
02:03:47;584.0;1576375428;91.647;19.682629254368564;0.5623608358391018;-0.48095703125;
02:03:48;585.0;1576375429;91.489;19.682629254368564;0.5623608358391018;-0.48095703125;
02:03:49;586.0;1576375431;91.331;19.682629254368564;0.5623608358391018;-0.48095703125;
02:03:50;587.0;1576375432;91.331;19.682629254368564;0.5623608358391018;-0.48095703125;
02:03:51;588.0;1576375433;91.311;19.682629254368564;0.5623608358391018;-0.48095703125;
02:03:52;589.0;1576375434;91.41;19.682629254368564;0.5623608358391018;-0.48095703125;
02:03:53;590.0;1576375435;91.213;19.682629254368564;0.5623608358391018;-0.48095703125;
02:03:54;591.0;1576375436;91.233;19.682629254368564;0.5623608358391018;-0.48095703125;
02:03:55;592.0;1576375437;91.311;19.682629254368564;0.5623608358391018;-0.48095703125;
02:03:56;593.0;1576375438;91.056;19.682629254368564;0.5623608358391018;-0.48095703125;
02:03:57;594.0;1576375439;91.41;19.682629254368564;0.5623608358391018;-0.48095703125;
02:03:58;595.0;1576375440;91.213;19.682629254368564;0.5623608358391018;-0.48095703125;
02:03:59;596.0;1576375441;91.174;19.682629254368564;0.5623608358391018;-0.48095703125;
02:04:00;597.0;1576375442;91.311;19.682629254368564;0.5623608358391018;-0.48095703125;
02:04:01;598.0;1576375443;91.213;19.682629254368564;0.5623608358391018;-0.48095703125;
02:04:02;599.0;1576375444;91.193;19.682629254368564;0.5623608358391018;-0.48095703125;
02:04:03;600.0;1576375445;91.075;19.682629254368564;0.5623608358391018;-0.48095703125;
02:04:05;602.0;1576375446;91.075;19.682629254368564;0.5623608358391018;-0.48095703125;
02:04:06;603.0;1576375447;91.036;19.682629254368564;0.5623608358391018;-0.48095703125;
02:04:07;604.0;1576375448;91.39;19.682629254368564;0.5623608358391018;-0.48095703125;
02:04:08;605.0;1576375449;91.351;19.682629254368564;0.5623608358391018;-0.48095703125;
02:04:09;606.0;1576375450;91.588;19.682629254368564;0.5623608358391018;-0.48095703125;
02:04:10;607.0;1576375451;91.529;19.682629254368564;0.5623608358391018;-0.48095703125;
02:04:11;608.0;1576375452;91.233;19.682629254368564;0.5623608358391018;-0.48095703125;
02:04:12;609.0;1576375453;91.075;19.682629254368564;0.5623608358391018;-0.48095703125;
02:04:13;610.0;1576375454;91.213;19.682629254368564;0.5623608358391018;-0.48095703125;
02:04:14;611.0;1576375455;91.529;19.682629254368564;0.5623608358391018;-0.48095703125;
02:04:15;612.0;1576375456;91.647;19.682629254368564;0.5623608358391018;-0.48095703125;
02:04:16;613.0;1576375457;91.945;19.682629254368564;0.5623608358391018;-0.48095703125;
02:04:17;614.0;1576375458;91.726;19.682629254368564;0.5623608358391018;-0.48095703125;
02:04:18;615.0;1576375459;91.588;19.682629254368564;0.5623608358391018;-0.48095703125;
02:04:19;616.0;1576375460;91.726;19.682629254368564;0.5623608358391018;-0.48095703125;
02:04:20;617.0;1576375461;91.41;19.682629254368564;0.5623608358391018;-0.48095703125;
02:04:21;618.0;1576375462;91.095;19.682629254368564;0.5623608358391018;-0.48095703125;
02:04:22;619.0;1576375463;90.957;19.682629254368564;0.5623608358391018;-0.48095703125;
02:04:23;620.0;1576375464;90.742;19.682629254368564;0.5623608358391018;-0.48095703125;
02:04:24;621.0;1576375465;90.918;19.682629254368564;0.5623608358391018;-0.48095703125;
02:04:25;622.0;1576375466;91.272;19.682629254368564;0.5623608358391018;-0.48095703125;
02:04:26;623.0;1576375467;91.252;19.682629254368564;0.5623608358391018;-0.48095703125;
02:04:27;624.0;1576375468;91.41;19.682629254368564;0.5623608358391018;-0.48095703125;
02:04:28;625.0;1576375469;91.568;19.682629254368564;0.5623608358391018;-0.48095703125;
02:04:29;626.0;1576375470;91.193;19.682629254368564;0.5623608358391018;-0.48095703125;
02:04:30;627.0;1576375471;91.213;19.682629254368564;0.5623608358391018;-0.48095703125;
02:04:31;628.0;1576375472;91.174;19.682629254368564;0.5623608358391018;-0.48095703125;
02:04:32;629.0;1576375473;91.036;19.682629254368564;0.5623608358391018;-0.48095703125;
02:04:33;630.0;1576375474;91.154;19.682629254368564;0.5623608358391018;-0.48095703125;
02:04:34;631.0;1576375475;91.134;19.682629254368564;0.5623608358391018;-0.48095703125;
02:04:35;632.0;1576375476;90.801;19.682629254368564;0.5623608358391018;-0.48095703125;
02:04:36;633.0;1576375477;90.918;19.682629254368564;0.5623608358391018;-0.48095703125;
02:04:37;634.0;1576375478;90.879;19.682629254368564;0.5623608358391018;-0.48095703125;
02:04:38;635.0;1576375479;91.016;19.682629254368564;0.5623608358391018;-0.48095703125;
02:04:39;636.0;1576375480;91.174;19.682629254368564;0.5623608358391018;-0.48095703125;
02:04:40;637.0;1576375481;91.056;19.682629254368564;0.5623608358391018;-0.48095703125;
02:04:41;638.0;1576375482;90.977;19.682629254368564;0.5623608358391018;-0.48095703125;
02:04:42;639.0;1576375483;90.859;19.682629254368564;0.5623608358391018;-0.48095703125;
02:04:43;640.0;1576375484;91.016;19.682629254368564;0.5623608358391018;-0.48095703125;
02:04:44;641.0;1576375485;90.84;19.682629254368564;0.5623608358391018;-0.48095703125;
02:04:45;642.0;1576375486;91.233;19.682629254368564;0.5623608358391018;-0.48095703125;
02:04:46;643.0;1576375487;91.233;19.682629254368564;0.5623608358391018;-0.48095703125;
02:04:47;644.0;1576375488;90.879;19.682629254368564;0.5623608358391018;-0.48095703125;
02:04:48;645.0;1576375489;90.84;19.682629254368564;0.5623608358391018;-0.48095703125;
02:04:49;646.0;1576375490;90.585;19.682629254368564;0.5623608358391018;-0.48095703125;
02:04:50;647.0;1576375491;90.801;19.682629254368564;0.5623608358391018;-0.48095703125;
02:04:51;648.0;1576375493;90.977;19.682629254368564;0.5623608358391018;-0.48095703125;
02:04:52;649.0;1576375494;90.997;19.682629254368564;0.5623608358391018;-0.48095703125;
02:04:53;650.0;1576375495;91.036;19.682629254368564;0.5623608358391018;-0.48095703125;
02:04:54;651.0;1576375496;90.644;19.682629254368564;0.5623608358391018;-0.48095703125;
02:04:55;652.0;1576375497;90.585;19.682629254368564;0.5623608358391018;-0.48095703125;
02:04:56;653.0;1576375498;90.742;19.682629254368564;0.5623608358391018;-0.48095703125;
02:04:57;654.0;1576375499;90.859;19.682629254368564;0.5623608358391018;-0.48095703125;
02:04:58;655.0;1576375500;91.193;19.682629254368564;0.5623608358391018;-0.48095703125;
02:04:59;656.0;1576375501;91.095;19.682629254368564;0.5623608358391018;-0.48095703125;
02:05:00;657.0;1576375502;91.134;19.682629254368564;0.5623608358391018;-0.48095703125;
02:05:01;658.0;1576375503;90.899;19.682629254368564;0.5623608358391018;-0.48095703125;
02:05:02;659.0;1576375504;90.879;19.682629254368564;0.5623608358391018;-0.48095703125;
02:05:03;660.0;1576375505;91.016;19.682629254368564;0.5623608358391018;-0.48095703125;
02:05:04;661.0;1576375506;90.801;19.682629254368564;0.5623608358391018;-0.48095703125;
02:05:05;662.0;1576375507;91.075;19.682629254368564;0.5623608358391018;-0.48095703125;
02:05:06;663.0;1576375508;91.075;19.682629254368564;0.5623608358391018;-0.48095703125;
02:05:07;664.0;1576375509;90.938;19.682629254368564;0.5623608358391018;-0.48095703125;
02:05:09;666.0;1576375510;90.938;19.682629254368564;0.5623608358391018;-0.48095703125;
02:05:10;667.0;1576375511;90.624;19.682629254368564;0.5623608358391018;-0.48095703125;
02:05:11;668.0;1576375512;90.312;19.682629254368564;0.5623608358391018;-0.48095703125;
02:05:12;669.0;1576375513;90.351;19.682629254368564;0.5623608358391018;-0.48095703125;
02:05:13;670.0;1576375514;90.703;19.682629254368564;0.5623608358391018;-0.48095703125;
02:05:14;671.0;1576375515;90.84;19.682629254368564;0.5623608358391018;-0.48095703125;
02:05:15;672.0;1576375516;90.82;19.682629254368564;0.5623608358391018;-0.48095703125;
02:05:16;673.0;1576375517;90.938;19.682629254368564;0.5623608358391018;-0.48095703125;
02:05:17;674.0;1576375518;90.781;19.682629254368564;0.5623608358391018;-0.48095703125;
02:05:18;675.0;1576375519;90.624;19.682629254368564;0.5623608358391018;-0.48095703125;
02:05:19;676.0;1576375520;90.449;19.682629254368564;0.5623608358391018;-0.48095703125;
02:05:20;677.0;1576375521;90.468;19.682629254368564;0.5623608358391018;-0.48095703125;
02:05:21;678.0;1576375522;90.488;19.682629254368564;0.5623608358391018;-0.48095703125;
02:05:22;679.0;1576375523;90.977;19.682629254368564;0.5623608358391018;-0.48095703125;
02:05:23;680.0;1576375524;91.371;19.682629254368564;0.5623608358391018;-0.48095703125;
02:05:24;681.0;1576375525;91.331;19.682629254368564;0.5623608358391018;-0.48095703125;
02:05:25;682.0;1576375526;91.272;19.682629254368564;0.5623608358391018;-0.48095703125;
02:05:26;683.0;1576375527;90.801;19.682629254368564;0.5623608358391018;-0.48095703125;
02:05:27;684.0;1576375528;90.722;19.682629254368564;0.5623608358391018;-0.48095703125;
02:05:28;685.0;1576375529;90.722;19.682629254368564;0.5623608358391018;-0.48095703125;
02:05:29;686.0;1576375530;90.957;19.682629254368564;0.5623608358391018;-0.48095703125;
02:05:30;687.0;1576375531;90.957;19.682629254368564;0.5623608358391018;-0.48095703125;
02:05:31;688.0;1576375532;91.193;19.682629254368564;0.5623608358391018;-0.48095703125;
02:05:32;689.0;1576375533;91.233;19.682629254368564;0.5623608358391018;-0.48095703125;
02:05:33;690.0;1576375534;90.663;19.682629254368564;0.5623608358391018;-0.48095703125;
02:05:34;691.0;1576375535;90.683;19.682629254368564;0.5623608358391018;-0.48095703125;
02:05:35;692.0;1576375536;90.644;19.682629254368564;0.5623608358391018;-0.48095703125;
02:05:36;693.0;1576375537;90.585;19.682629254368564;0.5623608358391018;-0.48095703125;
02:05:37;694.0;1576375538;90.84;19.682629254368564;0.5623608358391018;-0.48095703125;
02:05:38;695.0;1576375539;91.016;19.682629254368564;0.5623608358391018;-0.48095703125;
02:05:39;696.0;1576375540;90.84;19.682629254368564;0.5623608358391018;-0.48095703125;
02:05:40;697.0;1576375541;90.859;19.682629254368564;0.5623608358391018;-0.48095703125;
02:05:41;698.0;1576375542;90.84;19.682629254368564;0.5623608358391018;-0.48095703125;
02:05:42;699.0;1576375543;90.899;19.682629254368564;0.5623608358391018;-0.48095703125;
02:05:43;700.0;1576375544;90.879;19.682629254368564;0.5623608358391018;-0.48095703125;
02:05:44;701.0;1576375545;90.859;19.682629254368564;0.5623608358391018;-0.48095703125;
02:05:45;702.0;1576375546;90.781;19.682629254368564;0.5623608358391018;-0.48095703125;
02:05:46;703.0;1576375547;90.683;19.682629254368564;0.5623608358391018;-0.48095703125;
02:05:47;704.0;1576375548;90.546;19.682629254368564;0.5623608358391018;-0.48095703125;
02:05:48;705.0;1576375549;90.566;19.682629254368564;0.5623608358391018;-0.48095703125;
02:05:49;706.0;1576375550;90.82;19.682629254368564;0.5623608358391018;-0.48095703125;
02:05:50;707.0;1576375552;90.82;19.682629254368564;0.5623608358391018;-0.48095703125;
02:05:51;708.0;1576375553;90.703;19.682629254368564;0.5623608358391018;-0.48095703125;
02:05:52;709.0;1576375554;90.663;19.682629254368564;0.5623608358391018;-0.48095703125;
02:05:53;710.0;1576375555;90.605;19.682629254368564;0.5623608358391018;-0.48095703125;
02:05:54;711.0;1576375556;90.449;19.682629254368564;0.5623608358391018;-0.48095703125;
02:05:55;712.0;1576375557;90.332;19.682629254368564;0.5623608358391018;-0.48095703125;
02:05:56;713.0;1576375558;90.39;19.682629254368564;0.5623608358391018;-0.48095703125;
02:05:57;714.0;1576375559;90.566;19.682629254368564;0.5623608358391018;-0.48095703125;
02:05:58;715.0;1576375560;90.527;19.682629254368564;0.5623608358391018;-0.48095703125;
02:05:59;716.0;1576375561;90.742;19.682629254368564;0.5623608358391018;-0.48095703125;
02:06:00;717.0;1576375562;90.605;19.682629254368564;0.5623608358391018;-0.48095703125;
02:06:01;718.0;1576375563;90.312;19.682629254368564;0.5623608358391018;-0.48095703125;
02:06:02;719.0;1576375564;90.371;19.682629254368564;0.5623608358391018;-0.48095703125;
02:06:03;720.0;1576375565;90.39;19.682629254368564;0.5623608358391018;-0.48095703125;
02:06:04;721.0;1576375566;90.332;19.682629254368564;0.5623608358391018;-0.48095703125;
02:06:05;722.0;1576375567;90.566;19.682629254368564;0.5623608358391018;-0.48095703125;
02:06:06;723.0;1576375568;90.879;19.682629254368564;0.5623608358391018;-0.48095703125;
02:06:07;724.0;1576375569;90.879;19.682629254368564;0.5623608358391018;-0.48095703125;
02:06:08;725.0;1576375570;91.095;19.682629254368564;0.5623608358391018;-0.48095703125;
02:06:09;726.0;1576375571;90.624;19.682629254368564;0.5623608358391018;-0.48095703125;
02:06:10;727.0;1576375572;90.468;19.682629254368564;0.5623608358391018;-0.48095703125;
02:06:11;728.0;1576375573;90.468;19.682629254368564;0.5623608358391018;-0.48095703125;
02:06:13;730.0;1576375574;90.293;19.682629254368564;0.5623608358391018;-0.48095703125;
02:06:14;731.0;1576375575;90.82;19.682629254368564;0.5623608358391018;-0.48095703125;
02:06:15;732.0;1576375576;90.801;19.682629254368564;0.5623608358391018;-0.48095703125;
02:06:16;733.0;1576375577;90.899;19.682629254368564;0.5623608358391018;-0.48095703125;
02:06:17;734.0;1576375578;91.233;19.682629254368564;0.5623608358391018;-0.48095703125;
02:06:18;735.0;1576375579;90.781;19.682629254368564;0.5623608358391018;-0.48095703125;
02:06:19;736.0;1576375580;90.761;19.682629254368564;0.5623608358391018;-0.48095703125;
02:06:20;737.0;1576375581;90.507;19.682629254368564;0.5623608358391018;-0.48095703125;
02:06:21;738.0;1576375582;90.137;19.682629254368564;0.5623608358391018;-0.48095703125;
02:06:22;739.0;1576375583;90.41;19.682629254368564;0.5623608358391018;-0.48095703125;
02:06:23;740.0;1576375584;90.39;19.682629254368564;0.5623608358391018;-0.48095703125;
02:06:24;741.0;1576375585;90.566;19.682629254368564;0.5623608358391018;-0.48095703125;
02:06:25;742.0;1576375586;90.781;19.682629254368564;0.5623608358391018;-0.48095703125;
02:06:26;743.0;1576375587;90.624;19.682629254368564;0.5623608358391018;-0.48095703125;
02:06:27;744.0;1576375588;90.644;19.682629254368564;0.5623608358391018;-0.48095703125;
02:06:28;745.0;1576375589;90.605;19.682629254368564;0.5623608358391018;-0.48095703125;
02:06:29;746.0;1576375590;90.215;19.682629254368564;0.5623608358391018;-0.48095703125;
02:06:30;747.0;1576375591;90.215;19.682629254368564;0.5623608358391018;-0.48095703125;
02:06:31;748.0;1576375592;90.079;19.682629254368564;0.5623608358391018;-0.48095703125;
02:06:32;749.0;1576375593;90.137;19.682629254368564;0.5623608358391018;-0.48095703125;
02:06:33;750.0;1576375594;90.176;19.682629254368564;0.5623608358391018;-0.48095703125;
02:06:34;751.0;1576375595;90.371;19.682629254368564;0.5623608358391018;-0.48095703125;
02:06:35;752.0;1576375596;90.527;19.682629254368564;0.5623608358391018;-0.48095703125;
02:06:36;753.0;1576375597;90.488;19.682629254368564;0.5623608358391018;-0.48095703125;
02:06:37;754.0;1576375598;90.663;19.682629254368564;0.5623608358391018;-0.48095703125;
02:06:38;755.0;1576375599;90.488;19.682629254368564;0.5623608358391018;-0.48095703125;
02:06:39;756.0;1576375600;90.118;19.682629254368564;0.5623608358391018;-0.48095703125;
02:06:40;757.0;1576375601;90.118;19.682629254368564;0.5623608358391018;-0.48095703125;
02:06:41;758.0;1576375602;90.293;19.682629254368564;0.5623608358391018;-0.48095703125;
02:06:42;759.0;1576375603;89.943;19.682629254368564;0.5623608358391018;-0.48095703125;
02:06:43;760.0;1576375604;90.137;19.682629254368564;0.5623608358391018;-0.48095703125;
02:06:44;761.0;1576375605;89.982;19.682629254368564;0.5623608358391018;-0.48095703125;
02:06:45;762.0;1576375606;89.827;19.682629254368564;0.5623608358391018;-0.48095703125;
02:06:46;763.0;1576375607;90.215;19.682629254368564;0.5623608358391018;-0.48095703125;
02:06:47;764.0;1576375608;90.02;19.682629254368564;0.5623608358391018;-0.48095703125;
02:06:48;765.0;1576375609;90.001;19.682629254368564;0.5623608358391018;-0.48095703125;
02:06:49;766.0;1576375610;90.001;19.682629254368564;0.5623608358391018;-0.48095703125;
02:06:50;767.0;1576375611;89.769;19.682629254368564;0.5623608358391018;-0.48095703125;
02:06:51;768.0;1576375612;90.001;19.682629254368564;0.5623608358391018;-0.48095703125;
02:06:52;769.0;1576375614;90.176;19.682629254368564;0.5623608358391018;-0.48095703125;
02:06:53;770.0;1576375615;90.332;19.682629254368564;0.5623608358391018;-0.48095703125;
02:06:54;771.0;1576375616;90.507;19.682629254368564;0.5623608358391018;-0.48095703125;
02:06:55;772.0;1576375617;90.156;19.682629254368564;0.5623608358391018;-0.48095703125;
02:06:56;773.0;1576375618;90.02;19.682629254368564;0.5623608358391018;-0.48095703125;
02:06:57;774.0;1576375619;90.001;19.682629254368564;0.5623608358391018;-0.48095703125;
02:06:58;775.0;1576375620;89.653;19.682629254368564;0.5623608358391018;-0.48095703125;
02:06:59;776.0;1576375621;89.614;19.682629254368564;0.5623608358391018;-0.48095703125;
02:07:00;777.0;1576375622;89.769;19.682629254368564;0.5623608358391018;-0.48095703125;
02:07:01;778.0;1576375623;89.575;19.682629254368564;0.5623608358391018;-0.48095703125;
02:07:02;779.0;1576375624;90.137;19.682629254368564;0.5623608358391018;-0.48095703125;
02:07:03;780.0;1576375625;90.488;19.682629254368564;0.5623608358391018;-0.48095703125;
02:07:04;781.0;1576375626;90.39;19.682629254368564;0.5623608358391018;-0.48095703125;
02:07:05;782.0;1576375627;90.41;19.682629254368564;0.5623608358391018;-0.48095703125;
02:07:06;783.0;1576375628;90.059;19.682629254368564;0.5623608358391018;-0.48095703125;
02:07:07;784.0;1576375629;90.254;19.682629254368564;0.5623608358391018;-0.48095703125;
02:07:08;785.0;1576375630;90.312;19.682629254368564;0.5623608358391018;-0.48095703125;
02:07:09;786.0;1576375631;90.527;19.682629254368564;0.5623608358391018;-0.48095703125;
02:07:10;787.0;1576375632;90.663;19.682629254368564;0.5623608358391018;-0.48095703125;
02:07:11;788.0;1576375633;90.312;19.682629254368564;0.5623608358391018;-0.48095703125;
02:07:12;789.0;1576375633;90.195;19.682629254368564;0.5623608358391018;-0.48095703125;
02:07:13;790.0;1576375634;89.788;19.682629254368564;0.5623608358391018;-0.48095703125;
02:07:14;791.0;1576375636;89.633;19.682629254368564;0.5623608358391018;-0.48095703125;
02:07:15;792.0;1576375637;89.807;19.682629254368564;0.5623608358391018;-0.48095703125;
02:07:16;793.0;1576375638;89.807;19.682629254368564;0.5623608358391018;-0.48095703125;
02:07:18;795.0;1576375639;89.846;19.682629254368564;0.5623608358391018;-0.48095703125;
02:07:19;796.0;1576375640;89.827;19.682629254368564;0.5623608358391018;-0.48095703125;
02:07:20;797.0;1576375641;89.672;19.682629254368564;0.5623608358391018;-0.48095703125;
02:07:21;798.0;1576375642;89.672;19.682629254368564;0.5623608358391018;-0.48095703125;
02:07:22;799.0;1576375643;89.614;19.682629254368564;0.5623608358391018;-0.48095703125;
02:07:23;800.0;1576375644;89.633;19.682629254368564;0.5623608358391018;-0.48095703125;
02:07:24;801.0;1576375645;89.575;19.682629254368564;0.5623608358391018;-0.48095703125;
02:07:25;802.0;1576375646;89.788;19.682629254368564;0.5623608358391018;-0.48095703125;
02:07:26;803.0;1576375647;90.059;19.682629254368564;0.5623608358391018;-0.48095703125;
02:07:27;804.0;1576375648;89.962;19.682629254368564;0.5623608358391018;-0.48095703125;
02:07:28;805.0;1576375649;90.293;19.682629254368564;0.5623608358391018;-0.48095703125;
02:07:29;806.0;1576375650;90.41;19.682629254368564;0.5623608358391018;-0.48095703125;
02:07:30;807.0;1576375651;90.156;19.682629254368564;0.5623608358391018;-0.48095703125;
02:07:31;808.0;1576375652;90.273;19.682629254368564;0.5623608358391018;-0.48095703125;
02:07:32;809.0;1576375653;89.962;19.682629254368564;0.5623608358391018;-0.48095703125;
02:07:33;810.0;1576375654;89.614;19.682629254368564;0.5623608358391018;-0.48095703125;
02:07:34;811.0;1576375655;89.672;19.682629254368564;0.5623608358391018;-0.48095703125;
02:07:35;812.0;1576375656;89.653;19.682629254368564;0.5623608358391018;-0.48095703125;
02:07:36;813.0;1576375657;89.846;19.682629254368564;0.5623608358391018;-0.48095703125;
02:07:37;814.0;1576375658;89.846;19.682629254368564;0.5623608358391018;-0.48095703125;
02:07:38;815.0;1576375659;90.001;19.682629254368564;0.5623608358391018;-0.48095703125;
02:07:39;816.0;1576375659;89.962;19.682629254368564;0.5623608358391018;-0.48095703125;
02:07:40;817.0;1576375661;89.827;19.682629254368564;0.5623608358391018;-0.48095703125;
02:07:41;818.0;1576375662;89.846;19.682629254368564;0.5623608358391018;-0.48095703125;
02:07:42;819.0;1576375663;89.633;19.682629254368564;0.5623608358391018;-0.48095703125;
02:07:43;820.0;1576375664;89.846;19.682629254368564;0.5623608358391018;-0.48095703125;
02:07:44;821.0;1576375665;89.943;19.682629254368564;0.5623608358391018;-0.48095703125;
02:07:45;822.0;1576375666;90.059;19.682629254368564;0.5623608358391018;-0.48095703125;
02:07:46;823.0;1576375667;90.118;19.682629254368564;0.5623608358391018;-0.48095703125;
02:07:47;824.0;1576375668;90.098;19.682629254368564;0.5623608358391018;-0.48095703125;
02:07:48;825.0;1576375669;90.137;19.682629254368564;0.5623608358391018;-0.48095703125;
02:07:49;826.0;1576375670;90.02;19.682629254368564;0.5623608358391018;-0.48095703125;
02:07:50;827.0;1576375671;89.962;19.682629254368564;0.5623608358391018;-0.48095703125;
02:07:51;828.0;1576375672;89.962;19.682629254368564;0.5623608358391018;-0.48095703125;
02:07:52;829.0;1576375673;89.827;19.682629254368564;0.5623608358391018;-0.48095703125;
02:07:53;830.0;1576375674;89.846;19.682629254368564;0.5623608358391018;-0.48095703125;
02:07:54;831.0;1576375675;89.885;19.682629254368564;0.5623608358391018;-0.48095703125;
02:07:55;832.0;1576375676;89.923;19.682629254368564;0.5623608358391018;-0.48095703125;
02:07:56;833.0;1576375677;89.885;19.682629254368564;0.5623608358391018;-0.48095703125;
02:07:57;834.0;1576375678;89.788;19.682629254368564;0.5623608358391018;-0.48095703125;
02:07:58;835.0;1576375679;89.46;19.682629254368564;0.5623608358391018;-0.48095703125;
02:07:59;836.0;1576375680;89.267;19.682629254368564;0.5623608358391018;-0.48095703125;
02:08:00;837.0;1576375681;89.267;19.682629254368564;0.5623608358391018;-0.48095703125;
02:08:01;838.0;1576375682;89.653;19.682629254368564;0.5623608358391018;-0.48095703125;
02:08:02;839.0;1576375683;90.176;19.682629254368564;0.5623608358391018;-0.48095703125;
02:08:03;840.0;1576375685;90.02;19.682629254368564;0.5623608358391018;-0.48095703125;
02:08:04;841.0;1576375686;90.39;19.682629254368564;0.5623608358391018;-0.48095703125;
02:08:05;842.0;1576375687;90.449;19.682629254368564;0.5623608358391018;-0.48095703125;
02:08:06;843.0;1576375688;90.273;19.682629254368564;0.5623608358391018;-0.48095703125;
02:08:07;844.0;1576375689;90.41;19.682629254368564;0.5623608358391018;-0.48095703125;
02:08:08;845.0;1576375690;89.904;19.682629254368564;0.5623608358391018;-0.48095703125;
02:08:09;846.0;1576375691;89.363;19.682629254368564;0.5623608358391018;-0.48095703125;
02:08:10;847.0;1576375692;89.305;19.682629254368564;0.5623608358391018;-0.48095703125;
02:08:11;848.0;1576375693;89.517;19.682629254368564;0.5623608358391018;-0.48095703125;
02:08:12;849.0;1576375694;89.633;19.682629254368564;0.5623608358391018;-0.48095703125;
02:08:13;850.0;1576375695;89.614;19.682629254368564;0.5623608358391018;-0.48095703125;
02:08:14;851.0;1576375696;89.807;19.682629254368564;0.5623608358391018;-0.48095703125;
02:08:15;852.0;1576375697;89.749;19.682629254368564;0.5623608358391018;-0.48095703125;
02:08:16;853.0;1576375698;89.943;19.682629254368564;0.5623608358391018;-0.48095703125;
02:08:17;854.0;1576375699;90.273;19.682629254368564;0.5623608358391018;-0.48095703125;
02:08:18;855.0;1576375700;90.273;19.682629254368564;0.5623608358391018;-0.48095703125;
02:08:19;856.0;1576375701;90.098;19.682629254368564;0.5623608358391018;-0.48095703125;
02:08:20;857.0;1576375702;89.575;19.682629254368564;0.5623608358391018;-0.48095703125;
02:08:22;859.0;1576375703;89.402;19.682629254368564;0.5623608358391018;-0.48095703125;
02:08:23;860.0;1576375704;89.229;19.682629254368564;0.5623608358391018;-0.48095703125;
02:08:24;861.0;1576375705;89.229;19.682629254368564;0.5623608358391018;-0.48095703125;
02:08:25;862.0;1576375706;89.595;19.682629254368564;0.5623608358391018;-0.48095703125;
02:08:26;863.0;1576375707;89.595;19.682629254368564;0.5623608358391018;-0.48095703125;
02:08:27;864.0;1576375708;89.575;19.682629254368564;0.5623608358391018;-0.48095703125;
02:08:28;865.0;1576375709;89.749;19.682629254368564;0.5623608358391018;-0.48095703125;
02:08:29;866.0;1576375710;89.749;19.682629254368564;0.5623608358391018;-0.48095703125;
02:08:30;867.0;1576375711;89.943;19.682629254368564;0.5623608358391018;-0.48095703125;
02:08:31;868.0;1576375712;90.118;19.682629254368564;0.5623608358391018;-0.48095703125;
