Time;Seconds from start for linreg;Unix Time;ch1 po2;Uc;Ubl;Vc;
02:34:44;-2.0;1575858886;92.703;37.49547887455129;1.125990356593132;-0.81787109375;
02:34:45;-1.0;1575858887;92.543;37.49547887455129;1.125990356593132;-0.81787109375;
02:34:46;0.0;1575858888;92.603;36.978411251440995;1.1104628003435735;-0.80810546875;
02:34:47;1.0;1575858889;92.803;37.49547887455129;1.125990356593132;-0.81787109375;
02:34:48;2.0;1575858890;93.044;37.236945062996135;1.1182265784683525;-0.81298828125;
02:34:49;3.0;1575858891;93.165;37.107678157218565;1.114344689405963;-0.810546875;
02:34:50;4.0;1575858892;92.543;37.236945062996135;1.1182265784683525;-0.81298828125;
02:34:51;5.0;1575858893;91.905;37.107678157218565;1.114344689405963;-0.810546875;
02:34:52;6.0;1575858894;91.905;36.978411251440995;1.1104628003435735;-0.80810546875;
02:34:53;7.0;1575858895;91.548;37.49547887455129;1.125990356593132;-0.81787109375;
02:34:54;8.0;1575858896;91.945;37.88327959188401;1.1376360237803007;-0.8251953125;
02:34:55;9.0;1575858897;92.783;36.84914434566342;1.1065809112811837;-0.8056640625;
02:34:56;10.0;1575858898;93.105;35.815009099442825;1.075525798782067;-0.7861328125;
02:34:57;11.0;1575858899;93.448;35.9442760052204;1.0794076878444565;-0.78857421875;
02:34:58;12.0;1575858900;93.246;37.236945062996135;1.1182265784683525;-0.81298828125;
02:34:59;13.0;1575858901;93.004;37.88327959188401;1.1376360237803007;-0.8251953125;
02:35:00;14.0;1575858902;92.403;36.590610534108265;1.0988171331564045;-0.80078125;
02:35:01;15.0;1575858903;92.263;37.62474578032886;1.1298722456555215;-0.8203125;
02:35:02;16.0;1575858904;92.623;36.978411251440995;1.1104628003435735;-0.80810546875;
02:35:03;17.0;1575858905;92.663;37.236945062996135;1.1182265784683525;-0.81298828125;
02:35:04;18.0;1575858906;93.085;36.84914434566342;1.1065809112811837;-0.8056640625;
02:35:05;19.0;1575858907;93.024;37.36621196877371;1.1221084675307422;-0.8154296875;
02:35:06;20.0;1575858908;92.823;37.107678157218565;1.114344689405963;-0.810546875;
02:35:07;21.0;1575858909;92.623;38.27108030921673;1.1492816909674695;-0.83251953125;
02:35:08;22.0;1575858910;92.443;37.49547887455129;1.125990356593132;-0.81787109375;
02:35:09;23.0;1575858911;92.343;37.49547887455129;1.125990356593132;-0.81787109375;
02:35:10;24.0;1575858912;92.363;36.332076722553126;1.0910533550316255;-0.7958984375;
02:35:11;25.0;1575858913;92.523;36.978411251440995;1.1104628003435735;-0.80810546875;
02:35:12;26.0;1575858914;92.303;37.36621196877371;1.1221084675307422;-0.8154296875;
02:35:13;27.0;1575858915;92.423;37.754012686106435;1.133754134717911;-0.82275390625;
02:35:15;29.0;1575858916;92.383;37.49547887455129;1.125990356593132;-0.81787109375;
02:35:16;30.0;1575858917;92.024;36.590610534108265;1.0988171331564045;-0.80078125;
02:35:17;31.0;1575858918;92.064;37.236945062996135;1.1182265784683525;-0.81298828125;
02:35:18;32.0;1575858919;91.945;37.49547887455129;1.125990356593132;-0.81787109375;
02:35:19;33.0;1575858920;92.024;37.49547887455129;1.125990356593132;-0.81787109375;
02:35:20;34.0;1575858921;91.865;38.400347214994305;1.1531635800298592;-0.8349609375;
02:35:21;35.0;1575858922;92.223;37.49547887455129;1.125990356593132;-0.81787109375;
02:35:22;36.0;1575858923;92.463;38.65888102654945;1.1609273581546382;-0.83984375;
02:35:23;37.0;1575858924;92.603;37.49547887455129;1.125990356593132;-0.81787109375;
02:35:24;38.0;1575858925;92.964;36.84914434566342;1.1065809112811837;-0.8056640625;
02:35:25;39.0;1575858926;93.024;37.36621196877371;1.1221084675307422;-0.8154296875;
02:35:26;40.0;1575858927;92.924;37.88327959188401;1.1376360237803007;-0.8251953125;
02:35:27;41.0;1575858928;92.763;35.815009099442825;1.075525798782067;-0.7861328125;
02:35:28;42.0;1575858929;92.843;33.100404078113776;0.9940061284718853;-0.73486328125;
02:35:29;43.0;1575858930;92.823;37.49547887455129;1.125990356593132;-0.81787109375;
02:35:30;44.0;1575858931;92.843;37.49547887455129;1.125990356593132;-0.81787109375;
02:35:31;45.0;1575858932;92.783;37.36621196877371;1.1221084675307422;-0.8154296875;
02:35:32;46.0;1575858933;92.723;37.49547887455129;1.125990356593132;-0.81787109375;
02:35:33;47.0;1575858934;92.283;37.754012686106435;1.133754134717911;-0.82275390625;
02:35:34;48.0;1575858935;92.303;37.236945062996135;1.1182265784683525;-0.81298828125;
02:35:35;49.0;1575858936;92.183;38.9174148381046;1.1686911362794175;-0.8447265625;
02:35:36;50.0;1575858937;92.163;37.754012686106435;1.133754134717911;-0.82275390625;
02:35:37;51.0;1575858938;92.163;36.71987743988584;1.1026990222187942;-0.80322265625;
02:35:38;52.0;1575858939;92.183;37.36621196877371;1.1221084675307422;-0.8154296875;
02:35:39;53.0;1575858940;92.563;37.36621196877371;1.1221084675307422;-0.8154296875;
02:35:40;54.0;1575858941;92.383;37.107678157218565;1.114344689405963;-0.810546875;
02:35:41;55.0;1575858942;92.403;37.49547887455129;1.125990356593132;-0.81787109375;
02:35:42;56.0;1575858943;92.163;36.332076722553126;1.0910533550316255;-0.7958984375;
02:35:43;57.0;1575858944;91.984;37.754012686106435;1.133754134717911;-0.82275390625;
02:35:44;58.0;1575858945;92.163;37.49547887455129;1.125990356593132;-0.81787109375;
02:35:45;59.0;1575858946;91.965;37.49547887455129;1.125990356593132;-0.81787109375;
02:35:46;60.0;1575858947;91.945;37.754012686106435;1.133754134717911;-0.82275390625;
02:35:47;61.0;1575858948;91.885;37.36621196877371;1.1221084675307422;-0.8154296875;
02:35:48;62.0;1575858949;91.885;41.761286765211224;1.2540926956519889;-0.8984375;
02:35:49;63.0;1575858950;92.084;37.62474578032886;1.1298722456555215;-0.8203125;
02:35:50;64.0;1575858951;92.483;38.52961412077188;1.1570454690922487;-0.83740234375;
02:35:51;65.0;1575858953;92.064;37.236945062996135;1.1182265784683525;-0.81298828125;
02:35:52;66.0;1575858954;92.044;37.62474578032886;1.1298722456555215;-0.8203125;
02:35:53;67.0;1575858955;92.303;37.49547887455129;1.125990356593132;-0.81787109375;
02:35:54;68.0;1575858956;91.984;37.36621196877371;1.1221084675307422;-0.8154296875;
02:35:55;69.0;1575858957;92.263;37.754012686106435;1.133754134717911;-0.82275390625;
02:35:56;70.0;1575858958;92.044;37.754012686106435;1.133754134717911;-0.82275390625;
02:35:57;71.0;1575858959;91.965;37.49547887455129;1.125990356593132;-0.81787109375;
02:35:58;72.0;1575858960;91.766;36.978411251440995;1.1104628003435735;-0.80810546875;
02:35:59;73.0;1575858961;91.509;34.78087385322224;1.0444706862829503;-0.7666015625;
02:36:00;74.0;1575858962;91.965;38.01254649766159;1.1415179128426904;-0.82763671875;
02:36:01;75.0;1575858963;91.984;37.49547887455129;1.125990356593132;-0.81787109375;
02:36:02;76.0;1575858964;91.885;37.107678157218565;1.114344689405963;-0.810546875;
02:36:03;77.0;1575858965;92.303;37.754012686106435;1.133754134717911;-0.82275390625;
02:36:04;78.0;1575858966;91.826;36.978411251440995;1.1104628003435735;-0.80810546875;
02:36:05;79.0;1575858967;91.667;37.36621196877371;1.1221084675307422;-0.8154296875;
02:36:06;80.0;1575858968;91.905;37.754012686106435;1.133754134717911;-0.82275390625;
02:36:07;81.0;1575858969;91.925;36.71987743988584;1.1026990222187942;-0.80322265625;
02:36:08;82.0;1575858970;92.183;37.49547887455129;1.125990356593132;-0.81787109375;
02:36:09;83.0;1575858971;92.124;37.36621196877371;1.1221084675307422;-0.8154296875;
02:36:10;84.0;1575858972;92.283;37.49547887455129;1.125990356593132;-0.81787109375;
02:36:11;85.0;1575858973;92.423;32.324802643448336;0.9707147940975477;-0.72021484375;
02:36:12;86.0;1575858974;92.223;37.88327959188401;1.1376360237803007;-0.8251953125;
02:36:13;87.0;1575858975;92.263;35.9442760052204;1.0794076878444565;-0.78857421875;
02:36:14;88.0;1575858976;92.104;36.978411251440995;1.1104628003435735;-0.80810546875;
02:36:15;89.0;1575858977;91.746;37.62474578032886;1.1298722456555215;-0.8203125;
02:36:16;90.0;1575858978;91.746;35.685742193665256;1.0716439097196775;-0.78369140625;
02:36:17;91.0;1575858979;91.945;37.107678157218565;1.114344689405963;-0.810546875;
02:36:19;93.0;1575858980;91.945;37.49547887455129;1.125990356593132;-0.81787109375;
02:36:20;94.0;1575858981;91.746;37.107678157218565;1.114344689405963;-0.810546875;
02:36:21;95.0;1575858982;92.124;37.62474578032886;1.1298722456555215;-0.8203125;
02:36:22;96.0;1575858983;92.064;37.62474578032886;1.1298722456555215;-0.8203125;
02:36:23;97.0;1575858984;92.044;37.36621196877371;1.1221084675307422;-0.8154296875;
02:36:24;98.0;1575858985;92.263;37.62474578032886;1.1298722456555215;-0.8203125;
02:36:25;99.0;1575858986;91.826;37.62474578032886;1.1298722456555215;-0.8203125;
02:36:26;100.0;1575858987;91.647;37.88327959188401;1.1376360237803007;-0.8251953125;
02:36:27;101.0;1575858988;91.647;37.49547887455129;1.125990356593132;-0.81787109375;
02:36:28;102.0;1575858989;91.687;36.978411251440995;1.1104628003435735;-0.80810546875;
02:36:29;103.0;1575858990;91.746;36.84914434566342;1.1065809112811837;-0.8056640625;
02:36:30;104.0;1575858991;91.885;37.36621196877371;1.1221084675307422;-0.8154296875;
02:36:31;105.0;1575858992;91.945;37.49547887455129;1.125990356593132;-0.81787109375;
02:36:32;106.0;1575858993;91.905;37.49547887455129;1.125990356593132;-0.81787109375;
02:36:33;107.0;1575858994;91.726;37.62474578032886;1.1298722456555215;-0.8203125;
02:36:34;108.0;1575858995;91.608;38.65888102654945;1.1609273581546382;-0.83984375;
02:36:35;109.0;1575858996;91.608;37.62474578032886;1.1298722456555215;-0.8203125;
02:36:36;110.0;1575858997;91.845;37.107678157218565;1.114344689405963;-0.810546875;
02:36:37;111.0;1575858998;91.826;37.49547887455129;1.125990356593132;-0.81787109375;
02:36:38;112.0;1575858999;91.865;37.754012686106435;1.133754134717911;-0.82275390625;
02:36:39;113.0;1575859000;91.826;37.36621196877371;1.1221084675307422;-0.8154296875;
02:36:40;114.0;1575859001;91.39;37.754012686106435;1.133754134717911;-0.82275390625;
02:36:41;115.0;1575859002;91.351;37.49547887455129;1.125990356593132;-0.81787109375;
02:36:42;116.0;1575859003;91.351;37.107678157218565;1.114344689405963;-0.810546875;
02:36:43;117.0;1575859004;91.311;37.88327959188401;1.1376360237803007;-0.8251953125;
02:36:44;118.0;1575859005;91.469;37.88327959188401;1.1376360237803007;-0.8251953125;
02:36:45;119.0;1575859006;91.707;37.107678157218565;1.114344689405963;-0.810546875;
02:36:46;120.0;1575859007;91.885;33.746738607001646;1.0134155737838333;-0.7470703125;
02:36:47;121.0;1575859008;91.766;37.107678157218565;1.114344689405963;-0.810546875;
02:36:48;122.0;1575859009;91.647;37.236945062996135;1.1182265784683525;-0.81298828125;
02:36:49;123.0;1575859010;91.845;37.49547887455129;1.125990356593132;-0.81787109375;
02:36:50;124.0;1575859011;91.588;37.62474578032886;1.1298722456555215;-0.8203125;
02:36:51;125.0;1575859012;91.726;37.62474578032886;1.1298722456555215;-0.8203125;
02:36:52;126.0;1575859013;92.044;36.978411251440995;1.1104628003435735;-0.80810546875;
02:36:53;127.0;1575859014;92.024;37.49547887455129;1.125990356593132;-0.81787109375;
02:36:54;128.0;1575859015;92.084;37.49547887455129;1.125990356593132;-0.81787109375;
02:36:55;129.0;1575859016;92.084;37.36621196877371;1.1221084675307422;-0.8154296875;
02:36:56;130.0;1575859017;91.905;38.14181340343915;1.1453998019050797;-0.830078125;
02:36:57;131.0;1575859018;91.707;37.36621196877371;1.1221084675307422;-0.8154296875;
02:36:58;132.0;1575859019;91.945;37.754012686106435;1.133754134717911;-0.82275390625;
02:36:59;133.0;1575859020;91.965;37.62474578032886;1.1298722456555215;-0.8203125;
02:37:00;134.0;1575859021;91.984;37.49547887455129;1.125990356593132;-0.81787109375;
02:37:01;135.0;1575859022;91.925;37.88327959188401;1.1376360237803007;-0.8251953125;
02:37:02;136.0;1575859023;91.469;37.36621196877371;1.1221084675307422;-0.8154296875;
02:37:03;137.0;1575859024;91.311;37.49547887455129;1.125990356593132;-0.81787109375;
02:37:04;138.0;1575859025;91.115;37.36621196877371;1.1221084675307422;-0.8154296875;
02:37:05;139.0;1575859026;91.193;37.49547887455129;1.125990356593132;-0.81787109375;
02:37:06;140.0;1575859027;91.174;38.52961412077188;1.1570454690922487;-0.83740234375;
02:37:07;141.0;1575859028;91.115;38.52961412077188;1.1570454690922487;-0.83740234375;
02:37:08;142.0;1575859029;91.115;38.27108030921673;1.1492816909674695;-0.83251953125;
02:37:09;143.0;1575859031;90.918;37.236945062996135;1.1182265784683525;-0.81298828125;
02:37:10;144.0;1575859032;91.351;37.62474578032886;1.1298722456555215;-0.8203125;
02:37:11;145.0;1575859033;91.548;37.49547887455129;1.125990356593132;-0.81787109375;
02:37:12;146.0;1575859034;91.885;37.88327959188401;1.1376360237803007;-0.8251953125;
02:37:13;147.0;1575859035;92.104;37.36621196877371;1.1221084675307422;-0.8154296875;
02:37:15;149.0;1575859036;91.489;37.236945062996135;1.1182265784683525;-0.81298828125;
02:37:16;150.0;1575859038;90.997;37.36621196877371;1.1221084675307422;-0.8154296875;
02:37:17;151.0;1575859039;90.84;37.754012686106435;1.133754134717911;-0.82275390625;
02:37:18;152.0;1575859040;90.957;37.36621196877371;1.1221084675307422;-0.8154296875;
02:37:19;153.0;1575859041;91.016;37.36621196877371;1.1221084675307422;-0.8154296875;
02:37:20;154.0;1575859042;91.233;37.49547887455129;1.125990356593132;-0.81787109375;
02:37:21;155.0;1575859043;91.351;37.49547887455129;1.125990356593132;-0.81787109375;
02:37:22;156.0;1575859044;91.233;38.14181340343915;1.1453998019050797;-0.830078125;
02:37:24;158.0;1575859045;91.351;38.78814793232702;1.1648092472170277;-0.84228515625;
02:37:25;159.0;1575859046;91.469;37.36621196877371;1.1221084675307422;-0.8154296875;
02:37:26;160.0;1575859047;91.115;37.62474578032886;1.1298722456555215;-0.8203125;
02:37:27;161.0;1575859048;90.84;37.754012686106435;1.133754134717911;-0.82275390625;
02:37:28;162.0;1575859049;90.899;38.01254649766159;1.1415179128426904;-0.82763671875;
02:37:29;163.0;1575859050;90.899;37.49547887455129;1.125990356593132;-0.81787109375;
02:37:30;164.0;1575859051;91.331;36.590610534108265;1.0988171331564045;-0.80078125;
02:37:31;165.0;1575859052;91.746;37.754012686106435;1.133754134717911;-0.82275390625;
02:37:32;166.0;1575859053;91.41;37.62474578032886;1.1298722456555215;-0.8203125;
02:37:33;167.0;1575859054;91.272;37.754012686106435;1.133754134717911;-0.82275390625;
02:37:34;168.0;1575859055;91.036;39.175948649659745;1.1764549144041967;-0.849609375;
02:37:35;169.0;1575859056;90.703;39.175948649659745;1.1764549144041967;-0.849609375;
02:37:36;170.0;1575859057;90.899;37.107678157218565;1.114344689405963;-0.810546875;
02:37:37;171.0;1575859058;90.879;37.36621196877371;1.1221084675307422;-0.8154296875;
02:37:38;172.0;1575859059;91.075;37.62474578032886;1.1298722456555215;-0.8203125;
02:37:39;173.0;1575859060;91.056;37.36621196877371;1.1221084675307422;-0.8154296875;
02:37:40;174.0;1575859061;91.115;37.49547887455129;1.125990356593132;-0.81787109375;
02:37:41;175.0;1575859062;91.115;36.4613436283307;1.0949352440940152;-0.79833984375;
02:37:42;176.0;1575859063;90.742;37.754012686106435;1.133754134717911;-0.82275390625;
02:37:43;177.0;1575859064;90.899;37.754012686106435;1.133754134717911;-0.82275390625;
02:37:44;178.0;1575859065;90.82;38.14181340343915;1.1453998019050797;-0.830078125;
02:37:45;179.0;1575859066;91.016;37.754012686106435;1.133754134717911;-0.82275390625;
02:37:46;180.0;1575859067;91.193;37.36621196877371;1.1221084675307422;-0.8154296875;
02:37:47;181.0;1575859068;91.213;37.49547887455129;1.125990356593132;-0.81787109375;
02:37:48;182.0;1575859069;90.977;37.62474578032886;1.1298722456555215;-0.8203125;
02:37:49;183.0;1575859070;90.918;37.754012686106435;1.133754134717911;-0.82275390625;
02:37:50;184.0;1575859071;91.154;37.36621196877371;1.1221084675307422;-0.8154296875;
02:37:51;185.0;1575859072;90.977;37.236945062996135;1.1182265784683525;-0.81298828125;
02:37:52;186.0;1575859073;91.036;37.49547887455129;1.125990356593132;-0.81787109375;
02:37:53;187.0;1575859074;90.742;37.36621196877371;1.1221084675307422;-0.8154296875;
02:37:54;188.0;1575859075;90.507;37.754012686106435;1.133754134717911;-0.82275390625;
02:37:55;189.0;1575859076;90.663;37.49547887455129;1.125990356593132;-0.81787109375;
02:37:56;190.0;1575859077;91.016;37.36621196877371;1.1221084675307422;-0.8154296875;
02:37:57;191.0;1575859078;91.115;37.49547887455129;1.125990356593132;-0.81787109375;
02:37:58;192.0;1575859079;91.292;37.236945062996135;1.1182265784683525;-0.81298828125;
02:37:59;193.0;1575859080;91.272;37.49547887455129;1.125990356593132;-0.81787109375;
02:38:00;194.0;1575859081;91.036;37.49547887455129;1.125990356593132;-0.81787109375;
02:38:01;195.0;1575859082;91.075;37.36621196877371;1.1221084675307422;-0.8154296875;
02:38:02;196.0;1575859083;90.683;36.84914434566342;1.1065809112811837;-0.8056640625;
02:38:03;197.0;1575859084;90.938;37.107678157218565;1.114344689405963;-0.810546875;
02:38:04;198.0;1575859085;90.801;37.754012686106435;1.133754134717911;-0.82275390625;
02:38:05;199.0;1575859086;90.683;37.754012686106435;1.133754134717911;-0.82275390625;
02:38:06;200.0;1575859087;90.879;38.01254649766159;1.1415179128426904;-0.82763671875;
02:38:07;201.0;1575859088;90.703;37.49547887455129;1.125990356593132;-0.81787109375;
02:38:08;202.0;1575859089;90.918;37.236945062996135;1.1182265784683525;-0.81298828125;
02:38:09;203.0;1575859090;91.016;37.49547887455129;1.125990356593132;-0.81787109375;
02:38:10;204.0;1575859091;90.82;36.71987743988584;1.1026990222187942;-0.80322265625;
02:38:11;205.0;1575859092;90.781;37.62474578032886;1.1298722456555215;-0.8203125;
02:38:12;206.0;1575859093;90.957;37.754012686106435;1.133754134717911;-0.82275390625;
02:38:13;207.0;1575859094;90.722;38.01254649766159;1.1415179128426904;-0.82763671875;
02:38:14;208.0;1575859095;90.899;37.88327959188401;1.1376360237803007;-0.8251953125;
02:38:15;209.0;1575859096;90.957;37.49547887455129;1.125990356593132;-0.81787109375;
02:38:16;210.0;1575859097;90.742;37.107678157218565;1.114344689405963;-0.810546875;
02:38:17;211.0;1575859099;90.997;37.49547887455129;1.125990356593132;-0.81787109375;
02:38:18;212.0;1575859100;90.801;37.36621196877371;1.1221084675307422;-0.8154296875;
02:38:19;213.0;1575859101;90.605;37.88327959188401;1.1376360237803007;-0.8251953125;
02:38:20;214.0;1575859102;90.429;37.49547887455129;1.125990356593132;-0.81787109375;
02:38:21;215.0;1575859103;90.234;37.88327959188401;1.1376360237803007;-0.8251953125;
02:38:22;216.0;1575859104;90.079;37.88327959188401;1.1376360237803007;-0.8251953125;
02:38:23;217.0;1575859105;90.04;38.14181340343915;1.1453998019050797;-0.830078125;
02:38:24;218.0;1575859106;90.429;37.36621196877371;1.1221084675307422;-0.8154296875;
02:38:25;219.0;1575859107;90.683;37.107678157218565;1.114344689405963;-0.810546875;
02:38:26;220.0;1575859108;90.683;37.236945062996135;1.1182265784683525;-0.81298828125;
02:38:28;222.0;1575859109;90.546;37.36621196877371;1.1221084675307422;-0.8154296875;
02:38:29;223.0;1575859110;89.788;36.978411251440995;1.1104628003435735;-0.80810546875;
02:38:30;224.0;1575859111;89.595;37.62474578032886;1.1298722456555215;-0.8203125;
02:38:31;225.0;1575859112;89.788;37.36621196877371;1.1221084675307422;-0.8154296875;
02:38:32;226.0;1575859113;90.118;37.754012686106435;1.133754134717911;-0.82275390625;
02:38:33;227.0;1575859114;90.488;37.236945062996135;1.1182265784683525;-0.81298828125;
02:38:34;228.0;1575859115;90.449;37.36621196877371;1.1221084675307422;-0.8154296875;
02:38:35;229.0;1575859116;90.703;37.49547887455129;1.125990356593132;-0.81787109375;
02:38:36;230.0;1575859117;90.527;37.62474578032886;1.1298722456555215;-0.8203125;
02:38:37;231.0;1575859118;90.742;39.4344824612149;1.184218692528976;-0.8544921875;
02:38:38;232.0;1575859119;90.938;37.36621196877371;1.1221084675307422;-0.8154296875;
02:38:39;233.0;1575859120;90.683;37.754012686106435;1.133754134717911;-0.82275390625;
02:38:40;234.0;1575859121;90.801;37.49547887455129;1.125990356593132;-0.81787109375;
02:38:41;235.0;1575859122;90.429;37.88327959188401;1.1376360237803007;-0.8251953125;
02:38:42;236.0;1575859123;90.273;37.88327959188401;1.1376360237803007;-0.8251953125;
02:38:43;237.0;1575859124;90.449;36.590610534108265;1.0988171331564045;-0.80078125;
02:38:44;238.0;1575859125;90.332;37.49547887455129;1.125990356593132;-0.81787109375;
02:38:45;239.0;1575859126;90.566;37.36621196877371;1.1221084675307422;-0.8154296875;
02:38:46;240.0;1575859127;90.312;36.20280981677555;1.0871714659692358;-0.79345703125;
02:38:47;241.0;1575859128;89.788;37.49547887455129;1.125990356593132;-0.81787109375;
02:38:48;242.0;1575859129;89.749;37.754012686106435;1.133754134717911;-0.82275390625;
02:38:49;243.0;1575859130;89.556;37.88327959188401;1.1376360237803007;-0.8251953125;
02:38:50;244.0;1575859131;89.788;37.49547887455129;1.125990356593132;-0.81787109375;
02:38:51;245.0;1575859132;90.215;37.236945062996135;1.1182265784683525;-0.81298828125;
02:38:52;246.0;1575859133;90.059;39.56374936699247;1.1881005815913654;-0.85693359375;
02:38:53;247.0;1575859134;90.176;37.236945062996135;1.1182265784683525;-0.81298828125;
02:38:54;248.0;1575859135;90.195;37.62474578032886;1.1298722456555215;-0.8203125;
02:38:55;249.0;1575859136;90.293;37.236945062996135;1.1182265784683525;-0.81298828125;
02:38:56;250.0;1575859137;90.488;37.36621196877371;1.1221084675307422;-0.8154296875;
02:38:57;251.0;1575859138;90.468;37.36621196877371;1.1221084675307422;-0.8154296875;
02:38:58;252.0;1575859139;90.801;33.100404078113776;0.9940061284718853;-0.73486328125;
02:38:59;253.0;1575859140;90.254;37.49547887455129;1.125990356593132;-0.81787109375;
02:39:00;254.0;1575859141;90.273;37.49547887455129;1.125990356593132;-0.81787109375;
02:39:01;255.0;1575859142;90.156;38.400347214994305;1.1531635800298592;-0.8349609375;
02:39:02;256.0;1575859143;89.982;37.754012686106435;1.133754134717911;-0.82275390625;
02:39:03;257.0;1575859144;90.41;37.36621196877371;1.1221084675307422;-0.8154296875;
02:39:04;258.0;1575859145;90.195;37.62474578032886;1.1298722456555215;-0.8203125;
02:39:05;259.0;1575859146;90.39;37.107678157218565;1.114344689405963;-0.810546875;
02:39:06;260.0;1575859147;90.429;37.49547887455129;1.125990356593132;-0.81787109375;
02:39:07;261.0;1575859149;90.215;37.107678157218565;1.114344689405963;-0.810546875;
02:39:08;262.0;1575859150;90.546;37.88327959188401;1.1376360237803007;-0.8251953125;
02:39:09;263.0;1575859151;90.332;36.84914434566342;1.1065809112811837;-0.8056640625;
02:39:10;264.0;1575859152;89.788;37.107678157218565;1.114344689405963;-0.810546875;
02:39:11;265.0;1575859153;90.156;36.84914434566342;1.1065809112811837;-0.8056640625;
02:39:13;267.0;1575859154;90.04;37.236945062996135;1.1182265784683525;-0.81298828125;
02:39:14;268.0;1575859156;90.527;37.88327959188401;1.1376360237803007;-0.8251953125;
02:39:15;269.0;1575859157;90.332;38.01254649766159;1.1415179128426904;-0.82763671875;
02:39:16;270.0;1575859158;90.273;37.754012686106435;1.133754134717911;-0.82275390625;
02:39:17;271.0;1575859159;90.449;37.754012686106435;1.133754134717911;-0.82275390625;
02:39:18;272.0;1575859160;90.001;37.754012686106435;1.133754134717911;-0.82275390625;
02:39:19;273.0;1575859161;89.885;37.88327959188401;1.1376360237803007;-0.8251953125;
02:39:20;274.0;1575859162;89.788;37.88327959188401;1.1376360237803007;-0.8251953125;
02:39:21;275.0;1575859163;89.556;36.332076722553126;1.0910533550316255;-0.7958984375;
02:39:22;276.0;1575859164;90.079;38.78814793232702;1.1648092472170277;-0.84228515625;
02:39:23;277.0;1575859165;90.195;37.62474578032886;1.1298722456555215;-0.8203125;
02:39:24;278.0;1575859166;90.312;37.62474578032886;1.1298722456555215;-0.8203125;
02:39:25;279.0;1575859167;90.585;37.754012686106435;1.133754134717911;-0.82275390625;
02:39:26;280.0;1575859168;90.156;37.754012686106435;1.133754134717911;-0.82275390625;
02:39:27;281.0;1575859169;90.156;36.978411251440995;1.1104628003435735;-0.80810546875;
02:39:28;282.0;1575859170;90.176;37.107678157218565;1.114344689405963;-0.810546875;
02:39:29;283.0;1575859171;89.962;37.49547887455129;1.125990356593132;-0.81787109375;
02:39:30;284.0;1575859172;90.137;37.62474578032886;1.1298722456555215;-0.8203125;
02:39:32;286.0;1575859173;90.098;38.27108030921673;1.1492816909674695;-0.83251953125;
02:39:33;287.0;1575859174;90.098;37.49547887455129;1.125990356593132;-0.81787109375;
02:39:34;288.0;1575859175;90.118;37.62474578032886;1.1298722456555215;-0.8203125;
02:39:35;289.0;1575859176;89.904;38.01254649766159;1.1415179128426904;-0.82763671875;
02:39:36;290.0;1575859177;89.575;38.14181340343915;1.1453998019050797;-0.830078125;
02:39:37;291.0;1575859178;89.788;37.62474578032886;1.1298722456555215;-0.8203125;
02:39:38;292.0;1575859179;89.923;37.49547887455129;1.125990356593132;-0.81787109375;
02:39:39;293.0;1575859180;89.943;37.62474578032886;1.1298722456555215;-0.8203125;
02:39:40;294.0;1575859181;90.371;38.01254649766159;1.1415179128426904;-0.82763671875;
02:39:41;295.0;1575859182;89.614;37.62474578032886;1.1298722456555215;-0.8203125;
02:39:42;296.0;1575859183;89.421;37.49547887455129;1.125990356593132;-0.81787109375;
02:39:43;297.0;1575859184;89.248;37.754012686106435;1.133754134717911;-0.82275390625;
02:39:44;298.0;1575859185;88.998;37.754012686106435;1.133754134717911;-0.82275390625;
02:39:45;299.0;1575859186;89.537;37.62474578032886;1.1298722456555215;-0.8203125;
02:39:46;300.0;1575859187;89.498;37.62474578032886;1.1298722456555215;-0.8203125;
02:39:47;301.0;1575859188;89.517;37.88327959188401;1.1376360237803007;-0.8251953125;
02:39:48;302.0;1575859189;89.344;37.88327959188401;1.1376360237803007;-0.8251953125;
02:39:49;303.0;1575859190;89.267;37.88327959188401;1.1376360237803007;-0.8251953125;
02:39:50;304.0;1575859191;89.344;37.754012686106435;1.133754134717911;-0.82275390625;
02:39:51;305.0;1575859192;89.498;37.88327959188401;1.1376360237803007;-0.8251953125;
02:39:52;306.0;1575859193;89.711;37.88327959188401;1.1376360237803007;-0.8251953125;
02:39:53;307.0;1575859194;89.595;37.49547887455129;1.125990356593132;-0.81787109375;
02:39:54;308.0;1575859195;89.943;38.14181340343915;1.1453998019050797;-0.830078125;
02:39:55;309.0;1575859196;89.769;37.754012686106435;1.133754134717911;-0.82275390625;
02:39:56;310.0;1575859197;89.672;37.36621196877371;1.1221084675307422;-0.8154296875;
02:39:57;311.0;1575859198;89.904;37.62474578032886;1.1298722456555215;-0.8203125;
02:39:58;312.0;1575859199;89.325;37.88327959188401;1.1376360237803007;-0.8251953125;
02:39:59;313.0;1575859200;89.363;37.754012686106435;1.133754134717911;-0.82275390625;
02:40:00;314.0;1575859201;89.827;37.754012686106435;1.133754134717911;-0.82275390625;
02:40:01;315.0;1575859202;89.614;37.36621196877371;1.1221084675307422;-0.8154296875;
02:40:02;316.0;1575859203;89.672;38.14181340343915;1.1453998019050797;-0.830078125;
02:40:03;317.0;1575859204;89.691;37.62474578032886;1.1298722456555215;-0.8203125;
02:40:04;318.0;1575859205;89.653;37.754012686106435;1.133754134717911;-0.82275390625;
02:40:05;319.0;1575859206;89.44;37.49547887455129;1.125990356593132;-0.81787109375;
02:40:06;320.0;1575859207;89.556;37.88327959188401;1.1376360237803007;-0.8251953125;
02:40:07;321.0;1575859208;89.711;38.27108030921673;1.1492816909674695;-0.83251953125;
02:40:08;322.0;1575859209;89.113;38.14181340343915;1.1453998019050797;-0.830078125;
02:40:09;323.0;1575859210;89.305;37.88327959188401;1.1376360237803007;-0.8251953125;
02:40:10;324.0;1575859211;89.132;39.175948649659745;1.1764549144041967;-0.849609375;
02:40:12;326.0;1575859212;89.672;37.88327959188401;1.1376360237803007;-0.8251953125;
02:40:13;327.0;1575859214;89.517;38.52961412077188;1.1570454690922487;-0.83740234375;
02:40:14;328.0;1575859216;89.44;37.88327959188401;1.1376360237803007;-0.8251953125;
02:40:15;329.0;1575859217;89.46;38.14181340343915;1.1453998019050797;-0.830078125;
02:40:16;330.0;1575859218;88.96;37.236945062996135;1.1182265784683525;-0.81298828125;
02:40:17;331.0;1575859219;89.171;36.84914434566342;1.1065809112811837;-0.8056640625;
02:40:18;332.0;1575859220;89.479;38.14181340343915;1.1453998019050797;-0.830078125;
02:40:19;333.0;1575859221;89.305;37.88327959188401;1.1376360237803007;-0.8251953125;
02:40:20;334.0;1575859222;89.229;37.49547887455129;1.125990356593132;-0.81787109375;
02:40:21;335.0;1575859223;89.036;37.88327959188401;1.1376360237803007;-0.8251953125;
02:40:22;336.0;1575859224;89.017;37.236945062996135;1.1182265784683525;-0.81298828125;
02:40:23;337.0;1575859225;88.998;38.14181340343915;1.1453998019050797;-0.830078125;
02:40:24;338.0;1575859226;89.229;37.88327959188401;1.1376360237803007;-0.8251953125;
02:40:25;339.0;1575859227;89.402;37.88327959188401;1.1376360237803007;-0.8251953125;
02:40:26;340.0;1575859228;89.209;37.88327959188401;1.1376360237803007;-0.8251953125;
02:40:27;341.0;1575859229;89.44;37.88327959188401;1.1376360237803007;-0.8251953125;
02:40:28;342.0;1575859230;89.305;33.61747170122407;1.0095336847214436;-0.74462890625;
02:40:29;343.0;1575859231;89.113;37.49547887455129;1.125990356593132;-0.81787109375;
02:40:30;344.0;1575859232;89.267;38.400347214994305;1.1531635800298592;-0.8349609375;
02:40:31;345.0;1575859233;89.382;37.754012686106435;1.133754134717911;-0.82275390625;
02:40:32;346.0;1575859234;89.363;37.49547887455129;1.125990356593132;-0.81787109375;
02:40:33;347.0;1575859235;89.305;37.62474578032886;1.1298722456555215;-0.8203125;
02:40:34;348.0;1575859236;89.286;37.107678157218565;1.114344689405963;-0.810546875;
02:40:36;350.0;1575859237;88.998;37.62474578032886;1.1298722456555215;-0.8203125;
02:40:37;351.0;1575859238;89.286;37.62474578032886;1.1298722456555215;-0.8203125;
02:40:38;352.0;1575859239;89.325;37.88327959188401;1.1376360237803007;-0.8251953125;
02:40:39;353.0;1575859240;89.075;37.754012686106435;1.133754134717911;-0.82275390625;
02:40:40;354.0;1575859241;89.056;37.754012686106435;1.133754134717911;-0.82275390625;
02:40:41;355.0;1575859242;88.749;39.175948649659745;1.1764549144041967;-0.849609375;
02:40:42;356.0;1575859243;88.96;37.754012686106435;1.133754134717911;-0.82275390625;
02:40:43;357.0;1575859244;89.479;37.36621196877371;1.1221084675307422;-0.8154296875;
02:40:44;358.0;1575859245;89.46;37.49547887455129;1.125990356593132;-0.81787109375;
02:40:45;359.0;1575859246;89.382;37.36621196877371;1.1221084675307422;-0.8154296875;
02:40:46;360.0;1575859247;89.363;37.88327959188401;1.1376360237803007;-0.8251953125;
02:40:47;361.0;1575859248;88.96;37.88327959188401;1.1376360237803007;-0.8251953125;
02:40:48;362.0;1575859249;89.171;37.62474578032886;1.1298722456555215;-0.8203125;
02:40:49;363.0;1575859250;89.44;37.754012686106435;1.133754134717911;-0.82275390625;
02:40:50;364.0;1575859251;89.479;39.046681743882175;1.1725730253418072;-0.84716796875;
02:40:51;365.0;1575859252;89.537;37.88327959188401;1.1376360237803007;-0.8251953125;
02:40:52;366.0;1575859253;89.152;37.754012686106435;1.133754134717911;-0.82275390625;
02:40:53;367.0;1575859254;88.979;37.62474578032886;1.1298722456555215;-0.8203125;
02:40:54;368.0;1575859255;88.788;37.88327959188401;1.1376360237803007;-0.8251953125;
02:40:55;369.0;1575859256;88.558;37.754012686106435;1.133754134717911;-0.82275390625;
02:40:56;370.0;1575859257;88.368;37.62474578032886;1.1298722456555215;-0.8203125;
02:40:57;371.0;1575859258;88.368;37.88327959188401;1.1376360237803007;-0.8251953125;
02:40:58;372.0;1575859259;88.482;38.01254649766159;1.1415179128426904;-0.82763671875;
02:40:59;373.0;1575859260;88.845;37.754012686106435;1.133754134717911;-0.82275390625;
02:41:00;374.0;1575859261;89.248;36.332076722553126;1.0910533550316255;-0.7958984375;
02:41:01;375.0;1575859262;89.402;37.36621196877371;1.1221084675307422;-0.8154296875;
02:41:02;376.0;1575859263;89.344;37.62474578032886;1.1298722456555215;-0.8203125;
02:41:03;377.0;1575859264;89.132;37.88327959188401;1.1376360237803007;-0.8251953125;
02:41:04;378.0;1575859265;89.094;37.49547887455129;1.125990356593132;-0.81787109375;
02:41:05;379.0;1575859266;89.132;37.62474578032886;1.1298722456555215;-0.8203125;
02:41:06;380.0;1575859267;88.902;37.49547887455129;1.125990356593132;-0.81787109375;
02:41:07;381.0;1575859268;89.132;37.49547887455129;1.125990356593132;-0.81787109375;
02:41:08;382.0;1575859269;89.171;38.14181340343915;1.1453998019050797;-0.830078125;
02:41:09;383.0;1575859270;88.73;37.49547887455129;1.125990356593132;-0.81787109375;
02:41:10;384.0;1575859271;88.692;38.52961412077188;1.1570454690922487;-0.83740234375;
02:41:11;385.0;1575859272;88.711;37.49547887455129;1.125990356593132;-0.81787109375;
02:41:12;386.0;1575859273;88.692;37.754012686106435;1.133754134717911;-0.82275390625;
02:41:13;387.0;1575859274;88.941;36.332076722553126;1.0910533550316255;-0.7958984375;
02:41:14;388.0;1575859275;89.075;37.62474578032886;1.1298722456555215;-0.8203125;
02:41:15;389.0;1575859276;88.635;9999.0;9999.0;9999.0;
02:41:16;390.0;1575859277;88.482;37.62474578032886;1.1298722456555215;-0.8203125;
02:41:17;391.0;1575859278;88.463;37.88327959188401;1.1376360237803007;-0.8251953125;
02:41:18;392.0;1575859279;88.33;38.01254649766159;1.1415179128426904;-0.82763671875;
02:41:19;393.0;1575859280;88.52;37.62474578032886;1.1298722456555215;-0.8203125;
02:41:20;394.0;1575859281;88.425;37.49547887455129;1.125990356593132;-0.81787109375;
02:41:21;395.0;1575859282;88.216;38.52961412077188;1.1570454690922487;-0.83740234375;
02:41:22;396.0;1575859283;88.007;37.36621196877371;1.1221084675307422;-0.8154296875;
02:41:23;397.0;1575859284;87.875;38.400347214994305;1.1531635800298592;-0.8349609375;
02:41:24;398.0;1575859285;88.121;37.754012686106435;1.133754134717911;-0.82275390625;
02:41:25;399.0;1575859286;88.33;37.88327959188401;1.1376360237803007;-0.8251953125;
02:41:26;400.0;1575859287;88.788;37.754012686106435;1.133754134717911;-0.82275390625;
02:41:27;401.0;1575859288;88.807;38.01254649766159;1.1415179128426904;-0.82763671875;
02:41:28;402.0;1575859289;88.749;37.88327959188401;1.1376360237803007;-0.8251953125;
02:41:29;403.0;1575859290;88.539;37.88327959188401;1.1376360237803007;-0.8251953125;
02:41:30;404.0;1575859291;88.444;37.88327959188401;1.1376360237803007;-0.8251953125;
02:41:31;405.0;1575859292;88.387;38.01254649766159;1.1415179128426904;-0.82763671875;
02:41:32;406.0;1575859293;88.254;38.14181340343915;1.1453998019050797;-0.830078125;
02:41:33;407.0;1575859294;88.463;37.62474578032886;1.1298722456555215;-0.8203125;
02:41:34;408.0;1575859295;88.558;37.88327959188401;1.1376360237803007;-0.8251953125;
02:41:35;409.0;1575859297;88.577;37.49547887455129;1.125990356593132;-0.81787109375;
02:41:36;410.0;1575859298;88.311;37.49547887455129;1.125990356593132;-0.81787109375;
02:41:37;411.0;1575859299;87.932;37.236945062996135;1.1182265784683525;-0.81298828125;
02:41:38;412.0;1575859300;87.856;38.52961412077188;1.1570454690922487;-0.83740234375;
02:41:40;414.0;1575859301;87.837;38.9174148381046;1.1686911362794175;-0.8447265625;
02:41:41;415.0;1575859302;88.444;37.62474578032886;1.1298722456555215;-0.8203125;
02:41:42;416.0;1575859303;88.654;37.62474578032886;1.1298722456555215;-0.8203125;
02:41:43;417.0;1575859304;88.711;38.14181340343915;1.1453998019050797;-0.830078125;
02:41:44;418.0;1575859305;88.749;37.236945062996135;1.1182265784683525;-0.81298828125;
02:41:45;419.0;1575859306;88.425;38.14181340343915;1.1453998019050797;-0.830078125;
02:41:46;420.0;1575859307;88.368;37.88327959188401;1.1376360237803007;-0.8251953125;
02:41:47;421.0;1575859308;87.951;36.84914434566342;1.1065809112811837;-0.8056640625;
02:41:48;422.0;1575859309;87.762;37.88327959188401;1.1376360237803007;-0.8251953125;
02:41:49;423.0;1575859310;87.913;37.62474578032886;1.1298722456555215;-0.8203125;
02:41:50;424.0;1575859311;87.913;37.88327959188401;1.1376360237803007;-0.8251953125;
02:41:51;425.0;1575859312;88.064;37.62474578032886;1.1298722456555215;-0.8203125;
02:41:52;426.0;1575859313;88.254;36.4613436283307;1.0949352440940152;-0.79833984375;
02:41:53;427.0;1575859314;88.121;37.88327959188401;1.1376360237803007;-0.8251953125;
02:41:54;428.0;1575859315;88.178;37.62474578032886;1.1298722456555215;-0.8203125;
02:41:55;429.0;1575859316;88.064;37.754012686106435;1.133754134717911;-0.82275390625;
02:41:56;430.0;1575859317;88.311;37.36621196877371;1.1221084675307422;-0.8154296875;
02:41:57;431.0;1575859318;88.235;38.14181340343915;1.1453998019050797;-0.830078125;
02:41:58;432.0;1575859319;88.368;38.400347214994305;1.1531635800298592;-0.8349609375;
02:41:59;433.0;1575859320;88.349;37.754012686106435;1.133754134717911;-0.82275390625;
02:42:00;434.0;1575859321;88.102;37.62474578032886;1.1298722456555215;-0.8203125;
02:42:01;435.0;1575859322;88.292;37.88327959188401;1.1376360237803007;-0.8251953125;
02:42:02;436.0;1575859323;88.539;37.62474578032886;1.1298722456555215;-0.8203125;
02:42:03;437.0;1575859324;88.558;37.236945062996135;1.1182265784683525;-0.81298828125;
02:42:04;438.0;1575859325;88.539;36.4613436283307;1.0949352440940152;-0.79833984375;
02:42:05;439.0;1575859326;88.254;37.88327959188401;1.1376360237803007;-0.8251953125;
02:42:06;440.0;1575859327;88.064;37.754012686106435;1.133754134717911;-0.82275390625;
02:42:07;441.0;1575859328;88.121;39.30521555543732;1.1803368034665864;-0.85205078125;
02:42:08;442.0;1575859329;88.159;37.754012686106435;1.133754134717911;-0.82275390625;
02:42:09;443.0;1575859330;88.349;37.36621196877371;1.1221084675307422;-0.8154296875;
02:42:10;444.0;1575859331;88.14;37.62474578032886;1.1298722456555215;-0.8203125;
02:42:11;445.0;1575859332;88.463;37.754012686106435;1.133754134717911;-0.82275390625;
02:42:12;446.0;1575859333;88.501;37.754012686106435;1.133754134717911;-0.82275390625;
02:42:13;447.0;1575859334;88.273;37.88327959188401;1.1376360237803007;-0.8251953125;
02:42:14;448.0;1575859335;88.501;36.4613436283307;1.0949352440940152;-0.79833984375;
02:42:15;449.0;1575859336;88.102;37.754012686106435;1.133754134717911;-0.82275390625;
02:42:16;450.0;1575859337;87.667;38.27108030921673;1.1492816909674695;-0.83251953125;
02:42:17;451.0;1575859338;87.667;38.27108030921673;1.1492816909674695;-0.83251953125;
02:42:18;452.0;1575859339;87.441;37.754012686106435;1.133754134717911;-0.82275390625;
02:42:19;453.0;1575859340;87.648;40.72715151899063;1.223037583152872;-0.87890625;
02:42:20;454.0;1575859341;87.875;38.65888102654945;1.1609273581546382;-0.83984375;
02:42:21;455.0;1575859342;87.875;37.754012686106435;1.133754134717911;-0.82275390625;
02:42:22;456.0;1575859343;87.724;38.01254649766159;1.1415179128426904;-0.82763671875;
02:42:23;457.0;1575859344;87.686;38.01254649766159;1.1415179128426904;-0.82763671875;
02:42:24;458.0;1575859345;87.818;37.754012686106435;1.133754134717911;-0.82275390625;
02:42:25;459.0;1575859346;88.14;38.01254649766159;1.1415179128426904;-0.82763671875;
02:42:26;460.0;1575859348;88.14;39.046681743882175;1.1725730253418072;-0.84716796875;
02:42:27;461.0;1575859349;88.121;37.88327959188401;1.1376360237803007;-0.8251953125;
02:42:28;462.0;1575859350;87.969;38.01254649766159;1.1415179128426904;-0.82763671875;
02:42:29;463.0;1575859351;87.648;37.36621196877371;1.1221084675307422;-0.8154296875;
02:42:30;464.0;1575859352;87.818;38.14181340343915;1.1453998019050797;-0.830078125;
02:42:31;465.0;1575859353;87.705;35.815009099442825;1.075525798782067;-0.7861328125;
02:42:32;466.0;1575859354;87.479;38.01254649766159;1.1415179128426904;-0.82763671875;
02:42:33;467.0;1575859355;87.648;37.62474578032886;1.1298722456555215;-0.8203125;
02:42:34;468.0;1575859356;87.291;37.754012686106435;1.133754134717911;-0.82275390625;
02:42:35;469.0;1575859357;87.629;38.27108030921673;1.1492816909674695;-0.83251953125;
02:42:36;470.0;1575859358;88.102;37.62474578032886;1.1298722456555215;-0.8203125;
02:42:37;471.0;1575859359;88.102;37.88327959188401;1.1376360237803007;-0.8251953125;
02:42:38;472.0;1575859360;88.254;38.14181340343915;1.1453998019050797;-0.830078125;
02:42:39;473.0;1575859361;88.254;38.14181340343915;1.1453998019050797;-0.830078125;
02:42:40;474.0;1575859362;88.159;38.01254649766159;1.1415179128426904;-0.82763671875;
02:42:41;475.0;1575859363;87.969;37.88327959188401;1.1376360237803007;-0.8251953125;
02:42:42;476.0;1575859364;88.368;38.14181340343915;1.1453998019050797;-0.830078125;
02:42:44;478.0;1575859365;88.387;38.14181340343915;1.1453998019050797;-0.830078125;
02:42:45;479.0;1575859366;88.254;38.14181340343915;1.1453998019050797;-0.830078125;
02:42:46;480.0;1575859367;88.121;38.14181340343915;1.1453998019050797;-0.830078125;
02:42:47;481.0;1575859368;87.743;38.9174148381046;1.1686911362794175;-0.8447265625;
02:42:48;482.0;1575859369;87.535;37.88327959188401;1.1376360237803007;-0.8251953125;
02:42:49;483.0;1575859370;87.498;37.62474578032886;1.1298722456555215;-0.8203125;
02:42:50;484.0;1575859371;87.648;37.49547887455129;1.125990356593132;-0.81787109375;
02:42:51;485.0;1575859372;87.705;38.65888102654945;1.1609273581546382;-0.83984375;
02:42:52;486.0;1575859373;87.366;38.14181340343915;1.1453998019050797;-0.830078125;
02:42:53;487.0;1575859374;87.554;38.01254649766159;1.1415179128426904;-0.82763671875;
02:42:54;488.0;1575859375;87.422;37.754012686106435;1.133754134717911;-0.82275390625;
02:42:55;489.0;1575859376;87.253;37.62474578032886;1.1298722456555215;-0.8203125;
02:42:56;490.0;1575859377;87.422;37.49547887455129;1.125990356593132;-0.81787109375;
02:42:57;491.0;1575859378;87.404;38.01254649766159;1.1415179128426904;-0.82763671875;
02:42:58;492.0;1575859379;87.554;38.14181340343915;1.1453998019050797;-0.830078125;
02:42:59;493.0;1575859380;87.856;38.01254649766159;1.1415179128426904;-0.82763671875;
02:43:00;494.0;1575859381;87.913;37.49547887455129;1.125990356593132;-0.81787109375;
02:43:01;495.0;1575859382;87.799;37.88327959188401;1.1376360237803007;-0.8251953125;
02:43:02;496.0;1575859383;87.932;37.88327959188401;1.1376360237803007;-0.8251953125;
02:43:03;497.0;1575859384;87.913;38.01254649766159;1.1415179128426904;-0.82763671875;
02:43:04;498.0;1575859385;87.818;38.14181340343915;1.1453998019050797;-0.830078125;
02:43:05;499.0;1575859386;87.799;37.754012686106435;1.133754134717911;-0.82275390625;
02:43:06;500.0;1575859387;87.441;37.754012686106435;1.133754134717911;-0.82275390625;
02:43:07;501.0;1575859388;87.272;37.754012686106435;1.133754134717911;-0.82275390625;
02:43:08;502.0;1575859389;87.667;37.62474578032886;1.1298722456555215;-0.8203125;
02:43:09;503.0;1575859389;87.648;37.62474578032886;1.1298722456555215;-0.8203125;
02:43:10;504.0;1575859391;87.686;37.88327959188401;1.1376360237803007;-0.8251953125;
02:43:11;505.0;1575859392;87.686;37.754012686106435;1.133754134717911;-0.82275390625;
02:43:12;506.0;1575859393;87.366;36.332076722553126;1.0910533550316255;-0.7958984375;
02:43:13;507.0;1575859394;87.592;38.01254649766159;1.1415179128426904;-0.82763671875;
02:43:14;508.0;1575859395;87.743;37.36621196877371;1.1221084675307422;-0.8154296875;
02:43:15;509.0;1575859396;87.913;37.62474578032886;1.1298722456555215;-0.8203125;
02:43:16;510.0;1575859397;87.705;38.52961412077188;1.1570454690922487;-0.83740234375;
02:43:17;511.0;1575859398;87.272;37.88327959188401;1.1376360237803007;-0.8251953125;
02:43:18;512.0;1575859400;87.291;38.01254649766159;1.1415179128426904;-0.82763671875;
02:43:19;513.0;1575859401;86.972;37.88327959188401;1.1376360237803007;-0.8251953125;
02:43:20;514.0;1575859402;87.103;38.52961412077188;1.1570454690922487;-0.83740234375;
02:43:21;515.0;1575859403;87.535;38.78814793232702;1.1648092472170277;-0.84228515625;
02:43:22;516.0;1575859404;87.743;38.14181340343915;1.1453998019050797;-0.830078125;
02:43:23;517.0;1575859405;87.951;38.14181340343915;1.1453998019050797;-0.830078125;
02:43:24;518.0;1575859406;87.988;38.14181340343915;1.1453998019050797;-0.830078125;
02:43:25;519.0;1575859407;87.404;38.01254649766159;1.1415179128426904;-0.82763671875;
02:43:26;520.0;1575859408;87.01;37.88327959188401;1.1376360237803007;-0.8251953125;
02:43:27;521.0;1575859409;86.972;38.14181340343915;1.1453998019050797;-0.830078125;
02:43:28;522.0;1575859410;86.786;38.14181340343915;1.1453998019050797;-0.830078125;
02:43:29;523.0;1575859411;86.786;38.14181340343915;1.1453998019050797;-0.830078125;
02:43:30;524.0;1575859412;87.122;37.88327959188401;1.1376360237803007;-0.8251953125;
02:43:31;525.0;1575859413;86.916;37.754012686106435;1.133754134717911;-0.82275390625;
02:43:32;526.0;1575859414;86.916;37.36621196877371;1.1221084675307422;-0.8154296875;
02:43:33;527.0;1575859415;87.46;37.754012686106435;1.133754134717911;-0.82275390625;
02:43:34;528.0;1575859416;87.31;38.27108030921673;1.1492816909674695;-0.83251953125;
02:43:35;529.0;1575859417;87.724;37.88327959188401;1.1376360237803007;-0.8251953125;
02:43:36;530.0;1575859418;87.535;37.88327959188401;1.1376360237803007;-0.8251953125;
02:43:37;531.0;1575859419;87.328;37.88327959188401;1.1376360237803007;-0.8251953125;
02:43:38;532.0;1575859420;87.347;38.01254649766159;1.1415179128426904;-0.82763671875;
02:43:39;533.0;1575859421;87.16;37.88327959188401;1.1376360237803007;-0.8251953125;
02:43:40;534.0;1575859422;87.404;37.754012686106435;1.133754134717911;-0.82275390625;
02:43:41;535.0;1575859423;87.31;36.332076722553126;1.0910533550316255;-0.7958984375;
02:43:42;536.0;1575859424;87.272;37.49547887455129;1.125990356593132;-0.81787109375;
02:43:43;537.0;1575859425;87.328;36.332076722553126;1.0910533550316255;-0.7958984375;
02:43:44;538.0;1575859426;87.498;37.88327959188401;1.1376360237803007;-0.8251953125;
02:43:45;539.0;1575859427;87.629;37.754012686106435;1.133754134717911;-0.82275390625;
02:43:46;540.0;1575859428;87.498;37.88327959188401;1.1376360237803007;-0.8251953125;
02:43:48;542.0;1575859429;87.272;38.52961412077188;1.1570454690922487;-0.83740234375;
02:43:49;543.0;1575859430;87.272;37.754012686106435;1.133754134717911;-0.82275390625;
02:43:50;544.0;1575859431;86.898;38.52961412077188;1.1570454690922487;-0.83740234375;
02:43:51;545.0;1575859432;87.085;37.88327959188401;1.1376360237803007;-0.8251953125;
02:43:52;546.0;1575859433;87.066;37.88327959188401;1.1376360237803007;-0.8251953125;
02:43:53;547.0;1575859434;87.028;37.754012686106435;1.133754134717911;-0.82275390625;
02:43:54;548.0;1575859435;87.197;37.62474578032886;1.1298722456555215;-0.8203125;
02:43:55;549.0;1575859436;87.141;37.754012686106435;1.133754134717911;-0.82275390625;
02:43:56;550.0;1575859437;87.141;37.88327959188401;1.1376360237803007;-0.8251953125;
02:43:57;551.0;1575859438;86.804;38.14181340343915;1.1453998019050797;-0.830078125;
02:43:58;552.0;1575859439;86.804;37.88327959188401;1.1376360237803007;-0.8251953125;
02:43:59;553.0;1575859440;86.823;37.88327959188401;1.1376360237803007;-0.8251953125;
02:44:00;554.0;1575859441;86.804;37.36621196877371;1.1221084675307422;-0.8154296875;
02:44:01;555.0;1575859442;86.954;38.14181340343915;1.1453998019050797;-0.830078125;
02:44:02;556.0;1575859443;86.935;37.88327959188401;1.1376360237803007;-0.8251953125;
02:44:03;557.0;1575859444;86.618;37.88327959188401;1.1376360237803007;-0.8251953125;
02:44:04;558.0;1575859445;86.469;37.754012686106435;1.133754134717911;-0.82275390625;
02:44:05;559.0;1575859446;86.172;38.14181340343915;1.1453998019050797;-0.830078125;
02:44:06;560.0;1575859447;86.172;37.88327959188401;1.1376360237803007;-0.8251953125;
02:44:07;561.0;1575859448;86.283;37.88327959188401;1.1376360237803007;-0.8251953125;
02:44:08;562.0;1575859449;86.321;38.14181340343915;1.1453998019050797;-0.830078125;
02:44:09;563.0;1575859450;86.432;37.49547887455129;1.125990356593132;-0.81787109375;
02:44:10;564.0;1575859451;86.488;38.01254649766159;1.1415179128426904;-0.82763671875;
02:44:11;565.0;1575859452;86.506;36.332076722553126;1.0910533550316255;-0.7958984375;
02:44:12;566.0;1575859453;86.804;9999.0;9999.0;9999.0;
02:44:13;567.0;1575859454;86.786;37.88327959188401;1.1376360237803007;-0.8251953125;
02:44:14;568.0;1575859455;86.786;37.88327959188401;1.1376360237803007;-0.8251953125;
02:44:15;569.0;1575859456;86.804;37.88327959188401;1.1376360237803007;-0.8251953125;
02:44:16;570.0;1575859457;86.636;37.49547887455129;1.125990356593132;-0.81787109375;
02:44:17;571.0;1575859458;86.506;38.01254649766159;1.1415179128426904;-0.82763671875;
02:44:18;572.0;1575859459;86.358;37.88327959188401;1.1376360237803007;-0.8251953125;
02:44:19;573.0;1575859460;86.525;37.88327959188401;1.1376360237803007;-0.8251953125;
02:44:20;574.0;1575859461;86.321;38.14181340343915;1.1453998019050797;-0.830078125;
02:44:21;575.0;1575859462;86.674;37.62474578032886;1.1298722456555215;-0.8203125;
02:44:22;576.0;1575859463;86.655;37.88327959188401;1.1376360237803007;-0.8251953125;
02:44:23;577.0;1575859464;86.135;37.88327959188401;1.1376360237803007;-0.8251953125;
02:44:24;578.0;1575859465;86.321;37.88327959188401;1.1376360237803007;-0.8251953125;
02:44:25;579.0;1575859466;86.339;36.978411251440995;1.1104628003435735;-0.80810546875;
02:44:26;580.0;1575859467;86.45;37.88327959188401;1.1376360237803007;-0.8251953125;
02:44:27;581.0;1575859468;86.786;36.332076722553126;1.0910533550316255;-0.7958984375;
02:44:28;582.0;1575859469;86.655;38.400347214994305;1.1531635800298592;-0.8349609375;
02:44:29;583.0;1575859470;86.655;37.88327959188401;1.1376360237803007;-0.8251953125;
02:44:30;584.0;1575859471;86.506;37.49547887455129;1.125990356593132;-0.81787109375;
02:44:31;585.0;1575859472;86.786;37.62474578032886;1.1298722456555215;-0.8203125;
02:44:32;586.0;1575859473;86.954;38.78814793232702;1.1648092472170277;-0.84228515625;
02:44:33;587.0;1575859474;86.767;42.27835438832152;1.2696202519015471;-0.908203125;
02:44:34;588.0;1575859475;86.935;39.046681743882175;1.1725730253418072;-0.84716796875;
02:44:35;589.0;1575859476;86.488;37.62474578032886;1.1298722456555215;-0.8203125;
02:44:36;590.0;1575859478;86.469;38.65888102654945;1.1609273581546382;-0.83984375;
02:44:37;591.0;1575859479;86.655;37.754012686106435;1.133754134717911;-0.82275390625;
02:44:38;592.0;1575859480;86.376;38.01254649766159;1.1415179128426904;-0.82763671875;
02:44:39;593.0;1575859481;86.246;38.14181340343915;1.1453998019050797;-0.830078125;
02:44:40;594.0;1575859482;86.228;37.49547887455129;1.125990356593132;-0.81787109375;
02:44:41;595.0;1575859483;86.024;38.27108030921673;1.1492816909674695;-0.83251953125;
02:44:42;596.0;1575859484;86.302;38.400347214994305;1.1531635800298592;-0.8349609375;
02:44:43;597.0;1575859485;86.786;38.01254649766159;1.1415179128426904;-0.82763671875;
02:44:44;598.0;1575859486;86.823;37.49547887455129;1.125990356593132;-0.81787109375;
02:44:45;599.0;1575859487;86.711;37.88327959188401;1.1376360237803007;-0.8251953125;
02:44:46;600.0;1575859488;86.562;38.01254649766159;1.1415179128426904;-0.82763671875;
02:44:47;601.0;1575859489;86.432;38.14181340343915;1.1453998019050797;-0.830078125;
02:44:48;602.0;1575859490;86.395;40.985685330545785;1.2308013612776514;-0.8837890625;
02:44:49;603.0;1575859491;86.506;40.597884613213054;1.2191556940904822;-0.87646484375;
02:44:50;604.0;1575859492;86.674;37.62474578032886;1.1298722456555215;-0.8203125;
02:44:52;606.0;1575859493;86.432;38.400347214994305;1.1531635800298592;-0.8349609375;
02:44:53;607.0;1575859494;86.172;37.88327959188401;1.1376360237803007;-0.8251953125;
02:44:54;608.0;1575859495;86.172;38.27108030921673;1.1492816909674695;-0.83251953125;
02:44:55;609.0;1575859496;86.024;38.400347214994305;1.1531635800298592;-0.8349609375;
02:44:56;610.0;1575859497;86.135;37.88327959188401;1.1376360237803007;-0.8251953125;
02:44:57;611.0;1575859498;86.209;38.14181340343915;1.1453998019050797;-0.830078125;
02:44:58;612.0;1575859499;86.024;37.88327959188401;1.1376360237803007;-0.8251953125;
02:44:59;613.0;1575859500;85.969;38.01254649766159;1.1415179128426904;-0.82763671875;
02:45:00;614.0;1575859501;86.061;36.978411251440995;1.1104628003435735;-0.80810546875;
02:45:01;615.0;1575859502;86.08;38.01254649766159;1.1415179128426904;-0.82763671875;
02:45:02;616.0;1575859503;86.135;37.754012686106435;1.133754134717911;-0.82275390625;
02:45:03;617.0;1575859504;86.209;37.88327959188401;1.1376360237803007;-0.8251953125;
02:45:04;618.0;1575859505;86.283;37.107678157218565;1.114344689405963;-0.810546875;
02:45:05;619.0;1575859506;86.283;38.400347214994305;1.1531635800298592;-0.8349609375;
02:45:06;620.0;1575859507;86.265;37.36621196877371;1.1221084675307422;-0.8154296875;
02:45:07;621.0;1575859508;86.228;37.36621196877371;1.1221084675307422;-0.8154296875;
02:45:08;622.0;1575859509;86.172;38.01254649766159;1.1415179128426904;-0.82763671875;
02:45:09;623.0;1575859510;86.024;38.01254649766159;1.1415179128426904;-0.82763671875;
02:45:10;624.0;1575859511;86.098;38.01254649766159;1.1415179128426904;-0.82763671875;
02:45:11;625.0;1575859512;86.321;37.754012686106435;1.133754134717911;-0.82275390625;
02:45:12;626.0;1575859513;85.932;38.65888102654945;1.1609273581546382;-0.83984375;
02:45:13;627.0;1575859514;86.08;38.27108030921673;1.1492816909674695;-0.83251953125;
02:45:14;628.0;1575859515;86.321;37.62474578032886;1.1298722456555215;-0.8203125;
02:45:15;629.0;1575859516;86.117;38.400347214994305;1.1531635800298592;-0.8349609375;
02:45:16;630.0;1575859517;86.117;42.53688819987667;1.2773840300263266;-0.9130859375;
02:45:17;631.0;1575859518;86.08;37.36621196877371;1.1221084675307422;-0.8154296875;
02:45:18;632.0;1575859519;85.766;38.27108030921673;1.1492816909674695;-0.83251953125;
02:45:19;633.0;1575859520;85.729;38.9174148381046;1.1686911362794175;-0.8447265625;
02:45:20;634.0;1575859521;86.117;38.14181340343915;1.1453998019050797;-0.830078125;
02:45:21;635.0;1575859522;86.358;38.52961412077188;1.1570454690922487;-0.83740234375;
02:45:22;636.0;1575859523;86.488;37.88327959188401;1.1376360237803007;-0.8251953125;
02:45:23;637.0;1575859524;86.488;38.01254649766159;1.1415179128426904;-0.82763671875;
02:45:24;638.0;1575859525;86.209;37.88327959188401;1.1376360237803007;-0.8251953125;
02:45:25;639.0;1575859526;85.84;37.88327959188401;1.1376360237803007;-0.8251953125;
02:45:26;640.0;1575859527;85.711;38.78814793232702;1.1648092472170277;-0.84228515625;
02:45:27;641.0;1575859528;85.362;38.01254649766159;1.1415179128426904;-0.82763671875;
02:45:28;642.0;1575859529;85.307;37.754012686106435;1.133754134717911;-0.82275390625;
02:45:29;643.0;1575859530;85.307;38.01254649766159;1.1415179128426904;-0.82763671875;
02:45:30;644.0;1575859531;85.472;37.88327959188401;1.1376360237803007;-0.8251953125;
02:45:31;645.0;1575859532;85.803;38.14181340343915;1.1453998019050797;-0.830078125;
02:45:32;646.0;1575859533;85.784;37.62474578032886;1.1298722456555215;-0.8203125;
02:45:33;647.0;1575859534;85.637;37.88327959188401;1.1376360237803007;-0.8251953125;
02:45:34;648.0;1575859535;85.637;37.754012686106435;1.133754134717911;-0.82275390625;
02:45:35;649.0;1575859536;85.527;38.400347214994305;1.1531635800298592;-0.8349609375;
02:45:36;650.0;1575859537;85.545;37.88327959188401;1.1376360237803007;-0.8251953125;
02:45:37;651.0;1575859538;85.729;39.69301627277004;1.191982470653755;-0.859375;
02:45:38;652.0;1575859539;85.343;33.61747170122407;1.0095336847214436;-0.74462890625;
02:45:39;653.0;1575859540;85.398;37.88327959188401;1.1376360237803007;-0.8251953125;
02:45:40;654.0;1575859541;85.197;37.88327959188401;1.1376360237803007;-0.8251953125;
02:45:41;655.0;1575859542;85.014;37.88327959188401;1.1376360237803007;-0.8251953125;
02:45:42;656.0;1575859543;85.27;37.754012686106435;1.133754134717911;-0.82275390625;
02:45:43;657.0;1575859544;85.197;37.107678157218565;1.114344689405963;-0.810546875;
02:45:44;658.0;1575859545;85.197;38.01254649766159;1.1415179128426904;-0.82763671875;
02:45:45;659.0;1575859546;85.564;37.88327959188401;1.1376360237803007;-0.8251953125;
02:45:46;660.0;1575859547;85.472;37.36621196877371;1.1221084675307422;-0.8154296875;
02:45:47;661.0;1575859548;85.343;37.754012686106435;1.133754134717911;-0.82275390625;
02:45:48;662.0;1575859549;85.527;38.400347214994305;1.1531635800298592;-0.8349609375;
02:45:49;663.0;1575859550;85.343;38.27108030921673;1.1492816909674695;-0.83251953125;
02:45:50;664.0;1575859551;85.6;38.14181340343915;1.1453998019050797;-0.830078125;
02:45:51;665.0;1575859553;85.748;38.52961412077188;1.1570454690922487;-0.83740234375;
02:45:52;666.0;1575859554;85.784;38.14181340343915;1.1453998019050797;-0.830078125;
02:45:53;667.0;1575859555;85.95;38.400347214994305;1.1531635800298592;-0.8349609375;
02:45:54;668.0;1575859556;86.061;37.49547887455129;1.125990356593132;-0.81787109375;
02:45:55;669.0;1575859557;86.08;38.27108030921673;1.1492816909674695;-0.83251953125;
02:45:57;671.0;1575859558;86.08;38.01254649766159;1.1415179128426904;-0.82763671875;
02:45:58;672.0;1575859559;85.913;38.14181340343915;1.1453998019050797;-0.830078125;
02:45:59;673.0;1575859560;85.417;38.14181340343915;1.1453998019050797;-0.830078125;
02:46:00;674.0;1575859561;85.234;38.14181340343915;1.1453998019050797;-0.830078125;
02:46:01;675.0;1575859562;85.179;38.400347214994305;1.1531635800298592;-0.8349609375;
02:46:02;676.0;1575859563;85.197;37.36621196877371;1.1221084675307422;-0.8154296875;
02:46:03;677.0;1575859564;85.398;38.27108030921673;1.1492816909674695;-0.83251953125;
02:46:04;678.0;1575859565;85.179;38.52961412077188;1.1570454690922487;-0.83740234375;
02:46:05;679.0;1575859566;84.996;38.52961412077188;1.1570454690922487;-0.83740234375;
02:46:06;680.0;1575859567;85.014;37.88327959188401;1.1376360237803007;-0.8251953125;
02:46:07;681.0;1575859568;84.887;37.88327959188401;1.1376360237803007;-0.8251953125;
02:46:08;682.0;1575859569;85.288;37.88327959188401;1.1376360237803007;-0.8251953125;
02:46:09;683.0;1575859570;85.527;38.27108030921673;1.1492816909674695;-0.83251953125;
02:46:10;684.0;1575859571;85.288;38.14181340343915;1.1453998019050797;-0.830078125;
02:46:11;685.0;1575859572;85.398;37.754012686106435;1.133754134717911;-0.82275390625;
02:46:12;686.0;1575859573;85.398;36.332076722553126;1.0910533550316255;-0.7958984375;
02:46:13;687.0;1575859574;85.398;38.01254649766159;1.1415179128426904;-0.82763671875;
02:46:14;688.0;1575859575;85.582;38.400347214994305;1.1531635800298592;-0.8349609375;
02:46:15;689.0;1575859576;85.435;38.01254649766159;1.1415179128426904;-0.82763671875;
02:46:16;690.0;1575859577;85.215;37.88327959188401;1.1376360237803007;-0.8251953125;
02:46:17;691.0;1575859578;85.142;37.49547887455129;1.125990356593132;-0.81787109375;
02:46:18;692.0;1575859579;84.96;38.27108030921673;1.1492816909674695;-0.83251953125;
02:46:19;693.0;1575859580;85.106;38.52961412077188;1.1570454690922487;-0.83740234375;
02:46:20;694.0;1575859581;84.905;38.400347214994305;1.1531635800298592;-0.8349609375;
02:46:21;695.0;1575859582;84.759;38.400347214994305;1.1531635800298592;-0.8349609375;
02:46:22;696.0;1575859583;84.777;37.36621196877371;1.1221084675307422;-0.8154296875;
02:46:23;697.0;1575859584;84.777;38.01254649766159;1.1415179128426904;-0.82763671875;
02:46:24;698.0;1575859585;84.996;38.01254649766159;1.1415179128426904;-0.82763671875;
02:46:25;699.0;1575859586;85.179;38.27108030921673;1.1492816909674695;-0.83251953125;
02:46:26;700.0;1575859587;85.307;38.27108030921673;1.1492816909674695;-0.83251953125;
02:46:27;701.0;1575859588;85.124;38.14181340343915;1.1453998019050797;-0.830078125;
02:46:28;702.0;1575859589;84.941;38.14181340343915;1.1453998019050797;-0.830078125;
02:46:29;703.0;1575859590;84.759;38.400347214994305;1.1531635800298592;-0.8349609375;
02:46:30;704.0;1575859591;84.686;38.27108030921673;1.1492816909674695;-0.83251953125;
02:46:31;705.0;1575859592;84.541;38.01254649766159;1.1415179128426904;-0.82763671875;
02:46:32;706.0;1575859593;84.887;38.01254649766159;1.1415179128426904;-0.82763671875;
02:46:33;707.0;1575859594;84.905;37.88327959188401;1.1376360237803007;-0.8251953125;
02:46:34;708.0;1575859595;84.832;37.88327959188401;1.1376360237803007;-0.8251953125;
02:46:35;709.0;1575859596;85.014;38.400347214994305;1.1531635800298592;-0.8349609375;
02:46:36;710.0;1575859597;85.033;38.52961412077188;1.1570454690922487;-0.83740234375;
02:46:37;711.0;1575859598;85.051;38.14181340343915;1.1453998019050797;-0.830078125;
02:46:38;712.0;1575859599;85.27;37.88327959188401;1.1376360237803007;-0.8251953125;
02:46:39;713.0;1575859600;85.288;38.9174148381046;1.1686911362794175;-0.8447265625;
02:46:40;714.0;1575859601;84.777;37.49547887455129;1.125990356593132;-0.81787109375;
02:46:41;715.0;1575859603;84.578;37.62474578032886;1.1298722456555215;-0.8203125;
02:46:42;716.0;1575859604;84.36;38.52961412077188;1.1570454690922487;-0.83740234375;
02:46:43;717.0;1575859605;84.469;38.400347214994305;1.1531635800298592;-0.8349609375;
02:46:44;718.0;1575859606;84.796;37.49547887455129;1.125990356593132;-0.81787109375;
02:46:45;719.0;1575859607;85.288;38.400347214994305;1.1531635800298592;-0.8349609375;
02:46:46;720.0;1575859608;85.179;38.27108030921673;1.1492816909674695;-0.83251953125;
02:46:47;721.0;1575859609;85.014;38.01254649766159;1.1415179128426904;-0.82763671875;
02:46:48;722.0;1575859610;84.85;39.56374936699247;1.1881005815913654;-0.85693359375;
02:46:49;723.0;1575859611;84.559;38.14181340343915;1.1453998019050797;-0.830078125;
02:46:50;724.0;1575859612;84.632;38.01254649766159;1.1415179128426904;-0.82763671875;
02:46:51;725.0;1575859613;84.668;38.14181340343915;1.1453998019050797;-0.830078125;
02:46:52;726.0;1575859614;85.014;38.27108030921673;1.1492816909674695;-0.83251953125;
02:46:53;727.0;1575859615;84.978;38.65888102654945;1.1609273581546382;-0.83984375;
02:46:54;728.0;1575859616;85.014;38.400347214994305;1.1531635800298592;-0.8349609375;
02:46:55;729.0;1575859617;84.632;38.27108030921673;1.1492816909674695;-0.83251953125;
02:46:56;730.0;1575859618;84.342;38.65888102654945;1.1609273581546382;-0.83984375;
02:46:57;731.0;1575859619;84.215;38.27108030921673;1.1492816909674695;-0.83251953125;
02:46:58;732.0;1575859620;84.233;37.88327959188401;1.1376360237803007;-0.8251953125;
02:46:59;733.0;1575859621;84.541;38.400347214994305;1.1531635800298592;-0.8349609375;
02:47:01;735.0;1575859622;84.832;38.14181340343915;1.1453998019050797;-0.830078125;
02:47:02;736.0;1575859623;84.85;37.88327959188401;1.1376360237803007;-0.8251953125;
02:47:03;737.0;1575859624;84.868;38.14181340343915;1.1453998019050797;-0.830078125;
02:47:04;738.0;1575859625;84.905;38.27108030921673;1.1492816909674695;-0.83251953125;
02:47:05;739.0;1575859626;84.27;38.14181340343915;1.1453998019050797;-0.830078125;
02:47:06;740.0;1575859627;84.414;38.27108030921673;1.1492816909674695;-0.83251953125;
02:47:07;741.0;1575859628;84.215;38.14181340343915;1.1453998019050797;-0.830078125;
02:47:08;742.0;1575859629;84.27;37.88327959188401;1.1376360237803007;-0.8251953125;
02:47:09;743.0;1575859630;84.887;38.65888102654945;1.1609273581546382;-0.83984375;
02:47:10;744.0;1575859631;84.686;38.400347214994305;1.1531635800298592;-0.8349609375;
02:47:11;745.0;1575859632;84.559;38.27108030921673;1.1492816909674695;-0.83251953125;
02:47:12;746.0;1575859633;84.288;37.49547887455129;1.125990356593132;-0.81787109375;
02:47:13;747.0;1575859634;84.143;38.14181340343915;1.1453998019050797;-0.830078125;
02:47:14;748.0;1575859635;84.143;38.27108030921673;1.1492816909674695;-0.83251953125;
02:47:15;749.0;1575859636;84.252;42.92468891720939;1.2890296972134951;-0.92041015625;
02:47:16;750.0;1575859637;84.306;38.14181340343915;1.1453998019050797;-0.830078125;
02:47:17;751.0;1575859638;84.125;38.14181340343915;1.1453998019050797;-0.830078125;
02:47:18;752.0;1575859639;84.451;37.754012686106435;1.133754134717911;-0.82275390625;
02:47:19;753.0;1575859640;84.451;38.400347214994305;1.1531635800298592;-0.8349609375;
02:47:20;754.0;1575859641;84.632;38.01254649766159;1.1415179128426904;-0.82763671875;
02:47:21;755.0;1575859642;84.668;38.400347214994305;1.1531635800298592;-0.8349609375;
02:47:22;756.0;1575859643;84.505;38.9174148381046;1.1686911362794175;-0.8447265625;
02:47:23;757.0;1575859644;84.777;38.27108030921673;1.1492816909674695;-0.83251953125;
02:47:24;758.0;1575859645;84.741;38.01254649766159;1.1415179128426904;-0.82763671875;
02:47:25;759.0;1575859646;84.723;38.14181340343915;1.1453998019050797;-0.830078125;
02:47:26;760.0;1575859647;84.741;38.27108030921673;1.1492816909674695;-0.83251953125;
02:47:27;761.0;1575859648;84.668;38.14181340343915;1.1453998019050797;-0.830078125;
02:47:28;762.0;1575859649;84.541;37.88327959188401;1.1376360237803007;-0.8251953125;
02:47:29;763.0;1575859650;84.541;37.49547887455129;1.125990356593132;-0.81787109375;
02:47:30;764.0;1575859651;84.378;39.046681743882175;1.1725730253418072;-0.84716796875;
02:47:31;765.0;1575859653;84.27;37.88327959188401;1.1376360237803007;-0.8251953125;
02:47:32;766.0;1575859654;84.125;38.27108030921673;1.1492816909674695;-0.83251953125;
02:47:33;767.0;1575859655;84.487;37.49547887455129;1.125990356593132;-0.81787109375;
02:47:34;768.0;1575859656;84.505;38.27108030921673;1.1492816909674695;-0.83251953125;
02:47:35;769.0;1575859657;84.668;37.236945062996135;1.1182265784683525;-0.81298828125;
02:47:36;770.0;1575859658;84.85;38.01254649766159;1.1415179128426904;-0.82763671875;
02:47:37;771.0;1575859659;84.306;38.78814793232702;1.1648092472170277;-0.84228515625;
02:47:38;772.0;1575859660;84.252;38.52961412077188;1.1570454690922487;-0.83740234375;
02:47:39;773.0;1575859661;84.053;38.27108030921673;1.1492816909674695;-0.83251953125;
02:47:40;774.0;1575859662;84.017;38.27108030921673;1.1492816909674695;-0.83251953125;
02:47:41;775.0;1575859663;84.053;39.4344824612149;1.184218692528976;-0.8544921875;
02:47:42;776.0;1575859664;84.089;38.01254649766159;1.1415179128426904;-0.82763671875;
02:47:43;777.0;1575859665;84.215;39.56374936699247;1.1881005815913654;-0.85693359375;
02:47:44;778.0;1575859666;84.414;40.468617707435484;1.2152738050280927;-0.8740234375;
02:47:45;779.0;1575859667;84.378;37.88327959188401;1.1376360237803007;-0.8251953125;
02:47:46;780.0;1575859668;84.396;38.65888102654945;1.1609273581546382;-0.83984375;
02:47:47;781.0;1575859669;84.071;38.27108030921673;1.1492816909674695;-0.83251953125;
02:47:48;782.0;1575859670;84.233;38.400347214994305;1.1531635800298592;-0.8349609375;
02:47:49;783.0;1575859671;84.252;38.27108030921673;1.1492816909674695;-0.83251953125;
02:47:50;784.0;1575859672;84.36;38.01254649766159;1.1415179128426904;-0.82763671875;
02:47:51;785.0;1575859673;84.541;38.400347214994305;1.1531635800298592;-0.8349609375;
02:47:52;786.0;1575859674;84.215;38.78814793232702;1.1648092472170277;-0.84228515625;
02:47:53;787.0;1575859675;84.559;38.65888102654945;1.1609273581546382;-0.83984375;
02:47:54;788.0;1575859676;84.451;38.65888102654945;1.1609273581546382;-0.83984375;
02:47:55;789.0;1575859677;84.668;38.27108030921673;1.1492816909674695;-0.83251953125;
02:47:56;790.0;1575859678;84.796;38.14181340343915;1.1453998019050797;-0.830078125;
02:47:57;791.0;1575859679;84.432;38.14181340343915;1.1453998019050797;-0.830078125;
02:47:58;792.0;1575859680;84.596;39.4344824612149;1.184218692528976;-0.8544921875;
02:47:59;793.0;1575859681;84.432;37.88327959188401;1.1376360237803007;-0.8251953125;
02:48:00;794.0;1575859682;84.107;38.65888102654945;1.1609273581546382;-0.83984375;
02:48:01;795.0;1575859683;84.143;38.65888102654945;1.1609273581546382;-0.83984375;
02:48:02;796.0;1575859684;83.837;38.27108030921673;1.1492816909674695;-0.83251953125;
02:48:03;797.0;1575859685;83.639;38.01254649766159;1.1415179128426904;-0.82763671875;
02:48:05;799.0;1575859686;83.963;38.400347214994305;1.1531635800298592;-0.8349609375;
02:48:06;800.0;1575859687;84.071;37.88327959188401;1.1376360237803007;-0.8251953125;
02:48:07;801.0;1575859688;84.161;36.84914434566342;1.1065809112811837;-0.8056640625;
02:48:08;802.0;1575859689;84.505;37.88327959188401;1.1376360237803007;-0.8251953125;
02:48:09;803.0;1575859690;84.197;38.14181340343915;1.1453998019050797;-0.830078125;
02:48:10;804.0;1575859691;84.233;37.62474578032886;1.1298722456555215;-0.8203125;
02:48:11;805.0;1575859692;84.306;37.88327959188401;1.1376360237803007;-0.8251953125;
02:48:12;806.0;1575859693;84.143;37.49547887455129;1.125990356593132;-0.81787109375;
02:48:13;807.0;1575859694;84.125;38.52961412077188;1.1570454690922487;-0.83740234375;
02:48:14;808.0;1575859695;84.107;38.400347214994305;1.1531635800298592;-0.8349609375;
02:48:15;809.0;1575859696;83.568;39.175948649659745;1.1764549144041967;-0.849609375;
02:48:16;810.0;1575859697;83.55;38.14181340343915;1.1453998019050797;-0.830078125;
02:48:17;811.0;1575859698;83.873;38.400347214994305;1.1531635800298592;-0.8349609375;
02:48:18;812.0;1575859699;83.801;38.14181340343915;1.1453998019050797;-0.830078125;
02:48:19;813.0;1575859700;84.469;38.400347214994305;1.1531635800298592;-0.8349609375;
02:48:20;814.0;1575859701;84.469;38.27108030921673;1.1492816909674695;-0.83251953125;
02:48:21;815.0;1575859702;84.089;38.52961412077188;1.1570454690922487;-0.83740234375;
02:48:22;816.0;1575859703;83.981;38.01254649766159;1.1415179128426904;-0.82763671875;
02:48:23;817.0;1575859704;83.981;38.27108030921673;1.1492816909674695;-0.83251953125;
02:48:24;818.0;1575859705;83.819;38.400347214994305;1.1531635800298592;-0.8349609375;
02:48:25;819.0;1575859706;83.945;38.400347214994305;1.1531635800298592;-0.8349609375;
02:48:26;820.0;1575859707;83.945;38.400347214994305;1.1531635800298592;-0.8349609375;
02:48:27;821.0;1575859708;83.514;38.14181340343915;1.1453998019050797;-0.830078125;
02:48:28;822.0;1575859709;83.335;38.14181340343915;1.1453998019050797;-0.830078125;
02:48:29;823.0;1575859710;83.282;38.27108030921673;1.1492816909674695;-0.83251953125;
02:48:30;824.0;1575859711;83.282;38.14181340343915;1.1453998019050797;-0.830078125;
02:48:31;825.0;1575859712;83.442;39.046681743882175;1.1725730253418072;-0.84716796875;
02:48:32;826.0;1575859713;83.747;38.27108030921673;1.1492816909674695;-0.83251953125;
02:48:33;827.0;1575859714;83.657;38.01254649766159;1.1415179128426904;-0.82763671875;
02:48:34;828.0;1575859715;83.675;38.78814793232702;1.1648092472170277;-0.84228515625;
02:48:35;829.0;1575859716;83.442;38.52961412077188;1.1570454690922487;-0.83740234375;
02:48:36;830.0;1575859717;83.317;35.815009099442825;1.075525798782067;-0.7861328125;
02:48:37;831.0;1575859718;83.604;39.175948649659745;1.1764549144041967;-0.849609375;
02:48:38;832.0;1575859719;83.621;38.65888102654945;1.1609273581546382;-0.83984375;
02:48:39;833.0;1575859720;83.819;38.01254649766159;1.1415179128426904;-0.82763671875;
02:48:40;834.0;1575859721;83.837;38.27108030921673;1.1492816909674695;-0.83251953125;
02:48:41;835.0;1575859722;83.317;38.9174148381046;1.1686911362794175;-0.8447265625;
02:48:42;836.0;1575859723;83.139;38.9174148381046;1.1686911362794175;-0.8447265625;
02:48:43;837.0;1575859724;83.121;38.14181340343915;1.1453998019050797;-0.830078125;
02:48:44;838.0;1575859725;83.085;38.65888102654945;1.1609273581546382;-0.83984375;
02:48:45;839.0;1575859726;83.228;38.52961412077188;1.1570454690922487;-0.83740234375;
02:48:46;840.0;1575859727;83.246;39.046681743882175;1.1725730253418072;-0.84716796875;
02:48:47;841.0;1575859728;83.228;38.14181340343915;1.1453998019050797;-0.830078125;
02:48:48;842.0;1575859729;83.264;38.01254649766159;1.1415179128426904;-0.82763671875;
02:48:49;843.0;1575859730;83.246;38.01254649766159;1.1415179128426904;-0.82763671875;
02:48:50;844.0;1575859731;83.335;39.4344824612149;1.184218692528976;-0.8544921875;
02:48:51;845.0;1575859732;83.032;38.01254649766159;1.1415179128426904;-0.82763671875;
02:48:52;846.0;1575859733;82.836;38.27108030921673;1.1492816909674695;-0.83251953125;
02:48:53;847.0;1575859734;83.103;38.52961412077188;1.1570454690922487;-0.83740234375;
02:48:54;848.0;1575859735;83.21;38.9174148381046;1.1686911362794175;-0.8447265625;
02:48:55;849.0;1575859736;83.568;40.08081699010277;1.2036281378409242;-0.86669921875;
02:48:56;850.0;1575859737;83.604;38.400347214994305;1.1531635800298592;-0.8349609375;
02:48:57;851.0;1575859738;83.532;38.27108030921673;1.1492816909674695;-0.83251953125;
02:48:58;852.0;1575859739;83.496;38.01254649766159;1.1415179128426904;-0.82763671875;
02:48:59;853.0;1575859740;83.604;38.14181340343915;1.1453998019050797;-0.830078125;
02:49:00;854.0;1575859741;83.927;38.27108030921673;1.1492816909674695;-0.83251953125;
02:49:01;855.0;1575859743;84.125;38.14181340343915;1.1453998019050797;-0.830078125;
02:49:03;857.0;1575859744;84.179;38.01254649766159;1.1415179128426904;-0.82763671875;
02:49:04;858.0;1575859746;83.837;38.400347214994305;1.1531635800298592;-0.8349609375;
02:49:05;859.0;1575859747;83.639;37.754012686106435;1.133754134717911;-0.82275390625;
02:49:06;860.0;1575859748;83.621;38.78814793232702;1.1648092472170277;-0.84228515625;
02:49:07;861.0;1575859749;83.675;38.14181340343915;1.1453998019050797;-0.830078125;
02:49:09;863.0;1575859750;83.729;38.27108030921673;1.1492816909674695;-0.83251953125;
02:49:10;864.0;1575859751;83.873;38.14181340343915;1.1453998019050797;-0.830078125;
02:49:11;865.0;1575859752;83.873;38.14181340343915;1.1453998019050797;-0.830078125;
02:49:12;866.0;1575859753;83.335;37.88327959188401;1.1376360237803007;-0.8251953125;
02:49:13;867.0;1575859754;83.264;38.27108030921673;1.1492816909674695;-0.83251953125;
02:49:14;868.0;1575859755;82.961;37.754012686106435;1.133754134717911;-0.82275390625;
