Time;Seconds from start for linreg;Unix Time;ch1 po2;Uc;Ubl;Vc;
03:05:02;-1.0;1571879103;99.281;17.78763168459894;0.5010600474534912;-0.44677734375;
03:05:03;0.0;1571879104;99.281;17.78763168459894;0.5010600474534912;-0.44677734375;
03:05:04;1.0;1571879105;99.411;18.04530679054369;0.5083185011420758;-0.45166015625;
03:05:05;2.0;1571879106;99.411;17.658794131626557;0.4974308206091988;-0.4443359375;
03:05:06;3.0;1571879107;99.043;17.658794131626557;0.4974308206091988;-0.4443359375;
03:05:07;4.0;1571879108;99.043;17.916469237571313;0.5046892742977834;-0.44921875;
03:05:08;5.0;1571879109;99.108;17.78763168459894;0.5010600474534912;-0.44677734375;
03:05:09;6.0;1571879111;99.151;17.916469237571313;0.5046892742977834;-0.44921875;
03:05:10;7.0;1571879111;99.259;18.5606570024332;0.522835408519245;-0.46142578125;
03:05:11;8.0;1571879113;99.129;17.143443919737052;0.48291391323202965;-0.4345703125;
03:05:12;9.0;1571879113;98.913;17.78763168459894;0.5010600474534912;-0.44677734375;
03:05:13;10.0;1571879114;98.935;17.658794131626557;0.4974308206091988;-0.4443359375;
03:05:14;11.0;1571879116;99.021;21.137408061880727;0.5954199454050909;-0.51025390625;
03:05:15;12.0;1571879116;99.021;17.658794131626557;0.4974308206091988;-0.4443359375;
03:05:16;13.0;1571879118;99.238;17.78763168459894;0.5010600474534912;-0.44677734375;
03:05:17;14.0;1571879118;99.151;17.916469237571313;0.5046892742977834;-0.44921875;
03:05:18;15.0;1571879120;99.043;18.947169661350326;0.5337230890521218;-0.46875;
03:05:19;16.0;1571879121;99.086;18.302981896488443;0.5155769548306604;-0.45654296875;
03:05:20;17.0;1571879121;98.762;17.78763168459894;0.5010600474534912;-0.44677734375;
03:05:21;18.0;1571879123;98.611;17.658794131626557;0.4974308206091988;-0.4443359375;
03:05:22;19.0;1571879124;98.525;17.658794131626557;0.4974308206091988;-0.4443359375;
03:05:23;20.0;1571879124;98.611;17.78763168459894;0.5010600474534912;-0.44677734375;
03:05:24;21.0;1571879126;98.892;17.916469237571313;0.5046892742977834;-0.44921875;
03:05:25;22.0;1571879127;98.848;17.658794131626557;0.4974308206091988;-0.4443359375;
03:05:26;23.0;1571879128;99.021;17.658794131626557;0.4974308206091988;-0.4443359375;
03:05:27;24.0;1571879129;99.0;17.401119025681805;0.4901723669206142;-0.439453125;
03:05:28;25.0;1571879130;98.74;17.78763168459894;0.5010600474534912;-0.44677734375;
03:05:29;26.0;1571879131;98.956;17.658794131626557;0.4974308206091988;-0.4443359375;
03:05:30;27.0;1571879131;99.043;20.106707638101717;0.5663861306507526;-0.49072265625;
03:05:31;28.0;1571879132;99.043;18.04530679054369;0.5083185011420758;-0.45166015625;
03:05:32;29.0;1571879133;99.281;17.658794131626557;0.4974308206091988;-0.4443359375;
03:05:33;30.0;1571879134;99.021;16.628093707847544;0.4683970058548604;-0.4248046875;
03:05:34;31.0;1571879135;98.956;17.529956578654183;0.49380159376490657;-0.44189453125;
03:05:35;32.0;1571879137;98.827;18.431819449460818;0.5192061816749526;-0.458984375;
03:05:36;33.0;1571879137;98.676;17.529956578654183;0.49380159376490657;-0.44189453125;
03:05:37;34.0;1571879139;98.74;17.014606366764678;0.4792846863877374;-0.43212890625;
03:05:38;35.0;1571879139;98.87;17.78763168459894;0.5010600474534912;-0.44677734375;
03:05:39;36.0;1571879140;98.87;17.78763168459894;0.5010600474534912;-0.44677734375;
03:05:40;37.0;1571879141;98.956;17.529956578654183;0.49380159376490657;-0.44189453125;
03:05:41;38.0;1571879142;98.827;17.529956578654183;0.49380159376490657;-0.44189453125;
03:05:42;39.0;1571879144;98.375;17.27228147270943;0.486543140076322;-0.43701171875;
03:05:43;40.0;1571879144;98.396;17.529956578654183;0.49380159376490657;-0.44189453125;
03:05:44;41.0;1571879145;98.16;17.658794131626557;0.4974308206091988;-0.4443359375;
03:05:45;42.0;1571879147;98.246;17.401119025681805;0.4901723669206142;-0.439453125;
03:05:46;43.0;1571879147;98.59;17.78763168459894;0.5010600474534912;-0.44677734375;
03:05:47;44.0;1571879149;98.784;18.04530679054369;0.5083185011420758;-0.45166015625;
03:05:48;45.0;1571879149;98.719;17.916469237571313;0.5046892742977834;-0.44921875;
03:05:49;46.0;1571879151;98.762;18.04530679054369;0.5083185011420758;-0.45166015625;
03:05:50;47.0;1571879152;98.633;21.652758273770235;0.6099368527822602;-0.52001953125;
03:05:51;48.0;1571879152;98.676;18.5606570024332;0.522835408519245;-0.46142578125;
03:05:52;49.0;1571879154;98.848;15.983905942985663;0.45025087163339894;-0.41259765625;
03:05:53;50.0;1571879155;98.805;17.78763168459894;0.5010600474534912;-0.44677734375;
03:05:54;51.0;1571879156;99.151;17.529956578654183;0.49380159376490657;-0.44189453125;
03:05:55;52.0;1571879157;98.762;17.658794131626557;0.4974308206091988;-0.4443359375;
03:05:56;53.0;1571879158;98.892;17.78763168459894;0.5010600474534912;-0.44677734375;
03:05:57;54.0;1571879159;99.0;17.014606366764678;0.4792846863877374;-0.43212890625;
03:05:58;55.0;1571879159;98.827;16.628093707847544;0.4683970058548604;-0.4248046875;
03:05:59;56.0;1571879161;99.021;17.916469237571313;0.5046892742977834;-0.44921875;
03:06:00;57.0;1571879162;98.87;17.401119025681805;0.4901723669206142;-0.439453125;
03:06:01;58.0;1571879163;98.956;17.658794131626557;0.4974308206091988;-0.4443359375;
03:06:02;59.0;1571879164;98.805;17.78763168459894;0.5010600474534912;-0.44677734375;
03:06:03;60.0;1571879165;98.805;17.658794131626557;0.4974308206091988;-0.4443359375;
03:06:04;61.0;1571879166;98.978;17.658794131626557;0.4974308206091988;-0.4443359375;
03:06:05;62.0;1571879167;99.064;17.916469237571313;0.5046892742977834;-0.44921875;
03:06:06;63.0;1571879168;99.108;17.529956578654183;0.49380159376490657;-0.44189453125;
03:06:07;64.0;1571879169;99.129;17.658794131626557;0.4974308206091988;-0.4443359375;
03:06:08;65.0;1571879170;98.978;16.8857688137923;0.47565545954344507;-0.4296875;
03:06:09;66.0;1571879171;98.935;17.78763168459894;0.5010600474534912;-0.44677734375;
03:06:10;67.0;1571879172;99.064;17.78763168459894;0.5010600474534912;-0.44677734375;
03:06:11;68.0;1571879173;98.978;17.78763168459894;0.5010600474534912;-0.44677734375;
03:06:13;70.0;1571879174;99.043;17.916469237571313;0.5046892742977834;-0.44921875;
03:06:14;71.0;1571879175;98.762;17.529956578654183;0.49380159376490657;-0.44189453125;
03:06:15;72.0;1571879176;98.525;17.658794131626557;0.4974308206091988;-0.4443359375;
03:06:16;73.0;1571879177;98.568;17.78763168459894;0.5010600474534912;-0.44677734375;
03:06:17;74.0;1571879178;98.375;17.78763168459894;0.5010600474534912;-0.44677734375;
03:06:18;75.0;1571879179;98.504;17.529956578654183;0.49380159376490657;-0.44189453125;
03:06:19;76.0;1571879180;98.375;17.529956578654183;0.49380159376490657;-0.44189453125;
03:06:20;77.0;1571879181;98.246;17.658794131626557;0.4974308206091988;-0.4443359375;
03:06:21;78.0;1571879182;98.139;17.658794131626557;0.4974308206091988;-0.4443359375;
03:06:22;79.0;1571879183;98.139;19.333682320267457;0.5446107695849988;-0.47607421875;
03:06:23;80.0;1571879184;98.697;17.78763168459894;0.5010600474534912;-0.44677734375;
03:06:24;81.0;1571879185;98.633;17.143443919737052;0.48291391323202965;-0.4345703125;
03:06:25;82.0;1571879186;98.87;17.401119025681805;0.4901723669206142;-0.439453125;
03:06:26;83.0;1571879187;98.956;17.658794131626557;0.4974308206091988;-0.4443359375;
03:06:27;84.0;1571879188;98.525;17.658794131626557;0.4974308206091988;-0.4443359375;
03:06:28;85.0;1571879189;98.568;17.78763168459894;0.5010600474534912;-0.44677734375;
03:06:29;86.0;1571879190;98.375;17.916469237571313;0.5046892742977834;-0.44921875;
03:06:30;87.0;1571879191;98.075;17.658794131626557;0.4974308206091988;-0.4443359375;
03:06:31;88.0;1571879192;98.375;17.401119025681805;0.4901723669206142;-0.439453125;
03:06:32;89.0;1571879193;98.525;18.04530679054369;0.5083185011420758;-0.45166015625;
03:06:33;90.0;1571879194;98.719;17.529956578654183;0.49380159376490657;-0.44189453125;
03:06:34;91.0;1571879195;98.762;17.78763168459894;0.5010600474534912;-0.44677734375;
03:06:35;92.0;1571879196;98.525;17.529956578654183;0.49380159376490657;-0.44189453125;
03:06:36;93.0;1571879197;98.654;18.04530679054369;0.5083185011420758;-0.45166015625;
03:06:37;94.0;1571879198;98.654;18.431819449460818;0.5192061816749526;-0.458984375;
03:06:38;95.0;1571879199;99.0;18.04530679054369;0.5083185011420758;-0.45166015625;
03:06:39;96.0;1571879201;99.281;17.658794131626557;0.4974308206091988;-0.4443359375;
03:06:40;97.0;1571879201;98.978;17.658794131626557;0.4974308206091988;-0.4443359375;
03:06:41;98.0;1571879202;98.805;17.658794131626557;0.4974308206091988;-0.4443359375;
03:06:42;99.0;1571879204;98.611;17.78763168459894;0.5010600474534912;-0.44677734375;
03:06:43;100.0;1571879204;98.225;17.916469237571313;0.5046892742977834;-0.44921875;
03:06:44;101.0;1571879205;98.289;17.658794131626557;0.4974308206091988;-0.4443359375;
03:06:45;102.0;1571879207;98.225;17.27228147270943;0.486543140076322;-0.43701171875;
03:06:46;103.0;1571879207;98.267;17.658794131626557;0.4974308206091988;-0.4443359375;
03:06:47;104.0;1571879209;98.182;17.916469237571313;0.5046892742977834;-0.44921875;
03:06:48;105.0;1571879209;98.096;17.78763168459894;0.5010600474534912;-0.44677734375;
03:06:49;106.0;1571879210;98.31;17.916469237571313;0.5046892742977834;-0.44921875;
03:06:50;107.0;1571879212;98.225;16.8857688137923;0.47565545954344507;-0.4296875;
03:06:51;108.0;1571879212;98.353;17.78763168459894;0.5010600474534912;-0.44677734375;
03:06:52;109.0;1571879214;98.375;21.910433379714988;0.6171953064708448;-0.52490234375;
03:06:53;110.0;1571879215;98.482;18.302981896488443;0.5155769548306604;-0.45654296875;
03:06:54;111.0;1571879215;98.375;17.78763168459894;0.5010600474534912;-0.44677734375;
03:06:55;112.0;1571879217;98.396;16.756931260819922;0.4720262326991527;-0.42724609375;
03:06:56;113.0;1571879217;98.31;17.143443919737052;0.48291391323202965;-0.4345703125;
03:06:57;114.0;1571879219;98.096;17.27228147270943;0.486543140076322;-0.43701171875;
03:06:58;115.0;1571879220;98.289;17.916469237571313;0.5046892742977834;-0.44921875;
03:06:59;116.0;1571879221;98.31;17.78763168459894;0.5010600474534912;-0.44677734375;
03:07:00;117.0;1571879222;98.525;17.529956578654183;0.49380159376490657;-0.44189453125;
03:07:01;118.0;1571879222;98.418;17.78763168459894;0.5010600474534912;-0.44677734375;
03:07:02;119.0;1571879223;98.225;17.916469237571313;0.5046892742977834;-0.44921875;
03:07:03;120.0;1571879225;98.182;17.78763168459894;0.5010600474534912;-0.44677734375;
03:07:04;121.0;1571879226;98.246;17.658794131626557;0.4974308206091988;-0.4443359375;
03:07:05;122.0;1571879227;98.16;17.916469237571313;0.5046892742977834;-0.44921875;
03:07:06;123.0;1571879228;98.225;17.658794131626557;0.4974308206091988;-0.4443359375;
03:07:07;124.0;1571879229;98.289;17.916469237571313;0.5046892742977834;-0.44921875;
03:07:08;125.0;1571879230;98.246;17.78763168459894;0.5010600474534912;-0.44677734375;
03:07:09;126.0;1571879230;98.246;17.916469237571313;0.5046892742977834;-0.44921875;
03:07:10;127.0;1571879232;98.289;17.78763168459894;0.5010600474534912;-0.44677734375;
03:07:11;128.0;1571879233;98.139;17.658794131626557;0.4974308206091988;-0.4443359375;
03:07:12;129.0;1571879234;98.31;17.529956578654183;0.49380159376490657;-0.44189453125;
03:07:13;130.0;1571879235;98.547;17.916469237571313;0.5046892742977834;-0.44921875;
03:07:14;131.0;1571879236;98.525;17.78763168459894;0.5010600474534912;-0.44677734375;
03:07:15;132.0;1571879237;98.633;15.082043072179024;0.4248462837233528;-0.3955078125;
03:07:17;134.0;1571879238;98.332;17.78763168459894;0.5010600474534912;-0.44677734375;
03:07:18;135.0;1571879239;98.353;17.78763168459894;0.5010600474534912;-0.44677734375;
03:07:19;136.0;1571879240;98.267;17.658794131626557;0.4974308206091988;-0.4443359375;
03:07:20;137.0;1571879241;98.139;17.658794131626557;0.4974308206091988;-0.4443359375;
03:07:21;138.0;1571879242;97.989;16.756931260819922;0.4720262326991527;-0.42724609375;
03:07:22;139.0;1571879243;97.925;17.27228147270943;0.486543140076322;-0.43701171875;
03:07:23;140.0;1571879244;97.904;17.529956578654183;0.49380159376490657;-0.44189453125;
03:07:24;141.0;1571879245;98.31;18.302981896488443;0.5155769548306604;-0.45654296875;
03:07:25;142.0;1571879246;98.332;17.78763168459894;0.5010600474534912;-0.44677734375;
03:07:26;143.0;1571879247;98.375;17.658794131626557;0.4974308206091988;-0.4443359375;
03:07:27;144.0;1571879248;98.375;18.04530679054369;0.5083185011420758;-0.45166015625;
03:07:28;145.0;1571879249;97.968;17.78763168459894;0.5010600474534912;-0.44677734375;
03:07:29;146.0;1571879250;98.225;20.493220297018848;0.5772738111836295;-0.498046875;
03:07:30;147.0;1571879251;98.075;17.916469237571313;0.5046892742977834;-0.44921875;
03:07:31;148.0;1571879252;98.117;17.78763168459894;0.5010600474534912;-0.44677734375;
03:07:32;149.0;1571879253;98.139;17.529956578654183;0.49380159376490657;-0.44189453125;
03:07:33;150.0;1571879254;97.882;17.916469237571313;0.5046892742977834;-0.44921875;
03:07:34;151.0;1571879255;97.989;17.401119025681805;0.4901723669206142;-0.439453125;
03:07:35;152.0;1571879256;98.053;17.78763168459894;0.5010600474534912;-0.44677734375;
03:07:36;153.0;1571879257;98.032;17.78763168459894;0.5010600474534912;-0.44677734375;
03:07:37;154.0;1571879258;98.096;17.529956578654183;0.49380159376490657;-0.44189453125;
03:07:38;155.0;1571879259;97.818;17.529956578654183;0.49380159376490657;-0.44189453125;
03:07:39;156.0;1571879260;97.818;18.04530679054369;0.5083185011420758;-0.45166015625;
03:07:40;157.0;1571879261;97.882;19.97787008512934;0.5627569038064603;-0.48828125;
03:07:41;158.0;1571879262;97.818;17.658794131626557;0.4974308206091988;-0.4443359375;
03:07:42;159.0;1571879264;98.01;17.658794131626557;0.4974308206091988;-0.4443359375;
03:07:43;160.0;1571879264;98.053;17.529956578654183;0.49380159376490657;-0.44189453125;
03:07:44;161.0;1571879265;98.482;18.04530679054369;0.5083185011420758;-0.45166015625;
03:07:45;162.0;1571879266;98.611;18.302981896488443;0.5155769548306604;-0.45654296875;
03:07:46;163.0;1571879267;98.59;17.78763168459894;0.5010600474534912;-0.44677734375;
03:07:47;164.0;1571879268;98.246;17.658794131626557;0.4974308206091988;-0.4443359375;
03:07:48;165.0;1571879269;97.541;17.78763168459894;0.5010600474534912;-0.44677734375;
03:07:49;166.0;1571879271;97.435;17.78763168459894;0.5010600474534912;-0.44677734375;
03:07:50;167.0;1571879271;97.563;17.658794131626557;0.4974308206091988;-0.4443359375;
03:07:51;168.0;1571879272;97.648;18.04530679054369;0.5083185011420758;-0.45166015625;
03:07:52;169.0;1571879274;97.818;17.401119025681805;0.4901723669206142;-0.439453125;
03:07:53;170.0;1571879274;98.01;17.78763168459894;0.5010600474534912;-0.44677734375;
03:07:54;171.0;1571879276;97.925;18.431819449460818;0.5192061816749526;-0.458984375;
03:07:55;172.0;1571879276;98.032;17.916469237571313;0.5046892742977834;-0.44921875;
03:07:56;173.0;1571879277;97.776;17.916469237571313;0.5046892742977834;-0.44921875;
03:07:57;174.0;1571879279;97.797;17.78763168459894;0.5010600474534912;-0.44677734375;
03:07:58;175.0;1571879279;97.797;17.27228147270943;0.486543140076322;-0.43701171875;
03:07:59;176.0;1571879281;98.075;17.78763168459894;0.5010600474534912;-0.44677734375;
03:08:00;177.0;1571879281;98.568;17.27228147270943;0.486543140076322;-0.43701171875;
03:08:01;178.0;1571879282;98.31;18.302981896488443;0.5155769548306604;-0.45654296875;
03:08:02;179.0;1571879284;98.31;17.78763168459894;0.5010600474534912;-0.44677734375;
03:08:03;180.0;1571879284;97.925;17.529956578654183;0.49380159376490657;-0.44189453125;
03:08:04;181.0;1571879286;97.754;17.78763168459894;0.5010600474534912;-0.44677734375;
03:08:05;182.0;1571879287;97.776;17.78763168459894;0.5010600474534912;-0.44677734375;
03:08:06;183.0;1571879288;97.69;17.78763168459894;0.5010600474534912;-0.44677734375;
03:08:07;184.0;1571879289;97.648;17.658794131626557;0.4974308206091988;-0.4443359375;
03:08:08;185.0;1571879290;97.584;17.401119025681805;0.4901723669206142;-0.439453125;
03:08:09;186.0;1571879291;97.541;17.78763168459894;0.5010600474534912;-0.44677734375;
03:08:10;187.0;1571879291;97.541;17.658794131626557;0.4974308206091988;-0.4443359375;
03:08:11;188.0;1571879293;97.818;17.529956578654183;0.49380159376490657;-0.44189453125;
03:08:12;189.0;1571879294;97.84;17.658794131626557;0.4974308206091988;-0.4443359375;
03:08:13;190.0;1571879295;98.01;17.529956578654183;0.49380159376490657;-0.44189453125;
03:08:14;191.0;1571879296;98.203;17.529956578654183;0.49380159376490657;-0.44189453125;
03:08:15;192.0;1571879297;98.182;17.78763168459894;0.5010600474534912;-0.44677734375;
03:08:16;193.0;1571879298;98.203;17.78763168459894;0.5010600474534912;-0.44677734375;
03:08:17;194.0;1571879299;98.246;17.658794131626557;0.4974308206091988;-0.4443359375;
03:08:18;195.0;1571879300;98.16;17.78763168459894;0.5010600474534912;-0.44677734375;
03:08:19;196.0;1571879301;97.882;17.78763168459894;0.5010600474534912;-0.44677734375;
03:08:21;198.0;1571879302;97.925;17.401119025681805;0.4901723669206142;-0.439453125;
03:08:22;199.0;1571879303;97.797;18.04530679054369;0.5083185011420758;-0.45166015625;
03:08:23;200.0;1571879304;97.818;17.916469237571313;0.5046892742977834;-0.44921875;
03:08:24;201.0;1571879305;97.989;17.658794131626557;0.4974308206091988;-0.4443359375;
03:08:25;202.0;1571879306;97.754;17.014606366764678;0.4792846863877374;-0.43212890625;
03:08:26;203.0;1571879307;97.84;17.529956578654183;0.49380159376490657;-0.44189453125;
03:08:27;204.0;1571879308;97.712;18.174144343516065;0.511947727986368;-0.4541015625;
03:08:28;205.0;1571879309;97.968;17.78763168459894;0.5010600474534912;-0.44677734375;
03:08:29;206.0;1571879310;98.139;17.658794131626557;0.4974308206091988;-0.4443359375;
03:08:30;207.0;1571879311;98.139;18.174144343516065;0.511947727986368;-0.4541015625;
03:08:31;208.0;1571879312;98.117;17.27228147270943;0.486543140076322;-0.43701171875;
03:08:32;209.0;1571879313;97.776;17.78763168459894;0.5010600474534912;-0.44677734375;
03:08:33;210.0;1571879314;97.776;17.658794131626557;0.4974308206091988;-0.4443359375;
03:08:34;211.0;1571879315;97.52;17.658794131626557;0.4974308206091988;-0.4443359375;
03:08:35;212.0;1571879316;97.52;17.658794131626557;0.4974308206091988;-0.4443359375;
03:08:36;213.0;1571879317;97.52;17.916469237571313;0.5046892742977834;-0.44921875;
03:08:37;214.0;1571879318;97.329;17.78763168459894;0.5010600474534912;-0.44677734375;
03:08:38;215.0;1571879319;97.286;17.658794131626557;0.4974308206091988;-0.4443359375;
03:08:39;216.0;1571879320;97.35;17.78763168459894;0.5010600474534912;-0.44677734375;
03:08:40;217.0;1571879321;97.117;17.658794131626557;0.4974308206091988;-0.4443359375;
03:08:41;218.0;1571879322;97.329;17.658794131626557;0.4974308206091988;-0.4443359375;
03:08:42;219.0;1571879323;97.371;18.04530679054369;0.5083185011420758;-0.45166015625;
03:08:43;220.0;1571879324;97.18;17.401119025681805;0.4901723669206142;-0.439453125;
03:08:44;221.0;1571879325;97.456;17.78763168459894;0.5010600474534912;-0.44677734375;
03:08:45;222.0;1571879326;97.499;14.05134264840001;0.39581246896901434;-0.3759765625;
03:08:46;223.0;1571879327;97.754;17.78763168459894;0.5010600474534912;-0.44677734375;
03:08:47;224.0;1571879329;97.69;17.78763168459894;0.5010600474534912;-0.44677734375;
03:08:48;225.0;1571879329;97.754;17.658794131626557;0.4974308206091988;-0.4443359375;
03:08:49;226.0;1571879331;97.733;17.78763168459894;0.5010600474534912;-0.44677734375;
03:08:50;227.0;1571879331;97.754;16.628093707847544;0.4683970058548604;-0.4248046875;
03:08:51;228.0;1571879333;97.946;17.916469237571313;0.5046892742977834;-0.44921875;
03:08:52;229.0;1571879334;97.989;17.78763168459894;0.5010600474534912;-0.44677734375;
03:08:53;230.0;1571879334;97.861;18.04530679054369;0.5083185011420758;-0.45166015625;
03:08:54;231.0;1571879335;97.818;17.658794131626557;0.4974308206091988;-0.4443359375;
03:08:55;232.0;1571879337;98.053;17.78763168459894;0.5010600474534912;-0.44677734375;
03:08:56;233.0;1571879337;97.968;17.658794131626557;0.4974308206091988;-0.4443359375;
03:08:57;234.0;1571879339;98.075;17.916469237571313;0.5046892742977834;-0.44921875;
03:08:58;235.0;1571879339;98.139;17.916469237571313;0.5046892742977834;-0.44921875;
03:08:59;236.0;1571879341;97.882;17.78763168459894;0.5010600474534912;-0.44677734375;
03:09:00;237.0;1571879341;97.797;17.27228147270943;0.486543140076322;-0.43701171875;
03:09:01;238.0;1571879343;97.669;17.658794131626557;0.4974308206091988;-0.4443359375;
03:09:02;239.0;1571879344;97.223;17.78763168459894;0.5010600474534912;-0.44677734375;
03:09:03;240.0;1571879344;97.096;17.529956578654183;0.49380159376490657;-0.44189453125;
03:09:04;241.0;1571879346;96.948;17.78763168459894;0.5010600474534912;-0.44677734375;
03:09:05;242.0;1571879346;97.159;17.658794131626557;0.4974308206091988;-0.4443359375;
03:09:06;243.0;1571879348;97.286;16.8857688137923;0.47565545954344507;-0.4296875;
03:09:07;244.0;1571879349;97.329;17.658794131626557;0.4974308206091988;-0.4443359375;
03:09:08;245.0;1571879350;97.329;17.78763168459894;0.5010600474534912;-0.44677734375;
03:09:09;246.0;1571879351;96.969;17.78763168459894;0.5010600474534912;-0.44677734375;
03:09:10;247.0;1571879351;97.096;17.78763168459894;0.5010600474534912;-0.44677734375;
03:09:11;248.0;1571879353;97.18;17.658794131626557;0.4974308206091988;-0.4443359375;
03:09:12;249.0;1571879354;97.244;17.529956578654183;0.49380159376490657;-0.44189453125;
03:09:13;250.0;1571879355;97.414;19.333682320267457;0.5446107695849988;-0.47607421875;
03:09:14;251.0;1571879356;97.35;17.658794131626557;0.4974308206091988;-0.4443359375;
03:09:15;252.0;1571879357;97.308;17.78763168459894;0.5010600474534912;-0.44677734375;
03:09:16;253.0;1571879358;97.414;17.658794131626557;0.4974308206091988;-0.4443359375;
03:09:17;254.0;1571879358;97.393;17.658794131626557;0.4974308206091988;-0.4443359375;
03:09:18;255.0;1571879360;97.244;18.431819449460818;0.5192061816749526;-0.458984375;
03:09:19;256.0;1571879361;97.329;17.78763168459894;0.5010600474534912;-0.44677734375;
03:09:20;257.0;1571879362;97.414;17.916469237571313;0.5046892742977834;-0.44921875;
03:09:21;258.0;1571879363;97.605;17.78763168459894;0.5010600474534912;-0.44677734375;
03:09:22;259.0;1571879364;97.797;17.916469237571313;0.5046892742977834;-0.44921875;
03:09:23;260.0;1571879365;97.776;17.78763168459894;0.5010600474534912;-0.44677734375;
03:09:25;262.0;1571879366;97.669;17.916469237571313;0.5046892742977834;-0.44921875;
03:09:26;263.0;1571879367;97.35;17.658794131626557;0.4974308206091988;-0.4443359375;
03:09:27;264.0;1571879368;97.202;17.658794131626557;0.4974308206091988;-0.4443359375;
03:09:28;265.0;1571879369;97.244;18.04530679054369;0.5083185011420758;-0.45166015625;
03:09:29;266.0;1571879370;97.096;17.658794131626557;0.4974308206091988;-0.4443359375;
03:09:30;267.0;1571879371;97.138;18.431819449460818;0.5192061816749526;-0.458984375;
03:09:31;268.0;1571879372;97.265;17.658794131626557;0.4974308206091988;-0.4443359375;
03:09:32;269.0;1571879373;97.075;17.916469237571313;0.5046892742977834;-0.44921875;
03:09:33;270.0;1571879374;97.286;17.78763168459894;0.5010600474534912;-0.44677734375;
03:09:34;271.0;1571879375;97.541;17.658794131626557;0.4974308206091988;-0.4443359375;
03:09:35;272.0;1571879376;97.223;17.916469237571313;0.5046892742977834;-0.44921875;
03:09:36;273.0;1571879377;97.286;17.78763168459894;0.5010600474534912;-0.44677734375;
03:09:37;274.0;1571879378;97.138;18.302981896488443;0.5155769548306604;-0.45654296875;
03:09:38;275.0;1571879379;96.779;17.658794131626557;0.4974308206091988;-0.4443359375;
03:09:39;276.0;1571879380;97.075;17.78763168459894;0.5010600474534912;-0.44677734375;
03:09:40;277.0;1571879381;97.032;17.014606366764678;0.4792846863877374;-0.43212890625;
03:09:41;278.0;1571879382;97.202;18.04530679054369;0.5083185011420758;-0.45166015625;
03:09:42;279.0;1571879383;97.52;17.916469237571313;0.5046892742977834;-0.44921875;
03:09:43;280.0;1571879384;97.456;14.95320551920665;0.4212170568790606;-0.39306640625;
03:09:44;281.0;1571879385;97.648;17.658794131626557;0.4974308206091988;-0.4443359375;
03:09:45;282.0;1571879386;97.499;17.78763168459894;0.5010600474534912;-0.44677734375;
03:09:46;283.0;1571879387;97.244;18.174144343516065;0.511947727986368;-0.4541015625;
03:09:47;284.0;1571879388;97.244;17.658794131626557;0.4974308206091988;-0.4443359375;
03:09:48;285.0;1571879389;97.054;17.78763168459894;0.5010600474534912;-0.44677734375;
03:09:49;286.0;1571879390;97.011;17.658794131626557;0.4974308206091988;-0.4443359375;
03:09:50;287.0;1571879392;97.159;17.658794131626557;0.4974308206091988;-0.4443359375;
03:09:51;288.0;1571879392;96.99;18.04530679054369;0.5083185011420758;-0.45166015625;
03:09:52;289.0;1571879393;96.969;17.529956578654183;0.49380159376490657;-0.44189453125;
03:09:53;290.0;1571879394;97.117;17.143443919737052;0.48291391323202965;-0.4345703125;
03:09:54;291.0;1571879395;96.99;17.401119025681805;0.4901723669206142;-0.439453125;
03:09:55;292.0;1571879397;97.18;17.78763168459894;0.5010600474534912;-0.44677734375;
03:09:56;293.0;1571879397;97.223;17.658794131626557;0.4974308206091988;-0.4443359375;
03:09:57;294.0;1571879399;96.948;17.916469237571313;0.5046892742977834;-0.44921875;
03:09:58;295.0;1571879399;97.117;18.04530679054369;0.5083185011420758;-0.45166015625;
03:09:59;296.0;1571879400;97.138;17.78763168459894;0.5010600474534912;-0.44677734375;
03:10:00;297.0;1571879402;97.265;17.658794131626557;0.4974308206091988;-0.4443359375;
03:10:01;298.0;1571879402;97.032;18.5606570024332;0.522835408519245;-0.46142578125;
03:10:02;299.0;1571879404;96.758;17.916469237571313;0.5046892742977834;-0.44921875;
03:10:03;300.0;1571879405;96.484;17.78763168459894;0.5010600474534912;-0.44677734375;
03:10:04;301.0;1571879405;96.233;18.431819449460818;0.5192061816749526;-0.458984375;
03:10:05;302.0;1571879406;96.568;17.529956578654183;0.49380159376490657;-0.44189453125;
03:10:06;303.0;1571879408;96.611;18.04530679054369;0.5083185011420758;-0.45166015625;
03:10:07;304.0;1571879408;96.779;17.78763168459894;0.5010600474534912;-0.44677734375;
03:10:08;305.0;1571879410;96.884;17.78763168459894;0.5010600474534912;-0.44677734375;
03:10:09;306.0;1571879410;96.758;17.529956578654183;0.49380159376490657;-0.44189453125;
03:10:10;307.0;1571879412;96.695;17.78763168459894;0.5010600474534912;-0.44677734375;
03:10:11;308.0;1571879413;96.8;18.5606570024332;0.522835408519245;-0.46142578125;
03:10:12;309.0;1571879414;96.842;17.916469237571313;0.5046892742977834;-0.44921875;
03:10:13;310.0;1571879415;97.18;17.78763168459894;0.5010600474534912;-0.44677734375;
03:10:14;311.0;1571879415;97.35;17.78763168459894;0.5010600474534912;-0.44677734375;
03:10:15;312.0;1571879417;97.011;17.78763168459894;0.5010600474534912;-0.44677734375;
03:10:16;313.0;1571879418;96.906;17.78763168459894;0.5010600474534912;-0.44677734375;
03:10:17;314.0;1571879419;96.821;17.658794131626557;0.4974308206091988;-0.4443359375;
03:10:18;315.0;1571879420;96.737;17.78763168459894;0.5010600474534912;-0.44677734375;
03:10:19;316.0;1571879421;97.096;17.529956578654183;0.49380159376490657;-0.44189453125;
03:10:20;317.0;1571879422;97.159;18.174144343516065;0.511947727986368;-0.4541015625;
03:10:21;318.0;1571879423;96.969;17.916469237571313;0.5046892742977834;-0.44921875;
03:10:22;319.0;1571879424;97.244;17.78763168459894;0.5010600474534912;-0.44677734375;
03:10:23;320.0;1571879425;97.138;17.916469237571313;0.5046892742977834;-0.44921875;
03:10:24;321.0;1571879426;97.032;17.401119025681805;0.4901723669206142;-0.439453125;
03:10:25;322.0;1571879427;97.244;17.529956578654183;0.49380159376490657;-0.44189453125;
03:10:26;323.0;1571879428;96.906;17.529956578654183;0.49380159376490657;-0.44189453125;
03:10:27;324.0;1571879429;96.716;19.076007214322704;0.5373523158964142;-0.47119140625;
03:10:29;326.0;1571879430;96.842;17.658794131626557;0.4974308206091988;-0.4443359375;
03:10:30;327.0;1571879431;96.758;17.658794131626557;0.4974308206091988;-0.4443359375;
03:10:31;328.0;1571879432;96.8;18.04530679054369;0.5083185011420758;-0.45166015625;
03:10:32;329.0;1571879433;96.927;17.401119025681805;0.4901723669206142;-0.439453125;
03:10:33;330.0;1571879434;96.906;17.658794131626557;0.4974308206091988;-0.4443359375;
03:10:34;331.0;1571879435;96.737;18.689494555405574;0.5264646353635373;-0.4638671875;
03:10:35;332.0;1571879436;96.821;17.658794131626557;0.4974308206091988;-0.4443359375;
03:10:36;333.0;1571879437;96.906;17.658794131626557;0.4974308206091988;-0.4443359375;
03:10:37;334.0;1571879438;96.716;17.78763168459894;0.5010600474534912;-0.44677734375;
03:10:38;335.0;1571879439;96.526;17.658794131626557;0.4974308206091988;-0.4443359375;
03:10:39;336.0;1571879440;96.547;17.529956578654183;0.49380159376490657;-0.44189453125;
03:10:40;337.0;1571879441;96.358;17.658794131626557;0.4974308206091988;-0.4443359375;
03:10:41;338.0;1571879442;96.568;17.916469237571313;0.5046892742977834;-0.44921875;
03:10:42;339.0;1571879443;96.737;17.78763168459894;0.5010600474534912;-0.44677734375;
03:10:43;340.0;1571879444;96.442;17.78763168459894;0.5010600474534912;-0.44677734375;
03:10:44;341.0;1571879445;96.337;17.658794131626557;0.4974308206091988;-0.4443359375;
03:10:45;342.0;1571879446;96.337;17.78763168459894;0.5010600474534912;-0.44677734375;
03:10:46;343.0;1571879447;96.4;17.78763168459894;0.5010600474534912;-0.44677734375;
03:10:47;344.0;1571879448;96.316;16.8857688137923;0.47565545954344507;-0.4296875;
03:10:48;345.0;1571879449;96.568;18.04530679054369;0.5083185011420758;-0.45166015625;
03:10:49;346.0;1571879450;96.589;18.04530679054369;0.5083185011420758;-0.45166015625;
03:10:50;347.0;1571879451;96.674;17.658794131626557;0.4974308206091988;-0.4443359375;
03:10:51;348.0;1571879452;96.821;17.916469237571313;0.5046892742977834;-0.44921875;
03:10:52;349.0;1571879453;96.674;17.78763168459894;0.5010600474534912;-0.44677734375;
03:10:53;350.0;1571879454;96.589;17.916469237571313;0.5046892742977834;-0.44921875;
03:10:54;351.0;1571879455;96.484;17.658794131626557;0.4974308206091988;-0.4443359375;
03:10:55;352.0;1571879456;96.695;17.401119025681805;0.4901723669206142;-0.439453125;
03:10:56;353.0;1571879457;96.737;17.78763168459894;0.5010600474534912;-0.44677734375;
03:10:57;354.0;1571879458;96.842;17.401119025681805;0.4901723669206142;-0.439453125;
03:10:58;355.0;1571879459;96.927;17.78763168459894;0.5010600474534912;-0.44677734375;
03:10:59;356.0;1571879461;96.547;17.658794131626557;0.4974308206091988;-0.4443359375;
03:11:00;357.0;1571879461;96.4;17.529956578654183;0.49380159376490657;-0.44189453125;
03:11:01;358.0;1571879463;96.233;17.78763168459894;0.5010600474534912;-0.44677734375;
03:11:02;359.0;1571879463;96.254;17.529956578654183;0.49380159376490657;-0.44189453125;
03:11:03;360.0;1571879464;96.526;18.04530679054369;0.5083185011420758;-0.45166015625;
03:11:04;361.0;1571879466;96.674;17.916469237571313;0.5046892742977834;-0.44921875;
03:11:05;362.0;1571879466;96.884;19.333682320267457;0.5446107695849988;-0.47607421875;
03:11:06;363.0;1571879467;96.779;17.78763168459894;0.5010600474534912;-0.44677734375;
03:11:07;364.0;1571879469;96.779;18.04530679054369;0.5083185011420758;-0.45166015625;
03:11:08;365.0;1571879469;96.779;17.78763168459894;0.5010600474534912;-0.44677734375;
03:11:09;366.0;1571879471;96.568;18.04530679054369;0.5083185011420758;-0.45166015625;
03:11:10;367.0;1571879471;96.442;17.658794131626557;0.4974308206091988;-0.4443359375;
03:11:11;368.0;1571879473;96.442;17.916469237571313;0.5046892742977834;-0.44921875;
03:11:12;369.0;1571879474;96.337;17.658794131626557;0.4974308206091988;-0.4443359375;
03:11:13;370.0;1571879474;96.4;9999.0;9999.0;9999.0;
03:11:14;371.0;1571879476;96.547;17.27228147270943;0.486543140076322;-0.43701171875;
03:11:15;372.0;1571879476;96.547;18.04530679054369;0.5083185011420758;-0.45166015625;
03:11:16;373.0;1571879478;96.484;17.658794131626557;0.4974308206091988;-0.4443359375;
03:11:17;374.0;1571879479;96.547;17.916469237571313;0.5046892742977834;-0.44921875;
03:11:18;375.0;1571879480;96.547;17.401119025681805;0.4901723669206142;-0.439453125;
03:11:19;376.0;1571879481;96.568;17.529956578654183;0.49380159376490657;-0.44189453125;
03:11:20;377.0;1571879482;96.737;17.916469237571313;0.5046892742977834;-0.44921875;
03:11:21;378.0;1571879483;96.463;18.04530679054369;0.5083185011420758;-0.45166015625;
03:11:22;379.0;1571879484;96.379;18.302981896488443;0.5155769548306604;-0.45654296875;
03:11:23;380.0;1571879485;96.358;17.78763168459894;0.5010600474534912;-0.44677734375;
03:11:24;381.0;1571879486;96.149;17.78763168459894;0.5010600474534912;-0.44677734375;
03:11:25;382.0;1571879487;96.065;20.493220297018848;0.5772738111836295;-0.498046875;
03:11:26;383.0;1571879488;96.128;17.78763168459894;0.5010600474534912;-0.44677734375;
03:11:27;384.0;1571879489;96.044;17.78763168459894;0.5010600474534912;-0.44677734375;
03:11:28;385.0;1571879490;96.149;17.916469237571313;0.5046892742977834;-0.44921875;
03:11:29;386.0;1571879491;96.421;17.78763168459894;0.5010600474534912;-0.44677734375;
03:11:30;387.0;1571879492;96.295;17.78763168459894;0.5010600474534912;-0.44677734375;
03:11:31;388.0;1571879493;96.254;18.04530679054369;0.5083185011420758;-0.45166015625;
03:11:33;390.0;1571879494;95.877;16.8857688137923;0.47565545954344507;-0.4296875;
03:11:34;391.0;1571879495;95.836;17.78763168459894;0.5010600474534912;-0.44677734375;
03:11:35;392.0;1571879496;95.731;17.529956578654183;0.49380159376490657;-0.44189453125;
03:11:36;393.0;1571879497;95.836;18.174144343516065;0.511947727986368;-0.4541015625;
03:11:37;394.0;1571879498;96.254;17.916469237571313;0.5046892742977834;-0.44921875;
03:11:38;395.0;1571879499;96.065;17.658794131626557;0.4974308206091988;-0.4443359375;
03:11:39;396.0;1571879500;96.233;17.658794131626557;0.4974308206091988;-0.4443359375;
03:11:40;397.0;1571879501;96.421;17.658794131626557;0.4974308206091988;-0.4443359375;
03:11:41;398.0;1571879502;96.337;17.916469237571313;0.5046892742977834;-0.44921875;
03:11:42;399.0;1571879503;96.547;17.658794131626557;0.4974308206091988;-0.4443359375;
03:11:43;400.0;1571879504;96.611;17.78763168459894;0.5010600474534912;-0.44677734375;
03:11:44;401.0;1571879505;96.526;17.658794131626557;0.4974308206091988;-0.4443359375;
03:11:45;402.0;1571879506;96.589;17.916469237571313;0.5046892742977834;-0.44921875;
03:11:46;403.0;1571879507;96.526;17.78763168459894;0.5010600474534912;-0.44677734375;
03:11:47;404.0;1571879508;96.4;17.78763168459894;0.5010600474534912;-0.44677734375;
03:11:48;405.0;1571879509;96.191;17.658794131626557;0.4974308206091988;-0.4443359375;
03:11:49;406.0;1571879510;96.044;17.916469237571313;0.5046892742977834;-0.44921875;
03:11:50;407.0;1571879511;95.961;18.5606570024332;0.522835408519245;-0.46142578125;
03:11:51;408.0;1571879512;95.731;18.04530679054369;0.5083185011420758;-0.45166015625;
03:11:52;409.0;1571879513;95.815;17.658794131626557;0.4974308206091988;-0.4443359375;
03:11:53;410.0;1571879514;96.044;17.916469237571313;0.5046892742977834;-0.44921875;
03:11:54;411.0;1571879515;96.191;17.916469237571313;0.5046892742977834;-0.44921875;
03:11:55;412.0;1571879517;96.442;17.916469237571313;0.5046892742977834;-0.44921875;
03:11:56;413.0;1571879517;96.128;17.78763168459894;0.5010600474534912;-0.44677734375;
03:11:57;414.0;1571879518;96.149;18.689494555405574;0.5264646353635373;-0.4638671875;
03:11:58;415.0;1571879519;96.002;17.658794131626557;0.4974308206091988;-0.4443359375;
03:11:59;416.0;1571879520;96.044;17.529956578654183;0.49380159376490657;-0.44189453125;
03:12:00;417.0;1571879521;96.191;17.916469237571313;0.5046892742977834;-0.44921875;
03:12:01;418.0;1571879522;96.023;17.658794131626557;0.4974308206091988;-0.4443359375;
03:12:02;419.0;1571879524;96.044;19.20484476729508;0.5409815427407064;-0.4736328125;
03:12:03;420.0;1571879524;95.752;17.658794131626557;0.4974308206091988;-0.4443359375;
03:12:04;421.0;1571879525;95.961;17.529956578654183;0.49380159376490657;-0.44189453125;
03:12:05;422.0;1571879526;96.023;17.658794131626557;0.4974308206091988;-0.4443359375;
03:12:06;423.0;1571879527;95.856;17.658794131626557;0.4974308206091988;-0.4443359375;
03:12:07;424.0;1571879529;96.191;19.076007214322704;0.5373523158964142;-0.47119140625;
03:12:08;425.0;1571879529;96.212;17.78763168459894;0.5010600474534912;-0.44677734375;
03:12:09;426.0;1571879531;96.695;17.658794131626557;0.4974308206091988;-0.4443359375;
03:12:10;427.0;1571879531;96.863;17.658794131626557;0.4974308206091988;-0.4443359375;
03:12:11;428.0;1571879532;96.758;17.529956578654183;0.49380159376490657;-0.44189453125;
03:12:12;429.0;1571879534;96.421;17.658794131626557;0.4974308206091988;-0.4443359375;
03:12:13;430.0;1571879534;96.023;17.916469237571313;0.5046892742977834;-0.44921875;
03:12:14;431.0;1571879536;96.044;17.143443919737052;0.48291391323202965;-0.4345703125;
03:12:15;432.0;1571879537;96.212;17.529956578654183;0.49380159376490657;-0.44189453125;
03:12:16;433.0;1571879537;96.233;17.916469237571313;0.5046892742977834;-0.44921875;
03:12:17;434.0;1571879539;96.233;17.916469237571313;0.5046892742977834;-0.44921875;
03:12:18;435.0;1571879539;96.191;18.5606570024332;0.522835408519245;-0.46142578125;
03:12:19;436.0;1571879541;96.044;17.658794131626557;0.4974308206091988;-0.4443359375;
03:12:20;437.0;1571879541;96.149;17.916469237571313;0.5046892742977834;-0.44921875;
03:12:21;438.0;1571879543;95.794;17.78763168459894;0.5010600474534912;-0.44677734375;
03:12:22;439.0;1571879544;95.919;17.78763168459894;0.5010600474534912;-0.44677734375;
03:12:23;440.0;1571879544;95.877;17.658794131626557;0.4974308206091988;-0.4443359375;
03:12:24;441.0;1571879546;95.731;18.431819449460818;0.5192061816749526;-0.458984375;
03:12:25;442.0;1571879546;95.982;17.658794131626557;0.4974308206091988;-0.4443359375;
03:12:26;443.0;1571879548;95.731;17.658794131626557;0.4974308206091988;-0.4443359375;
03:12:27;444.0;1571879549;95.565;17.916469237571313;0.5046892742977834;-0.44921875;
03:12:28;445.0;1571879550;95.94;17.658794131626557;0.4974308206091988;-0.4443359375;
03:12:29;446.0;1571879551;95.94;17.78763168459894;0.5010600474534912;-0.44677734375;
03:12:30;447.0;1571879552;95.982;18.04530679054369;0.5083185011420758;-0.45166015625;
03:12:31;448.0;1571879553;96.044;17.916469237571313;0.5046892742977834;-0.44921875;
03:12:32;449.0;1571879554;96.002;17.658794131626557;0.4974308206091988;-0.4443359375;
03:12:33;450.0;1571879555;95.836;17.143443919737052;0.48291391323202965;-0.4345703125;
03:12:34;451.0;1571879556;95.961;17.529956578654183;0.49380159376490657;-0.44189453125;
03:12:35;452.0;1571879557;96.086;17.658794131626557;0.4974308206091988;-0.4443359375;
03:12:37;454.0;1571879558;95.669;17.658794131626557;0.4974308206091988;-0.4443359375;
03:12:38;455.0;1571879559;95.731;17.78763168459894;0.5010600474534912;-0.44677734375;
03:12:39;456.0;1571879560;95.669;17.78763168459894;0.5010600474534912;-0.44677734375;
03:12:40;457.0;1571879561;95.606;18.302981896488443;0.5155769548306604;-0.45654296875;
03:12:41;458.0;1571879562;95.815;17.27228147270943;0.486543140076322;-0.43701171875;
03:12:42;459.0;1571879563;95.919;17.78763168459894;0.5010600474534912;-0.44677734375;
03:12:43;460.0;1571879564;95.794;17.78763168459894;0.5010600474534912;-0.44677734375;
03:12:44;461.0;1571879565;95.919;18.04530679054369;0.5083185011420758;-0.45166015625;
03:12:45;462.0;1571879566;95.669;17.78763168459894;0.5010600474534912;-0.44677734375;
03:12:46;463.0;1571879567;95.357;17.78763168459894;0.5010600474534912;-0.44677734375;
03:12:47;464.0;1571879568;95.399;17.916469237571313;0.5046892742977834;-0.44921875;
03:12:48;465.0;1571879569;95.047;17.78763168459894;0.5010600474534912;-0.44677734375;
03:12:49;466.0;1571879570;95.15;20.7508954029636;0.5845322648722141;-0.5029296875;
03:12:50;467.0;1571879571;95.731;17.916469237571313;0.5046892742977834;-0.44921875;
03:12:51;468.0;1571879572;95.606;16.756931260819922;0.4720262326991527;-0.42724609375;
03:12:52;469.0;1571879573;95.815;17.658794131626557;0.4974308206091988;-0.4443359375;
03:12:53;470.0;1571879574;95.961;17.916469237571313;0.5046892742977834;-0.44921875;
03:12:54;471.0;1571879575;95.752;17.916469237571313;0.5046892742977834;-0.44921875;
03:12:55;472.0;1571879576;95.898;17.78763168459894;0.5010600474534912;-0.44677734375;
03:12:56;473.0;1571879577;95.752;17.658794131626557;0.4974308206091988;-0.4443359375;
03:12:57;474.0;1571879579;95.752;17.658794131626557;0.4974308206091988;-0.4443359375;
03:12:58;475.0;1571879579;95.836;17.529956578654183;0.49380159376490657;-0.44189453125;
03:12:59;476.0;1571879580;95.606;17.916469237571313;0.5046892742977834;-0.44921875;
03:13:00;477.0;1571879581;95.794;18.04530679054369;0.5083185011420758;-0.45166015625;
03:13:01;478.0;1571879582;95.773;17.916469237571313;0.5046892742977834;-0.44921875;
03:13:02;479.0;1571879584;95.378;18.04530679054369;0.5083185011420758;-0.45166015625;
03:13:03;480.0;1571879584;95.378;17.78763168459894;0.5010600474534912;-0.44677734375;
03:13:04;481.0;1571879585;95.337;17.658794131626557;0.4974308206091988;-0.4443359375;
03:13:05;482.0;1571879586;95.482;17.658794131626557;0.4974308206091988;-0.4443359375;
03:13:06;483.0;1571879587;95.523;17.529956578654183;0.49380159376490657;-0.44189453125;
03:13:07;484.0;1571879589;95.773;17.658794131626557;0.4974308206091988;-0.4443359375;
03:13:08;485.0;1571879589;95.44;17.401119025681805;0.4901723669206142;-0.439453125;
03:13:09;486.0;1571879591;95.316;17.916469237571313;0.5046892742977834;-0.44921875;
03:13:10;487.0;1571879591;95.523;17.529956578654183;0.49380159376490657;-0.44189453125;
03:13:11;488.0;1571879593;95.482;17.529956578654183;0.49380159376490657;-0.44189453125;
03:13:12;489.0;1571879593;95.669;18.04530679054369;0.5083185011420758;-0.45166015625;
03:13:13;490.0;1571879594;95.44;17.529956578654183;0.49380159376490657;-0.44189453125;
03:13:14;491.0;1571879596;95.378;17.78763168459894;0.5010600474534912;-0.44677734375;
03:13:15;492.0;1571879596;95.44;18.174144343516065;0.511947727986368;-0.4541015625;
03:13:16;493.0;1571879598;95.44;17.78763168459894;0.5010600474534912;-0.44677734375;
03:13:17;494.0;1571879599;95.544;18.302981896488443;0.5155769548306604;-0.45654296875;
03:13:18;495.0;1571879599;95.274;17.916469237571313;0.5046892742977834;-0.44921875;
03:13:19;496.0;1571879601;95.212;17.529956578654183;0.49380159376490657;-0.44189453125;
03:13:20;497.0;1571879601;95.233;18.174144343516065;0.511947727986368;-0.4541015625;
03:13:21;498.0;1571879603;95.233;17.78763168459894;0.5010600474534912;-0.44677734375;
03:13:22;499.0;1571879604;95.357;17.78763168459894;0.5010600474534912;-0.44677734375;
03:13:23;500.0;1571879604;95.523;17.27228147270943;0.486543140076322;-0.43701171875;
03:13:24;501.0;1571879606;95.544;9999.0;9999.0;9999.0;
03:13:25;502.0;1571879606;95.606;18.04530679054369;0.5083185011420758;-0.45166015625;
03:13:27;504.0;1571879608;95.544;18.04530679054369;0.5083185011420758;-0.45166015625;
03:13:28;505.0;1571879609;95.627;17.78763168459894;0.5010600474534912;-0.44677734375;
03:13:29;506.0;1571879610;95.627;17.78763168459894;0.5010600474534912;-0.44677734375;
03:13:30;507.0;1571879611;95.503;17.916469237571313;0.5046892742977834;-0.44921875;
03:13:31;508.0;1571879612;95.565;17.78763168459894;0.5010600474534912;-0.44677734375;
03:13:32;509.0;1571879614;95.544;17.916469237571313;0.5046892742977834;-0.44921875;
03:13:33;510.0;1571879614;95.295;18.04530679054369;0.5083185011420758;-0.45166015625;
03:13:34;511.0;1571879615;95.233;17.529956578654183;0.49380159376490657;-0.44189453125;
03:13:35;512.0;1571879616;95.274;17.658794131626557;0.4974308206091988;-0.4443359375;
03:13:36;513.0;1571879617;95.295;17.916469237571313;0.5046892742977834;-0.44921875;
03:13:37;514.0;1571879618;95.565;17.658794131626557;0.4974308206091988;-0.4443359375;
03:13:38;515.0;1571879619;95.627;18.174144343516065;0.511947727986368;-0.4541015625;
03:13:39;516.0;1571879621;95.503;17.658794131626557;0.4974308206091988;-0.4443359375;
03:13:40;517.0;1571879621;95.606;17.658794131626557;0.4974308206091988;-0.4443359375;
03:13:41;518.0;1571879623;95.565;17.401119025681805;0.4901723669206142;-0.439453125;
03:13:42;519.0;1571879623;95.565;17.658794131626557;0.4974308206091988;-0.4443359375;
03:13:43;520.0;1571879624;95.544;17.916469237571313;0.5046892742977834;-0.44921875;
03:13:44;521.0;1571879626;95.316;17.27228147270943;0.486543140076322;-0.43701171875;
03:13:45;522.0;1571879626;95.461;17.529956578654183;0.49380159376490657;-0.44189453125;
03:13:46;523.0;1571879628;95.544;18.302981896488443;0.5155769548306604;-0.45654296875;
03:13:47;524.0;1571879628;95.482;18.818332108377952;0.5300938622078296;-0.46630859375;
03:13:48;525.0;1571879629;95.544;17.658794131626557;0.4974308206091988;-0.4443359375;
03:13:49;526.0;1571879631;95.233;17.78763168459894;0.5010600474534912;-0.44677734375;
03:13:50;527.0;1571879631;94.985;17.401119025681805;0.4901723669206142;-0.439453125;
03:13:51;528.0;1571879633;94.882;17.78763168459894;0.5010600474534912;-0.44677734375;
03:13:52;529.0;1571879634;94.717;20.7508954029636;0.5845322648722141;-0.5029296875;
03:13:53;530.0;1571879635;94.882;17.529956578654183;0.49380159376490657;-0.44189453125;
03:13:54;531.0;1571879635;95.109;17.78763168459894;0.5010600474534912;-0.44677734375;
03:13:55;532.0;1571879636;95.233;18.5606570024332;0.522835408519245;-0.46142578125;
03:13:56;533.0;1571879638;95.378;17.658794131626557;0.4974308206091988;-0.4443359375;
03:13:57;534.0;1571879639;95.233;21.137408061880727;0.5954199454050909;-0.51025390625;
03:13:58;535.0;1571879640;94.696;17.658794131626557;0.4974308206091988;-0.4443359375;
03:13:59;536.0;1571879641;94.799;17.78763168459894;0.5010600474534912;-0.44677734375;
03:14:00;537.0;1571879642;94.593;18.174144343516065;0.511947727986368;-0.4541015625;
03:14:01;538.0;1571879642;94.737;17.78763168459894;0.5010600474534912;-0.44677734375;
03:14:02;539.0;1571879644;95.295;20.106707638101717;0.5663861306507526;-0.49072265625;
03:14:03;540.0;1571879645;95.254;18.302981896488443;0.5155769548306604;-0.45654296875;
03:14:04;541.0;1571879646;95.419;17.916469237571313;0.5046892742977834;-0.44921875;
03:14:05;542.0;1571879647;95.129;18.04530679054369;0.5083185011420758;-0.45166015625;
03:14:06;543.0;1571879648;94.964;17.529956578654183;0.49380159376490657;-0.44189453125;
03:14:07;544.0;1571879649;94.902;18.689494555405574;0.5264646353635373;-0.4638671875;
03:14:08;545.0;1571879650;94.717;17.658794131626557;0.4974308206091988;-0.4443359375;
03:14:09;546.0;1571879651;94.923;17.658794131626557;0.4974308206091988;-0.4443359375;
03:14:10;547.0;1571879652;94.82;17.27228147270943;0.486543140076322;-0.43701171875;
03:14:11;548.0;1571879653;94.676;17.78763168459894;0.5010600474534912;-0.44677734375;
03:14:13;550.0;1571879654;95.129;17.529956578654183;0.49380159376490657;-0.44189453125;
03:14:14;551.0;1571879655;95.192;18.302981896488443;0.5155769548306604;-0.45654296875;
03:14:15;552.0;1571879656;95.088;17.78763168459894;0.5010600474534912;-0.44677734375;
03:14:16;553.0;1571879657;95.171;16.8857688137923;0.47565545954344507;-0.4296875;
03:14:17;554.0;1571879658;94.82;17.78763168459894;0.5010600474534912;-0.44677734375;
03:14:18;555.0;1571879659;94.717;17.916469237571313;0.5046892742977834;-0.44921875;
03:14:19;556.0;1571879660;95.088;17.529956578654183;0.49380159376490657;-0.44189453125;
03:14:20;557.0;1571879661;95.129;17.78763168459894;0.5010600474534912;-0.44677734375;
03:14:21;558.0;1571879662;95.212;17.658794131626557;0.4974308206091988;-0.4443359375;
03:14:22;559.0;1571879663;95.047;17.529956578654183;0.49380159376490657;-0.44189453125;
03:14:23;560.0;1571879664;94.573;17.916469237571313;0.5046892742977834;-0.44921875;
03:14:24;561.0;1571879665;94.552;19.076007214322704;0.5373523158964142;-0.47119140625;
03:14:25;562.0;1571879666;94.573;17.78763168459894;0.5010600474534912;-0.44677734375;
03:14:26;563.0;1571879667;94.552;16.241581048930417;0.4575093253219836;-0.41748046875;
03:14:27;564.0;1571879668;94.861;17.916469237571313;0.5046892742977834;-0.44921875;
03:14:28;565.0;1571879669;94.799;17.78763168459894;0.5010600474534912;-0.44677734375;
03:14:29;566.0;1571879670;94.882;17.916469237571313;0.5046892742977834;-0.44921875;
03:14:30;567.0;1571879671;95.047;17.78763168459894;0.5010600474534912;-0.44677734375;
03:14:31;568.0;1571879672;94.779;17.78763168459894;0.5010600474534912;-0.44677734375;
03:14:32;569.0;1571879673;94.614;17.78763168459894;0.5010600474534912;-0.44677734375;
03:14:33;570.0;1571879674;94.47;17.78763168459894;0.5010600474534912;-0.44677734375;
03:14:34;571.0;1571879675;94.368;17.78763168459894;0.5010600474534912;-0.44677734375;
03:14:35;572.0;1571879676;94.511;18.689494555405574;0.5264646353635373;-0.4638671875;
03:14:36;573.0;1571879677;94.655;17.916469237571313;0.5046892742977834;-0.44921875;
03:14:37;574.0;1571879678;94.758;18.04530679054369;0.5083185011420758;-0.45166015625;
03:14:38;575.0;1571879679;94.655;17.916469237571313;0.5046892742977834;-0.44921875;
03:14:39;576.0;1571879681;94.696;17.658794131626557;0.4974308206091988;-0.4443359375;
03:14:40;577.0;1571879681;94.779;17.658794131626557;0.4974308206091988;-0.4443359375;
03:14:41;578.0;1571879682;94.491;18.431819449460818;0.5192061816749526;-0.458984375;
03:14:42;579.0;1571879683;94.47;17.27228147270943;0.486543140076322;-0.43701171875;
03:14:43;580.0;1571879684;94.327;17.916469237571313;0.5046892742977834;-0.44921875;
03:14:44;581.0;1571879686;94.45;17.658794131626557;0.4974308206091988;-0.4443359375;
03:14:45;582.0;1571879686;94.593;17.658794131626557;0.4974308206091988;-0.4443359375;
03:14:46;583.0;1571879688;94.676;17.916469237571313;0.5046892742977834;-0.44921875;
03:14:47;584.0;1571879689;94.882;17.014606366764678;0.4792846863877374;-0.43212890625;
03:14:48;585.0;1571879689;94.676;17.658794131626557;0.4974308206091988;-0.4443359375;
03:14:49;586.0;1571879691;94.82;17.78763168459894;0.5010600474534912;-0.44677734375;
03:14:50;587.0;1571879691;94.964;17.658794131626557;0.4974308206091988;-0.4443359375;
03:14:51;588.0;1571879693;94.779;17.658794131626557;0.4974308206091988;-0.4443359375;
03:14:52;589.0;1571879694;94.82;17.529956578654183;0.49380159376490657;-0.44189453125;
03:14:53;590.0;1571879695;94.491;17.529956578654183;0.49380159376490657;-0.44189453125;
03:14:54;591.0;1571879695;94.306;17.529956578654183;0.49380159376490657;-0.44189453125;
03:14:55;592.0;1571879697;94.265;17.658794131626557;0.4974308206091988;-0.4443359375;
03:14:56;593.0;1571879698;94.04;18.302981896488443;0.5155769548306604;-0.45654296875;
03:14:57;594.0;1571879698;94.081;17.529956578654183;0.49380159376490657;-0.44189453125;
03:14:58;595.0;1571879700;94.245;17.658794131626557;0.4974308206091988;-0.4443359375;
03:14:59;596.0;1571879700;94.183;17.401119025681805;0.4901723669206142;-0.439453125;
03:15:00;597.0;1571879702;94.327;18.5606570024332;0.522835408519245;-0.46142578125;
03:15:01;598.0;1571879703;94.573;17.658794131626557;0.4974308206091988;-0.4443359375;
