Time;Seconds from start for linreg;Unix Time;ch1 po2;Uc;Ubl;Vc;
12:10:24;-1.0;1574683825;80.638;17.47184080067646;0.4853289111299017;-0.44189453125;
12:10:25;0.0;1574683826;80.811;15.930915673167739;0.44252543536577055;-0.41259765625;
12:10:26;1.0;1574683827;80.793;17.47184080067646;0.4853289111299017;-0.44189453125;
12:10:27;2.0;1574683828;80.811;18.627534646308;0.517431517953;-0.4638671875;
12:10:28;3.0;1574683829;81.002;17.60025122796885;0.4888958674435792;-0.4443359375;
12:10:29;4.0;1574683830;80.655;17.985482509846033;0.49959673638461205;-0.45166015625;
12:10:30;5.0;1574683831;80.898;16.187736527752527;0.44965934799312574;-0.41748046875;
12:10:31;6.0;1574683832;80.759;17.60025122796885;0.4888958674435792;-0.4443359375;
12:10:32;7.0;1574683833;80.707;17.343430373384063;0.48176195481622397;-0.439453125;
12:10:33;8.0;1574683834;80.88;17.60025122796885;0.4888958674435792;-0.4443359375;
12:10:34;9.0;1574683835;80.724;17.728661655261245;0.4924628237572568;-0.44677734375;
12:10:35;10.0;1574683836;81.071;17.728661655261245;0.4924628237572568;-0.44677734375;
12:10:36;11.0;1574683837;80.898;18.627534646308;0.517431517953;-0.4638671875;
12:10:37;12.0;1574683838;80.672;17.08660951879928;0.47462804218886884;-0.4345703125;
12:10:38;13.0;1574683839;80.672;17.85707208255364;0.4960297800709344;-0.44921875;
12:10:39;14.0;1574683840;80.275;17.47184080067646;0.4853289111299017;-0.44189453125;
12:10:40;15.0;1574683841;80.448;17.60025122796885;0.4888958674435792;-0.4443359375;
12:10:41;16.0;1574683842;80.499;17.08660951879928;0.47462804218886884;-0.4345703125;
12:10:42;17.0;1574683843;80.344;17.60025122796885;0.4888958674435792;-0.4443359375;
12:10:43;18.0;1574683844;80.499;17.215019946091672;0.47819499850254643;-0.43701171875;
12:10:44;19.0;1574683845;80.258;17.47184080067646;0.4853289111299017;-0.44189453125;
12:10:45;20.0;1574683846;80.138;17.60025122796885;0.4888958674435792;-0.4443359375;
12:10:46;21.0;1574683847;80.224;17.343430373384063;0.48176195481622397;-0.439453125;
12:10:47;22.0;1574683849;80.344;20.682101482986294;0.5745028189718415;-0.5029296875;
12:10:48;23.0;1574683850;80.863;17.985482509846033;0.49959673638461205;-0.45166015625;
12:10:49;24.0;1574683851;81.124;17.343430373384063;0.48176195481622397;-0.439453125;
12:10:50;25.0;1574683852;81.385;15.417273963998165;0.4282576101110601;-0.40283203125;
12:10:51;26.0;1574683853;81.315;16.958199091506888;0.47106108587519135;-0.43212890625;
12:10:52;27.0;1574683854;80.95;17.728661655261245;0.4924628237572568;-0.44677734375;
12:10:53;28.0;1574683855;81.106;17.728661655261245;0.4924628237572568;-0.44677734375;
12:10:55;30.0;1574683856;80.776;17.985482509846033;0.49959673638461205;-0.45166015625;
12:10:56;31.0;1574683857;80.655;17.215019946091672;0.47819499850254643;-0.43701171875;
12:10:57;32.0;1574683858;80.603;17.85707208255364;0.4960297800709344;-0.44921875;
12:10:58;33.0;1574683859;80.379;17.215019946091672;0.47819499850254643;-0.43701171875;
12:10:59;34.0;1574683860;80.224;18.24230336443082;0.5067306490119673;-0.45654296875;
12:11:00;35.0;1574683861;80.327;17.343430373384063;0.48176195481622397;-0.439453125;
12:11:01;36.0;1574683862;80.448;17.60025122796885;0.4888958674435792;-0.4443359375;
12:11:02;37.0;1574683863;80.413;18.113892937138424;0.5031636926982895;-0.4541015625;
12:11:03;38.0;1574683864;80.551;17.08660951879928;0.47462804218886884;-0.4345703125;
12:11:04;39.0;1574683865;80.672;17.85707208255364;0.4960297800709344;-0.44921875;
12:11:05;40.0;1574683866;80.413;17.08660951879928;0.47462804218886884;-0.4345703125;
12:11:06;41.0;1574683867;80.43;17.985482509846033;0.49959673638461205;-0.45166015625;
12:11:07;42.0;1574683868;80.43;18.24230336443082;0.5067306490119673;-0.45654296875;
12:11:08;43.0;1574683869;80.292;17.85707208255364;0.4960297800709344;-0.44921875;
12:11:09;44.0;1574683870;80.551;18.113892937138424;0.5031636926982895;-0.4541015625;
12:11:10;45.0;1574683871;80.69;17.728661655261245;0.4924628237572568;-0.44677734375;
12:11:11;46.0;1574683872;80.88;17.215019946091672;0.47819499850254643;-0.43701171875;
12:11:12;47.0;1574683873;80.984;17.47184080067646;0.4853289111299017;-0.44189453125;
12:11:13;48.0;1574683874;80.898;17.85707208255364;0.4960297800709344;-0.44921875;
12:11:14;49.0;1574683875;81.037;17.85707208255364;0.4960297800709344;-0.44921875;
12:11:15;50.0;1574683876;80.741;17.985482509846033;0.49959673638461205;-0.45166015625;
12:11:16;51.0;1574683877;80.499;17.60025122796885;0.4888958674435792;-0.4443359375;
12:11:17;52.0;1574683878;80.448;17.60025122796885;0.4888958674435792;-0.4443359375;
12:11:18;53.0;1574683879;80.31;17.60025122796885;0.4888958674435792;-0.4443359375;
12:11:19;54.0;1574683880;80.43;17.85707208255364;0.4960297800709344;-0.44921875;
12:11:20;55.0;1574683881;80.69;17.47184080067646;0.4853289111299017;-0.44189453125;
12:11:21;56.0;1574683882;80.586;17.60025122796885;0.4888958674435792;-0.4443359375;
12:11:22;57.0;1574683883;80.69;18.37071379172321;0.5102976053256447;-0.458984375;
12:11:23;58.0;1574683884;80.863;17.985482509846033;0.49959673638461205;-0.45166015625;
12:11:24;59.0;1574683885;81.019;17.85707208255364;0.4960297800709344;-0.44921875;
12:11:25;60.0;1574683886;80.984;16.44455738233731;0.45679326062048087;-0.42236328125;
12:11:26;61.0;1574683887;80.984;17.85707208255364;0.4960297800709344;-0.44921875;
12:11:27;62.0;1574683888;80.88;17.60025122796885;0.4888958674435792;-0.4443359375;
12:11:28;63.0;1574683889;80.448;17.343430373384063;0.48176195481622397;-0.439453125;
12:11:29;64.0;1574683890;80.603;17.60025122796885;0.4888958674435792;-0.4443359375;
12:11:30;65.0;1574683891;80.344;18.113892937138424;0.5031636926982895;-0.4541015625;
12:11:31;66.0;1574683892;80.603;17.85707208255364;0.4960297800709344;-0.44921875;
12:11:32;67.0;1574683893;80.603;17.60025122796885;0.4888958674435792;-0.4443359375;
12:11:33;68.0;1574683894;80.724;17.728661655261245;0.4924628237572568;-0.44677734375;
12:11:34;69.0;1574683895;81.019;17.47184080067646;0.4853289111299017;-0.44189453125;
12:11:35;70.0;1574683896;80.845;17.215019946091672;0.47819499850254643;-0.43701171875;
12:11:36;71.0;1574683897;81.158;17.85707208255364;0.4960297800709344;-0.44921875;
12:11:37;72.0;1574683898;81.176;17.85707208255364;0.4960297800709344;-0.44921875;
12:11:38;73.0;1574683899;80.88;18.113892937138424;0.5031636926982895;-0.4541015625;
12:11:39;74.0;1574683900;80.898;18.627534646308;0.517431517953;-0.4638671875;
12:11:40;75.0;1574683901;80.69;17.728661655261245;0.4924628237572568;-0.44677734375;
12:11:41;76.0;1574683902;80.932;19.269586782769967;0.5352662995213879;-0.47607421875;
12:11:42;77.0;1574683903;81.054;17.60025122796885;0.4888958674435792;-0.4443359375;
12:11:43;78.0;1574683904;81.176;17.85707208255364;0.4960297800709344;-0.44921875;
12:11:44;79.0;1574683905;81.176;18.113892937138424;0.5031636926982895;-0.4541015625;
12:11:45;80.0;1574683906;81.228;17.85707208255364;0.4960297800709344;-0.44921875;
12:11:46;81.0;1574683907;81.263;18.24230336443082;0.5067306490119673;-0.45654296875;
12:11:47;82.0;1574683909;81.28;17.60025122796885;0.4888958674435792;-0.4443359375;
12:11:48;83.0;1574683910;81.35;16.958199091506888;0.47106108587519135;-0.43212890625;
12:11:49;84.0;1574683911;80.776;18.627534646308;0.517431517953;-0.4638671875;
12:11:50;85.0;1574683912;80.898;17.60025122796885;0.4888958674435792;-0.4443359375;
12:11:51;86.0;1574683913;80.62;18.627534646308;0.517431517953;-0.4638671875;
12:11:52;87.0;1574683914;80.845;17.85707208255364;0.4960297800709344;-0.44921875;
12:11:53;88.0;1574683915;81.245;15.545684391290557;0.4318245664247377;-0.4052734375;
12:11:54;89.0;1574683916;81.193;17.985482509846033;0.49959673638461205;-0.45166015625;
12:11:55;90.0;1574683917;81.315;17.47184080067646;0.4853289111299017;-0.44189453125;
12:11:56;91.0;1574683918;80.95;17.08660951879928;0.47462804218886884;-0.4345703125;
12:11:57;92.0;1574683919;80.811;18.627534646308;0.517431517953;-0.4638671875;
12:11:59;94.0;1574683920;80.863;17.215019946091672;0.47819499850254643;-0.43701171875;
12:12:00;95.0;1574683921;80.898;18.627534646308;0.517431517953;-0.4638671875;
12:12:01;96.0;1574683922;81.019;17.47184080067646;0.4853289111299017;-0.44189453125;
12:12:02;97.0;1574683923;81.211;17.728661655261245;0.4924628237572568;-0.44677734375;
12:12:03;98.0;1574683924;81.037;17.47184080067646;0.4853289111299017;-0.44189453125;
12:12:04;99.0;1574683925;80.967;17.08660951879928;0.47462804218886884;-0.4345703125;
12:12:05;100.0;1574683926;80.984;17.47184080067646;0.4853289111299017;-0.44189453125;
12:12:06;101.0;1574683927;80.932;17.985482509846033;0.49959673638461205;-0.45166015625;
12:12:07;102.0;1574683928;81.089;17.47184080067646;0.4853289111299017;-0.44189453125;
12:12:08;103.0;1574683929;81.141;17.08660951879928;0.47462804218886884;-0.4345703125;
12:12:09;104.0;1574683930;81.28;17.47184080067646;0.4853289111299017;-0.44189453125;
12:12:10;105.0;1574683931;81.193;17.728661655261245;0.4924628237572568;-0.44677734375;
12:12:11;106.0;1574683932;80.95;17.985482509846033;0.49959673638461205;-0.45166015625;
12:12:12;107.0;1574683933;81.071;17.985482509846033;0.49959673638461205;-0.45166015625;
12:12:13;108.0;1574683934;80.915;13.491117554612266;0.37475326540589626;-0.3662109375;
12:12:14;109.0;1574683935;80.88;17.60025122796885;0.4888958674435792;-0.4443359375;
12:12:15;110.0;1574683936;81.263;18.24230336443082;0.5067306490119673;-0.45654296875;
12:12:16;111.0;1574683937;81.124;17.08660951879928;0.47462804218886884;-0.4345703125;
12:12:17;112.0;1574683938;81.263;17.60025122796885;0.4888958674435792;-0.4443359375;
12:12:18;113.0;1574683939;81.49;17.985482509846033;0.49959673638461205;-0.45166015625;
12:12:19;114.0;1574683940;81.245;17.985482509846033;0.49959673638461205;-0.45166015625;
12:12:20;115.0;1574683941;81.28;17.728661655261245;0.4924628237572568;-0.44677734375;
12:12:21;116.0;1574683942;81.28;17.60025122796885;0.4888958674435792;-0.4443359375;
12:12:22;117.0;1574683943;81.054;17.728661655261245;0.4924628237572568;-0.44677734375;
12:12:23;118.0;1574683944;81.141;17.985482509846033;0.49959673638461205;-0.45166015625;
12:12:24;119.0;1574683945;81.28;17.08660951879928;0.47462804218886884;-0.4345703125;
12:12:25;120.0;1574683946;81.019;17.47184080067646;0.4853289111299017;-0.44189453125;
12:12:26;121.0;1574683947;80.915;17.60025122796885;0.4888958674435792;-0.4443359375;
12:12:27;122.0;1574683948;80.828;17.47184080067646;0.4853289111299017;-0.44189453125;
12:12:28;123.0;1574683949;80.638;16.958199091506888;0.47106108587519135;-0.43212890625;
12:12:29;124.0;1574683950;80.499;17.728661655261245;0.4924628237572568;-0.44677734375;
12:12:30;125.0;1574683951;80.534;17.343430373384063;0.48176195481622397;-0.439453125;
12:12:31;126.0;1574683952;80.344;17.47184080067646;0.4853289111299017;-0.44189453125;
12:12:32;127.0;1574683953;80.465;17.343430373384063;0.48176195481622397;-0.439453125;
12:12:33;128.0;1574683954;80.586;17.728661655261245;0.4924628237572568;-0.44677734375;
12:12:34;129.0;1574683955;80.638;17.728661655261245;0.4924628237572568;-0.44677734375;
12:12:35;130.0;1574683956;80.759;18.24230336443082;0.5067306490119673;-0.45654296875;
12:12:36;131.0;1574683957;80.551;17.47184080067646;0.4853289111299017;-0.44189453125;
12:12:37;132.0;1574683959;80.586;17.985482509846033;0.49959673638461205;-0.45166015625;
12:12:38;133.0;1574683960;80.499;18.113892937138424;0.5031636926982895;-0.4541015625;
12:12:39;134.0;1574683961;80.396;17.85707208255364;0.4960297800709344;-0.44921875;
12:12:40;135.0;1574683962;80.707;17.343430373384063;0.48176195481622397;-0.439453125;
12:12:41;136.0;1574683963;80.828;15.930915673167739;0.44252543536577055;-0.41259765625;
12:12:42;137.0;1574683964;81.141;17.343430373384063;0.48176195481622397;-0.439453125;
12:12:43;138.0;1574683965;81.35;18.24230336443082;0.5067306490119673;-0.45654296875;
12:12:44;139.0;1574683966;81.158;17.85707208255364;0.4960297800709344;-0.44921875;
12:12:45;140.0;1574683967;80.984;17.215019946091672;0.47819499850254643;-0.43701171875;
12:12:46;141.0;1574683968;80.95;17.728661655261245;0.4924628237572568;-0.44677734375;
12:12:47;142.0;1574683969;81.002;18.37071379172321;0.5102976053256447;-0.458984375;
12:12:48;143.0;1574683970;81.089;17.985482509846033;0.49959673638461205;-0.45166015625;
12:12:49;144.0;1574683971;81.368;17.728661655261245;0.4924628237572568;-0.44677734375;
12:12:50;145.0;1574683972;81.403;17.47184080067646;0.4853289111299017;-0.44189453125;
12:12:51;146.0;1574683973;81.315;17.47184080067646;0.4853289111299017;-0.44189453125;
12:12:52;147.0;1574683974;81.089;17.60025122796885;0.4888958674435792;-0.4443359375;
12:12:53;148.0;1574683975;81.071;17.08660951879928;0.47462804218886884;-0.4345703125;
12:12:54;149.0;1574683976;80.828;17.985482509846033;0.49959673638461205;-0.45166015625;
12:12:55;150.0;1574683977;80.932;17.343430373384063;0.48176195481622397;-0.439453125;
12:12:56;151.0;1574683978;81.315;17.08660951879928;0.47462804218886884;-0.4345703125;
12:12:57;152.0;1574683979;81.263;17.60025122796885;0.4888958674435792;-0.4443359375;
12:12:58;153.0;1574683980;81.245;17.985482509846033;0.49959673638461205;-0.45166015625;
12:12:59;154.0;1574683981;80.828;17.215019946091672;0.47819499850254643;-0.43701171875;
12:13:00;155.0;1574683982;80.448;16.958199091506888;0.47106108587519135;-0.43212890625;
12:13:01;156.0;1574683983;80.396;17.728661655261245;0.4924628237572568;-0.44677734375;
12:13:03;158.0;1574683984;80.741;17.728661655261245;0.4924628237572568;-0.44677734375;
12:13:04;159.0;1574683985;80.898;18.627534646308;0.517431517953;-0.4638671875;
12:13:05;160.0;1574683986;80.915;16.958199091506888;0.47106108587519135;-0.43212890625;
12:13:06;161.0;1574683987;81.019;17.47184080067646;0.4853289111299017;-0.44189453125;
12:13:07;162.0;1574683988;80.915;17.47184080067646;0.4853289111299017;-0.44189453125;
12:13:08;163.0;1574683989;80.898;17.728661655261245;0.4924628237572568;-0.44677734375;
12:13:09;164.0;1574683990;81.141;18.113892937138424;0.5031636926982895;-0.4541015625;
12:13:10;165.0;1574683991;81.176;18.499124219015606;0.5138645616393224;-0.46142578125;
12:13:11;166.0;1574683992;81.141;16.44455738233731;0.45679326062048087;-0.42236328125;
12:13:12;167.0;1574683993;81.298;17.985482509846033;0.49959673638461205;-0.45166015625;
12:13:13;168.0;1574683994;81.002;18.113892937138424;0.5031636926982895;-0.4541015625;
12:13:14;169.0;1574683995;80.932;17.85707208255364;0.4960297800709344;-0.44921875;
12:13:15;170.0;1574683996;80.776;16.316146955044918;0.4532263043068033;-0.419921875;
12:13:16;171.0;1574683997;80.741;18.499124219015606;0.5138645616393224;-0.46142578125;
12:13:17;172.0;1574683998;80.915;18.113892937138424;0.5031636926982895;-0.4541015625;
12:13:18;173.0;1574683999;80.655;17.08660951879928;0.47462804218886884;-0.4345703125;
12:13:19;174.0;1574684000;80.69;17.85707208255364;0.4960297800709344;-0.44921875;
12:13:20;175.0;1574684001;80.828;18.755945073600394;0.5209984742666776;-0.46630859375;
12:13:21;176.0;1574684002;80.828;17.985482509846033;0.49959673638461205;-0.45166015625;
12:13:22;177.0;1574684003;81.037;17.728661655261245;0.4924628237572568;-0.44677734375;
12:13:23;178.0;1574684004;81.037;18.627534646308;0.517431517953;-0.4638671875;
12:13:24;179.0;1574684005;81.037;17.215019946091672;0.47819499850254643;-0.43701171875;
12:13:25;180.0;1574684006;81.211;17.985482509846033;0.49959673638461205;-0.45166015625;
12:13:26;181.0;1574684007;81.42;17.985482509846033;0.49959673638461205;-0.45166015625;
12:13:27;182.0;1574684008;81.245;17.47184080067646;0.4853289111299017;-0.44189453125;
12:13:28;183.0;1574684009;81.054;17.985482509846033;0.49959673638461205;-0.45166015625;
12:13:29;184.0;1574684010;80.967;18.113892937138424;0.5031636926982895;-0.4541015625;
12:13:30;185.0;1574684011;80.69;17.985482509846033;0.49959673638461205;-0.45166015625;
12:13:31;186.0;1574684012;80.845;18.499124219015606;0.5138645616393224;-0.46142578125;
12:13:32;187.0;1574684013;81.089;17.47184080067646;0.4853289111299017;-0.44189453125;
12:13:33;188.0;1574684014;80.898;18.24230336443082;0.5067306490119673;-0.45654296875;
12:13:34;189.0;1574684015;80.932;16.44455738233731;0.45679326062048087;-0.42236328125;
12:13:35;190.0;1574684016;81.089;18.24230336443082;0.5067306490119673;-0.45654296875;
12:13:36;191.0;1574684017;80.793;17.985482509846033;0.49959673638461205;-0.45166015625;
12:13:37;192.0;1574684018;80.88;17.728661655261245;0.4924628237572568;-0.44677734375;
12:13:38;193.0;1574684019;81.054;17.08660951879928;0.47462804218886884;-0.4345703125;
12:13:39;194.0;1574684020;80.88;17.47184080067646;0.4853289111299017;-0.44189453125;
12:13:40;195.0;1574684021;81.158;18.24230336443082;0.5067306490119673;-0.45654296875;
12:13:41;196.0;1574684022;81.019;17.985482509846033;0.49959673638461205;-0.45166015625;
12:13:42;197.0;1574684024;80.811;17.985482509846033;0.49959673638461205;-0.45166015625;
12:13:43;198.0;1574684025;80.69;18.113892937138424;0.5031636926982895;-0.4541015625;
12:13:44;199.0;1574684026;80.396;18.37071379172321;0.5102976053256447;-0.458984375;
12:13:45;200.0;1574684027;80.672;17.215019946091672;0.47819499850254643;-0.43701171875;
12:13:46;201.0;1574684028;81.019;17.60025122796885;0.4888958674435792;-0.4443359375;
12:13:47;202.0;1574684029;80.898;16.7013782369221;0.4639271732478361;-0.42724609375;
12:13:48;203.0;1574684030;80.863;18.24230336443082;0.5067306490119673;-0.45654296875;
12:13:49;204.0;1574684031;80.759;18.24230336443082;0.5067306490119673;-0.45654296875;
12:13:50;205.0;1574684032;80.482;17.47184080067646;0.4853289111299017;-0.44189453125;
12:13:51;206.0;1574684033;80.62;17.60025122796885;0.4888958674435792;-0.4443359375;
12:13:52;207.0;1574684034;80.655;17.85707208255364;0.4960297800709344;-0.44921875;
12:13:53;208.0;1574684035;80.638;17.985482509846033;0.49959673638461205;-0.45166015625;
12:13:54;209.0;1574684036;80.638;17.60025122796885;0.4888958674435792;-0.4443359375;
12:13:55;210.0;1574684037;80.776;17.47184080067646;0.4853289111299017;-0.44189453125;
12:13:56;211.0;1574684038;80.845;17.343430373384063;0.48176195481622397;-0.439453125;
12:13:57;212.0;1574684039;80.811;17.343430373384063;0.48176195481622397;-0.439453125;
12:13:58;213.0;1574684040;80.793;17.47184080067646;0.4853289111299017;-0.44189453125;
12:13:59;214.0;1574684041;81.019;17.985482509846033;0.49959673638461205;-0.45166015625;
12:14:00;215.0;1574684042;80.898;17.47184080067646;0.4853289111299017;-0.44189453125;
12:14:01;216.0;1574684043;80.932;17.47184080067646;0.4853289111299017;-0.44189453125;
12:14:02;217.0;1574684044;80.95;18.24230336443082;0.5067306490119673;-0.45654296875;
12:14:03;218.0;1574684045;80.69;17.985482509846033;0.49959673638461205;-0.45166015625;
12:14:04;219.0;1574684046;80.811;17.343430373384063;0.48176195481622397;-0.439453125;
12:14:05;220.0;1574684047;80.95;18.113892937138424;0.5031636926982895;-0.4541015625;
12:14:07;222.0;1574684048;81.071;17.60025122796885;0.4888958674435792;-0.4443359375;
12:14:08;223.0;1574684049;80.828;17.215019946091672;0.47819499850254643;-0.43701171875;
12:14:09;224.0;1574684050;80.811;17.47184080067646;0.4853289111299017;-0.44189453125;
12:14:10;225.0;1574684051;80.499;17.08660951879928;0.47462804218886884;-0.4345703125;
12:14:11;226.0;1574684052;80.224;17.47184080067646;0.4853289111299017;-0.44189453125;
12:14:12;227.0;1574684053;80.31;17.728661655261245;0.4924628237572568;-0.44677734375;
12:14:13;228.0;1574684054;80.379;17.728661655261245;0.4924628237572568;-0.44677734375;
12:14:14;229.0;1574684055;80.258;17.728661655261245;0.4924628237572568;-0.44677734375;
12:14:15;230.0;1574684056;80.206;17.728661655261245;0.4924628237572568;-0.44677734375;
12:14:16;231.0;1574684057;80.361;17.47184080067646;0.4853289111299017;-0.44189453125;
12:14:17;232.0;1574684058;80.206;17.728661655261245;0.4924628237572568;-0.44677734375;
12:14:18;233.0;1574684059;80.499;17.728661655261245;0.4924628237572568;-0.44677734375;
12:14:19;234.0;1574684060;80.551;17.47184080067646;0.4853289111299017;-0.44189453125;
12:14:20;235.0;1574684061;80.448;18.37071379172321;0.5102976053256447;-0.458984375;
12:14:21;236.0;1574684062;80.62;17.85707208255364;0.4960297800709344;-0.44921875;
12:14:22;237.0;1574684063;80.361;17.60025122796885;0.4888958674435792;-0.4443359375;
12:14:23;238.0;1574684064;80.344;17.728661655261245;0.4924628237572568;-0.44677734375;
12:14:24;239.0;1574684065;80.672;18.627534646308;0.517431517953;-0.4638671875;
12:14:25;240.0;1574684066;80.724;17.08660951879928;0.47462804218886884;-0.4345703125;
12:14:26;241.0;1574684067;80.793;17.985482509846033;0.49959673638461205;-0.45166015625;
12:14:27;242.0;1574684068;80.898;17.85707208255364;0.4960297800709344;-0.44921875;
12:14:28;243.0;1574684069;80.69;17.47184080067646;0.4853289111299017;-0.44189453125;
12:14:30;245.0;1574684070;80.534;17.85707208255364;0.4960297800709344;-0.44921875;
12:14:31;246.0;1574684072;80.568;17.60025122796885;0.4888958674435792;-0.4443359375;
12:14:32;247.0;1574684073;80.379;17.08660951879928;0.47462804218886884;-0.4345703125;
12:14:33;248.0;1574684074;80.31;19.012765928185182;0.5281323868940329;-0.47119140625;
12:14:34;249.0;1574684075;80.482;17.343430373384063;0.48176195481622397;-0.439453125;
12:14:35;250.0;1574684076;80.482;17.08660951879928;0.47462804218886884;-0.4345703125;
12:14:36;251.0;1574684077;80.603;18.113892937138424;0.5031636926982895;-0.4541015625;
12:14:37;252.0;1574684078;80.811;16.82978866421449;0.4674941295615136;-0.4296875;
12:14:38;253.0;1574684079;80.586;19.783228491939543;0.5495341247760984;-0.48583984375;
12:14:39;254.0;1574684080;80.724;16.05932610046013;0.44609239167944803;-0.4150390625;
12:14:40;255.0;1574684081;80.898;17.85707208255364;0.4960297800709344;-0.44921875;
12:14:41;256.0;1574684082;80.793;18.113892937138424;0.5031636926982895;-0.4541015625;
12:14:42;257.0;1574684083;80.984;17.85707208255364;0.4960297800709344;-0.44921875;
12:14:43;258.0;1574684084;80.603;17.343430373384063;0.48176195481622397;-0.439453125;
12:14:44;259.0;1574684085;80.672;15.802505245875343;0.43895847905209284;-0.41015625;
12:14:45;260.0;1574684086;80.741;17.215019946091672;0.47819499850254643;-0.43701171875;
12:14:46;261.0;1574684087;80.62;18.113892937138424;0.5031636926982895;-0.4541015625;
12:14:47;262.0;1574684088;80.724;17.728661655261245;0.4924628237572568;-0.44677734375;
12:14:48;263.0;1574684089;80.586;17.60025122796885;0.4888958674435792;-0.4443359375;
12:14:49;264.0;1574684090;80.482;15.802505245875343;0.43895847905209284;-0.41015625;
12:14:50;265.0;1574684091;80.517;17.60025122796885;0.4888958674435792;-0.4443359375;
12:14:51;266.0;1574684092;80.793;17.85707208255364;0.4960297800709344;-0.44921875;
12:14:52;267.0;1574684093;80.741;18.24230336443082;0.5067306490119673;-0.45654296875;
12:14:53;268.0;1574684094;80.845;17.85707208255364;0.4960297800709344;-0.44921875;
12:14:54;269.0;1574684095;80.759;17.728661655261245;0.4924628237572568;-0.44677734375;
12:14:55;270.0;1574684096;80.534;17.728661655261245;0.4924628237572568;-0.44677734375;
12:14:56;271.0;1574684097;80.43;17.08660951879928;0.47462804218886884;-0.4345703125;
12:14:57;272.0;1574684098;80.379;17.60025122796885;0.4888958674435792;-0.4443359375;
12:14:58;273.0;1574684099;80.811;18.24230336443082;0.5067306490119673;-0.45654296875;
12:14:59;274.0;1574684100;80.741;17.985482509846033;0.49959673638461205;-0.45166015625;
12:15:00;275.0;1574684101;80.863;18.24230336443082;0.5067306490119673;-0.45654296875;
12:15:01;276.0;1574684102;80.655;17.728661655261245;0.4924628237572568;-0.44677734375;
12:15:02;277.0;1574684103;80.603;17.985482509846033;0.49959673638461205;-0.45166015625;
12:15:03;278.0;1574684104;80.724;17.728661655261245;0.4924628237572568;-0.44677734375;
12:15:04;279.0;1574684105;80.672;17.215019946091672;0.47819499850254643;-0.43701171875;
12:15:05;280.0;1574684106;81.071;19.012765928185182;0.5281323868940329;-0.47119140625;
12:15:06;281.0;1574684107;80.62;17.985482509846033;0.49959673638461205;-0.45166015625;
12:15:07;282.0;1574684108;80.551;17.60025122796885;0.4888958674435792;-0.4443359375;
12:15:08;283.0;1574684109;80.586;18.24230336443082;0.5067306490119673;-0.45654296875;
12:15:09;284.0;1574684111;80.361;17.47184080067646;0.4853289111299017;-0.44189453125;
12:15:10;285.0;1574684112;80.568;17.60025122796885;0.4888958674435792;-0.4443359375;
12:15:11;286.0;1574684113;80.638;18.24230336443082;0.5067306490119673;-0.45654296875;
12:15:12;287.0;1574684114;80.551;18.24230336443082;0.5067306490119673;-0.45654296875;
12:15:13;288.0;1574684115;80.534;18.24230336443082;0.5067306490119673;-0.45654296875;
12:15:15;290.0;1574684116;80.465;17.60025122796885;0.4888958674435792;-0.4443359375;
12:15:16;291.0;1574684117;80.534;18.884355500892784;0.5245654305803551;-0.46875;
12:15:17;292.0;1574684118;80.482;17.47184080067646;0.4853289111299017;-0.44189453125;
12:15:18;293.0;1574684119;80.863;18.113892937138424;0.5031636926982895;-0.4541015625;
12:15:19;294.0;1574684120;81.106;17.60025122796885;0.4888958674435792;-0.4443359375;
12:15:20;295.0;1574684121;81.089;17.85707208255364;0.4960297800709344;-0.44921875;
12:15:21;296.0;1574684122;81.141;17.985482509846033;0.49959673638461205;-0.45166015625;
12:15:22;297.0;1574684123;80.863;17.85707208255364;0.4960297800709344;-0.44921875;
12:15:23;298.0;1574684124;80.741;17.60025122796885;0.4888958674435792;-0.4443359375;
12:15:24;299.0;1574684125;80.448;17.47184080067646;0.4853289111299017;-0.44189453125;
12:15:25;300.0;1574684126;80.172;19.526407637354755;0.5424002121487432;-0.48095703125;
12:15:26;301.0;1574684127;79.966;17.728661655261245;0.4924628237572568;-0.44677734375;
12:15:27;302.0;1574684128;79.932;17.985482509846033;0.49959673638461205;-0.45166015625;
12:15:29;304.0;1574684129;80.534;17.60025122796885;0.4888958674435792;-0.4443359375;
12:15:30;305.0;1574684131;80.741;17.47184080067646;0.4853289111299017;-0.44189453125;
12:15:31;306.0;1574684132;80.672;17.85707208255364;0.4960297800709344;-0.44921875;
12:15:32;307.0;1574684133;80.482;18.37071379172321;0.5102976053256447;-0.458984375;
12:15:33;308.0;1574684134;80.672;17.47184080067646;0.4853289111299017;-0.44189453125;
12:15:34;309.0;1574684135;80.482;17.85707208255364;0.4960297800709344;-0.44921875;
12:15:35;310.0;1574684136;80.603;17.343430373384063;0.48176195481622397;-0.439453125;
12:15:36;311.0;1574684137;80.534;18.499124219015606;0.5138645616393224;-0.46142578125;
12:15:37;312.0;1574684138;80.603;17.985482509846033;0.49959673638461205;-0.45166015625;
12:15:38;313.0;1574684139;80.707;18.627534646308;0.517431517953;-0.4638671875;
12:15:39;314.0;1574684140;80.534;18.113892937138424;0.5031636926982895;-0.4541015625;
12:15:40;315.0;1574684141;80.361;17.47184080067646;0.4853289111299017;-0.44189453125;
12:15:41;316.0;1574684142;80.189;17.985482509846033;0.49959673638461205;-0.45166015625;
12:15:42;317.0;1574684143;80.275;17.47184080067646;0.4853289111299017;-0.44189453125;
12:15:43;318.0;1574684144;80.206;17.985482509846033;0.49959673638461205;-0.45166015625;
12:15:44;319.0;1574684145;80.43;17.85707208255364;0.4960297800709344;-0.44921875;
12:15:45;320.0;1574684146;80.379;16.572967809629706;0.4603602169341585;-0.4248046875;
12:15:46;321.0;1574684147;80.292;17.60025122796885;0.4888958674435792;-0.4443359375;
12:15:47;322.0;1574684148;80.413;17.85707208255364;0.4960297800709344;-0.44921875;
12:15:48;323.0;1574684149;80.258;17.985482509846033;0.49959673638461205;-0.45166015625;
12:15:49;324.0;1574684150;80.361;17.728661655261245;0.4924628237572568;-0.44677734375;
12:15:50;325.0;1574684151;80.344;17.728661655261245;0.4924628237572568;-0.44677734375;
12:15:51;326.0;1574684152;80.344;17.85707208255364;0.4960297800709344;-0.44921875;
12:15:52;327.0;1574684153;80.482;17.60025122796885;0.4888958674435792;-0.4443359375;
12:15:53;328.0;1574684154;80.258;19.269586782769967;0.5352662995213879;-0.47607421875;
12:15:54;329.0;1574684155;80.379;17.47184080067646;0.4853289111299017;-0.44189453125;
12:15:55;330.0;1574684156;80.482;17.85707208255364;0.4960297800709344;-0.44921875;
12:15:56;331.0;1574684157;80.707;17.343430373384063;0.48176195481622397;-0.439453125;
12:15:57;332.0;1574684159;80.984;16.82978866421449;0.4674941295615136;-0.4296875;
12:15:58;333.0;1574684160;80.915;16.82978866421449;0.4674941295615136;-0.4296875;
12:15:59;334.0;1574684161;80.828;17.985482509846033;0.49959673638461205;-0.45166015625;
12:16:00;335.0;1574684162;80.655;18.37071379172321;0.5102976053256447;-0.458984375;
12:16:01;336.0;1574684163;80.603;17.85707208255364;0.4960297800709344;-0.44921875;
12:16:02;337.0;1574684164;80.396;17.985482509846033;0.49959673638461205;-0.45166015625;
12:16:03;338.0;1574684165;80.155;17.47184080067646;0.4853289111299017;-0.44189453125;
12:16:04;339.0;1574684166;79.983;17.47184080067646;0.4853289111299017;-0.44189453125;
12:16:05;340.0;1574684167;80.103;17.215019946091672;0.47819499850254643;-0.43701171875;
12:16:06;341.0;1574684168;80.31;17.215019946091672;0.47819499850254643;-0.43701171875;
12:16:07;342.0;1574684169;80.534;17.47184080067646;0.4853289111299017;-0.44189453125;
12:16:08;343.0;1574684170;80.707;17.47184080067646;0.4853289111299017;-0.44189453125;
12:16:09;344.0;1574684171;80.12;17.728661655261245;0.4924628237572568;-0.44677734375;
12:16:10;345.0;1574684172;80.035;17.47184080067646;0.4853289111299017;-0.44189453125;
12:16:11;346.0;1574684173;79.915;17.343430373384063;0.48176195481622397;-0.439453125;
12:16:12;347.0;1574684174;80.017;17.343430373384063;0.48176195481622397;-0.439453125;
12:16:13;348.0;1574684175;80.379;17.985482509846033;0.49959673638461205;-0.45166015625;
12:16:14;349.0;1574684176;80.31;18.24230336443082;0.5067306490119673;-0.45654296875;
12:16:15;350.0;1574684177;80.292;17.728661655261245;0.4924628237572568;-0.44677734375;
12:16:16;351.0;1574684178;80.12;17.85707208255364;0.4960297800709344;-0.44921875;
12:16:17;352.0;1574684179;80.086;17.343430373384063;0.48176195481622397;-0.439453125;
12:16:19;354.0;1574684180;80.086;17.60025122796885;0.4888958674435792;-0.4443359375;
12:16:20;355.0;1574684181;80.361;17.85707208255364;0.4960297800709344;-0.44921875;
12:16:21;356.0;1574684182;80.413;18.24230336443082;0.5067306490119673;-0.45654296875;
12:16:22;357.0;1574684183;80.396;17.47184080067646;0.4853289111299017;-0.44189453125;
12:16:23;358.0;1574684184;80.31;17.728661655261245;0.4924628237572568;-0.44677734375;
12:16:24;359.0;1574684185;79.778;17.47184080067646;0.4853289111299017;-0.44189453125;
12:16:25;360.0;1574684186;79.88;18.627534646308;0.517431517953;-0.4638671875;
12:16:26;361.0;1574684187;79.829;20.93892233757108;0.5816367315991966;-0.5078125;
12:16:28;363.0;1574684188;79.949;17.985482509846033;0.49959673638461205;-0.45166015625;
12:16:29;364.0;1574684190;79.812;17.728661655261245;0.4924628237572568;-0.44677734375;
12:16:30;365.0;1574684191;79.812;17.985482509846033;0.49959673638461205;-0.45166015625;
12:16:31;366.0;1574684192;80.052;17.85707208255364;0.4960297800709344;-0.44921875;
12:16:32;367.0;1574684193;80.275;17.60025122796885;0.4888958674435792;-0.4443359375;
12:16:33;368.0;1574684194;80.206;16.82978866421449;0.4674941295615136;-0.4296875;
12:16:34;369.0;1574684195;80.017;17.215019946091672;0.47819499850254643;-0.43701171875;
12:16:35;370.0;1574684196;79.692;17.215019946091672;0.47819499850254643;-0.43701171875;
12:16:36;371.0;1574684197;79.453;17.985482509846033;0.49959673638461205;-0.45166015625;
12:16:37;372.0;1574684198;79.3;17.85707208255364;0.4960297800709344;-0.44921875;
12:16:38;373.0;1574684199;79.743;17.60025122796885;0.4888958674435792;-0.4443359375;
12:16:39;374.0;1574684200;79.932;17.85707208255364;0.4960297800709344;-0.44921875;
12:16:40;375.0;1574684201;80.413;17.47184080067646;0.4853289111299017;-0.44189453125;
12:16:41;376.0;1574684202;80.534;18.113892937138424;0.5031636926982895;-0.4541015625;
12:16:42;377.0;1574684203;80.258;17.47184080067646;0.4853289111299017;-0.44189453125;
12:16:43;378.0;1574684204;80.138;17.60025122796885;0.4888958674435792;-0.4443359375;
12:16:44;379.0;1574684205;80.035;17.47184080067646;0.4853289111299017;-0.44189453125;
12:16:45;380.0;1574684206;80.189;17.985482509846033;0.49959673638461205;-0.45166015625;
12:16:46;381.0;1574684207;80.172;17.343430373384063;0.48176195481622397;-0.439453125;
12:16:47;382.0;1574684208;80.43;17.60025122796885;0.4888958674435792;-0.4443359375;
12:16:48;383.0;1574684209;80.155;17.85707208255364;0.4960297800709344;-0.44921875;
12:16:49;384.0;1574684210;79.88;17.985482509846033;0.49959673638461205;-0.45166015625;
12:16:50;385.0;1574684211;79.897;17.343430373384063;0.48176195481622397;-0.439453125;
12:16:51;386.0;1574684212;79.778;17.85707208255364;0.4960297800709344;-0.44921875;
12:16:52;387.0;1574684213;80.052;17.85707208255364;0.4960297800709344;-0.44921875;
12:16:53;388.0;1574684214;80.069;17.85707208255364;0.4960297800709344;-0.44921875;
12:16:54;389.0;1574684215;80.035;17.728661655261245;0.4924628237572568;-0.44677734375;
12:16:55;390.0;1574684216;79.949;17.85707208255364;0.4960297800709344;-0.44921875;
12:16:56;391.0;1574684217;79.949;17.60025122796885;0.4888958674435792;-0.4443359375;
12:16:57;392.0;1574684218;80.035;18.499124219015606;0.5138645616393224;-0.46142578125;
12:16:58;393.0;1574684220;79.932;17.47184080067646;0.4853289111299017;-0.44189453125;
12:16:59;394.0;1574684221;79.932;18.113892937138424;0.5031636926982895;-0.4541015625;
12:17:00;395.0;1574684222;79.675;18.113892937138424;0.5031636926982895;-0.4541015625;
12:17:01;396.0;1574684223;79.607;17.47184080067646;0.4853289111299017;-0.44189453125;
12:17:02;397.0;1574684224;79.863;17.47184080067646;0.4853289111299017;-0.44189453125;
12:17:03;398.0;1574684225;79.778;18.37071379172321;0.5102976053256447;-0.458984375;
12:17:04;399.0;1574684226;79.795;18.24230336443082;0.5067306490119673;-0.45654296875;
12:17:05;400.0;1574684227;79.675;17.985482509846033;0.49959673638461205;-0.45166015625;
12:17:06;401.0;1574684228;79.436;17.215019946091672;0.47819499850254643;-0.43701171875;
12:17:07;402.0;1574684229;79.726;17.985482509846033;0.49959673638461205;-0.45166015625;
12:17:08;403.0;1574684230;79.846;17.60025122796885;0.4888958674435792;-0.4443359375;
12:17:09;404.0;1574684231;80.189;17.47184080067646;0.4853289111299017;-0.44189453125;
12:17:10;405.0;1574684232;80.344;18.113892937138424;0.5031636926982895;-0.4541015625;
12:17:11;406.0;1574684233;80.12;18.24230336443082;0.5067306490119673;-0.45654296875;
12:17:12;407.0;1574684234;80.0;17.728661655261245;0.4924628237572568;-0.44677734375;
12:17:13;408.0;1574684235;79.897;17.08660951879928;0.47462804218886884;-0.4345703125;
12:17:14;409.0;1574684236;79.709;17.728661655261245;0.4924628237572568;-0.44677734375;
12:17:15;410.0;1574684237;79.692;17.47184080067646;0.4853289111299017;-0.44189453125;
12:17:16;411.0;1574684238;79.778;17.85707208255364;0.4960297800709344;-0.44921875;
12:17:17;412.0;1574684239;79.76;18.24230336443082;0.5067306490119673;-0.45654296875;
12:17:18;413.0;1574684240;80.017;20.682101482986294;0.5745028189718415;-0.5029296875;
12:17:19;414.0;1574684241;80.172;17.60025122796885;0.4888958674435792;-0.4443359375;
12:17:20;415.0;1574684242;80.206;14.133169691074231;0.3925880469742842;-0.37841796875;
12:17:21;416.0;1574684243;80.155;18.113892937138424;0.5031636926982895;-0.4541015625;
12:17:23;418.0;1574684244;80.172;20.168459773816718;0.560234993717131;-0.4931640625;
12:17:24;419.0;1574684245;80.017;17.215019946091672;0.47819499850254643;-0.43701171875;
12:17:25;420.0;1574684246;79.778;17.85707208255364;0.4960297800709344;-0.44921875;
12:17:26;421.0;1574684247;79.949;17.60025122796885;0.4888958674435792;-0.4443359375;
12:17:27;422.0;1574684247;79.692;9999.0;9999.0;9999.0;
12:17:28;423.0;1574684249;79.59;17.47184080067646;0.4853289111299017;-0.44189453125;
12:17:29;424.0;1574684250;79.915;17.47184080067646;0.4853289111299017;-0.44189453125;
12:17:30;425.0;1574684251;79.863;18.113892937138424;0.5031636926982895;-0.4541015625;
12:17:31;426.0;1574684252;79.915;15.930915673167739;0.44252543536577055;-0.41259765625;
12:17:32;427.0;1574684253;79.829;17.343430373384063;0.48176195481622397;-0.439453125;
12:17:33;428.0;1574684254;79.59;18.627534646308;0.517431517953;-0.4638671875;
12:17:34;429.0;1574684255;79.368;17.47184080067646;0.4853289111299017;-0.44189453125;
12:17:35;430.0;1574684256;79.453;17.60025122796885;0.4888958674435792;-0.4443359375;
12:17:36;431.0;1574684257;79.436;17.47184080067646;0.4853289111299017;-0.44189453125;
12:17:37;432.0;1574684258;79.624;17.08660951879928;0.47462804218886884;-0.4345703125;
12:17:38;433.0;1574684259;79.624;17.47184080067646;0.4853289111299017;-0.44189453125;
12:17:39;434.0;1574684260;79.624;18.113892937138424;0.5031636926982895;-0.4541015625;
12:17:40;435.0;1574684261;79.726;17.985482509846033;0.49959673638461205;-0.45166015625;
12:17:41;436.0;1574684262;79.812;17.60025122796885;0.4888958674435792;-0.4443359375;
12:17:42;437.0;1574684263;79.932;17.85707208255364;0.4960297800709344;-0.44921875;
12:17:43;438.0;1574684264;79.949;17.60025122796885;0.4888958674435792;-0.4443359375;
12:17:44;439.0;1574684265;79.932;17.60025122796885;0.4888958674435792;-0.4443359375;
12:17:45;440.0;1574684266;79.778;17.985482509846033;0.49959673638461205;-0.45166015625;
12:17:46;441.0;1574684267;79.812;17.728661655261245;0.4924628237572568;-0.44677734375;
12:17:47;442.0;1574684268;79.778;17.985482509846033;0.49959673638461205;-0.45166015625;
12:17:48;443.0;1574684269;79.675;17.85707208255364;0.4960297800709344;-0.44921875;
12:17:49;444.0;1574684270;79.607;17.215019946091672;0.47819499850254643;-0.43701171875;
12:17:50;445.0;1574684271;79.675;17.85707208255364;0.4960297800709344;-0.44921875;
12:17:51;446.0;1574684272;79.47;18.24230336443082;0.5067306490119673;-0.45654296875;
12:17:52;447.0;1574684273;79.368;17.215019946091672;0.47819499850254643;-0.43701171875;
12:17:53;448.0;1574684274;79.436;17.728661655261245;0.4924628237572568;-0.44677734375;
12:17:54;449.0;1574684275;79.215;17.85707208255364;0.4960297800709344;-0.44921875;
12:17:55;450.0;1574684276;79.556;17.47184080067646;0.4853289111299017;-0.44189453125;
12:17:56;451.0;1574684277;79.795;18.113892937138424;0.5031636926982895;-0.4541015625;
12:17:57;452.0;1574684278;79.675;17.47184080067646;0.4853289111299017;-0.44189453125;
12:17:58;453.0;1574684279;79.897;17.60025122796885;0.4888958674435792;-0.4443359375;
12:17:59;454.0;1574684280;79.795;17.47184080067646;0.4853289111299017;-0.44189453125;
12:18:00;455.0;1574684281;79.829;17.985482509846033;0.49959673638461205;-0.45166015625;
12:18:01;456.0;1574684282;80.155;17.08660951879928;0.47462804218886884;-0.4345703125;
12:18:02;457.0;1574684283;79.966;18.24230336443082;0.5067306490119673;-0.45654296875;
12:18:03;458.0;1574684284;79.812;17.47184080067646;0.4853289111299017;-0.44189453125;
12:18:04;459.0;1574684285;79.692;17.85707208255364;0.4960297800709344;-0.44921875;
12:18:05;460.0;1574684286;79.436;19.654818064647145;0.5459671684624207;-0.4833984375;
12:18:06;461.0;1574684287;79.47;16.82978866421449;0.4674941295615136;-0.4296875;
12:18:07;462.0;1574684288;79.504;17.47184080067646;0.4853289111299017;-0.44189453125;
12:18:08;463.0;1574684289;79.402;17.08660951879928;0.47462804218886884;-0.4345703125;
12:18:09;464.0;1574684290;79.232;17.728661655261245;0.4924628237572568;-0.44677734375;
12:18:10;465.0;1574684291;79.147;19.012765928185182;0.5281323868940329;-0.47119140625;
12:18:11;466.0;1574684292;79.266;18.113892937138424;0.5031636926982895;-0.4541015625;
12:18:12;467.0;1574684293;79.778;18.24230336443082;0.5067306490119673;-0.45654296875;
12:18:13;468.0;1574684294;80.035;17.85707208255364;0.4960297800709344;-0.44921875;
12:18:14;469.0;1574684295;80.052;17.215019946091672;0.47819499850254643;-0.43701171875;
12:18:15;470.0;1574684296;79.812;17.08660951879928;0.47462804218886884;-0.4345703125;
12:18:16;471.0;1574684297;79.487;16.82978866421449;0.4674941295615136;-0.4296875;
12:18:17;472.0;1574684298;79.453;18.24230336443082;0.5067306490119673;-0.45654296875;
12:18:18;473.0;1574684299;79.521;17.47184080067646;0.4853289111299017;-0.44189453125;
12:18:19;474.0;1574684300;79.726;17.47184080067646;0.4853289111299017;-0.44189453125;
12:18:20;475.0;1574684301;79.658;17.985482509846033;0.49959673638461205;-0.45166015625;
12:18:21;476.0;1574684302;79.504;17.47184080067646;0.4853289111299017;-0.44189453125;
12:18:22;477.0;1574684303;79.283;17.47184080067646;0.4853289111299017;-0.44189453125;
12:18:23;478.0;1574684304;78.91;17.728661655261245;0.4924628237572568;-0.44677734375;
12:18:25;480.0;1574684306;78.944;17.985482509846033;0.49959673638461205;-0.45166015625;
12:18:27;482.0;1574684308;79.096;17.47184080067646;0.4853289111299017;-0.44189453125;
12:18:28;483.0;1574684309;79.283;17.47184080067646;0.4853289111299017;-0.44189453125;
12:18:29;484.0;1574684310;79.113;17.85707208255364;0.4960297800709344;-0.44921875;
12:18:30;485.0;1574684311;79.096;16.82978866421449;0.4674941295615136;-0.4296875;
12:18:31;486.0;1574684312;79.079;17.47184080067646;0.4853289111299017;-0.44189453125;
12:18:32;487.0;1574684313;79.3;17.343430373384063;0.48176195481622397;-0.439453125;
12:18:33;488.0;1574684314;79.402;17.985482509846033;0.49959673638461205;-0.45166015625;
12:18:34;489.0;1574684315;79.402;17.60025122796885;0.4888958674435792;-0.4443359375;
12:18:35;490.0;1574684316;79.436;17.985482509846033;0.49959673638461205;-0.45166015625;
12:18:36;491.0;1574684317;79.164;17.215019946091672;0.47819499850254643;-0.43701171875;
12:18:37;492.0;1574684318;79.266;16.82978866421449;0.4674941295615136;-0.4296875;
12:18:38;493.0;1574684319;79.351;17.985482509846033;0.49959673638461205;-0.45166015625;
12:18:39;494.0;1574684320;79.249;17.728661655261245;0.4924628237572568;-0.44677734375;
12:18:40;495.0;1574684321;79.164;17.985482509846033;0.49959673638461205;-0.45166015625;
12:18:41;496.0;1574684322;79.181;17.728661655261245;0.4924628237572568;-0.44677734375;
12:18:42;497.0;1574684323;79.164;18.24230336443082;0.5067306490119673;-0.45654296875;
12:18:43;498.0;1574684324;79.113;17.60025122796885;0.4888958674435792;-0.4443359375;
12:18:44;499.0;1574684325;79.317;17.08660951879928;0.47462804218886884;-0.4345703125;
12:18:45;500.0;1574684326;79.232;17.985482509846033;0.49959673638461205;-0.45166015625;
12:18:46;501.0;1574684327;79.402;18.37071379172321;0.5102976053256447;-0.458984375;
12:18:47;502.0;1574684328;79.59;18.24230336443082;0.5067306490119673;-0.45654296875;
12:18:48;503.0;1574684329;79.351;17.728661655261245;0.4924628237572568;-0.44677734375;
12:18:49;504.0;1574684330;79.3;17.985482509846033;0.49959673638461205;-0.45166015625;
12:18:50;505.0;1574684331;79.181;17.60025122796885;0.4888958674435792;-0.4443359375;
12:18:51;506.0;1574684332;79.113;17.728661655261245;0.4924628237572568;-0.44677734375;
12:18:52;507.0;1574684333;79.317;17.60025122796885;0.4888958674435792;-0.4443359375;
12:18:53;508.0;1574684334;79.334;18.113892937138424;0.5031636926982895;-0.4541015625;
12:18:54;509.0;1574684335;79.215;18.113892937138424;0.5031636926982895;-0.4541015625;
12:18:55;510.0;1574684336;79.113;17.215019946091672;0.47819499850254643;-0.43701171875;
12:18:56;511.0;1574684337;79.029;17.47184080067646;0.4853289111299017;-0.44189453125;
12:18:57;512.0;1574684338;78.978;17.343430373384063;0.48176195481622397;-0.439453125;
12:18:58;513.0;1574684339;79.096;17.215019946091672;0.47819499850254643;-0.43701171875;
12:18:59;514.0;1574684340;79.079;17.728661655261245;0.4924628237572568;-0.44677734375;
12:19:00;515.0;1574684341;79.062;18.37071379172321;0.5102976053256447;-0.458984375;
12:19:01;516.0;1574684342;79.164;17.47184080067646;0.4853289111299017;-0.44189453125;
12:19:02;517.0;1574684343;78.995;17.985482509846033;0.49959673638461205;-0.45166015625;
12:19:03;518.0;1574684344;79.046;17.47184080067646;0.4853289111299017;-0.44189453125;
12:19:04;519.0;1574684345;78.826;18.113892937138424;0.5031636926982895;-0.4541015625;
12:19:05;520.0;1574684346;78.539;17.85707208255364;0.4960297800709344;-0.44921875;
12:19:06;521.0;1574684347;78.64;17.60025122796885;0.4888958674435792;-0.4443359375;
12:19:07;522.0;1574684348;78.758;17.85707208255364;0.4960297800709344;-0.44921875;
12:19:08;523.0;1574684349;79.046;20.296870201109115;0.5638019500308088;-0.49560546875;
12:19:09;524.0;1574684350;79.046;16.7013782369221;0.4639271732478361;-0.42724609375;
12:19:10;525.0;1574684351;79.164;17.215019946091672;0.47819499850254643;-0.43701171875;
12:19:11;526.0;1574684352;79.012;16.572967809629706;0.4603602169341585;-0.4248046875;
12:19:12;527.0;1574684353;79.181;17.985482509846033;0.49959673638461205;-0.45166015625;
12:19:13;528.0;1574684354;79.283;17.47184080067646;0.4853289111299017;-0.44189453125;
12:19:14;529.0;1574684355;79.13;17.47184080067646;0.4853289111299017;-0.44189453125;
12:19:15;530.0;1574684356;79.012;17.215019946091672;0.47819499850254643;-0.43701171875;
12:19:16;531.0;1574684357;78.944;17.215019946091672;0.47819499850254643;-0.43701171875;
12:19:17;532.0;1574684358;79.096;17.85707208255364;0.4960297800709344;-0.44921875;
12:19:18;533.0;1574684359;79.13;17.47184080067646;0.4853289111299017;-0.44189453125;
12:19:19;534.0;1574684360;79.232;17.728661655261245;0.4924628237572568;-0.44677734375;
12:19:20;535.0;1574684361;79.062;17.343430373384063;0.48176195481622397;-0.439453125;
12:19:21;536.0;1574684362;78.775;17.985482509846033;0.49959673638461205;-0.45166015625;
12:19:22;537.0;1574684363;78.843;17.47184080067646;0.4853289111299017;-0.44189453125;
12:19:23;538.0;1574684364;78.876;18.113892937138424;0.5031636926982895;-0.4541015625;
12:19:24;539.0;1574684365;78.707;17.60025122796885;0.4888958674435792;-0.4443359375;
12:19:25;540.0;1574684366;78.707;17.60025122796885;0.4888958674435792;-0.4443359375;
12:19:26;541.0;1574684367;78.657;17.60025122796885;0.4888958674435792;-0.4443359375;
12:19:27;542.0;1574684368;78.691;17.60025122796885;0.4888958674435792;-0.4443359375;
12:19:28;543.0;1574684369;78.775;17.728661655261245;0.4924628237572568;-0.44677734375;
12:19:29;544.0;1574684371;79.029;18.37071379172321;0.5102976053256447;-0.458984375;
12:19:31;546.0;1574684372;78.91;17.728661655261245;0.4924628237572568;-0.44677734375;
12:19:32;547.0;1574684373;78.741;18.755945073600394;0.5209984742666776;-0.46630859375;
12:19:33;548.0;1574684374;78.691;17.985482509846033;0.49959673638461205;-0.45166015625;
12:19:34;549.0;1574684375;78.556;17.85707208255364;0.4960297800709344;-0.44921875;
12:19:35;550.0;1574684376;78.707;17.08660951879928;0.47462804218886884;-0.4345703125;
12:19:36;551.0;1574684377;78.859;17.215019946091672;0.47819499850254643;-0.43701171875;
12:19:37;552.0;1574684378;78.995;17.343430373384063;0.48176195481622397;-0.439453125;
12:19:38;553.0;1574684379;78.691;17.47184080067646;0.4853289111299017;-0.44189453125;
12:19:39;554.0;1574684380;78.758;18.24230336443082;0.5067306490119673;-0.45654296875;
12:19:40;555.0;1574684381;78.724;17.985482509846033;0.49959673638461205;-0.45166015625;
12:19:41;556.0;1574684382;78.893;17.47184080067646;0.4853289111299017;-0.44189453125;
12:19:42;557.0;1574684383;79.113;17.47184080067646;0.4853289111299017;-0.44189453125;
12:19:43;558.0;1574684384;78.944;18.627534646308;0.517431517953;-0.4638671875;
12:19:44;559.0;1574684385;78.809;17.985482509846033;0.49959673638461205;-0.45166015625;
12:19:45;560.0;1574684386;78.792;17.08660951879928;0.47462804218886884;-0.4345703125;
12:19:46;561.0;1574684387;78.961;17.728661655261245;0.4924628237572568;-0.44677734375;
12:19:47;562.0;1574684388;78.961;17.85707208255364;0.4960297800709344;-0.44921875;
12:19:48;563.0;1574684389;79.046;18.113892937138424;0.5031636926982895;-0.4541015625;
12:19:49;564.0;1574684390;78.927;17.985482509846033;0.49959673638461205;-0.45166015625;
12:19:50;565.0;1574684391;78.876;17.85707208255364;0.4960297800709344;-0.44921875;
12:19:51;566.0;1574684392;78.741;17.985482509846033;0.49959673638461205;-0.45166015625;
12:19:52;567.0;1574684393;78.893;17.47184080067646;0.4853289111299017;-0.44189453125;
12:19:53;568.0;1574684394;78.792;19.526407637354755;0.5424002121487432;-0.48095703125;
12:19:54;569.0;1574684395;78.64;17.985482509846033;0.49959673638461205;-0.45166015625;
12:19:55;570.0;1574684396;78.707;17.60025122796885;0.4888958674435792;-0.4443359375;
12:19:56;571.0;1574684397;78.354;17.60025122796885;0.4888958674435792;-0.4443359375;
12:19:57;572.0;1574684398;78.321;18.37071379172321;0.5102976053256447;-0.458984375;
12:19:58;573.0;1574684399;78.354;17.60025122796885;0.4888958674435792;-0.4443359375;
12:19:59;574.0;1574684400;78.573;17.85707208255364;0.4960297800709344;-0.44921875;
12:20:00;575.0;1574684401;78.944;17.343430373384063;0.48176195481622397;-0.439453125;
12:20:01;576.0;1574684402;79.164;17.47184080067646;0.4853289111299017;-0.44189453125;
12:20:02;577.0;1574684403;79.198;18.113892937138424;0.5031636926982895;-0.4541015625;
12:20:03;578.0;1574684404;79.096;17.985482509846033;0.49959673638461205;-0.45166015625;
12:20:04;579.0;1574684405;78.691;17.728661655261245;0.4924628237572568;-0.44677734375;
12:20:05;580.0;1574684406;78.505;17.08660951879928;0.47462804218886884;-0.4345703125;
12:20:06;581.0;1574684407;78.455;19.012765928185182;0.5281323868940329;-0.47119140625;
12:20:07;582.0;1574684408;78.388;17.85707208255364;0.4960297800709344;-0.44921875;
12:20:08;583.0;1574684409;78.354;17.343430373384063;0.48176195481622397;-0.439453125;
12:20:09;584.0;1574684410;78.438;17.47184080067646;0.4853289111299017;-0.44189453125;
12:20:10;585.0;1574684411;78.421;16.572967809629706;0.4603602169341585;-0.4248046875;
12:20:11;586.0;1574684412;78.337;17.985482509846033;0.49959673638461205;-0.45166015625;
12:20:12;587.0;1574684413;78.522;17.728661655261245;0.4924628237572568;-0.44677734375;
12:20:13;588.0;1574684414;78.539;16.7013782369221;0.4639271732478361;-0.42724609375;
12:20:14;589.0;1574684415;78.691;17.60025122796885;0.4888958674435792;-0.4443359375;
12:20:15;590.0;1574684416;78.978;17.215019946091672;0.47819499850254643;-0.43701171875;
12:20:16;591.0;1574684418;78.961;17.985482509846033;0.49959673638461205;-0.45166015625;
12:20:17;592.0;1574684419;78.944;17.85707208255364;0.4960297800709344;-0.44921875;
12:20:18;593.0;1574684420;78.623;17.85707208255364;0.4960297800709344;-0.44921875;
12:20:19;594.0;1574684421;78.388;18.24230336443082;0.5067306490119673;-0.45654296875;
12:20:20;595.0;1574684422;78.539;17.85707208255364;0.4960297800709344;-0.44921875;
12:20:21;596.0;1574684423;78.455;17.985482509846033;0.49959673638461205;-0.45166015625;
12:20:22;597.0;1574684424;78.893;17.47184080067646;0.4853289111299017;-0.44189453125;
12:20:23;598.0;1574684424;78.843;17.85707208255364;0.4960297800709344;-0.44921875;
12:20:24;599.0;1574684426;78.623;18.37071379172321;0.5102976053256447;-0.458984375;
12:20:25;600.0;1574684427;78.674;17.85707208255364;0.4960297800709344;-0.44921875;
12:20:26;601.0;1574684428;78.304;17.60025122796885;0.4888958674435792;-0.4443359375;
12:20:27;602.0;1574684429;78.186;17.343430373384063;0.48176195481622397;-0.439453125;
12:20:28;603.0;1574684430;78.304;17.85707208255364;0.4960297800709344;-0.44921875;
12:20:29;604.0;1574684431;78.253;17.08660951879928;0.47462804218886884;-0.4345703125;
12:20:30;605.0;1574684432;78.237;17.85707208255364;0.4960297800709344;-0.44921875;
12:20:31;606.0;1574684433;78.388;17.985482509846033;0.49959673638461205;-0.45166015625;
12:20:32;607.0;1574684434;78.354;17.60025122796885;0.4888958674435792;-0.4443359375;
12:20:33;608.0;1574684435;78.388;17.215019946091672;0.47819499850254643;-0.43701171875;
12:20:35;610.0;1574684436;78.606;17.60025122796885;0.4888958674435792;-0.4443359375;
12:20:36;611.0;1574684437;78.556;20.168459773816718;0.560234993717131;-0.4931640625;
12:20:37;612.0;1574684438;78.674;17.343430373384063;0.48176195481622397;-0.439453125;
12:20:38;613.0;1574684439;78.505;17.985482509846033;0.49959673638461205;-0.45166015625;
12:20:39;614.0;1574684440;78.388;17.728661655261245;0.4924628237572568;-0.44677734375;
12:20:40;615.0;1574684441;78.539;17.47184080067646;0.4853289111299017;-0.44189453125;
12:20:41;616.0;1574684442;78.421;17.85707208255364;0.4960297800709344;-0.44921875;
12:20:42;617.0;1574684443;78.539;17.47184080067646;0.4853289111299017;-0.44189453125;
12:20:43;618.0;1574684444;78.556;18.37071379172321;0.5102976053256447;-0.458984375;
12:20:44;619.0;1574684445;78.337;16.05932610046013;0.44609239167944803;-0.4150390625;
12:20:45;620.0;1574684446;78.455;17.60025122796885;0.4888958674435792;-0.4443359375;
12:20:46;621.0;1574684447;78.707;17.728661655261245;0.4924628237572568;-0.44677734375;
12:20:47;622.0;1574684448;78.589;17.985482509846033;0.49959673638461205;-0.45166015625;
12:20:48;623.0;1574684449;78.775;17.60025122796885;0.4888958674435792;-0.4443359375;
12:20:49;624.0;1574684450;78.404;17.47184080067646;0.4853289111299017;-0.44189453125;
12:20:50;625.0;1574684451;78.153;17.985482509846033;0.49959673638461205;-0.45166015625;
12:20:51;626.0;1574684452;78.153;18.24230336443082;0.5067306490119673;-0.45654296875;
12:20:52;627.0;1574684453;77.952;18.113892937138424;0.5031636926982895;-0.4541015625;
12:20:53;628.0;1574684454;78.203;17.728661655261245;0.4924628237572568;-0.44677734375;
12:20:54;629.0;1574684455;78.103;16.572967809629706;0.4603602169341585;-0.4248046875;
12:20:55;630.0;1574684456;78.354;19.269586782769967;0.5352662995213879;-0.47607421875;
12:20:56;631.0;1574684457;78.27;18.113892937138424;0.5031636926982895;-0.4541015625;
12:20:57;632.0;1574684458;78.17;18.113892937138424;0.5031636926982895;-0.4541015625;
12:20:58;633.0;1574684459;78.186;17.60025122796885;0.4888958674435792;-0.4443359375;
12:20:59;634.0;1574684460;77.919;17.47184080067646;0.4853289111299017;-0.44189453125;
12:21:00;635.0;1574684461;78.321;17.47184080067646;0.4853289111299017;-0.44189453125;
12:21:01;636.0;1574684462;78.304;17.985482509846033;0.49959673638461205;-0.45166015625;
12:21:02;637.0;1574684463;78.472;17.343430373384063;0.48176195481622397;-0.439453125;
12:21:03;638.0;1574684464;78.539;16.316146955044918;0.4532263043068033;-0.419921875;
12:21:04;639.0;1574684465;78.287;17.985482509846033;0.49959673638461205;-0.45166015625;
12:21:05;640.0;1574684466;78.421;17.343430373384063;0.48176195481622397;-0.439453125;
12:21:06;641.0;1574684467;78.321;17.985482509846033;0.49959673638461205;-0.45166015625;
12:21:07;642.0;1574684468;78.674;17.60025122796885;0.4888958674435792;-0.4443359375;
12:21:08;643.0;1574684469;78.792;17.47184080067646;0.4853289111299017;-0.44189453125;
12:21:09;644.0;1574684470;78.843;17.985482509846033;0.49959673638461205;-0.45166015625;
12:21:10;645.0;1574684472;78.809;20.553691055693896;0.5709358626581638;-0.50048828125;
12:21:11;646.0;1574684473;78.404;17.728661655261245;0.4924628237572568;-0.44677734375;
12:21:12;647.0;1574684474;78.186;17.728661655261245;0.4924628237572568;-0.44677734375;
12:21:13;648.0;1574684475;78.304;17.215019946091672;0.47819499850254643;-0.43701171875;
12:21:14;649.0;1574684476;78.354;17.728661655261245;0.4924628237572568;-0.44677734375;
12:21:15;650.0;1574684477;78.354;17.47184080067646;0.4853289111299017;-0.44189453125;
12:21:16;651.0;1574684478;78.253;17.60025122796885;0.4888958674435792;-0.4443359375;
12:21:17;652.0;1574684479;77.936;18.627534646308;0.517431517953;-0.4638671875;
12:21:18;653.0;1574684480;77.702;17.343430373384063;0.48176195481622397;-0.439453125;
12:21:19;654.0;1574684481;77.986;17.47184080067646;0.4853289111299017;-0.44189453125;
12:21:20;655.0;1574684482;78.002;17.47184080067646;0.4853289111299017;-0.44189453125;
12:21:21;656.0;1574684483;77.902;18.113892937138424;0.5031636926982895;-0.4541015625;
12:21:22;657.0;1574684483;77.885;14.903632254828592;0.4139897848563498;-0.39306640625;
12:21:23;658.0;1574684485;77.652;17.728661655261245;0.4924628237572568;-0.44677734375;
12:21:24;659.0;1574684486;77.869;17.47184080067646;0.4853289111299017;-0.44189453125;
12:21:25;660.0;1574684487;77.752;17.47184080067646;0.4853289111299017;-0.44189453125;
12:21:26;661.0;1574684488;77.852;17.728661655261245;0.4924628237572568;-0.44677734375;
12:21:27;662.0;1574684489;77.686;17.08660951879928;0.47462804218886884;-0.4345703125;
12:21:28;663.0;1574684490;77.652;17.215019946091672;0.47819499850254643;-0.43701171875;
12:21:29;664.0;1574684491;77.752;17.60025122796885;0.4888958674435792;-0.4443359375;
12:21:30;665.0;1574684492;77.636;17.47184080067646;0.4853289111299017;-0.44189453125;
12:21:31;666.0;1574684493;77.669;17.47184080067646;0.4853289111299017;-0.44189453125;
12:21:32;667.0;1574684494;77.37;17.215019946091672;0.47819499850254643;-0.43701171875;
12:21:33;668.0;1574684495;77.636;17.47184080067646;0.4853289111299017;-0.44189453125;
12:21:34;669.0;1574684496;77.636;18.24230336443082;0.5067306490119673;-0.45654296875;
12:21:35;670.0;1574684497;77.719;17.47184080067646;0.4853289111299017;-0.44189453125;
12:21:36;671.0;1574684498;77.902;17.85707208255364;0.4960297800709344;-0.44921875;
12:21:37;672.0;1574684499;77.785;17.985482509846033;0.49959673638461205;-0.45166015625;
12:21:39;674.0;1574684500;77.936;19.269586782769967;0.5352662995213879;-0.47607421875;
12:21:40;675.0;1574684501;77.885;17.47184080067646;0.4853289111299017;-0.44189453125;
12:21:41;676.0;1574684502;77.902;17.60025122796885;0.4888958674435792;-0.4443359375;
12:21:42;677.0;1574684503;77.819;17.60025122796885;0.4888958674435792;-0.4443359375;
12:21:43;678.0;1574684504;77.919;17.60025122796885;0.4888958674435792;-0.4443359375;
12:21:44;679.0;1574684505;77.869;17.85707208255364;0.4960297800709344;-0.44921875;
12:21:45;680.0;1574684506;77.852;17.60025122796885;0.4888958674435792;-0.4443359375;
12:21:46;681.0;1574684507;77.769;17.47184080067646;0.4853289111299017;-0.44189453125;
12:21:47;682.0;1574684508;77.519;17.985482509846033;0.49959673638461205;-0.45166015625;
12:21:48;683.0;1574684509;77.403;17.985482509846033;0.49959673638461205;-0.45166015625;
12:21:49;684.0;1574684510;77.486;18.37071379172321;0.5102976053256447;-0.458984375;
12:21:50;685.0;1574684511;77.536;18.24230336443082;0.5067306490119673;-0.45654296875;
12:21:51;686.0;1574684512;77.702;17.985482509846033;0.49959673638461205;-0.45166015625;
12:21:52;687.0;1574684513;77.902;18.24230336443082;0.5067306490119673;-0.45654296875;
12:21:53;688.0;1574684514;77.735;17.85707208255364;0.4960297800709344;-0.44921875;
12:21:54;689.0;1574684515;77.735;17.215019946091672;0.47819499850254643;-0.43701171875;
12:21:55;690.0;1574684516;77.785;17.47184080067646;0.4853289111299017;-0.44189453125;
12:21:56;691.0;1574684517;77.719;16.7013782369221;0.4639271732478361;-0.42724609375;
12:21:57;692.0;1574684518;77.835;17.60025122796885;0.4888958674435792;-0.4443359375;
12:21:58;693.0;1574684519;77.936;17.60025122796885;0.4888958674435792;-0.4443359375;
12:21:59;694.0;1574684520;77.885;17.08660951879928;0.47462804218886884;-0.4345703125;
12:22:00;695.0;1574684521;77.785;17.985482509846033;0.49959673638461205;-0.45166015625;
12:22:01;696.0;1574684522;77.686;17.47184080067646;0.4853289111299017;-0.44189453125;
12:22:02;697.0;1574684523;77.602;17.08660951879928;0.47462804218886884;-0.4345703125;
12:22:03;698.0;1574684524;77.669;18.884355500892784;0.5245654305803551;-0.46875;
12:22:04;699.0;1574684525;77.919;17.728661655261245;0.4924628237572568;-0.44677734375;
12:22:05;700.0;1574684526;77.919;17.60025122796885;0.4888958674435792;-0.4443359375;
12:22:06;701.0;1574684527;77.952;17.85707208255364;0.4960297800709344;-0.44921875;
12:22:07;702.0;1574684528;77.519;17.343430373384063;0.48176195481622397;-0.439453125;
12:22:08;703.0;1574684529;77.387;17.85707208255364;0.4960297800709344;-0.44921875;
12:22:09;704.0;1574684530;77.553;17.85707208255364;0.4960297800709344;-0.44921875;
12:22:10;705.0;1574684531;77.569;17.215019946091672;0.47819499850254643;-0.43701171875;
12:22:11;706.0;1574684532;77.802;17.215019946091672;0.47819499850254643;-0.43701171875;
12:22:12;707.0;1574684533;77.636;17.343430373384063;0.48176195481622397;-0.439453125;
12:22:13;708.0;1574684534;77.769;16.7013782369221;0.4639271732478361;-0.42724609375;
12:22:14;709.0;1574684535;77.636;17.85707208255364;0.4960297800709344;-0.44921875;
12:22:15;710.0;1574684536;77.669;17.985482509846033;0.49959673638461205;-0.45166015625;
12:22:16;711.0;1574684537;77.652;17.343430373384063;0.48176195481622397;-0.439453125;
12:22:17;712.0;1574684538;77.205;18.24230336443082;0.5067306490119673;-0.45654296875;
12:22:18;713.0;1574684539;77.519;17.728661655261245;0.4924628237572568;-0.44677734375;
12:22:19;714.0;1574684540;77.586;17.60025122796885;0.4888958674435792;-0.4443359375;
12:22:20;715.0;1574684541;77.819;17.60025122796885;0.4888958674435792;-0.4443359375;
12:22:21;716.0;1574684542;78.103;17.343430373384063;0.48176195481622397;-0.439453125;
12:22:22;717.0;1574684543;77.869;19.012765928185182;0.5281323868940329;-0.47119140625;
12:22:23;718.0;1574684544;77.902;17.85707208255364;0.4960297800709344;-0.44921875;
12:22:24;719.0;1574684545;77.719;17.85707208255364;0.4960297800709344;-0.44921875;
12:22:25;720.0;1574684546;77.503;16.572967809629706;0.4603602169341585;-0.4248046875;
12:22:26;721.0;1574684547;77.486;17.85707208255364;0.4960297800709344;-0.44921875;
12:22:27;722.0;1574684548;77.221;18.37071379172321;0.5102976053256447;-0.458984375;
12:22:28;723.0;1574684549;77.337;17.215019946091672;0.47819499850254643;-0.43701171875;
12:22:29;724.0;1574684550;77.287;17.215019946091672;0.47819499850254643;-0.43701171875;
12:22:30;725.0;1574684551;77.403;16.05932610046013;0.44609239167944803;-0.4150390625;
12:22:31;726.0;1574684552;77.42;17.728661655261245;0.4924628237572568;-0.44677734375;
12:22:32;727.0;1574684553;77.486;17.47184080067646;0.4853289111299017;-0.44189453125;
12:22:33;728.0;1574684554;77.702;17.985482509846033;0.49959673638461205;-0.45166015625;
12:22:34;729.0;1574684555;77.486;17.215019946091672;0.47819499850254643;-0.43701171875;
12:22:35;730.0;1574684556;77.586;17.985482509846033;0.49959673638461205;-0.45166015625;
12:22:36;731.0;1574684557;77.47;17.728661655261245;0.4924628237572568;-0.44677734375;
12:22:37;732.0;1574684558;77.205;17.47184080067646;0.4853289111299017;-0.44189453125;
12:22:38;733.0;1574684560;77.205;17.47184080067646;0.4853289111299017;-0.44189453125;
12:22:39;734.0;1574684561;77.138;16.82978866421449;0.4674941295615136;-0.4296875;
12:22:40;735.0;1574684562;77.105;17.47184080067646;0.4853289111299017;-0.44189453125;
12:22:41;736.0;1574684563;77.089;17.728661655261245;0.4924628237572568;-0.44677734375;
12:22:42;737.0;1574684564;77.42;18.24230336443082;0.5067306490119673;-0.45654296875;
12:22:44;739.0;1574684565;77.519;17.985482509846033;0.49959673638461205;-0.45166015625;
12:22:45;740.0;1574684566;77.486;17.985482509846033;0.49959673638461205;-0.45166015625;
12:22:46;741.0;1574684567;77.686;17.47184080067646;0.4853289111299017;-0.44189453125;
12:22:47;742.0;1574684568;77.486;17.85707208255364;0.4960297800709344;-0.44921875;
12:22:48;743.0;1574684569;77.47;17.47184080067646;0.4853289111299017;-0.44189453125;
12:22:49;744.0;1574684570;77.569;18.113892937138424;0.5031636926982895;-0.4541015625;
12:22:50;745.0;1574684571;77.536;17.985482509846033;0.49959673638461205;-0.45166015625;
12:22:51;746.0;1574684572;77.403;17.215019946091672;0.47819499850254643;-0.43701171875;
12:22:52;747.0;1574684573;77.254;19.141176355477572;0.5316993432077104;-0.4736328125;
12:22:53;748.0;1574684574;77.254;17.728661655261245;0.4924628237572568;-0.44677734375;
12:22:54;749.0;1574684575;77.039;17.215019946091672;0.47819499850254643;-0.43701171875;
12:22:55;750.0;1574684576;77.105;17.215019946091672;0.47819499850254643;-0.43701171875;
12:22:56;751.0;1574684577;77.039;17.728661655261245;0.4924628237572568;-0.44677734375;
12:22:57;752.0;1574684578;77.188;17.08660951879928;0.47462804218886884;-0.4345703125;
12:22:58;753.0;1574684579;77.304;17.985482509846033;0.49959673638461205;-0.45166015625;
12:22:59;754.0;1574684580;77.304;17.985482509846033;0.49959673638461205;-0.45166015625;
12:23:00;755.0;1574684581;77.636;17.343430373384063;0.48176195481622397;-0.439453125;
12:23:01;756.0;1574684582;77.42;17.47184080067646;0.4853289111299017;-0.44189453125;
12:23:02;757.0;1574684583;77.453;18.113892937138424;0.5031636926982895;-0.4541015625;
12:23:03;758.0;1574684584;77.304;17.08660951879928;0.47462804218886884;-0.4345703125;
12:23:04;759.0;1574684585;77.188;16.82978866421449;0.4674941295615136;-0.4296875;
12:23:05;760.0;1574684586;77.32;18.499124219015606;0.5138645616393224;-0.46142578125;
12:23:06;761.0;1574684587;77.403;17.728661655261245;0.4924628237572568;-0.44677734375;
12:23:07;762.0;1574684588;77.503;17.343430373384063;0.48176195481622397;-0.439453125;
12:23:08;763.0;1574684589;77.519;18.37071379172321;0.5102976053256447;-0.458984375;
12:23:09;764.0;1574684590;77.403;17.08660951879928;0.47462804218886884;-0.4345703125;
12:23:10;765.0;1574684591;77.486;17.728661655261245;0.4924628237572568;-0.44677734375;
12:23:11;766.0;1574684592;77.702;17.985482509846033;0.49959673638461205;-0.45166015625;
12:23:12;767.0;1574684593;77.453;17.728661655261245;0.4924628237572568;-0.44677734375;
12:23:13;768.0;1574684594;77.602;17.985482509846033;0.49959673638461205;-0.45166015625;
12:23:14;769.0;1574684595;77.205;16.958199091506888;0.47106108587519135;-0.43212890625;
12:23:15;770.0;1574684596;77.171;17.47184080067646;0.4853289111299017;-0.44189453125;
12:23:16;771.0;1574684597;77.387;17.47184080067646;0.4853289111299017;-0.44189453125;
12:23:17;772.0;1574684598;77.353;18.113892937138424;0.5031636926982895;-0.4541015625;
12:23:18;773.0;1574684599;77.47;17.60025122796885;0.4888958674435792;-0.4443359375;
12:23:19;774.0;1574684600;77.271;9999.0;9999.0;9999.0;
12:23:20;775.0;1574684601;77.453;17.47184080067646;0.4853289111299017;-0.44189453125;
12:23:21;776.0;1574684602;77.37;18.24230336443082;0.5067306490119673;-0.45654296875;
12:23:22;777.0;1574684603;77.453;17.985482509846033;0.49959673638461205;-0.45166015625;
12:23:23;778.0;1574684604;77.686;17.985482509846033;0.49959673638461205;-0.45166015625;
12:23:24;779.0;1574684605;77.486;17.60025122796885;0.4888958674435792;-0.4443359375;
12:23:25;780.0;1574684606;77.503;17.47184080067646;0.4853289111299017;-0.44189453125;
12:23:26;781.0;1574684607;77.503;18.755945073600394;0.5209984742666776;-0.46630859375;
12:23:27;782.0;1574684609;77.387;17.60025122796885;0.4888958674435792;-0.4443359375;
12:23:28;783.0;1574684610;77.205;17.85707208255364;0.4960297800709344;-0.44921875;
12:23:29;784.0;1574684611;77.089;17.85707208255364;0.4960297800709344;-0.44921875;
12:23:30;785.0;1574684612;77.122;16.82978866421449;0.4674941295615136;-0.4296875;
12:23:31;786.0;1574684613;77.056;19.012765928185182;0.5281323868940329;-0.47119140625;
12:23:32;787.0;1574684614;77.37;18.113892937138424;0.5031636926982895;-0.4541015625;
12:23:33;788.0;1574684615;77.47;16.572967809629706;0.4603602169341585;-0.4248046875;
12:23:34;789.0;1574684616;77.586;17.60025122796885;0.4888958674435792;-0.4443359375;
12:23:35;790.0;1574684617;77.453;17.85707208255364;0.4960297800709344;-0.44921875;
12:23:36;791.0;1574684618;76.924;19.654818064647145;0.5459671684624207;-0.4833984375;
12:23:37;792.0;1574684619;76.743;17.85707208255364;0.4960297800709344;-0.44921875;
12:23:38;793.0;1574684620;76.858;17.08660951879928;0.47462804218886884;-0.4345703125;
12:23:39;794.0;1574684621;76.727;17.343430373384063;0.48176195481622397;-0.439453125;
12:23:40;795.0;1574684622;76.907;17.85707208255364;0.4960297800709344;-0.44921875;
12:23:41;796.0;1574684623;76.94;17.85707208255364;0.4960297800709344;-0.44921875;
12:23:42;797.0;1574684624;76.677;17.215019946091672;0.47819499850254643;-0.43701171875;
12:23:43;798.0;1574684625;76.907;17.08660951879928;0.47462804218886884;-0.4345703125;
12:23:44;799.0;1574684626;77.138;17.985482509846033;0.49959673638461205;-0.45166015625;
12:23:45;800.0;1574684627;77.039;17.85707208255364;0.4960297800709344;-0.44921875;
12:23:46;801.0;1574684628;76.973;17.215019946091672;0.47819499850254643;-0.43701171875;
12:23:48;803.0;1574684629;76.957;17.60025122796885;0.4888958674435792;-0.4443359375;
12:23:49;804.0;1574684630;76.825;18.499124219015606;0.5138645616393224;-0.46142578125;
12:23:50;805.0;1574684631;77.122;17.85707208255364;0.4960297800709344;-0.44921875;
12:23:51;806.0;1574684632;77.171;17.60025122796885;0.4888958674435792;-0.4443359375;
12:23:52;807.0;1574684633;77.188;17.985482509846033;0.49959673638461205;-0.45166015625;
12:23:53;808.0;1574684634;77.105;17.85707208255364;0.4960297800709344;-0.44921875;
12:23:54;809.0;1574684635;76.727;16.05932610046013;0.44609239167944803;-0.4150390625;
12:23:55;810.0;1574684636;76.743;17.215019946091672;0.47819499850254643;-0.43701171875;
12:23:56;811.0;1574684637;76.595;17.47184080067646;0.4853289111299017;-0.44189453125;
12:23:57;812.0;1574684638;76.776;17.215019946091672;0.47819499850254643;-0.43701171875;
12:23:58;813.0;1574684639;77.138;17.985482509846033;0.49959673638461205;-0.45166015625;
12:23:59;814.0;1574684640;77.353;17.85707208255364;0.4960297800709344;-0.44921875;
12:24:00;815.0;1574684641;77.337;17.985482509846033;0.49959673638461205;-0.45166015625;
12:24:01;816.0;1574684642;77.138;18.627534646308;0.517431517953;-0.4638671875;
12:24:02;817.0;1574684643;76.99;17.47184080067646;0.4853289111299017;-0.44189453125;
12:24:03;818.0;1574684644;76.792;16.82978866421449;0.4674941295615136;-0.4296875;
12:24:04;819.0;1574684645;76.825;18.113892937138424;0.5031636926982895;-0.4541015625;
12:24:05;820.0;1574684646;76.842;18.113892937138424;0.5031636926982895;-0.4541015625;
12:24:06;821.0;1574684647;76.776;18.24230336443082;0.5067306490119673;-0.45654296875;
12:24:07;822.0;1574684648;76.957;17.343430373384063;0.48176195481622397;-0.439453125;
12:24:08;823.0;1574684649;76.957;17.08660951879928;0.47462804218886884;-0.4345703125;
12:24:09;824.0;1574684650;77.006;16.187736527752527;0.44965934799312574;-0.41748046875;
12:24:10;825.0;1574684651;77.221;17.47184080067646;0.4853289111299017;-0.44189453125;
12:24:11;826.0;1574684652;77.056;17.85707208255364;0.4960297800709344;-0.44921875;
12:24:12;827.0;1574684653;77.072;17.985482509846033;0.49959673638461205;-0.45166015625;
12:24:13;828.0;1574684654;76.759;18.24230336443082;0.5067306490119673;-0.45654296875;
12:24:14;829.0;1574684655;76.366;17.85707208255364;0.4960297800709344;-0.44921875;
12:24:15;830.0;1574684656;76.35;18.113892937138424;0.5031636926982895;-0.4541015625;
12:24:16;831.0;1574684657;76.333;17.985482509846033;0.49959673638461205;-0.45166015625;
12:24:17;832.0;1574684658;76.661;16.572967809629706;0.4603602169341585;-0.4248046875;
12:24:18;833.0;1574684659;76.957;17.85707208255364;0.4960297800709344;-0.44921875;
12:24:19;834.0;1574684660;76.825;17.985482509846033;0.49959673638461205;-0.45166015625;
12:24:20;835.0;1574684661;76.825;17.60025122796885;0.4888958674435792;-0.4443359375;
12:24:21;836.0;1574684662;76.973;17.215019946091672;0.47819499850254643;-0.43701171875;
12:24:22;837.0;1574684663;76.957;16.82978866421449;0.4674941295615136;-0.4296875;
12:24:23;838.0;1574684664;76.94;16.187736527752527;0.44965934799312574;-0.41748046875;
12:24:24;839.0;1574684665;77.023;17.60025122796885;0.4888958674435792;-0.4443359375;
12:24:25;840.0;1574684667;76.694;17.47184080067646;0.4853289111299017;-0.44189453125;
12:24:26;841.0;1574684668;76.562;17.728661655261245;0.4924628237572568;-0.44677734375;
12:24:27;842.0;1574684669;76.628;17.85707208255364;0.4960297800709344;-0.44921875;
12:24:28;843.0;1574684670;76.431;18.113892937138424;0.5031636926982895;-0.4541015625;
12:24:29;844.0;1574684671;76.546;17.60025122796885;0.4888958674435792;-0.4443359375;
12:24:30;845.0;1574684672;76.448;17.47184080067646;0.4853289111299017;-0.44189453125;
12:24:31;846.0;1574684673;76.317;17.343430373384063;0.48176195481622397;-0.439453125;
12:24:32;847.0;1574684674;76.072;17.47184080067646;0.4853289111299017;-0.44189453125;
12:24:33;848.0;1574684675;75.975;17.85707208255364;0.4960297800709344;-0.44921875;
12:24:34;849.0;1574684676;75.845;18.24230336443082;0.5067306490119673;-0.45654296875;
12:24:35;850.0;1574684677;76.072;17.60025122796885;0.4888958674435792;-0.4443359375;
12:24:36;851.0;1574684678;76.203;17.08660951879928;0.47462804218886884;-0.4345703125;
12:24:37;852.0;1574684679;76.431;17.47184080067646;0.4853289111299017;-0.44189453125;
12:24:38;853.0;1574684680;76.727;17.728661655261245;0.4924628237572568;-0.44677734375;
12:24:39;854.0;1574684681;76.875;18.884355500892784;0.5245654305803551;-0.46875;
12:24:40;855.0;1574684682;76.858;18.755945073600394;0.5209984742666776;-0.46630859375;
12:24:41;856.0;1574684683;76.628;17.47184080067646;0.4853289111299017;-0.44189453125;
12:24:42;857.0;1574684684;76.677;17.985482509846033;0.49959673638461205;-0.45166015625;
12:24:43;858.0;1574684685;76.35;17.985482509846033;0.49959673638461205;-0.45166015625;
12:24:44;859.0;1574684686;76.579;17.60025122796885;0.4888958674435792;-0.4443359375;
12:24:45;860.0;1574684687;76.628;17.985482509846033;0.49959673638461205;-0.45166015625;
12:24:46;861.0;1574684688;76.628;17.85707208255364;0.4960297800709344;-0.44921875;
12:24:47;862.0;1574684689;76.546;18.37071379172321;0.5102976053256447;-0.458984375;
12:24:48;863.0;1574684690;76.481;17.47184080067646;0.4853289111299017;-0.44189453125;
12:24:49;864.0;1574684691;76.268;17.47184080067646;0.4853289111299017;-0.44189453125;
12:24:50;865.0;1574684692;76.023;18.755945073600394;0.5209984742666776;-0.46630859375;
12:24:52;867.0;1574684693;76.137;17.85707208255364;0.4960297800709344;-0.44921875;
12:24:53;868.0;1574684694;76.007;16.187736527752527;0.44965934799312574;-0.41748046875;
12:24:54;869.0;1574684695;76.137;17.85707208255364;0.4960297800709344;-0.44921875;
