Time;Seconds from start for linreg;Unix Time;ch1 po2;Uc;Ubl;Vc;
12:42:44;-1.0;1574512965;90.033;14.004759263781835;0.38902109066060653;-0.3759765625;
12:42:45;0.0;1574512966;89.742;14.51840097295141;0.40328891591531696;-0.3857421875;
12:42:46;1.0;1574512967;89.684;14.389990545659018;0.39972195960163937;-0.38330078125;
12:42:47;2.0;1574512968;89.819;14.389990545659018;0.39972195960163937;-0.38330078125;
12:42:48;3.0;1574512969;90.053;13.619527981904657;0.3783202217195738;-0.36865234375;
12:42:49;4.0;1574512970;90.404;15.674094818582953;0.43539152273841536;-0.40771484375;
12:42:50;5.0;1574512971;90.894;14.646811400243806;0.4068558722289946;-0.38818359375;
12:42:51;6.0;1574512972;90.58;14.389990545659018;0.39972195960163937;-0.38330078125;
12:42:52;7.0;1574512973;90.423;14.51840097295141;0.40328891591531696;-0.3857421875;
12:42:53;8.0;1574512974;90.072;14.646811400243806;0.4068558722289946;-0.38818359375;
12:42:54;9.0;1574512975;89.684;14.646811400243806;0.4068558722289946;-0.38818359375;
12:42:55;10.0;1574512976;89.567;14.51840097295141;0.40328891591531696;-0.3857421875;
12:42:56;11.0;1574512977;89.258;14.775221827536196;0.4104228285426721;-0.390625;
12:42:57;12.0;1574512978;89.085;15.160453109413378;0.42112369748370493;-0.39794921875;
12:42:58;13.0;1574512979;88.912;14.133169691074231;0.3925880469742842;-0.37841796875;
12:42:59;14.0;1574512980;88.97;14.004759263781835;0.38902109066060653;-0.3759765625;
12:43:00;15.0;1574512981;89.297;14.133169691074231;0.3925880469742842;-0.37841796875;
12:43:01;16.0;1574512982;89.316;14.646811400243806;0.4068558722289946;-0.38818359375;
12:43:02;17.0;1574512983;89.432;14.646811400243806;0.4068558722289946;-0.38818359375;
12:43:03;18.0;1574512984;89.664;14.646811400243806;0.4068558722289946;-0.38818359375;
12:43:04;19.0;1574512985;89.703;14.775221827536196;0.4104228285426721;-0.390625;
12:43:05;20.0;1574512986;89.858;14.775221827536196;0.4104228285426721;-0.390625;
12:43:06;21.0;1574512987;89.703;14.389990545659018;0.39972195960163937;-0.38330078125;
12:43:07;22.0;1574512988;89.839;14.51840097295141;0.40328891591531696;-0.3857421875;
12:43:08;23.0;1574512989;89.742;14.646811400243806;0.4068558722289946;-0.38818359375;
12:43:09;24.0;1574512990;89.878;14.51840097295141;0.40328891591531696;-0.3857421875;
12:43:10;25.0;1574512991;90.248;16.187736527752527;0.44965934799312574;-0.41748046875;
12:43:11;26.0;1574512992;89.975;14.133169691074231;0.3925880469742842;-0.37841796875;
12:43:12;27.0;1574512993;90.17;14.51840097295141;0.40328891591531696;-0.3857421875;
12:43:13;28.0;1574512994;90.15;13.876348836489445;0.38545413434692904;-0.37353515625;
12:43:14;29.0;1574512995;90.17;14.775221827536196;0.4104228285426721;-0.390625;
12:43:16;31.0;1574512997;89.975;14.51840097295141;0.40328891591531696;-0.3857421875;
12:43:17;32.0;1574512999;90.053;13.747938409197053;0.38188717803325145;-0.37109375;
12:43:18;33.0;1574513000;90.014;14.775221827536196;0.4104228285426721;-0.390625;
12:43:19;34.0;1574513001;90.111;15.545684391290557;0.4318245664247377;-0.4052734375;
12:43:20;35.0;1574513002;90.15;14.903632254828592;0.4139897848563498;-0.39306640625;
12:43:21;36.0;1574513003;89.936;14.133169691074231;0.3925880469742842;-0.37841796875;
12:43:22;37.0;1574513004;89.567;14.389990545659018;0.39972195960163937;-0.38330078125;
12:43:23;38.0;1574513005;89.742;13.876348836489445;0.38545413434692904;-0.37353515625;
12:43:24;39.0;1574513006;89.606;14.646811400243806;0.4068558722289946;-0.38818359375;
12:43:25;40.0;1574513007;89.626;14.51840097295141;0.40328891591531696;-0.3857421875;
12:43:26;41.0;1574513008;89.975;14.775221827536196;0.4104228285426721;-0.390625;
12:43:27;42.0;1574513009;89.936;13.876348836489445;0.38545413434692904;-0.37353515625;
12:43:28;43.0;1574513010;89.936;14.775221827536196;0.4104228285426721;-0.390625;
12:43:29;44.0;1574513011;89.897;15.160453109413378;0.42112369748370493;-0.39794921875;
12:43:30;45.0;1574513012;90.092;14.51840097295141;0.40328891591531696;-0.3857421875;
12:43:31;46.0;1574513013;90.072;14.646811400243806;0.4068558722289946;-0.38818359375;
12:43:32;47.0;1574513014;90.287;14.389990545659018;0.39972195960163937;-0.38330078125;
12:43:33;48.0;1574513015;90.678;14.51840097295141;0.40328891591531696;-0.3857421875;
12:43:34;49.0;1574513016;90.521;14.775221827536196;0.4104228285426721;-0.390625;
12:43:35;50.0;1574513017;90.639;14.133169691074231;0.3925880469742842;-0.37841796875;
12:43:36;51.0;1574513018;90.482;15.160453109413378;0.42112369748370493;-0.39794921875;
12:43:37;52.0;1574513019;90.072;14.775221827536196;0.4104228285426721;-0.390625;
12:43:38;53.0;1574513020;89.703;14.51840097295141;0.40328891591531696;-0.3857421875;
12:43:39;54.0;1574513021;89.839;14.646811400243806;0.4068558722289946;-0.38818359375;
12:43:41;56.0;1574513022;89.917;14.261580118366624;0.39615500328796177;-0.380859375;
12:43:42;57.0;1574513023;90.111;14.646811400243806;0.4068558722289946;-0.38818359375;
12:43:43;58.0;1574513024;90.326;14.004759263781835;0.38902109066060653;-0.3759765625;
12:43:44;59.0;1574513025;90.189;14.261580118366624;0.39615500328796177;-0.380859375;
12:43:45;60.0;1574513026;90.228;14.51840097295141;0.40328891591531696;-0.3857421875;
12:43:46;61.0;1574513027;90.267;14.389990545659018;0.39972195960163937;-0.38330078125;
12:43:47;62.0;1574513028;90.209;15.160453109413378;0.42112369748370493;-0.39794921875;
12:43:48;63.0;1574513029;90.189;14.51840097295141;0.40328891591531696;-0.3857421875;
12:43:49;64.0;1574513030;89.994;14.775221827536196;0.4104228285426721;-0.390625;
12:43:50;65.0;1574513031;89.8;14.903632254828592;0.4139897848563498;-0.39306640625;
12:43:51;66.0;1574513032;89.819;14.004759263781835;0.38902109066060653;-0.3759765625;
12:43:52;67.0;1574513033;89.664;14.51840097295141;0.40328891591531696;-0.3857421875;
12:43:53;68.0;1574513034;89.781;14.775221827536196;0.4104228285426721;-0.390625;
12:43:54;69.0;1574513035;89.8;14.133169691074231;0.3925880469742842;-0.37841796875;
12:43:55;70.0;1574513036;89.955;14.389990545659018;0.39972195960163937;-0.38330078125;
12:43:56;71.0;1574513037;89.917;14.775221827536196;0.4104228285426721;-0.390625;
12:43:57;72.0;1574513038;89.936;14.903632254828592;0.4139897848563498;-0.39306640625;
12:43:58;73.0;1574513039;89.897;13.876348836489445;0.38545413434692904;-0.37353515625;
12:43:59;74.0;1574513040;89.917;14.004759263781835;0.38902109066060653;-0.3759765625;
12:44:00;75.0;1574513041;89.936;14.646811400243806;0.4068558722289946;-0.38818359375;
12:44:01;76.0;1574513042;89.917;14.775221827536196;0.4104228285426721;-0.390625;
12:44:02;77.0;1574513043;90.092;13.876348836489445;0.38545413434692904;-0.37353515625;
12:44:03;78.0;1574513044;90.228;14.133169691074231;0.3925880469742842;-0.37841796875;
12:44:04;79.0;1574513045;90.384;13.876348836489445;0.38545413434692904;-0.37353515625;
12:44:05;80.0;1574513046;90.306;14.51840097295141;0.40328891591531696;-0.3857421875;
12:44:06;81.0;1574513047;90.111;14.389990545659018;0.39972195960163937;-0.38330078125;
12:44:07;82.0;1574513048;89.645;14.133169691074231;0.3925880469742842;-0.37841796875;
12:44:08;83.0;1574513049;89.645;14.004759263781835;0.38902109066060653;-0.3759765625;
12:44:09;84.0;1574513050;89.626;14.903632254828592;0.4139897848563498;-0.39306640625;
12:44:10;85.0;1574513051;89.587;14.903632254828592;0.4139897848563498;-0.39306640625;
12:44:11;86.0;1574513052;89.975;14.261580118366624;0.39615500328796177;-0.380859375;
12:44:12;87.0;1574513053;89.703;15.417273963998165;0.4282576101110601;-0.40283203125;
12:44:13;88.0;1574513054;89.664;14.903632254828592;0.4139897848563498;-0.39306640625;
12:44:14;89.0;1574513055;89.722;14.646811400243806;0.4068558722289946;-0.38818359375;
12:44:15;90.0;1574513056;89.587;14.261580118366624;0.39615500328796177;-0.380859375;
12:44:16;91.0;1574513057;89.742;13.747938409197053;0.38188717803325145;-0.37109375;
12:44:17;92.0;1574513058;89.858;14.903632254828592;0.4139897848563498;-0.39306640625;
12:44:18;93.0;1574513059;89.975;14.646811400243806;0.4068558722289946;-0.38818359375;
12:44:19;94.0;1574513060;89.8;13.36270712731987;0.3711863090922186;-0.36376953125;
12:44:20;95.0;1574513061;89.936;14.389990545659018;0.39972195960163937;-0.38330078125;
12:44:21;96.0;1574513062;89.839;13.876348836489445;0.38545413434692904;-0.37353515625;
12:44:22;97.0;1574513063;89.761;13.36270712731987;0.3711863090922186;-0.36376953125;
12:44:23;98.0;1574513064;90.014;14.004759263781835;0.38902109066060653;-0.3759765625;
12:44:24;99.0;1574513065;89.897;14.261580118366624;0.39615500328796177;-0.380859375;
12:44:25;100.0;1574513066;89.917;12.849065418150298;0.3569184838375083;-0.35400390625;
12:44:26;101.0;1574513067;90.111;13.105886272735084;0.3640523964648634;-0.35888671875;
12:44:27;102.0;1574513068;89.858;14.903632254828592;0.4139897848563498;-0.39306640625;
12:44:28;103.0;1574513069;89.839;14.133169691074231;0.3925880469742842;-0.37841796875;
12:44:29;104.0;1574513070;89.664;14.004759263781835;0.38902109066060653;-0.3759765625;
12:44:30;105.0;1574513071;89.626;14.775221827536196;0.4104228285426721;-0.390625;
12:44:31;106.0;1574513072;90.014;14.261580118366624;0.39615500328796177;-0.380859375;
12:44:32;107.0;1574513073;90.111;16.05932610046013;0.44609239167944803;-0.4150390625;
12:44:33;108.0;1574513074;90.228;14.004759263781835;0.38902109066060653;-0.3759765625;
12:44:34;109.0;1574513075;90.072;13.23429670002748;0.36761935277854113;-0.361328125;
12:44:35;110.0;1574513076;90.131;14.646811400243806;0.4068558722289946;-0.38818359375;
12:44:36;111.0;1574513077;90.306;14.389990545659018;0.39972195960163937;-0.38330078125;
12:44:37;112.0;1574513078;90.17;14.389990545659018;0.39972195960163937;-0.38330078125;
12:44:38;113.0;1574513079;90.267;14.51840097295141;0.40328891591531696;-0.3857421875;
12:44:39;114.0;1574513080;90.092;14.51840097295141;0.40328891591531696;-0.3857421875;
12:44:40;115.0;1574513081;89.839;14.51840097295141;0.40328891591531696;-0.3857421875;
12:44:41;116.0;1574513082;89.858;14.646811400243806;0.4068558722289946;-0.38818359375;
12:44:42;117.0;1574513083;89.742;13.747938409197053;0.38188717803325145;-0.37109375;
12:44:43;118.0;1574513085;89.664;15.160453109413378;0.42112369748370493;-0.39794921875;
12:44:45;120.0;1574513086;89.742;14.903632254828592;0.4139897848563498;-0.39306640625;
12:44:46;121.0;1574513087;89.936;14.133169691074231;0.3925880469742842;-0.37841796875;
12:44:47;122.0;1574513088;90.092;13.747938409197053;0.38188717803325145;-0.37109375;
12:44:48;123.0;1574513089;90.131;14.133169691074231;0.3925880469742842;-0.37841796875;
12:44:49;124.0;1574513090;89.975;14.389990545659018;0.39972195960163937;-0.38330078125;
12:44:50;125.0;1574513091;90.248;14.775221827536196;0.4104228285426721;-0.390625;
12:44:51;126.0;1574513092;90.092;14.646811400243806;0.4068558722289946;-0.38818359375;
12:44:52;127.0;1574513093;89.936;15.930915673167739;0.44252543536577055;-0.41259765625;
12:44:53;128.0;1574513094;89.955;14.389990545659018;0.39972195960163937;-0.38330078125;
12:44:54;129.0;1574513095;89.819;13.747938409197053;0.38188717803325145;-0.37109375;
12:44:55;130.0;1574513096;90.17;14.133169691074231;0.3925880469742842;-0.37841796875;
12:44:56;131.0;1574513097;90.287;14.133169691074231;0.3925880469742842;-0.37841796875;
12:44:57;132.0;1574513098;90.287;14.775221827536196;0.4104228285426721;-0.390625;
12:44:58;133.0;1574513099;89.936;13.876348836489445;0.38545413434692904;-0.37353515625;
12:44:59;134.0;1574513100;89.761;14.389990545659018;0.39972195960163937;-0.38330078125;
12:45:00;135.0;1574513101;89.664;14.133169691074231;0.3925880469742842;-0.37841796875;
12:45:01;136.0;1574513102;89.645;14.004759263781835;0.38902109066060653;-0.3759765625;
12:45:02;137.0;1574513103;89.839;14.646811400243806;0.4068558722289946;-0.38818359375;
12:45:03;138.0;1574513104;89.626;14.51840097295141;0.40328891591531696;-0.3857421875;
12:45:04;139.0;1574513105;89.761;14.646811400243806;0.4068558722289946;-0.38818359375;
12:45:05;140.0;1574513106;89.975;14.646811400243806;0.4068558722289946;-0.38818359375;
12:45:06;141.0;1574513107;89.917;14.51840097295141;0.40328891591531696;-0.3857421875;
12:45:07;142.0;1574513108;89.955;14.133169691074231;0.3925880469742842;-0.37841796875;
12:45:08;143.0;1574513109;89.839;14.261580118366624;0.39615500328796177;-0.380859375;
12:45:09;144.0;1574513110;89.336;14.389990545659018;0.39972195960163937;-0.38330078125;
12:45:10;145.0;1574513111;89.49;13.619527981904657;0.3783202217195738;-0.36865234375;
12:45:11;146.0;1574513112;89.645;14.133169691074231;0.3925880469742842;-0.37841796875;
12:45:12;147.0;1574513113;89.626;14.646811400243806;0.4068558722289946;-0.38818359375;
12:45:13;148.0;1574513114;89.936;14.004759263781835;0.38902109066060653;-0.3759765625;
12:45:14;149.0;1574513115;89.897;14.646811400243806;0.4068558722289946;-0.38818359375;
12:45:15;150.0;1574513116;89.722;15.545684391290557;0.4318245664247377;-0.4052734375;
12:45:16;151.0;1574513117;89.703;13.876348836489445;0.38545413434692904;-0.37353515625;
12:45:17;152.0;1574513118;89.761;14.133169691074231;0.3925880469742842;-0.37841796875;
12:45:18;153.0;1574513119;89.858;14.133169691074231;0.3925880469742842;-0.37841796875;
12:45:19;154.0;1574513120;89.858;13.876348836489445;0.38545413434692904;-0.37353515625;
12:45:20;155.0;1574513121;89.703;14.51840097295141;0.40328891591531696;-0.3857421875;
12:45:21;156.0;1574513122;89.645;13.747938409197053;0.38188717803325145;-0.37109375;
12:45:22;157.0;1574513123;89.336;14.004759263781835;0.38902109066060653;-0.3759765625;
12:45:23;158.0;1574513124;89.336;14.51840097295141;0.40328891591531696;-0.3857421875;
12:45:24;159.0;1574513125;89.451;15.160453109413378;0.42112369748370493;-0.39794921875;
12:45:25;160.0;1574513126;89.278;13.747938409197053;0.38188717803325145;-0.37109375;
12:45:26;161.0;1574513127;89.393;14.389990545659018;0.39972195960163937;-0.38330078125;
12:45:27;162.0;1574513129;89.548;14.903632254828592;0.4139897848563498;-0.39306640625;
12:45:28;163.0;1574513130;89.451;14.133169691074231;0.3925880469742842;-0.37841796875;
12:45:29;164.0;1574513131;89.567;14.646811400243806;0.4068558722289946;-0.38818359375;
12:45:30;165.0;1574513132;89.548;14.903632254828592;0.4139897848563498;-0.39306640625;
12:45:31;166.0;1574513133;89.432;14.775221827536196;0.4104228285426721;-0.390625;
12:45:32;167.0;1574513134;89.567;14.004759263781835;0.38902109066060653;-0.3759765625;
12:45:33;168.0;1574513135;89.645;14.261580118366624;0.39615500328796177;-0.380859375;
12:45:34;169.0;1574513136;89.858;14.261580118366624;0.39615500328796177;-0.380859375;
12:45:35;170.0;1574513137;89.819;14.903632254828592;0.4139897848563498;-0.39306640625;
12:45:36;171.0;1574513138;89.839;14.004759263781835;0.38902109066060653;-0.3759765625;
12:45:37;172.0;1574513139;89.819;14.51840097295141;0.40328891591531696;-0.3857421875;
12:45:38;173.0;1574513140;89.742;14.261580118366624;0.39615500328796177;-0.380859375;
12:45:39;174.0;1574513141;89.8;13.747938409197053;0.38188717803325145;-0.37109375;
12:45:40;175.0;1574513142;89.781;12.977475845442692;0.3604854401511859;-0.3564453125;
12:45:41;176.0;1574513143;89.567;14.261580118366624;0.39615500328796177;-0.380859375;
12:45:42;177.0;1574513144;89.451;14.51840097295141;0.40328891591531696;-0.3857421875;
12:45:43;178.0;1574513145;89.451;14.004759263781835;0.38902109066060653;-0.3759765625;
12:45:44;179.0;1574513146;89.278;14.133169691074231;0.3925880469742842;-0.37841796875;
12:45:45;180.0;1574513147;89.316;14.775221827536196;0.4104228285426721;-0.390625;
12:45:46;181.0;1574513148;89.066;14.903632254828592;0.4139897848563498;-0.39306640625;
12:45:47;182.0;1574513149;88.701;14.389990545659018;0.39972195960163937;-0.38330078125;
12:45:49;184.0;1574513150;88.874;14.646811400243806;0.4068558722289946;-0.38818359375;
12:45:50;185.0;1574513151;89.047;15.160453109413378;0.42112369748370493;-0.39794921875;
12:45:51;186.0;1574513152;89.297;10.794498581472002;0.29984718281866674;-0.31494140625;
12:45:52;187.0;1574513153;89.587;14.389990545659018;0.39972195960163937;-0.38330078125;
12:45:53;188.0;1574513154;89.413;14.646811400243806;0.4068558722289946;-0.38818359375;
12:45:54;189.0;1574513155;89.413;14.389990545659018;0.39972195960163937;-0.38330078125;
12:45:55;190.0;1574513156;89.413;14.903632254828592;0.4139897848563498;-0.39306640625;
12:45:56;191.0;1574513157;89.451;13.876348836489445;0.38545413434692904;-0.37353515625;
12:45:57;192.0;1574513158;89.645;13.747938409197053;0.38188717803325145;-0.37109375;
12:45:58;193.0;1574513159;89.49;14.389990545659018;0.39972195960163937;-0.38330078125;
12:45:59;194.0;1574513160;89.355;14.51840097295141;0.40328891591531696;-0.3857421875;
12:46:00;195.0;1574513161;89.374;14.903632254828592;0.4139897848563498;-0.39306640625;
12:46:01;196.0;1574513162;89.181;14.775221827536196;0.4104228285426721;-0.390625;
12:46:02;197.0;1574513163;89.336;15.545684391290557;0.4318245664247377;-0.4052734375;
12:46:03;198.0;1574513164;89.336;14.389990545659018;0.39972195960163937;-0.38330078125;
12:46:04;199.0;1574513165;89.181;14.389990545659018;0.39972195960163937;-0.38330078125;
12:46:05;200.0;1574513166;89.066;14.133169691074231;0.3925880469742842;-0.37841796875;
12:46:06;201.0;1574513167;89.104;14.51840097295141;0.40328891591531696;-0.3857421875;
12:46:07;202.0;1574513168;88.874;14.903632254828592;0.4139897848563498;-0.39306640625;
12:46:08;203.0;1574513169;88.835;14.389990545659018;0.39972195960163937;-0.38330078125;
12:46:09;204.0;1574513170;88.931;14.261580118366624;0.39615500328796177;-0.380859375;
12:46:10;205.0;1574513171;88.778;13.876348836489445;0.38545413434692904;-0.37353515625;
12:46:11;206.0;1574513172;89.008;13.619527981904657;0.3783202217195738;-0.36865234375;
12:46:12;207.0;1574513173;89.181;14.775221827536196;0.4104228285426721;-0.390625;
12:46:13;208.0;1574513174;89.393;13.747938409197053;0.38188717803325145;-0.37109375;
12:46:14;209.0;1574513175;89.355;12.977475845442692;0.3604854401511859;-0.3564453125;
12:46:15;210.0;1574513176;89.355;15.802505245875343;0.43895847905209284;-0.41015625;
12:46:16;211.0;1574513177;89.22;14.51840097295141;0.40328891591531696;-0.3857421875;
12:46:17;212.0;1574513178;89.355;14.51840097295141;0.40328891591531696;-0.3857421875;
12:46:18;213.0;1574513179;89.684;14.903632254828592;0.4139897848563498;-0.39306640625;
12:46:19;214.0;1574513180;89.664;14.133169691074231;0.3925880469742842;-0.37841796875;
12:46:20;215.0;1574513181;89.839;14.903632254828592;0.4139897848563498;-0.39306640625;
12:46:21;216.0;1574513182;89.684;15.160453109413378;0.42112369748370493;-0.39794921875;
12:46:22;217.0;1574513183;89.162;13.747938409197053;0.38188717803325145;-0.37109375;
12:46:23;218.0;1574513184;89.278;14.389990545659018;0.39972195960163937;-0.38330078125;
12:46:24;219.0;1574513185;88.931;14.389990545659018;0.39972195960163937;-0.38330078125;
12:46:25;220.0;1574513186;88.739;14.903632254828592;0.4139897848563498;-0.39306640625;
12:46:26;221.0;1574513187;89.22;14.133169691074231;0.3925880469742842;-0.37841796875;
12:46:27;222.0;1574513188;89.066;14.903632254828592;0.4139897848563498;-0.39306640625;
12:46:28;223.0;1574513189;89.413;13.876348836489445;0.38545413434692904;-0.37353515625;
12:46:29;224.0;1574513190;89.509;14.133169691074231;0.3925880469742842;-0.37841796875;
12:46:30;225.0;1574513191;89.22;14.51840097295141;0.40328891591531696;-0.3857421875;
12:46:31;226.0;1574513192;89.085;13.876348836489445;0.38545413434692904;-0.37353515625;
12:46:32;227.0;1574513193;88.854;14.775221827536196;0.4104228285426721;-0.390625;
12:46:33;228.0;1574513194;88.97;14.133169691074231;0.3925880469742842;-0.37841796875;
12:46:34;229.0;1574513195;88.989;14.389990545659018;0.39972195960163937;-0.38330078125;
12:46:35;230.0;1574513196;89.451;14.903632254828592;0.4139897848563498;-0.39306640625;
12:46:36;231.0;1574513197;89.181;14.389990545659018;0.39972195960163937;-0.38330078125;
12:46:37;232.0;1574513198;88.854;14.261580118366624;0.39615500328796177;-0.380859375;
12:46:38;233.0;1574513199;88.797;14.133169691074231;0.3925880469742842;-0.37841796875;
12:46:39;234.0;1574513200;88.319;14.903632254828592;0.4139897848563498;-0.39306640625;
12:46:40;235.0;1574513201;88.491;14.004759263781835;0.38902109066060653;-0.3759765625;
12:46:41;236.0;1574513202;88.529;14.004759263781835;0.38902109066060653;-0.3759765625;
12:46:42;237.0;1574513203;88.739;14.004759263781835;0.38902109066060653;-0.3759765625;
12:46:43;238.0;1574513204;89.258;14.903632254828592;0.4139897848563498;-0.39306640625;
12:46:44;239.0;1574513206;89.393;14.261580118366624;0.39615500328796177;-0.380859375;
12:46:45;240.0;1574513207;89.664;14.51840097295141;0.40328891591531696;-0.3857421875;
12:46:46;241.0;1574513208;89.587;14.389990545659018;0.39972195960163937;-0.38330078125;
12:46:47;242.0;1574513209;89.258;14.903632254828592;0.4139897848563498;-0.39306640625;
12:46:48;243.0;1574513210;89.239;14.004759263781835;0.38902109066060653;-0.3759765625;
12:46:49;244.0;1574513211;89.104;14.133169691074231;0.3925880469742842;-0.37841796875;
12:46:50;245.0;1574513212;88.989;14.389990545659018;0.39972195960163937;-0.38330078125;
12:46:51;246.0;1574513213;88.95;13.36270712731987;0.3711863090922186;-0.36376953125;
12:46:52;247.0;1574513214;89.104;14.646811400243806;0.4068558722289946;-0.38818359375;
12:46:54;249.0;1574513215;89.085;14.903632254828592;0.4139897848563498;-0.39306640625;
12:46:55;250.0;1574513216;89.143;14.133169691074231;0.3925880469742842;-0.37841796875;
12:46:56;251.0;1574513217;89.181;14.133169691074231;0.3925880469742842;-0.37841796875;
12:46:57;252.0;1574513218;88.759;14.903632254828592;0.4139897848563498;-0.39306640625;
12:46:58;253.0;1574513219;88.605;14.133169691074231;0.3925880469742842;-0.37841796875;
12:46:59;254.0;1574513220;88.586;14.133169691074231;0.3925880469742842;-0.37841796875;
12:47:00;255.0;1574513221;88.567;14.646811400243806;0.4068558722289946;-0.38818359375;
12:47:01;256.0;1574513222;88.989;9999.0;9999.0;9999.0;
12:47:02;257.0;1574513223;89.162;14.004759263781835;0.38902109066060653;-0.3759765625;
12:47:03;258.0;1574513224;89.124;14.51840097295141;0.40328891591531696;-0.3857421875;
12:47:04;259.0;1574513225;89.143;14.004759263781835;0.38902109066060653;-0.3759765625;
12:47:05;260.0;1574513226;89.008;14.903632254828592;0.4139897848563498;-0.39306640625;
12:47:06;261.0;1574513227;88.816;14.004759263781835;0.38902109066060653;-0.3759765625;
12:47:07;262.0;1574513228;89.027;14.389990545659018;0.39972195960163937;-0.38330078125;
12:47:08;263.0;1574513229;89.008;15.28886353670577;0.4246906537973825;-0.400390625;
12:47:09;264.0;1574513230;89.066;14.775221827536196;0.4104228285426721;-0.390625;
12:47:10;265.0;1574513231;89.104;14.51840097295141;0.40328891591531696;-0.3857421875;
12:47:11;266.0;1574513232;88.854;14.389990545659018;0.39972195960163937;-0.38330078125;
12:47:12;267.0;1574513233;88.874;11.308140290641576;0.3141150080733771;-0.32470703125;
12:47:13;268.0;1574513234;88.797;14.389990545659018;0.39972195960163937;-0.38330078125;
12:47:14;269.0;1574513235;88.816;14.004759263781835;0.38902109066060653;-0.3759765625;
12:47:15;270.0;1574513236;88.835;14.646811400243806;0.4068558722289946;-0.38818359375;
12:47:16;271.0;1574513237;88.874;14.903632254828592;0.4139897848563498;-0.39306640625;
12:47:17;272.0;1574513238;88.72;14.389990545659018;0.39972195960163937;-0.38330078125;
12:47:18;273.0;1574513239;88.739;14.261580118366624;0.39615500328796177;-0.380859375;
12:47:19;274.0;1574513240;88.72;14.261580118366624;0.39615500328796177;-0.380859375;
12:47:20;275.0;1574513241;88.529;13.619527981904657;0.3783202217195738;-0.36865234375;
12:47:21;276.0;1574513242;88.701;14.775221827536196;0.4104228285426721;-0.390625;
12:47:22;277.0;1574513243;88.778;11.436550717933972;0.31768196438705476;-0.3271484375;
12:47:23;278.0;1574513244;88.835;14.133169691074231;0.3925880469742842;-0.37841796875;
12:47:24;279.0;1574513245;88.816;14.775221827536196;0.4104228285426721;-0.390625;
12:47:25;280.0;1574513246;88.663;14.775221827536196;0.4104228285426721;-0.390625;
12:47:26;281.0;1574513247;88.529;14.389990545659018;0.39972195960163937;-0.38330078125;
12:47:27;282.0;1574513248;88.338;14.775221827536196;0.4104228285426721;-0.390625;
12:47:28;283.0;1574513249;88.319;14.133169691074231;0.3925880469742842;-0.37841796875;
12:47:29;284.0;1574513250;88.625;14.389990545659018;0.39972195960163937;-0.38330078125;
12:47:30;285.0;1574513251;88.605;14.646811400243806;0.4068558722289946;-0.38818359375;
12:47:31;286.0;1574513252;88.797;15.160453109413378;0.42112369748370493;-0.39794921875;
12:47:32;287.0;1574513253;89.008;14.004759263781835;0.38902109066060653;-0.3759765625;
12:47:33;288.0;1574513254;88.701;14.903632254828592;0.4139897848563498;-0.39306640625;
12:47:34;289.0;1574513255;88.682;15.032042682120982;0.4175567411700273;-0.3955078125;
12:47:35;290.0;1574513256;88.529;14.775221827536196;0.4104228285426721;-0.390625;
12:47:36;291.0;1574513257;88.472;14.775221827536196;0.4104228285426721;-0.390625;
12:47:37;292.0;1574513258;88.644;14.903632254828592;0.4139897848563498;-0.39306640625;
12:47:38;293.0;1574513259;88.663;14.646811400243806;0.4068558722289946;-0.38818359375;
12:47:39;294.0;1574513261;88.835;14.133169691074231;0.3925880469742842;-0.37841796875;
12:47:40;295.0;1574513262;88.548;14.133169691074231;0.3925880469742842;-0.37841796875;
12:47:41;296.0;1574513263;88.472;13.876348836489445;0.38545413434692904;-0.37353515625;
12:47:42;297.0;1574513264;88.663;14.775221827536196;0.4104228285426721;-0.390625;
12:47:43;298.0;1574513265;88.816;14.646811400243806;0.4068558722289946;-0.38818359375;
12:47:44;299.0;1574513266;88.989;14.51840097295141;0.40328891591531696;-0.3857421875;
12:47:45;300.0;1574513267;89.047;14.133169691074231;0.3925880469742842;-0.37841796875;
12:47:46;301.0;1574513268;88.797;14.51840097295141;0.40328891591531696;-0.3857421875;
12:47:47;302.0;1574513269;88.395;13.876348836489445;0.38545413434692904;-0.37353515625;
12:47:48;303.0;1574513270;88.376;14.51840097295141;0.40328891591531696;-0.3857421875;
12:47:49;304.0;1574513271;88.281;14.133169691074231;0.3925880469742842;-0.37841796875;
12:47:50;305.0;1574513272;88.186;14.133169691074231;0.3925880469742842;-0.37841796875;
12:47:51;306.0;1574513273;88.357;14.133169691074231;0.3925880469742842;-0.37841796875;
12:47:52;307.0;1574513274;88.3;14.775221827536196;0.4104228285426721;-0.390625;
12:47:53;308.0;1574513275;88.605;15.28886353670577;0.4246906537973825;-0.400390625;
12:47:54;309.0;1574513276;88.625;14.389990545659018;0.39972195960163937;-0.38330078125;
12:47:55;310.0;1574513277;88.51;14.133169691074231;0.3925880469742842;-0.37841796875;
12:47:56;311.0;1574513278;88.739;14.903632254828592;0.4139897848563498;-0.39306640625;
12:47:58;313.0;1574513279;88.357;14.903632254828592;0.4139897848563498;-0.39306640625;
12:47:59;314.0;1574513280;88.663;15.160453109413378;0.42112369748370493;-0.39794921875;
12:48:00;315.0;1574513281;88.72;14.775221827536196;0.4104228285426721;-0.390625;
12:48:01;316.0;1574513282;88.739;14.51840097295141;0.40328891591531696;-0.3857421875;
12:48:02;317.0;1574513283;88.816;14.389990545659018;0.39972195960163937;-0.38330078125;
12:48:03;318.0;1574513284;88.491;12.849065418150298;0.3569184838375083;-0.35400390625;
12:48:04;319.0;1574513285;88.567;14.646811400243806;0.4068558722289946;-0.38818359375;
12:48:05;320.0;1574513286;88.224;14.389990545659018;0.39972195960163937;-0.38330078125;
12:48:06;321.0;1574513287;88.3;14.646811400243806;0.4068558722289946;-0.38818359375;
12:48:07;322.0;1574513288;88.778;14.261580118366624;0.39615500328796177;-0.380859375;
12:48:08;323.0;1574513289;88.644;14.646811400243806;0.4068558722289946;-0.38818359375;
12:48:09;324.0;1574513290;88.797;14.646811400243806;0.4068558722289946;-0.38818359375;
12:48:10;325.0;1574513291;88.605;14.51840097295141;0.40328891591531696;-0.3857421875;
12:48:11;326.0;1574513292;88.3;14.389990545659018;0.39972195960163937;-0.38330078125;
12:48:12;327.0;1574513293;88.491;13.36270712731987;0.3711863090922186;-0.36376953125;
12:48:13;328.0;1574513294;88.338;14.261580118366624;0.39615500328796177;-0.380859375;
12:48:14;329.0;1574513295;88.357;13.876348836489445;0.38545413434692904;-0.37353515625;
12:48:15;330.0;1574513296;88.357;14.389990545659018;0.39972195960163937;-0.38330078125;
12:48:16;331.0;1574513297;88.053;14.133169691074231;0.3925880469742842;-0.37841796875;
12:48:17;332.0;1574513298;88.338;14.389990545659018;0.39972195960163937;-0.38330078125;
12:48:18;333.0;1574513299;88.414;14.51840097295141;0.40328891591531696;-0.3857421875;
12:48:19;334.0;1574513300;88.586;14.646811400243806;0.4068558722289946;-0.38818359375;
12:48:20;335.0;1574513301;88.739;14.004759263781835;0.38902109066060653;-0.3759765625;
12:48:21;336.0;1574513302;88.433;14.646811400243806;0.4068558722289946;-0.38818359375;
12:48:22;337.0;1574513303;88.357;13.876348836489445;0.38545413434692904;-0.37353515625;
12:48:23;338.0;1574513304;88.529;14.389990545659018;0.39972195960163937;-0.38330078125;
12:48:24;339.0;1574513305;88.338;13.619527981904657;0.3783202217195738;-0.36865234375;
12:48:25;340.0;1574513306;88.167;14.261580118366624;0.39615500328796177;-0.380859375;
12:48:26;341.0;1574513307;88.167;14.261580118366624;0.39615500328796177;-0.380859375;
12:48:27;342.0;1574513308;87.749;14.133169691074231;0.3925880469742842;-0.37841796875;
12:48:28;343.0;1574513309;87.598;14.51840097295141;0.40328891591531696;-0.3857421875;
12:48:29;344.0;1574513310;88.11;14.133169691074231;0.3925880469742842;-0.37841796875;
12:48:30;345.0;1574513311;88.167;14.261580118366624;0.39615500328796177;-0.380859375;
12:48:31;346.0;1574513312;88.11;14.51840097295141;0.40328891591531696;-0.3857421875;
12:48:32;347.0;1574513313;88.395;15.28886353670577;0.4246906537973825;-0.400390625;
12:48:33;348.0;1574513314;88.319;13.876348836489445;0.38545413434692904;-0.37353515625;
12:48:34;349.0;1574513315;88.281;14.004759263781835;0.38902109066060653;-0.3759765625;
12:48:35;350.0;1574513316;88.395;14.51840097295141;0.40328891591531696;-0.3857421875;
12:48:36;351.0;1574513317;88.224;13.36270712731987;0.3711863090922186;-0.36376953125;
12:48:37;352.0;1574513318;87.977;14.51840097295141;0.40328891591531696;-0.3857421875;
12:48:38;353.0;1574513319;87.977;14.51840097295141;0.40328891591531696;-0.3857421875;
12:48:39;354.0;1574513320;87.958;15.417273963998165;0.4282576101110601;-0.40283203125;
12:48:40;355.0;1574513321;88.319;14.261580118366624;0.39615500328796177;-0.380859375;
12:48:41;356.0;1574513322;88.644;14.51840097295141;0.40328891591531696;-0.3857421875;
12:48:42;357.0;1574513323;88.51;14.133169691074231;0.3925880469742842;-0.37841796875;
12:48:43;358.0;1574513324;88.376;13.876348836489445;0.38545413434692904;-0.37353515625;
12:48:44;359.0;1574513325;87.882;14.389990545659018;0.39972195960163937;-0.38330078125;
12:48:45;360.0;1574513326;87.409;14.261580118366624;0.39615500328796177;-0.380859375;
12:48:46;361.0;1574513327;87.428;14.133169691074231;0.3925880469742842;-0.37841796875;
12:48:47;362.0;1574513329;87.56;14.51840097295141;0.40328891591531696;-0.3857421875;
12:48:48;363.0;1574513330;87.939;14.903632254828592;0.4139897848563498;-0.39306640625;
12:48:49;364.0;1574513331;88.567;14.51840097295141;0.40328891591531696;-0.3857421875;
12:48:50;365.0;1574513332;88.548;14.389990545659018;0.39972195960163937;-0.38330078125;
12:48:51;366.0;1574513333;88.376;14.004759263781835;0.38902109066060653;-0.3759765625;
12:48:52;367.0;1574513334;88.338;14.389990545659018;0.39972195960163937;-0.38330078125;
12:48:53;368.0;1574513335;88.186;13.23429670002748;0.36761935277854113;-0.361328125;
12:48:54;369.0;1574513336;88.034;14.133169691074231;0.3925880469742842;-0.37841796875;
12:48:55;370.0;1574513337;88.11;14.133169691074231;0.3925880469742842;-0.37841796875;
12:48:56;371.0;1574513338;88.072;14.389990545659018;0.39972195960163937;-0.38330078125;
12:48:57;372.0;1574513339;87.882;14.389990545659018;0.39972195960163937;-0.38330078125;
12:48:58;373.0;1574513340;88.167;14.389990545659018;0.39972195960163937;-0.38330078125;
12:48:59;374.0;1574513341;87.939;14.646811400243806;0.4068558722289946;-0.38818359375;
12:49:00;375.0;1574513342;87.825;13.747938409197053;0.38188717803325145;-0.37109375;
12:49:02;377.0;1574513343;87.882;12.977475845442692;0.3604854401511859;-0.3564453125;
12:49:03;378.0;1574513344;87.73;13.105886272735084;0.3640523964648634;-0.35888671875;
12:49:04;379.0;1574513345;87.939;14.133169691074231;0.3925880469742842;-0.37841796875;
12:49:05;380.0;1574513346;88.034;14.261580118366624;0.39615500328796177;-0.380859375;
12:49:06;381.0;1574513347;87.844;14.775221827536196;0.4104228285426721;-0.390625;
12:49:07;382.0;1574513348;87.996;15.160453109413378;0.42112369748370493;-0.39794921875;
12:49:08;383.0;1574513349;88.129;14.775221827536196;0.4104228285426721;-0.390625;
12:49:09;384.0;1574513350;88.034;14.261580118366624;0.39615500328796177;-0.380859375;
12:49:11;386.0;1574513351;87.711;14.51840097295141;0.40328891591531696;-0.3857421875;
12:49:12;387.0;1574513353;87.409;14.51840097295141;0.40328891591531696;-0.3857421875;
12:49:13;388.0;1574513354;87.372;14.775221827536196;0.4104228285426721;-0.390625;
12:49:14;389.0;1574513355;87.315;14.51840097295141;0.40328891591531696;-0.3857421875;
12:49:15;390.0;1574513356;87.825;14.133169691074231;0.3925880469742842;-0.37841796875;
12:49:16;391.0;1574513357;87.996;14.775221827536196;0.4104228285426721;-0.390625;
12:49:17;392.0;1574513358;87.958;13.619527981904657;0.3783202217195738;-0.36865234375;
12:49:18;393.0;1574513359;88.015;14.903632254828592;0.4139897848563498;-0.39306640625;
12:49:19;394.0;1574513360;87.636;14.51840097295141;0.40328891591531696;-0.3857421875;
12:49:20;395.0;1574513361;87.806;14.646811400243806;0.4068558722289946;-0.38818359375;
12:49:21;396.0;1574513362;87.996;14.133169691074231;0.3925880469742842;-0.37841796875;
12:49:22;397.0;1574513363;87.787;14.133169691074231;0.3925880469742842;-0.37841796875;
12:49:23;398.0;1574513364;87.844;14.646811400243806;0.4068558722289946;-0.38818359375;
12:49:24;399.0;1574513365;87.674;14.261580118366624;0.39615500328796177;-0.380859375;
12:49:25;400.0;1574513366;87.73;14.133169691074231;0.3925880469742842;-0.37841796875;
12:49:26;401.0;1574513367;88.224;14.133169691074231;0.3925880469742842;-0.37841796875;
12:49:27;402.0;1574513368;88.472;14.646811400243806;0.4068558722289946;-0.38818359375;
12:49:28;403.0;1574513369;88.319;14.903632254828592;0.4139897848563498;-0.39306640625;
12:49:29;404.0;1574513370;88.262;14.389990545659018;0.39972195960163937;-0.38330078125;
12:49:30;405.0;1574513371;88.11;13.876348836489445;0.38545413434692904;-0.37353515625;
12:49:31;406.0;1574513372;87.692;13.747938409197053;0.38188717803325145;-0.37109375;
12:49:32;407.0;1574513373;87.674;14.775221827536196;0.4104228285426721;-0.390625;
12:49:33;408.0;1574513374;87.409;13.876348836489445;0.38545413434692904;-0.37353515625;
12:49:34;409.0;1574513375;87.39;12.46383413627312;0.3462176148964755;-0.3466796875;
12:49:35;410.0;1574513376;87.598;14.646811400243806;0.4068558722289946;-0.38818359375;
12:49:36;411.0;1574513377;87.749;14.51840097295141;0.40328891591531696;-0.3857421875;
12:49:37;412.0;1574513378;87.711;14.389990545659018;0.39972195960163937;-0.38330078125;
12:49:38;413.0;1574513379;87.598;13.876348836489445;0.38545413434692904;-0.37353515625;
12:49:39;414.0;1574513380;87.409;14.261580118366624;0.39615500328796177;-0.380859375;
12:49:40;415.0;1574513381;87.259;14.133169691074231;0.3925880469742842;-0.37841796875;
12:49:41;416.0;1574513382;87.277;14.51840097295141;0.40328891591531696;-0.3857421875;
12:49:42;417.0;1574513383;87.221;13.876348836489445;0.38545413434692904;-0.37353515625;
12:49:43;418.0;1574513384;87.202;14.389990545659018;0.39972195960163937;-0.38330078125;
12:49:44;419.0;1574513385;87.353;15.160453109413378;0.42112369748370493;-0.39794921875;
12:49:45;420.0;1574513386;87.466;14.261580118366624;0.39615500328796177;-0.380859375;
12:49:46;421.0;1574513387;87.636;14.261580118366624;0.39615500328796177;-0.380859375;
12:49:47;422.0;1574513388;87.636;14.51840097295141;0.40328891591531696;-0.3857421875;
12:49:48;423.0;1574513389;87.806;14.389990545659018;0.39972195960163937;-0.38330078125;
12:49:49;424.0;1574513391;87.863;18.24230336443082;0.5067306490119673;-0.45654296875;
12:49:50;425.0;1574513392;87.73;14.903632254828592;0.4139897848563498;-0.39306640625;
12:49:51;426.0;1574513393;87.711;14.903632254828592;0.4139897848563498;-0.39306640625;
12:49:52;427.0;1574513394;87.522;14.51840097295141;0.40328891591531696;-0.3857421875;
12:49:53;428.0;1574513395;87.522;14.775221827536196;0.4104228285426721;-0.390625;
12:49:54;429.0;1574513396;87.334;14.389990545659018;0.39972195960163937;-0.38330078125;
12:49:55;430.0;1574513397;87.692;14.903632254828592;0.4139897848563498;-0.39306640625;
12:49:56;431.0;1574513398;87.56;14.261580118366624;0.39615500328796177;-0.380859375;
12:49:57;432.0;1574513399;87.56;14.775221827536196;0.4104228285426721;-0.390625;
12:49:58;433.0;1574513400;87.787;14.389990545659018;0.39972195960163937;-0.38330078125;
12:49:59;434.0;1574513401;87.655;14.51840097295141;0.40328891591531696;-0.3857421875;
12:50:00;435.0;1574513402;87.806;14.004759263781835;0.38902109066060653;-0.3759765625;
12:50:01;436.0;1574513403;87.73;14.775221827536196;0.4104228285426721;-0.390625;
12:50:02;437.0;1574513404;87.749;14.51840097295141;0.40328891591531696;-0.3857421875;
12:50:03;438.0;1574513405;87.73;14.261580118366624;0.39615500328796177;-0.380859375;
12:50:04;439.0;1574513406;87.711;14.903632254828592;0.4139897848563498;-0.39306640625;
12:50:06;441.0;1574513407;87.73;14.51840097295141;0.40328891591531696;-0.3857421875;
12:50:07;442.0;1574513408;87.636;14.775221827536196;0.4104228285426721;-0.390625;
12:50:08;443.0;1574513409;87.466;14.775221827536196;0.4104228285426721;-0.390625;
12:50:10;445.0;1574513410;87.39;14.389990545659018;0.39972195960163937;-0.38330078125;
12:50:11;446.0;1574513412;87.315;14.389990545659018;0.39972195960163937;-0.38330078125;
12:50:12;447.0;1574513413;87.277;14.51840097295141;0.40328891591531696;-0.3857421875;
12:50:13;448.0;1574513414;87.221;14.389990545659018;0.39972195960163937;-0.38330078125;
12:50:14;449.0;1574513415;87.221;14.646811400243806;0.4068558722289946;-0.38818359375;
12:50:15;450.0;1574513416;87.334;13.491117554612266;0.37475326540589626;-0.3662109375;
12:50:16;451.0;1574513417;87.598;14.646811400243806;0.4068558722289946;-0.38818359375;
12:50:17;452.0;1574513418;87.617;14.389990545659018;0.39972195960163937;-0.38330078125;
12:50:18;453.0;1574513419;87.598;14.389990545659018;0.39972195960163937;-0.38330078125;
12:50:19;454.0;1574513420;87.39;14.775221827536196;0.4104228285426721;-0.390625;
12:50:20;455.0;1574513421;87.146;14.133169691074231;0.3925880469742842;-0.37841796875;
12:50:21;456.0;1574513422;87.259;14.903632254828592;0.4139897848563498;-0.39306640625;
12:50:22;457.0;1574513423;87.24;14.775221827536196;0.4104228285426721;-0.390625;
12:50:23;458.0;1574513424;87.617;13.876348836489445;0.38545413434692904;-0.37353515625;
12:50:24;459.0;1574513425;87.768;12.849065418150298;0.3569184838375083;-0.35400390625;
12:50:25;460.0;1574513426;87.692;13.876348836489445;0.38545413434692904;-0.37353515625;
12:50:26;461.0;1574513427;87.522;14.389990545659018;0.39972195960163937;-0.38330078125;
12:50:27;462.0;1574513428;87.146;14.775221827536196;0.4104228285426721;-0.390625;
12:50:28;463.0;1574513429;86.827;15.032042682120982;0.4175567411700273;-0.3955078125;
12:50:29;464.0;1574513430;86.958;15.032042682120982;0.4175567411700273;-0.3955078125;
12:50:30;465.0;1574513431;87.014;14.133169691074231;0.3925880469742842;-0.37841796875;
12:50:31;466.0;1574513432;87.353;14.004759263781835;0.38902109066060653;-0.3759765625;
12:50:32;467.0;1574513433;87.844;14.646811400243806;0.4068558722289946;-0.38818359375;
12:50:33;468.0;1574513434;87.73;14.646811400243806;0.4068558722289946;-0.38818359375;
12:50:34;469.0;1574513435;87.692;14.004759263781835;0.38902109066060653;-0.3759765625;
12:50:35;470.0;1574513436;87.541;14.133169691074231;0.3925880469742842;-0.37841796875;
12:50:36;471.0;1574513437;87.127;14.51840097295141;0.40328891591531696;-0.3857421875;
12:50:37;472.0;1574513438;87.071;15.032042682120982;0.4175567411700273;-0.3955078125;
12:50:38;473.0;1574513439;87.108;13.491117554612266;0.37475326540589626;-0.3662109375;
12:50:39;474.0;1574513440;86.958;14.389990545659018;0.39972195960163937;-0.38330078125;
12:50:40;475.0;1574513441;87.108;15.417273963998165;0.4282576101110601;-0.40283203125;
12:50:41;476.0;1574513442;87.108;14.775221827536196;0.4104228285426721;-0.390625;
12:50:42;477.0;1574513443;87.108;14.51840097295141;0.40328891591531696;-0.3857421875;
12:50:43;478.0;1574513444;87.296;14.389990545659018;0.39972195960163937;-0.38330078125;
12:50:44;479.0;1574513445;87.428;14.903632254828592;0.4139897848563498;-0.39306640625;
12:50:45;480.0;1574513447;87.39;15.160453109413378;0.42112369748370493;-0.39794921875;
12:50:46;481.0;1574513448;87.56;14.51840097295141;0.40328891591531696;-0.3857421875;
12:50:47;482.0;1574513449;87.56;13.619527981904657;0.3783202217195738;-0.36865234375;
12:50:48;483.0;1574513450;87.428;14.51840097295141;0.40328891591531696;-0.3857421875;
12:50:49;484.0;1574513451;87.692;14.389990545659018;0.39972195960163937;-0.38330078125;
12:50:50;485.0;1574513452;87.541;14.004759263781835;0.38902109066060653;-0.3759765625;
12:50:51;486.0;1574513453;87.334;14.903632254828592;0.4139897848563498;-0.39306640625;
12:50:52;487.0;1574513454;87.259;14.903632254828592;0.4139897848563498;-0.39306640625;
12:50:53;488.0;1574513455;87.183;14.903632254828592;0.4139897848563498;-0.39306640625;
12:50:54;489.0;1574513456;87.183;14.261580118366624;0.39615500328796177;-0.380859375;
12:50:55;490.0;1574513457;87.221;14.261580118366624;0.39615500328796177;-0.380859375;
12:50:56;491.0;1574513458;87.296;14.133169691074231;0.3925880469742842;-0.37841796875;
12:50:57;492.0;1574513459;87.165;14.389990545659018;0.39972195960163937;-0.38330078125;
12:50:58;493.0;1574513460;87.315;14.51840097295141;0.40328891591531696;-0.3857421875;
12:50:59;494.0;1574513461;87.353;14.133169691074231;0.3925880469742842;-0.37841796875;
12:51:00;495.0;1574513462;87.334;13.619527981904657;0.3783202217195738;-0.36865234375;
12:51:01;496.0;1574513463;87.277;15.160453109413378;0.42112369748370493;-0.39794921875;
12:51:02;497.0;1574513464;87.089;14.004759263781835;0.38902109066060653;-0.3759765625;
12:51:03;498.0;1574513465;87.089;14.389990545659018;0.39972195960163937;-0.38330078125;
12:51:04;499.0;1574513466;87.108;14.261580118366624;0.39615500328796177;-0.380859375;
12:51:05;500.0;1574513467;87.165;14.903632254828592;0.4139897848563498;-0.39306640625;
12:51:06;501.0;1574513468;87.052;14.646811400243806;0.4068558722289946;-0.38818359375;
12:51:07;502.0;1574513469;87.334;14.389990545659018;0.39972195960163937;-0.38330078125;
12:51:08;503.0;1574513469;87.315;14.775221827536196;0.4104228285426721;-0.390625;
12:51:10;505.0;1574513471;87.372;15.930915673167739;0.44252543536577055;-0.41259765625;
12:51:11;506.0;1574513472;87.39;13.747938409197053;0.38188717803325145;-0.37109375;
12:51:12;507.0;1574513473;87.071;14.646811400243806;0.4068558722289946;-0.38818359375;
12:51:13;508.0;1574513474;86.921;14.004759263781835;0.38902109066060653;-0.3759765625;
12:51:14;509.0;1574513475;86.846;13.619527981904657;0.3783202217195738;-0.36865234375;
12:51:15;510.0;1574513476;86.977;14.646811400243806;0.4068558722289946;-0.38818359375;
12:51:16;511.0;1574513477;86.939;13.105886272735084;0.3640523964648634;-0.35888671875;
12:51:17;512.0;1574513478;87.052;14.261580118366624;0.39615500328796177;-0.380859375;
12:51:18;513.0;1574513479;87.202;15.930915673167739;0.44252543536577055;-0.41259765625;
12:51:19;514.0;1574513480;87.183;14.133169691074231;0.3925880469742842;-0.37841796875;
12:51:20;515.0;1574513481;87.202;15.930915673167739;0.44252543536577055;-0.41259765625;
12:51:21;516.0;1574513482;86.977;14.133169691074231;0.3925880469742842;-0.37841796875;
12:51:22;517.0;1574513483;86.846;14.51840097295141;0.40328891591531696;-0.3857421875;
12:51:23;518.0;1574513484;86.883;14.903632254828592;0.4139897848563498;-0.39306640625;
12:51:24;519.0;1574513485;86.939;14.903632254828592;0.4139897848563498;-0.39306640625;
12:51:25;520.0;1574513486;87.165;12.46383413627312;0.3462176148964755;-0.3466796875;
12:51:26;521.0;1574513487;86.864;14.389990545659018;0.39972195960163937;-0.38330078125;
12:51:27;522.0;1574513488;86.808;14.133169691074231;0.3925880469742842;-0.37841796875;
12:51:28;523.0;1574513489;86.734;14.903632254828592;0.4139897848563498;-0.39306640625;
12:51:29;524.0;1574513490;86.584;13.36270712731987;0.3711863090922186;-0.36376953125;
12:51:30;525.0;1574513491;86.921;14.261580118366624;0.39615500328796177;-0.380859375;
12:51:31;526.0;1574513492;86.977;14.389990545659018;0.39972195960163937;-0.38330078125;
12:51:32;527.0;1574513493;87.052;14.646811400243806;0.4068558722289946;-0.38818359375;
12:51:33;528.0;1574513494;87.221;14.646811400243806;0.4068558722289946;-0.38818359375;
12:51:34;529.0;1574513495;87.146;14.51840097295141;0.40328891591531696;-0.3857421875;
12:51:35;530.0;1574513496;87.221;11.564961145226363;0.3212489207007323;-0.32958984375;
12:51:36;531.0;1574513497;87.052;14.261580118366624;0.39615500328796177;-0.380859375;
12:51:37;532.0;1574513498;87.033;14.646811400243806;0.4068558722289946;-0.38818359375;
12:51:38;533.0;1574513499;87.071;14.133169691074231;0.3925880469742842;-0.37841796875;
12:51:39;534.0;1574513500;86.958;15.032042682120982;0.4175567411700273;-0.3955078125;
12:51:40;535.0;1574513501;87.071;14.903632254828592;0.4139897848563498;-0.39306640625;
12:51:41;536.0;1574513502;86.939;14.389990545659018;0.39972195960163937;-0.38330078125;
12:51:42;537.0;1574513503;86.939;14.903632254828592;0.4139897848563498;-0.39306640625;
12:51:43;538.0;1574513504;86.921;14.51840097295141;0.40328891591531696;-0.3857421875;
12:51:44;539.0;1574513505;86.921;12.720654990857906;0.3533515275238307;-0.3515625;
12:51:45;540.0;1574513506;87.033;14.51840097295141;0.40328891591531696;-0.3857421875;
12:51:46;541.0;1574513507;87.052;14.775221827536196;0.4104228285426721;-0.390625;
12:51:47;542.0;1574513508;86.939;14.133169691074231;0.3925880469742842;-0.37841796875;
12:51:48;543.0;1574513509;86.977;14.646811400243806;0.4068558722289946;-0.38818359375;
12:51:49;544.0;1574513510;87.014;15.28886353670577;0.4246906537973825;-0.400390625;
12:51:50;545.0;1574513511;86.846;14.389990545659018;0.39972195960163937;-0.38330078125;
12:51:51;546.0;1574513512;86.921;14.389990545659018;0.39972195960163937;-0.38330078125;
12:51:52;547.0;1574513513;86.939;14.775221827536196;0.4104228285426721;-0.390625;
12:51:53;548.0;1574513514;86.902;14.133169691074231;0.3925880469742842;-0.37841796875;
12:51:54;549.0;1574513515;86.827;14.646811400243806;0.4068558722289946;-0.38818359375;
12:51:55;550.0;1574513516;86.902;14.004759263781835;0.38902109066060653;-0.3759765625;
12:51:56;551.0;1574513517;86.864;14.261580118366624;0.39615500328796177;-0.380859375;
12:51:57;552.0;1574513518;86.715;14.775221827536196;0.4104228285426721;-0.390625;
12:51:58;553.0;1574513519;86.827;14.51840097295141;0.40328891591531696;-0.3857421875;
12:51:59;554.0;1574513520;86.846;14.133169691074231;0.3925880469742842;-0.37841796875;
12:52:00;555.0;1574513521;86.734;14.903632254828592;0.4139897848563498;-0.39306640625;
12:52:01;556.0;1574513523;86.734;14.261580118366624;0.39615500328796177;-0.380859375;
12:52:02;557.0;1574513524;86.715;14.389990545659018;0.39972195960163937;-0.38330078125;
12:52:03;558.0;1574513525;86.715;14.389990545659018;0.39972195960163937;-0.38330078125;
12:52:04;559.0;1574513526;86.696;14.51840097295141;0.40328891591531696;-0.3857421875;
12:52:05;560.0;1574513527;86.677;14.903632254828592;0.4139897848563498;-0.39306640625;
12:52:06;561.0;1574513528;86.79;14.261580118366624;0.39615500328796177;-0.380859375;
12:52:07;562.0;1574513528;86.79;15.032042682120982;0.4175567411700273;-0.3955078125;
12:52:08;563.0;1574513530;86.939;14.133169691074231;0.3925880469742842;-0.37841796875;
12:52:09;564.0;1574513531;87.146;14.903632254828592;0.4139897848563498;-0.39306640625;
12:52:10;565.0;1574513532;87.259;13.491117554612266;0.37475326540589626;-0.3662109375;
12:52:11;566.0;1574513533;87.127;14.51840097295141;0.40328891591531696;-0.3857421875;
12:52:12;567.0;1574513534;87.108;14.51840097295141;0.40328891591531696;-0.3857421875;
12:52:14;569.0;1574513535;87.108;14.004759263781835;0.38902109066060653;-0.3759765625;
12:52:15;570.0;1574513536;87.014;14.389990545659018;0.39972195960163937;-0.38330078125;
12:52:16;571.0;1574513537;87.146;14.51840097295141;0.40328891591531696;-0.3857421875;
12:52:17;572.0;1574513538;87.108;14.133169691074231;0.3925880469742842;-0.37841796875;
12:52:18;573.0;1574513539;86.977;14.261580118366624;0.39615500328796177;-0.380859375;
12:52:19;574.0;1574513540;86.846;14.775221827536196;0.4104228285426721;-0.390625;
12:52:20;575.0;1574513541;86.51;14.646811400243806;0.4068558722289946;-0.38818359375;
12:52:21;576.0;1574513542;86.416;14.133169691074231;0.3925880469742842;-0.37841796875;
12:52:22;577.0;1574513543;86.379;14.775221827536196;0.4104228285426721;-0.390625;
12:52:23;578.0;1574513544;86.323;13.876348836489445;0.38545413434692904;-0.37353515625;
12:52:24;579.0;1574513545;86.491;13.876348836489445;0.38545413434692904;-0.37353515625;
12:52:25;580.0;1574513546;86.659;14.389990545659018;0.39972195960163937;-0.38330078125;
12:52:26;581.0;1574513547;86.827;14.389990545659018;0.39972195960163937;-0.38330078125;
12:52:27;582.0;1574513548;86.752;14.261580118366624;0.39615500328796177;-0.380859375;
12:52:28;583.0;1574513549;86.846;14.775221827536196;0.4104228285426721;-0.390625;
12:52:29;584.0;1574513550;86.827;14.903632254828592;0.4139897848563498;-0.39306640625;
12:52:30;585.0;1574513551;86.659;13.876348836489445;0.38545413434692904;-0.37353515625;
12:52:31;586.0;1574513552;86.734;13.747938409197053;0.38188717803325145;-0.37109375;
12:52:32;587.0;1574513553;86.565;14.51840097295141;0.40328891591531696;-0.3857421875;
12:52:33;588.0;1574513554;86.379;14.646811400243806;0.4068558722289946;-0.38818359375;
12:52:34;589.0;1574513555;86.379;14.775221827536196;0.4104228285426721;-0.390625;
12:52:35;590.0;1574513556;86.398;14.646811400243806;0.4068558722289946;-0.38818359375;
12:52:36;591.0;1574513557;86.472;13.36270712731987;0.3711863090922186;-0.36376953125;
12:52:37;592.0;1574513558;86.342;14.389990545659018;0.39972195960163937;-0.38330078125;
12:52:38;593.0;1574513559;86.342;14.261580118366624;0.39615500328796177;-0.380859375;
12:52:39;594.0;1574513560;86.51;14.775221827536196;0.4104228285426721;-0.390625;
12:52:40;595.0;1574513561;86.342;16.82978866421449;0.4674941295615136;-0.4296875;
12:52:41;596.0;1574513562;86.342;14.775221827536196;0.4104228285426721;-0.390625;
12:52:42;597.0;1574513563;86.323;14.004759263781835;0.38902109066060653;-0.3759765625;
12:52:43;598.0;1574513564;86.175;13.876348836489445;0.38545413434692904;-0.37353515625;
12:52:44;599.0;1574513565;86.175;14.261580118366624;0.39615500328796177;-0.380859375;
12:52:45;600.0;1574513567;86.51;14.261580118366624;0.39615500328796177;-0.380859375;
12:52:46;601.0;1574513568;86.342;15.032042682120982;0.4175567411700273;-0.3955078125;
12:52:47;602.0;1574513569;86.305;14.646811400243806;0.4068558722289946;-0.38818359375;
12:52:48;603.0;1574513570;86.398;14.903632254828592;0.4139897848563498;-0.39306640625;
12:52:49;604.0;1574513571;86.249;14.903632254828592;0.4139897848563498;-0.39306640625;
12:52:50;605.0;1574513572;86.603;15.160453109413378;0.42112369748370493;-0.39794921875;
12:52:51;606.0;1574513573;86.79;14.389990545659018;0.39972195960163937;-0.38330078125;
12:52:52;607.0;1574513574;86.846;13.23429670002748;0.36761935277854113;-0.361328125;
12:52:53;608.0;1574513575;86.864;14.133169691074231;0.3925880469742842;-0.37841796875;
12:52:54;609.0;1574513576;86.846;14.004759263781835;0.38902109066060653;-0.3759765625;
12:52:55;610.0;1574513577;86.565;13.105886272735084;0.3640523964648634;-0.35888671875;
12:52:56;611.0;1574513578;86.696;14.51840097295141;0.40328891591531696;-0.3857421875;
12:52:57;612.0;1574513579;86.305;15.160453109413378;0.42112369748370493;-0.39794921875;
12:52:58;613.0;1574513580;85.989;14.261580118366624;0.39615500328796177;-0.380859375;
12:52:59;614.0;1574513581;85.934;14.51840097295141;0.40328891591531696;-0.3857421875;
12:53:00;615.0;1574513582;85.971;14.004759263781835;0.38902109066060653;-0.3759765625;
12:53:01;616.0;1574513583;86.305;13.491117554612266;0.37475326540589626;-0.3662109375;
12:53:02;617.0;1574513584;86.454;14.775221827536196;0.4104228285426721;-0.390625;
12:53:03;618.0;1574513585;86.584;14.389990545659018;0.39972195960163937;-0.38330078125;
12:53:04;619.0;1574513586;86.268;14.389990545659018;0.39972195960163937;-0.38330078125;
12:53:05;620.0;1574513587;86.305;14.133169691074231;0.3925880469742842;-0.37841796875;
12:53:06;621.0;1574513587;86.361;13.36270712731987;0.3711863090922186;-0.36376953125;
12:53:07;622.0;1574513589;86.101;14.51840097295141;0.40328891591531696;-0.3857421875;
12:53:08;623.0;1574513590;86.138;14.903632254828592;0.4139897848563498;-0.39306640625;
12:53:09;624.0;1574513591;86.23;13.876348836489445;0.38545413434692904;-0.37353515625;
12:53:10;625.0;1574513592;86.063;14.51840097295141;0.40328891591531696;-0.3857421875;
12:53:11;626.0;1574513593;86.398;14.133169691074231;0.3925880469742842;-0.37841796875;
12:53:12;627.0;1574513594;86.398;14.646811400243806;0.4068558722289946;-0.38818359375;
12:53:13;628.0;1574513595;86.268;13.876348836489445;0.38545413434692904;-0.37353515625;
12:53:14;629.0;1574513596;86.249;14.004759263781835;0.38902109066060653;-0.3759765625;
12:53:15;630.0;1574513597;86.063;12.849065418150298;0.3569184838375083;-0.35400390625;
12:53:16;631.0;1574513598;86.045;14.004759263781835;0.38902109066060653;-0.3759765625;
12:53:18;633.0;1574513599;86.249;14.646811400243806;0.4068558722289946;-0.38818359375;
12:53:19;634.0;1574513600;86.268;14.261580118366624;0.39615500328796177;-0.380859375;
12:53:20;635.0;1574513601;86.268;13.876348836489445;0.38545413434692904;-0.37353515625;
12:53:21;636.0;1574513602;86.342;14.51840097295141;0.40328891591531696;-0.3857421875;
12:53:22;637.0;1574513603;85.989;15.417273963998165;0.4282576101110601;-0.40283203125;
12:53:23;638.0;1574513604;86.101;14.903632254828592;0.4139897848563498;-0.39306640625;
12:53:24;639.0;1574513605;86.286;14.646811400243806;0.4068558722289946;-0.38818359375;
12:53:25;640.0;1574513606;86.193;14.261580118366624;0.39615500328796177;-0.380859375;
12:53:26;641.0;1574513607;86.156;14.903632254828592;0.4139897848563498;-0.39306640625;
12:53:27;642.0;1574513608;86.323;14.51840097295141;0.40328891591531696;-0.3857421875;
12:53:28;643.0;1574513609;86.138;14.903632254828592;0.4139897848563498;-0.39306640625;
12:53:29;644.0;1574513610;86.398;14.389990545659018;0.39972195960163937;-0.38330078125;
12:53:30;645.0;1574513611;86.584;14.133169691074231;0.3925880469742842;-0.37841796875;
12:53:31;646.0;1574513612;86.138;15.160453109413378;0.42112369748370493;-0.39794921875;
12:53:32;647.0;1574513613;86.193;14.646811400243806;0.4068558722289946;-0.38818359375;
12:53:33;648.0;1574513614;86.119;14.133169691074231;0.3925880469742842;-0.37841796875;
12:53:34;649.0;1574513615;85.971;14.646811400243806;0.4068558722289946;-0.38818359375;
12:53:35;650.0;1574513616;85.841;14.389990545659018;0.39972195960163937;-0.38330078125;
12:53:36;651.0;1574513617;85.934;14.51840097295141;0.40328891591531696;-0.3857421875;
12:53:37;652.0;1574513618;85.638;14.004759263781835;0.38902109066060653;-0.3759765625;
12:53:38;653.0;1574513619;85.657;14.775221827536196;0.4104228285426721;-0.390625;
12:53:39;654.0;1574513620;85.952;14.646811400243806;0.4068558722289946;-0.38818359375;
12:53:40;655.0;1574513621;85.823;14.389990545659018;0.39972195960163937;-0.38330078125;
12:53:41;656.0;1574513622;85.989;14.389990545659018;0.39972195960163937;-0.38330078125;
12:53:42;657.0;1574513623;86.268;14.389990545659018;0.39972195960163937;-0.38330078125;
12:53:43;658.0;1574513624;86.379;15.032042682120982;0.4175567411700273;-0.3955078125;
12:53:44;659.0;1574513625;86.249;14.133169691074231;0.3925880469742842;-0.37841796875;
12:53:45;660.0;1574513626;86.063;14.646811400243806;0.4068558722289946;-0.38818359375;
12:53:46;661.0;1574513627;85.749;13.876348836489445;0.38545413434692904;-0.37353515625;
12:53:47;662.0;1574513628;85.62;14.261580118366624;0.39615500328796177;-0.380859375;
12:53:48;663.0;1574513629;85.546;14.51840097295141;0.40328891591531696;-0.3857421875;
12:53:49;664.0;1574513630;86.026;15.160453109413378;0.42112369748370493;-0.39794921875;
12:53:50;665.0;1574513631;86.249;14.646811400243806;0.4068558722289946;-0.38818359375;
12:53:51;666.0;1574513632;86.379;14.51840097295141;0.40328891591531696;-0.3857421875;
12:53:52;667.0;1574513633;86.398;15.545684391290557;0.4318245664247377;-0.4052734375;
12:53:53;668.0;1574513634;86.026;14.903632254828592;0.4139897848563498;-0.39306640625;
12:53:54;669.0;1574513635;85.841;13.491117554612266;0.37475326540589626;-0.3662109375;
12:53:55;670.0;1574513636;85.749;14.646811400243806;0.4068558722289946;-0.38818359375;
12:53:56;671.0;1574513637;86.008;14.51840097295141;0.40328891591531696;-0.3857421875;
12:53:57;672.0;1574513638;85.73;14.133169691074231;0.3925880469742842;-0.37841796875;
12:53:58;673.0;1574513639;85.601;13.747938409197053;0.38188717803325145;-0.37109375;
12:53:59;674.0;1574513640;85.417;14.389990545659018;0.39972195960163937;-0.38330078125;
12:54:00;675.0;1574513641;85.491;14.389990545659018;0.39972195960163937;-0.38330078125;
12:54:01;676.0;1574513642;85.786;14.261580118366624;0.39615500328796177;-0.380859375;
12:54:02;677.0;1574513643;86.063;14.903632254828592;0.4139897848563498;-0.39306640625;
12:54:03;678.0;1574513644;86.342;15.160453109413378;0.42112369748370493;-0.39794921875;
12:54:04;679.0;1574513645;86.23;14.51840097295141;0.40328891591531696;-0.3857421875;
12:54:05;680.0;1574513646;86.23;14.004759263781835;0.38902109066060653;-0.3759765625;
12:54:06;681.0;1574513647;86.045;14.51840097295141;0.40328891591531696;-0.3857421875;
12:54:07;682.0;1574513648;85.897;14.133169691074231;0.3925880469742842;-0.37841796875;
12:54:08;683.0;1574513649;85.712;14.389990545659018;0.39972195960163937;-0.38330078125;
12:54:09;684.0;1574513650;85.73;14.775221827536196;0.4104228285426721;-0.390625;
12:54:10;685.0;1574513651;85.878;14.51840097295141;0.40328891591531696;-0.3857421875;
12:54:11;686.0;1574513652;85.915;14.903632254828592;0.4139897848563498;-0.39306640625;
12:54:12;687.0;1574513653;85.934;14.775221827536196;0.4104228285426721;-0.390625;
12:54:13;688.0;1574513655;85.952;14.646811400243806;0.4068558722289946;-0.38818359375;
12:54:14;689.0;1574513656;85.989;14.133169691074231;0.3925880469742842;-0.37841796875;
12:54:15;690.0;1574513657;85.657;14.646811400243806;0.4068558722289946;-0.38818359375;
12:54:16;691.0;1574513658;85.712;14.903632254828592;0.4139897848563498;-0.39306640625;
12:54:17;692.0;1574513659;85.86;14.903632254828592;0.4139897848563498;-0.39306640625;
12:54:18;693.0;1574513660;85.546;14.903632254828592;0.4139897848563498;-0.39306640625;
12:54:19;694.0;1574513661;86.212;14.646811400243806;0.4068558722289946;-0.38818359375;
12:54:20;695.0;1574513662;86.101;14.389990545659018;0.39972195960163937;-0.38330078125;
12:54:22;697.0;1574513663;85.767;14.261580118366624;0.39615500328796177;-0.380859375;
12:54:23;698.0;1574513664;85.915;14.261580118366624;0.39615500328796177;-0.380859375;
12:54:24;699.0;1574513665;85.565;14.903632254828592;0.4139897848563498;-0.39306640625;
12:54:25;700.0;1574513666;85.878;14.646811400243806;0.4068558722289946;-0.38818359375;
12:54:26;701.0;1574513667;86.063;14.903632254828592;0.4139897848563498;-0.39306640625;
12:54:27;702.0;1574513668;85.897;14.261580118366624;0.39615500328796177;-0.380859375;
12:54:28;703.0;1574513669;85.601;14.389990545659018;0.39972195960163937;-0.38330078125;
12:54:29;704.0;1574513670;85.289;13.491117554612266;0.37475326540589626;-0.3662109375;
12:54:30;705.0;1574513671;85.124;14.775221827536196;0.4104228285426721;-0.390625;
12:54:31;706.0;1574513672;85.289;14.133169691074231;0.3925880469742842;-0.37841796875;
12:54:32;707.0;1574513673;85.454;14.903632254828592;0.4139897848563498;-0.39306640625;
12:54:33;708.0;1574513674;85.362;14.133169691074231;0.3925880469742842;-0.37841796875;
12:54:34;709.0;1574513675;85.638;14.51840097295141;0.40328891591531696;-0.3857421875;
12:54:35;710.0;1574513676;85.344;14.389990545659018;0.39972195960163937;-0.38330078125;
12:54:36;711.0;1574513677;85.215;14.004759263781835;0.38902109066060653;-0.3759765625;
12:54:37;712.0;1574513678;85.675;16.187736527752527;0.44965934799312574;-0.41748046875;
12:54:38;713.0;1574513679;85.325;13.876348836489445;0.38545413434692904;-0.37353515625;
12:54:39;714.0;1574513680;85.344;14.51840097295141;0.40328891591531696;-0.3857421875;
12:54:40;715.0;1574513681;85.472;14.51840097295141;0.40328891591531696;-0.3857421875;
12:54:41;716.0;1574513682;85.16;14.389990545659018;0.39972195960163937;-0.38330078125;
12:54:42;717.0;1574513683;85.399;14.646811400243806;0.4068558722289946;-0.38818359375;
12:54:43;718.0;1574513684;85.675;14.51840097295141;0.40328891591531696;-0.3857421875;
12:54:44;719.0;1574513685;85.823;16.44455738233731;0.45679326062048087;-0.42236328125;
12:54:45;720.0;1574513686;85.841;15.160453109413378;0.42112369748370493;-0.39794921875;
12:54:46;721.0;1574513687;85.638;14.646811400243806;0.4068558722289946;-0.38818359375;
12:54:47;722.0;1574513688;85.436;14.389990545659018;0.39972195960163937;-0.38330078125;
12:54:48;723.0;1574513689;85.16;14.51840097295141;0.40328891591531696;-0.3857421875;
12:54:49;724.0;1574513690;85.27;14.004759263781835;0.38902109066060653;-0.3759765625;
12:54:50;725.0;1574513691;85.16;14.133169691074231;0.3925880469742842;-0.37841796875;
12:54:51;726.0;1574513692;85.215;14.903632254828592;0.4139897848563498;-0.39306640625;
12:54:52;727.0;1574513693;85.509;14.51840097295141;0.40328891591531696;-0.3857421875;
12:54:53;728.0;1574513694;85.491;14.261580118366624;0.39615500328796177;-0.380859375;
12:54:54;729.0;1574513695;85.767;14.775221827536196;0.4104228285426721;-0.390625;
12:54:55;730.0;1574513696;85.767;16.572967809629706;0.4603602169341585;-0.4248046875;
12:54:56;731.0;1574513697;85.73;14.646811400243806;0.4068558722289946;-0.38818359375;
12:54:57;732.0;1574513699;85.583;13.23429670002748;0.36761935277854113;-0.361328125;
12:54:58;733.0;1574513700;85.638;14.389990545659018;0.39972195960163937;-0.38330078125;
12:54:59;734.0;1574513701;85.786;14.646811400243806;0.4068558722289946;-0.38818359375;
12:55:00;735.0;1574513702;85.749;14.389990545659018;0.39972195960163937;-0.38330078125;
12:55:01;736.0;1574513703;85.565;14.646811400243806;0.4068558722289946;-0.38818359375;
12:55:02;737.0;1574513704;85.307;14.51840097295141;0.40328891591531696;-0.3857421875;
12:55:03;738.0;1574513705;84.996;14.775221827536196;0.4104228285426721;-0.390625;
12:55:04;739.0;1574513705;84.886;17.85707208255364;0.4960297800709344;-0.44921875;
12:55:05;740.0;1574513707;85.16;14.51840097295141;0.40328891591531696;-0.3857421875;
12:55:06;741.0;1574513708;85.362;14.51840097295141;0.40328891591531696;-0.3857421875;
12:55:07;742.0;1574513709;85.362;14.389990545659018;0.39972195960163937;-0.38330078125;
12:55:08;743.0;1574513710;85.197;13.876348836489445;0.38545413434692904;-0.37353515625;
12:55:09;744.0;1574513711;84.996;14.775221827536196;0.4104228285426721;-0.390625;
12:55:10;745.0;1574513712;84.849;11.179729863349184;0.3105480517596996;-0.322265625;
12:55:11;746.0;1574513713;84.703;14.261580118366624;0.39615500328796177;-0.380859375;
12:55:12;747.0;1574513714;84.758;14.51840097295141;0.40328891591531696;-0.3857421875;
12:55:13;748.0;1574513715;84.703;13.876348836489445;0.38545413434692904;-0.37353515625;
12:55:14;749.0;1574513716;84.722;14.646811400243806;0.4068558722289946;-0.38818359375;
12:55:15;750.0;1574513717;85.014;14.51840097295141;0.40328891591531696;-0.3857421875;
12:55:16;751.0;1574513718;85.032;14.51840097295141;0.40328891591531696;-0.3857421875;
12:55:17;752.0;1574513719;85.234;14.261580118366624;0.39615500328796177;-0.380859375;
12:55:18;753.0;1574513720;85.05;14.389990545659018;0.39972195960163937;-0.38330078125;
12:55:19;754.0;1574513721;85.014;14.389990545659018;0.39972195960163937;-0.38330078125;
12:55:20;755.0;1574513722;84.959;14.261580118366624;0.39615500328796177;-0.380859375;
12:55:21;756.0;1574513723;84.795;14.133169691074231;0.3925880469742842;-0.37841796875;
12:55:22;757.0;1574513724;84.703;14.903632254828592;0.4139897848563498;-0.39306640625;
12:55:23;758.0;1574513725;84.722;14.775221827536196;0.4104228285426721;-0.390625;
12:55:24;759.0;1574513726;84.594;16.187736527752527;0.44965934799312574;-0.41748046875;
12:55:25;760.0;1574513727;84.758;14.51840097295141;0.40328891591531696;-0.3857421875;
12:55:27;762.0;1574513728;84.977;14.646811400243806;0.4068558722289946;-0.38818359375;
12:55:28;763.0;1574513729;85.069;14.775221827536196;0.4104228285426721;-0.390625;
12:55:29;764.0;1574513730;85.325;14.51840097295141;0.40328891591531696;-0.3857421875;
12:55:30;765.0;1574513731;85.325;14.004759263781835;0.38902109066060653;-0.3759765625;
12:55:31;766.0;1574513732;85.362;14.646811400243806;0.4068558722289946;-0.38818359375;
12:55:32;767.0;1574513733;85.16;14.389990545659018;0.39972195960163937;-0.38330078125;
12:55:33;768.0;1574513734;84.886;14.261580118366624;0.39615500328796177;-0.380859375;
12:55:34;769.0;1574513735;84.868;14.133169691074231;0.3925880469742842;-0.37841796875;
12:55:35;770.0;1574513736;84.703;14.389990545659018;0.39972195960163937;-0.38330078125;
12:55:36;771.0;1574513737;84.703;15.032042682120982;0.4175567411700273;-0.3955078125;
12:55:37;772.0;1574513738;84.886;14.389990545659018;0.39972195960163937;-0.38330078125;
12:55:38;773.0;1574513739;84.576;14.775221827536196;0.4104228285426721;-0.390625;
12:55:39;774.0;1574513740;84.612;14.389990545659018;0.39972195960163937;-0.38330078125;
12:55:40;775.0;1574513741;84.74;14.133169691074231;0.3925880469742842;-0.37841796875;
12:55:41;776.0;1574513742;85.014;13.36270712731987;0.3711863090922186;-0.36376953125;
12:55:42;777.0;1574513743;85.179;14.51840097295141;0.40328891591531696;-0.3857421875;
12:55:43;778.0;1574513744;85.179;14.004759263781835;0.38902109066060653;-0.3759765625;
12:55:44;779.0;1574513745;85.05;14.646811400243806;0.4068558722289946;-0.38818359375;
12:55:45;780.0;1574513746;84.922;14.646811400243806;0.4068558722289946;-0.38818359375;
12:55:46;781.0;1574513747;84.886;14.261580118366624;0.39615500328796177;-0.380859375;
12:55:47;782.0;1574513748;85.032;14.004759263781835;0.38902109066060653;-0.3759765625;
12:55:48;783.0;1574513749;84.941;15.160453109413378;0.42112369748370493;-0.39794921875;
12:55:49;784.0;1574513750;84.776;14.133169691074231;0.3925880469742842;-0.37841796875;
12:55:50;785.0;1574513751;84.795;14.389990545659018;0.39972195960163937;-0.38330078125;
12:55:51;786.0;1574513752;84.503;13.876348836489445;0.38545413434692904;-0.37353515625;
12:55:52;787.0;1574513753;84.74;14.51840097295141;0.40328891591531696;-0.3857421875;
12:55:53;788.0;1574513754;84.74;14.775221827536196;0.4104228285426721;-0.390625;
12:55:54;789.0;1574513755;84.758;14.775221827536196;0.4104228285426721;-0.390625;
12:55:55;790.0;1574513756;85.05;14.261580118366624;0.39615500328796177;-0.380859375;
12:55:56;791.0;1574513757;84.831;15.28886353670577;0.4246906537973825;-0.400390625;
12:55:57;792.0;1574513758;84.631;14.646811400243806;0.4068558722289946;-0.38818359375;
12:55:58;793.0;1574513759;84.649;14.775221827536196;0.4104228285426721;-0.390625;
12:55:59;794.0;1574513760;84.54;14.389990545659018;0.39972195960163937;-0.38330078125;
12:56:00;795.0;1574513761;84.594;14.389990545659018;0.39972195960163937;-0.38330078125;
12:56:01;796.0;1574513762;84.631;14.261580118366624;0.39615500328796177;-0.380859375;
12:56:02;797.0;1574513763;84.558;13.619527981904657;0.3783202217195738;-0.36865234375;
12:56:03;798.0;1574513764;84.467;14.903632254828592;0.4139897848563498;-0.39306640625;
12:56:04;799.0;1574513765;84.304;14.389990545659018;0.39972195960163937;-0.38330078125;
12:56:05;800.0;1574513766;84.649;14.646811400243806;0.4068558722289946;-0.38818359375;
12:56:06;801.0;1574513767;84.685;14.775221827536196;0.4104228285426721;-0.390625;
12:56:07;802.0;1574513768;84.758;14.51840097295141;0.40328891591531696;-0.3857421875;
12:56:08;803.0;1574513769;84.941;16.44455738233731;0.45679326062048087;-0.42236328125;
12:56:09;804.0;1574513770;84.722;14.51840097295141;0.40328891591531696;-0.3857421875;
12:56:10;805.0;1574513771;84.904;14.389990545659018;0.39972195960163937;-0.38330078125;
12:56:11;806.0;1574513772;85.032;14.389990545659018;0.39972195960163937;-0.38330078125;
12:56:12;807.0;1574513773;84.813;12.46383413627312;0.3462176148964755;-0.3466796875;
12:56:13;808.0;1574513774;84.849;14.51840097295141;0.40328891591531696;-0.3857421875;
12:56:14;809.0;1574513775;84.649;14.261580118366624;0.39615500328796177;-0.380859375;
12:56:15;810.0;1574513776;84.322;14.51840097295141;0.40328891591531696;-0.3857421875;
12:56:16;811.0;1574513777;84.795;14.775221827536196;0.4104228285426721;-0.390625;
12:56:17;812.0;1574513778;84.959;14.004759263781835;0.38902109066060653;-0.3759765625;
12:56:18;813.0;1574513779;85.179;14.261580118366624;0.39615500328796177;-0.380859375;
12:56:19;814.0;1574513780;85.252;14.004759263781835;0.38902109066060653;-0.3759765625;
12:56:20;815.0;1574513781;84.904;14.133169691074231;0.3925880469742842;-0.37841796875;
12:56:21;816.0;1574513782;84.722;14.261580118366624;0.39615500328796177;-0.380859375;
12:56:22;817.0;1574513783;84.249;14.389990545659018;0.39972195960163937;-0.38330078125;
12:56:23;818.0;1574513784;84.322;14.004759263781835;0.38902109066060653;-0.3759765625;
12:56:24;819.0;1574513786;84.267;14.51840097295141;0.40328891591531696;-0.3857421875;
12:56:25;820.0;1574513787;83.834;14.004759263781835;0.38902109066060653;-0.3759765625;
12:56:26;821.0;1574513788;83.96;14.51840097295141;0.40328891591531696;-0.3857421875;
12:56:27;822.0;1574513789;83.96;14.133169691074231;0.3925880469742842;-0.37841796875;
12:56:28;823.0;1574513790;84.068;14.133169691074231;0.3925880469742842;-0.37841796875;
12:56:29;824.0;1574513791;84.05;14.261580118366624;0.39615500328796177;-0.380859375;
12:56:31;826.0;1574513792;84.032;14.133169691074231;0.3925880469742842;-0.37841796875;
12:56:32;827.0;1574513793;83.87;14.389990545659018;0.39972195960163937;-0.38330078125;
12:56:33;828.0;1574513794;83.689;14.389990545659018;0.39972195960163937;-0.38330078125;
12:56:34;829.0;1574513795;84.177;14.389990545659018;0.39972195960163937;-0.38330078125;
12:56:35;830.0;1574513796;84.231;14.389990545659018;0.39972195960163937;-0.38330078125;
12:56:36;831.0;1574513797;84.285;14.389990545659018;0.39972195960163937;-0.38330078125;
12:56:37;832.0;1574513798;84.141;14.903632254828592;0.4139897848563498;-0.39306640625;
12:56:38;833.0;1574513799;83.942;15.160453109413378;0.42112369748370493;-0.39794921875;
12:56:39;834.0;1574513800;84.068;13.36270712731987;0.3711863090922186;-0.36376953125;
12:56:40;835.0;1574513801;84.195;14.261580118366624;0.39615500328796177;-0.380859375;
12:56:41;836.0;1574513802;84.304;14.389990545659018;0.39972195960163937;-0.38330078125;
12:56:42;837.0;1574513803;84.304;14.133169691074231;0.3925880469742842;-0.37841796875;
12:56:43;838.0;1574513804;84.159;14.646811400243806;0.4068558722289946;-0.38818359375;
12:56:44;839.0;1574513805;84.122;14.775221827536196;0.4104228285426721;-0.390625;
12:56:45;840.0;1574513806;84.485;14.133169691074231;0.3925880469742842;-0.37841796875;
12:56:46;841.0;1574513807;84.558;14.51840097295141;0.40328891591531696;-0.3857421875;
12:56:47;842.0;1574513808;84.412;14.261580118366624;0.39615500328796177;-0.380859375;
12:56:48;843.0;1574513809;84.249;15.032042682120982;0.4175567411700273;-0.3955078125;
12:56:49;844.0;1574513810;83.816;14.133169691074231;0.3925880469742842;-0.37841796875;
12:56:50;845.0;1574513811;83.743;14.133169691074231;0.3925880469742842;-0.37841796875;
12:56:51;846.0;1574513812;83.87;14.51840097295141;0.40328891591531696;-0.3857421875;
12:56:52;847.0;1574513813;83.906;14.004759263781835;0.38902109066060653;-0.3759765625;
12:56:53;848.0;1574513814;84.213;13.876348836489445;0.38545413434692904;-0.37353515625;
12:56:54;849.0;1574513815;84.267;12.46383413627312;0.3462176148964755;-0.3466796875;
12:56:55;850.0;1574513816;84.431;12.335423708980723;0.34265065858279786;-0.34423828125;
12:56:56;851.0;1574513817;84.304;14.389990545659018;0.39972195960163937;-0.38330078125;
12:56:57;852.0;1574513818;84.141;14.133169691074231;0.3925880469742842;-0.37841796875;
12:56:58;853.0;1574513819;83.942;15.802505245875343;0.43895847905209284;-0.41015625;
12:56:59;854.0;1574513820;83.816;14.903632254828592;0.4139897848563498;-0.39306640625;
12:57:00;855.0;1574513821;83.924;13.747938409197053;0.38188717803325145;-0.37109375;
12:57:01;856.0;1574513822;83.78;15.674094818582953;0.43539152273841536;-0.40771484375;
12:57:02;857.0;1574513823;84.104;14.775221827536196;0.4104228285426721;-0.390625;
12:57:03;858.0;1574513824;84.141;12.46383413627312;0.3462176148964755;-0.3466796875;
12:57:04;859.0;1574513825;84.05;14.775221827536196;0.4104228285426721;-0.390625;
12:57:05;860.0;1574513826;84.376;13.876348836489445;0.38545413434692904;-0.37353515625;
12:57:06;861.0;1574513827;84.376;14.51840097295141;0.40328891591531696;-0.3857421875;
12:57:07;862.0;1574513828;84.304;14.775221827536196;0.4104228285426721;-0.390625;
12:57:08;863.0;1574513830;84.412;16.05932610046013;0.44609239167944803;-0.4150390625;
12:57:09;864.0;1574513831;84.285;14.133169691074231;0.3925880469742842;-0.37841796875;
12:57:10;865.0;1574513832;84.159;14.51840097295141;0.40328891591531696;-0.3857421875;
12:57:11;866.0;1574513833;83.942;14.646811400243806;0.4068558722289946;-0.38818359375;
12:57:12;867.0;1574513834;83.996;14.51840097295141;0.40328891591531696;-0.3857421875;
12:57:13;868.0;1574513835;83.978;14.389990545659018;0.39972195960163937;-0.38330078125;
