Time;Seconds from start for linreg;Unix Time;ch1 po2;Uc;Ubl;Vc;
21:02:41;-2.0;1574456563;95.544;18.113892937138424;0.5031636926982895;-0.4541015625;
21:02:42;-1.0;1574456563;95.544;18.37071379172321;0.5102976053256447;-0.458984375;
21:02:43;0.0;1574456564;95.544;17.985482509846033;0.49959673638461205;-0.45166015625;
21:02:44;1.0;1574456565;95.565;17.85707208255364;0.4960297800709344;-0.44921875;
21:02:45;2.0;1574456567;95.399;17.47184080067646;0.4853289111299017;-0.44189453125;
21:02:46;3.0;1574456568;94.861;18.499124219015606;0.5138645616393224;-0.46142578125;
21:02:47;4.0;1574456569;94.676;17.60025122796885;0.4888958674435792;-0.4443359375;
21:02:48;5.0;1574456570;94.676;17.985482509846033;0.49959673638461205;-0.45166015625;
21:02:49;6.0;1574456571;94.655;16.958199091506888;0.47106108587519135;-0.43212890625;
21:02:50;7.0;1574456572;95.005;17.85707208255364;0.4960297800709344;-0.44921875;
21:02:51;8.0;1574456573;95.129;17.985482509846033;0.49959673638461205;-0.45166015625;
21:02:52;9.0;1574456574;95.067;18.113892937138424;0.5031636926982895;-0.4541015625;
21:02:53;10.0;1574456575;95.067;17.985482509846033;0.49959673638461205;-0.45166015625;
21:02:54;11.0;1574456576;94.902;18.884355500892784;0.5245654305803551;-0.46875;
21:02:55;12.0;1574456577;94.799;17.60025122796885;0.4888958674435792;-0.4443359375;
21:02:56;13.0;1574456578;94.985;17.728661655261245;0.4924628237572568;-0.44677734375;
21:02:57;14.0;1574456579;95.047;17.343430373384063;0.48176195481622397;-0.439453125;
21:02:58;15.0;1574456580;95.399;17.60025122796885;0.4888958674435792;-0.4443359375;
21:02:59;16.0;1574456581;95.399;18.24230336443082;0.5067306490119673;-0.45654296875;
21:03:00;17.0;1574456582;95.295;17.985482509846033;0.49959673638461205;-0.45166015625;
21:03:01;18.0;1574456583;95.586;17.985482509846033;0.49959673638461205;-0.45166015625;
21:03:02;19.0;1574456584;95.171;17.08660951879928;0.47462804218886884;-0.4345703125;
21:03:03;20.0;1574456585;95.171;17.728661655261245;0.4924628237572568;-0.44677734375;
21:03:04;21.0;1574456586;95.482;18.24230336443082;0.5067306490119673;-0.45654296875;
21:03:06;23.0;1574456587;95.482;17.985482509846033;0.49959673638461205;-0.45166015625;
21:03:07;24.0;1574456588;95.482;17.728661655261245;0.4924628237572568;-0.44677734375;
21:03:08;25.0;1574456589;95.69;17.985482509846033;0.49959673638461205;-0.45166015625;
21:03:09;26.0;1574456590;95.565;18.24230336443082;0.5067306490119673;-0.45654296875;
21:03:10;27.0;1574456591;95.378;18.37071379172321;0.5102976053256447;-0.458984375;
21:03:11;28.0;1574456592;95.606;17.85707208255364;0.4960297800709344;-0.44921875;
21:03:12;29.0;1574456593;95.773;18.37071379172321;0.5102976053256447;-0.458984375;
21:03:13;30.0;1574456594;95.752;18.37071379172321;0.5102976053256447;-0.458984375;
21:03:14;31.0;1574456595;95.586;17.85707208255364;0.4960297800709344;-0.44921875;
21:03:15;32.0;1574456596;95.752;17.60025122796885;0.4888958674435792;-0.4443359375;
21:03:16;33.0;1574456597;95.565;17.85707208255364;0.4960297800709344;-0.44921875;
21:03:17;34.0;1574456598;95.523;17.728661655261245;0.4924628237572568;-0.44677734375;
21:03:18;35.0;1574456599;95.503;17.985482509846033;0.49959673638461205;-0.45166015625;
21:03:19;36.0;1574456600;95.171;18.113892937138424;0.5031636926982895;-0.4541015625;
21:03:20;37.0;1574456601;94.944;18.24230336443082;0.5067306490119673;-0.45654296875;
21:03:21;38.0;1574456602;94.758;16.7013782369221;0.4639271732478361;-0.42724609375;
21:03:22;39.0;1574456603;94.944;17.85707208255364;0.4960297800709344;-0.44921875;
21:03:23;40.0;1574456604;94.944;17.85707208255364;0.4960297800709344;-0.44921875;
21:03:24;41.0;1574456605;94.779;17.985482509846033;0.49959673638461205;-0.45166015625;
21:03:25;42.0;1574456606;94.985;17.343430373384063;0.48176195481622397;-0.439453125;
21:03:26;43.0;1574456607;94.82;18.113892937138424;0.5031636926982895;-0.4541015625;
21:03:27;44.0;1574456608;94.84;18.113892937138424;0.5031636926982895;-0.4541015625;
21:03:28;45.0;1574456609;95.586;18.113892937138424;0.5031636926982895;-0.4541015625;
21:03:29;46.0;1574456610;95.44;18.113892937138424;0.5031636926982895;-0.4541015625;
21:03:30;47.0;1574456611;95.586;17.343430373384063;0.48176195481622397;-0.439453125;
21:03:31;48.0;1574456612;95.69;18.24230336443082;0.5067306490119673;-0.45654296875;
21:03:32;49.0;1574456613;95.129;17.60025122796885;0.4888958674435792;-0.4443359375;
21:03:33;50.0;1574456614;95.316;17.85707208255364;0.4960297800709344;-0.44921875;
21:03:34;51.0;1574456615;95.005;17.60025122796885;0.4888958674435792;-0.4443359375;
21:03:35;52.0;1574456616;94.861;18.24230336443082;0.5067306490119673;-0.45654296875;
21:03:36;53.0;1574456617;95.233;17.85707208255364;0.4960297800709344;-0.44921875;
21:03:37;54.0;1574456618;95.005;18.113892937138424;0.5031636926982895;-0.4541015625;
21:03:38;55.0;1574456619;95.337;18.24230336443082;0.5067306490119673;-0.45654296875;
21:03:39;56.0;1574456620;95.565;18.499124219015606;0.5138645616393224;-0.46142578125;
21:03:40;57.0;1574456621;95.233;17.985482509846033;0.49959673638461205;-0.45166015625;
21:03:41;58.0;1574456622;95.378;18.24230336443082;0.5067306490119673;-0.45654296875;
21:03:42;59.0;1574456623;95.565;17.85707208255364;0.4960297800709344;-0.44921875;
21:03:43;60.0;1574456624;95.794;16.44455738233731;0.45679326062048087;-0.42236328125;
21:03:44;61.0;1574456625;95.752;17.985482509846033;0.49959673638461205;-0.45166015625;
21:03:45;62.0;1574456626;95.627;18.627534646308;0.517431517953;-0.4638671875;
21:03:46;63.0;1574456627;95.212;17.985482509846033;0.49959673638461205;-0.45166015625;
21:03:47;64.0;1574456628;94.82;18.113892937138424;0.5031636926982895;-0.4541015625;
21:03:48;65.0;1574456629;95.129;17.985482509846033;0.49959673638461205;-0.45166015625;
21:03:49;66.0;1574456630;94.923;18.884355500892784;0.5245654305803551;-0.46875;
21:03:50;67.0;1574456631;95.129;17.47184080067646;0.4853289111299017;-0.44189453125;
21:03:51;68.0;1574456632;95.067;17.728661655261245;0.4924628237572568;-0.44677734375;
21:03:52;69.0;1574456633;94.779;17.85707208255364;0.4960297800709344;-0.44921875;
21:03:53;70.0;1574456634;94.799;18.37071379172321;0.5102976053256447;-0.458984375;
21:03:54;71.0;1574456635;94.676;17.85707208255364;0.4960297800709344;-0.44921875;
21:03:55;72.0;1574456636;94.861;17.985482509846033;0.49959673638461205;-0.45166015625;
21:03:56;73.0;1574456637;94.82;17.985482509846033;0.49959673638461205;-0.45166015625;
21:03:57;74.0;1574456638;95.129;17.85707208255364;0.4960297800709344;-0.44921875;
21:03:58;75.0;1574456640;95.109;18.24230336443082;0.5067306490119673;-0.45654296875;
21:03:59;76.0;1574456641;95.316;17.60025122796885;0.4888958674435792;-0.4443359375;
21:04:00;77.0;1574456642;95.71;18.24230336443082;0.5067306490119673;-0.45654296875;
21:04:01;78.0;1574456643;95.898;18.499124219015606;0.5138645616393224;-0.46142578125;
21:04:02;79.0;1574456644;96.065;17.85707208255364;0.4960297800709344;-0.44921875;
21:04:03;80.0;1574456645;95.836;17.215019946091672;0.47819499850254643;-0.43701171875;
21:04:04;81.0;1574456646;95.503;17.985482509846033;0.49959673638461205;-0.45166015625;
21:04:05;82.0;1574456647;95.192;17.08660951879928;0.47462804218886884;-0.4345703125;
21:04:06;83.0;1574456648;95.171;17.728661655261245;0.4924628237572568;-0.44677734375;
21:04:07;84.0;1574456649;95.212;18.113892937138424;0.5031636926982895;-0.4541015625;
21:04:08;85.0;1574456650;95.337;17.728661655261245;0.4924628237572568;-0.44677734375;
21:04:09;86.0;1574456651;95.316;18.24230336443082;0.5067306490119673;-0.45654296875;
21:04:11;88.0;1574456652;95.357;17.60025122796885;0.4888958674435792;-0.4443359375;
21:04:12;89.0;1574456653;95.026;18.113892937138424;0.5031636926982895;-0.4541015625;
21:04:13;90.0;1574456654;94.861;17.85707208255364;0.4960297800709344;-0.44921875;
21:04:14;91.0;1574456655;94.861;17.60025122796885;0.4888958674435792;-0.4443359375;
21:04:15;92.0;1574456656;94.882;18.24230336443082;0.5067306490119673;-0.45654296875;
21:04:16;93.0;1574456657;95.005;17.343430373384063;0.48176195481622397;-0.439453125;
21:04:17;94.0;1574456658;95.15;17.215019946091672;0.47819499850254643;-0.43701171875;
21:04:18;95.0;1574456659;95.274;20.296870201109115;0.5638019500308088;-0.49560546875;
21:04:19;96.0;1574456660;95.254;17.47184080067646;0.4853289111299017;-0.44189453125;
21:04:20;97.0;1574456661;95.419;18.24230336443082;0.5067306490119673;-0.45654296875;
21:04:21;98.0;1574456662;95.399;17.985482509846033;0.49959673638461205;-0.45166015625;
21:04:22;99.0;1574456663;95.503;16.82978866421449;0.4674941295615136;-0.4296875;
21:04:23;100.0;1574456664;95.316;17.60025122796885;0.4888958674435792;-0.4443359375;
21:04:24;101.0;1574456665;95.523;18.499124219015606;0.5138645616393224;-0.46142578125;
21:04:25;102.0;1574456666;95.523;16.572967809629706;0.4603602169341585;-0.4248046875;
21:04:26;103.0;1574456667;95.337;17.47184080067646;0.4853289111299017;-0.44189453125;
21:04:27;104.0;1574456668;95.503;19.526407637354755;0.5424002121487432;-0.48095703125;
21:04:28;105.0;1574456669;95.461;18.24230336443082;0.5067306490119673;-0.45654296875;
21:04:29;106.0;1574456670;95.316;18.113892937138424;0.5031636926982895;-0.4541015625;
21:04:30;107.0;1574456671;95.627;17.985482509846033;0.49959673638461205;-0.45166015625;
21:04:31;108.0;1574456672;95.295;18.113892937138424;0.5031636926982895;-0.4541015625;
21:04:32;109.0;1574456673;94.985;18.24230336443082;0.5067306490119673;-0.45654296875;
21:04:33;110.0;1574456674;95.005;18.113892937138424;0.5031636926982895;-0.4541015625;
21:04:34;111.0;1574456675;94.635;17.985482509846033;0.49959673638461205;-0.45166015625;
21:04:35;112.0;1574456676;95.15;15.802505245875343;0.43895847905209284;-0.41015625;
21:04:36;113.0;1574456677;95.15;18.24230336443082;0.5067306490119673;-0.45654296875;
21:04:37;114.0;1574456678;95.274;18.24230336443082;0.5067306490119673;-0.45654296875;
21:04:38;115.0;1574456679;95.088;17.85707208255364;0.4960297800709344;-0.44921875;
21:04:39;116.0;1574456680;94.882;17.60025122796885;0.4888958674435792;-0.4443359375;
21:04:40;117.0;1574456681;94.779;18.627534646308;0.517431517953;-0.4638671875;
21:04:41;118.0;1574456682;94.696;18.113892937138424;0.5031636926982895;-0.4541015625;
21:04:42;119.0;1574456683;94.511;18.113892937138424;0.5031636926982895;-0.4541015625;
21:04:43;120.0;1574456685;94.614;17.85707208255364;0.4960297800709344;-0.44921875;
21:04:44;121.0;1574456686;94.944;17.85707208255364;0.4960297800709344;-0.44921875;
21:04:45;122.0;1574456687;95.254;18.24230336443082;0.5067306490119673;-0.45654296875;
21:04:46;123.0;1574456688;95.877;17.85707208255364;0.4960297800709344;-0.44921875;
21:04:47;124.0;1574456689;95.815;18.113892937138424;0.5031636926982895;-0.4541015625;
21:04:48;125.0;1574456690;95.731;18.755945073600394;0.5209984742666776;-0.46630859375;
21:04:49;126.0;1574456691;95.399;17.728661655261245;0.4924628237572568;-0.44677734375;
21:04:50;127.0;1574456692;95.337;17.728661655261245;0.4924628237572568;-0.44677734375;
21:04:51;128.0;1574456693;95.378;17.985482509846033;0.49959673638461205;-0.45166015625;
21:04:52;129.0;1574456694;95.378;17.60025122796885;0.4888958674435792;-0.4443359375;
21:04:53;130.0;1574456695;95.212;18.24230336443082;0.5067306490119673;-0.45654296875;
21:04:54;131.0;1574456696;95.005;18.37071379172321;0.5102976053256447;-0.458984375;
21:04:55;132.0;1574456697;94.779;17.85707208255364;0.4960297800709344;-0.44921875;
21:04:56;133.0;1574456698;94.388;17.728661655261245;0.4924628237572568;-0.44677734375;
21:04:57;134.0;1574456699;94.532;18.627534646308;0.517431517953;-0.4638671875;
21:04:58;135.0;1574456700;94.614;17.60025122796885;0.4888958674435792;-0.4443359375;
21:04:59;136.0;1574456701;94.676;18.113892937138424;0.5031636926982895;-0.4541015625;
21:05:00;137.0;1574456702;94.737;17.85707208255364;0.4960297800709344;-0.44921875;
21:05:01;138.0;1574456703;94.717;17.985482509846033;0.49959673638461205;-0.45166015625;
21:05:02;139.0;1574456704;94.84;18.627534646308;0.517431517953;-0.4638671875;
21:05:03;140.0;1574456705;94.614;17.60025122796885;0.4888958674435792;-0.4443359375;
21:05:04;141.0;1574456706;94.944;18.24230336443082;0.5067306490119673;-0.45654296875;
21:05:05;142.0;1574456707;95.15;17.85707208255364;0.4960297800709344;-0.44921875;
21:05:06;143.0;1574456708;94.964;18.113892937138424;0.5031636926982895;-0.4541015625;
21:05:07;144.0;1574456709;95.233;17.728661655261245;0.4924628237572568;-0.44677734375;
21:05:08;145.0;1574456710;94.964;18.24230336443082;0.5067306490119673;-0.45654296875;
21:05:09;146.0;1574456711;95.171;17.985482509846033;0.49959673638461205;-0.45166015625;
21:05:10;147.0;1574456712;95.399;18.499124219015606;0.5138645616393224;-0.46142578125;
21:05:11;148.0;1574456713;95.274;17.985482509846033;0.49959673638461205;-0.45166015625;
21:05:12;149.0;1574456714;95.212;17.728661655261245;0.4924628237572568;-0.44677734375;
21:05:13;150.0;1574456715;94.82;18.499124219015606;0.5138645616393224;-0.46142578125;
21:05:15;152.0;1574456716;94.532;18.113892937138424;0.5031636926982895;-0.4541015625;
21:05:16;153.0;1574456717;94.532;17.985482509846033;0.49959673638461205;-0.45166015625;
21:05:17;154.0;1574456718;94.491;17.60025122796885;0.4888958674435792;-0.4443359375;
21:05:18;155.0;1574456719;94.614;18.24230336443082;0.5067306490119673;-0.45654296875;
21:05:19;156.0;1574456720;94.552;18.113892937138424;0.5031636926982895;-0.4541015625;
21:05:20;157.0;1574456721;94.388;17.985482509846033;0.49959673638461205;-0.45166015625;
21:05:21;158.0;1574456722;94.409;17.985482509846033;0.49959673638461205;-0.45166015625;
21:05:22;159.0;1574456723;94.45;17.60025122796885;0.4888958674435792;-0.4443359375;
21:05:23;160.0;1574456724;94.552;17.343430373384063;0.48176195481622397;-0.439453125;
21:05:24;161.0;1574456725;94.552;17.985482509846033;0.49959673638461205;-0.45166015625;
21:05:25;162.0;1574456726;94.758;17.985482509846033;0.49959673638461205;-0.45166015625;
21:05:26;163.0;1574456727;94.532;18.24230336443082;0.5067306490119673;-0.45654296875;
21:05:27;164.0;1574456728;94.758;17.985482509846033;0.49959673638461205;-0.45166015625;
21:05:28;165.0;1574456729;95.088;18.113892937138424;0.5031636926982895;-0.4541015625;
21:05:29;166.0;1574456730;95.026;18.113892937138424;0.5031636926982895;-0.4541015625;
21:05:30;167.0;1574456731;95.067;18.24230336443082;0.5067306490119673;-0.45654296875;
21:05:31;168.0;1574456732;94.717;17.85707208255364;0.4960297800709344;-0.44921875;
21:05:32;169.0;1574456733;94.45;17.85707208255364;0.4960297800709344;-0.44921875;
21:05:33;170.0;1574456734;94.327;18.24230336443082;0.5067306490119673;-0.45654296875;
21:05:34;171.0;1574456735;94.122;18.24230336443082;0.5067306490119673;-0.45654296875;
21:05:35;172.0;1574456736;94.286;17.60025122796885;0.4888958674435792;-0.4443359375;
21:05:36;173.0;1574456737;94.573;15.032042682120982;0.4175567411700273;-0.3955078125;
21:05:37;174.0;1574456738;94.779;18.37071379172321;0.5102976053256447;-0.458984375;
21:05:38;175.0;1574456739;95.005;17.728661655261245;0.4924628237572568;-0.44677734375;
21:05:39;176.0;1574456740;94.964;21.324153619448257;0.5923376005402293;-0.51513671875;
21:05:40;177.0;1574456741;95.005;17.08660951879928;0.47462804218886884;-0.4345703125;
21:05:41;178.0;1574456742;95.005;17.60025122796885;0.4888958674435792;-0.4443359375;
21:05:42;179.0;1574456743;94.779;17.47184080067646;0.4853289111299017;-0.44189453125;
21:05:43;180.0;1574456744;95.005;17.85707208255364;0.4960297800709344;-0.44921875;
21:05:44;181.0;1574456745;94.409;17.985482509846033;0.49959673638461205;-0.45166015625;
21:05:45;182.0;1574456746;94.429;18.37071379172321;0.5102976053256447;-0.458984375;
21:05:46;183.0;1574456747;94.676;16.82978866421449;0.4674941295615136;-0.4296875;
21:05:47;184.0;1574456748;94.491;18.24230336443082;0.5067306490119673;-0.45654296875;
21:05:48;185.0;1574456749;95.129;17.60025122796885;0.4888958674435792;-0.4443359375;
21:05:49;186.0;1574456750;95.316;18.627534646308;0.517431517953;-0.4638671875;
21:05:50;187.0;1574456751;95.067;17.985482509846033;0.49959673638461205;-0.45166015625;
21:05:51;188.0;1574456752;94.84;17.60025122796885;0.4888958674435792;-0.4443359375;
21:05:52;189.0;1574456753;94.593;17.47184080067646;0.4853289111299017;-0.44189453125;
21:05:53;190.0;1574456754;94.286;18.24230336443082;0.5067306490119673;-0.45654296875;
21:05:54;191.0;1574456755;94.552;17.85707208255364;0.4960297800709344;-0.44921875;
21:05:55;192.0;1574456756;94.779;17.85707208255364;0.4960297800709344;-0.44921875;
21:05:56;193.0;1574456757;94.614;17.985482509846033;0.49959673638461205;-0.45166015625;
21:05:57;194.0;1574456758;94.676;17.85707208255364;0.4960297800709344;-0.44921875;
21:05:58;195.0;1574456759;94.779;17.985482509846033;0.49959673638461205;-0.45166015625;
21:05:59;196.0;1574456760;94.593;18.113892937138424;0.5031636926982895;-0.4541015625;
21:06:00;197.0;1574456761;94.593;17.985482509846033;0.49959673638461205;-0.45166015625;
21:06:01;198.0;1574456762;94.409;20.296870201109115;0.5638019500308088;-0.49560546875;
21:06:02;199.0;1574456763;94.081;17.985482509846033;0.49959673638461205;-0.45166015625;
21:06:03;200.0;1574456764;94.102;17.985482509846033;0.49959673638461205;-0.45166015625;
21:06:04;201.0;1574456765;94.224;16.82978866421449;0.4674941295615136;-0.4296875;
21:06:05;202.0;1574456766;94.409;18.37071379172321;0.5102976053256447;-0.458984375;
21:06:06;203.0;1574456767;94.388;17.60025122796885;0.4888958674435792;-0.4443359375;
21:06:07;204.0;1574456768;94.511;18.113892937138424;0.5031636926982895;-0.4541015625;
21:06:08;205.0;1574456769;94.429;17.728661655261245;0.4924628237572568;-0.44677734375;
21:06:09;206.0;1574456770;94.183;17.985482509846033;0.49959673638461205;-0.45166015625;
21:06:10;207.0;1574456771;94.511;18.884355500892784;0.5245654305803551;-0.46875;
21:06:11;208.0;1574456772;94.532;17.728661655261245;0.4924628237572568;-0.44677734375;
21:06:12;209.0;1574456773;94.676;17.85707208255364;0.4960297800709344;-0.44921875;
21:06:13;210.0;1574456774;94.964;17.728661655261245;0.4924628237572568;-0.44677734375;
21:06:14;211.0;1574456776;94.84;17.728661655261245;0.4924628237572568;-0.44677734375;
21:06:15;212.0;1574456777;94.861;18.24230336443082;0.5067306490119673;-0.45654296875;
21:06:16;213.0;1574456778;94.635;18.37071379172321;0.5102976053256447;-0.458984375;
21:06:17;214.0;1574456779;94.676;17.85707208255364;0.4960297800709344;-0.44921875;
21:06:19;216.0;1574456780;94.882;17.985482509846033;0.49959673638461205;-0.45166015625;
21:06:20;217.0;1574456781;95.047;18.24230336443082;0.5067306490119673;-0.45654296875;
21:06:21;218.0;1574456782;95.295;17.85707208255364;0.4960297800709344;-0.44921875;
21:06:22;219.0;1574456783;95.047;17.985482509846033;0.49959673638461205;-0.45166015625;
21:06:23;220.0;1574456784;94.614;17.985482509846033;0.49959673638461205;-0.45166015625;
21:06:24;221.0;1574456785;94.122;18.499124219015606;0.5138645616393224;-0.46142578125;
21:06:25;222.0;1574456786;93.857;18.113892937138424;0.5031636926982895;-0.4541015625;
21:06:26;223.0;1574456787;93.857;17.47184080067646;0.4853289111299017;-0.44189453125;
21:06:27;224.0;1574456788;94.224;17.985482509846033;0.49959673638461205;-0.45166015625;
21:06:28;225.0;1574456789;94.511;17.60025122796885;0.4888958674435792;-0.4443359375;
21:06:29;226.0;1574456790;94.532;18.24230336443082;0.5067306490119673;-0.45654296875;
21:06:30;227.0;1574456791;94.552;17.60025122796885;0.4888958674435792;-0.4443359375;
21:06:31;228.0;1574456792;94.368;17.60025122796885;0.4888958674435792;-0.4443359375;
21:06:32;229.0;1574456793;94.265;18.24230336443082;0.5067306490119673;-0.45654296875;
21:06:33;230.0;1574456794;94.142;18.499124219015606;0.5138645616393224;-0.46142578125;
21:06:34;231.0;1574456795;93.918;17.728661655261245;0.4924628237572568;-0.44677734375;
21:06:35;232.0;1574456796;93.735;18.499124219015606;0.5138645616393224;-0.46142578125;
21:06:36;233.0;1574456797;93.735;17.85707208255364;0.4960297800709344;-0.44921875;
21:06:37;234.0;1574456798;94.081;17.985482509846033;0.49959673638461205;-0.45166015625;
21:06:38;235.0;1574456799;94.081;17.728661655261245;0.4924628237572568;-0.44677734375;
21:06:39;236.0;1574456800;93.898;18.499124219015606;0.5138645616393224;-0.46142578125;
21:06:40;237.0;1574456801;94.061;17.85707208255364;0.4960297800709344;-0.44921875;
21:06:41;238.0;1574456802;93.796;17.47184080067646;0.4853289111299017;-0.44189453125;
21:06:42;239.0;1574456803;93.979;19.012765928185182;0.5281323868940329;-0.47119140625;
21:06:43;240.0;1574456804;94.204;17.60025122796885;0.4888958674435792;-0.4443359375;
21:06:44;241.0;1574456805;94.163;18.24230336443082;0.5067306490119673;-0.45654296875;
21:06:45;242.0;1574456806;94.204;18.499124219015606;0.5138645616393224;-0.46142578125;
21:06:46;243.0;1574456807;94.204;18.113892937138424;0.5031636926982895;-0.4541015625;
21:06:47;244.0;1574456808;94.02;18.113892937138424;0.5031636926982895;-0.4541015625;
21:06:48;245.0;1574456809;93.918;16.958199091506888;0.47106108587519135;-0.43212890625;
21:06:49;246.0;1574456810;93.938;17.47184080067646;0.4853289111299017;-0.44189453125;
21:06:50;247.0;1574456811;93.938;17.85707208255364;0.4960297800709344;-0.44921875;
21:06:51;248.0;1574456812;94.122;18.24230336443082;0.5067306490119673;-0.45654296875;
21:06:52;249.0;1574456813;94.388;17.985482509846033;0.49959673638461205;-0.45166015625;
21:06:53;250.0;1574456814;94.204;19.269586782769967;0.5352662995213879;-0.47607421875;
21:06:54;251.0;1574456815;94.02;17.985482509846033;0.49959673638461205;-0.45166015625;
21:06:55;252.0;1574456816;94.142;19.654818064647145;0.5459671684624207;-0.4833984375;
21:06:56;253.0;1574456817;93.613;16.82978866421449;0.4674941295615136;-0.4296875;
21:06:57;254.0;1574456818;94.0;18.113892937138424;0.5031636926982895;-0.4541015625;
21:06:58;255.0;1574456819;94.409;17.728661655261245;0.4924628237572568;-0.44677734375;
21:06:59;256.0;1574456820;94.429;17.85707208255364;0.4960297800709344;-0.44921875;
21:07:00;257.0;1574456822;94.799;16.958199091506888;0.47106108587519135;-0.43212890625;
21:07:01;258.0;1574456823;94.717;18.755945073600394;0.5209984742666776;-0.46630859375;
21:07:02;259.0;1574456824;94.491;17.728661655261245;0.4924628237572568;-0.44677734375;
21:07:03;260.0;1574456825;94.511;18.499124219015606;0.5138645616393224;-0.46142578125;
21:07:04;261.0;1574456826;94.102;17.60025122796885;0.4888958674435792;-0.4443359375;
21:07:05;262.0;1574456827;93.959;18.24230336443082;0.5067306490119673;-0.45654296875;
21:07:06;263.0;1574456828;94.02;17.215019946091672;0.47819499850254643;-0.43701171875;
21:07:07;264.0;1574456829;93.877;17.343430373384063;0.48176195481622397;-0.439453125;
21:07:08;265.0;1574456830;94.081;18.499124219015606;0.5138645616393224;-0.46142578125;
21:07:09;266.0;1574456831;93.877;17.85707208255364;0.4960297800709344;-0.44921875;
21:07:10;267.0;1574456832;93.755;17.728661655261245;0.4924628237572568;-0.44677734375;
21:07:11;268.0;1574456833;93.43;17.85707208255364;0.4960297800709344;-0.44921875;
21:07:12;269.0;1574456834;93.491;17.985482509846033;0.49959673638461205;-0.45166015625;
21:07:13;270.0;1574456835;93.877;17.85707208255364;0.4960297800709344;-0.44921875;
21:07:14;271.0;1574456836;93.796;17.985482509846033;0.49959673638461205;-0.45166015625;
21:07:15;272.0;1574456837;94.081;17.85707208255364;0.4960297800709344;-0.44921875;
21:07:16;273.0;1574456838;94.061;18.37071379172321;0.5102976053256447;-0.458984375;
21:07:17;274.0;1574456839;93.552;18.24230336443082;0.5067306490119673;-0.45654296875;
21:07:18;275.0;1574456840;93.918;18.37071379172321;0.5102976053256447;-0.458984375;
21:07:19;276.0;1574456841;93.796;17.985482509846033;0.49959673638461205;-0.45166015625;
21:07:20;277.0;1574456842;93.938;17.60025122796885;0.4888958674435792;-0.4443359375;
21:07:21;278.0;1574456843;94.122;17.985482509846033;0.49959673638461205;-0.45166015625;
21:07:23;280.0;1574456844;93.714;17.728661655261245;0.4924628237572568;-0.44677734375;
21:07:24;281.0;1574456845;93.633;18.24230336443082;0.5067306490119673;-0.45654296875;
21:07:25;282.0;1574456846;93.308;17.985482509846033;0.49959673638461205;-0.45166015625;
21:07:26;283.0;1574456847;93.491;17.85707208255364;0.4960297800709344;-0.44921875;
21:07:27;284.0;1574456848;93.836;17.985482509846033;0.49959673638461205;-0.45166015625;
21:07:28;285.0;1574456849;93.857;16.958199091506888;0.47106108587519135;-0.43212890625;
21:07:29;286.0;1574456850;93.877;17.47184080067646;0.4853289111299017;-0.44189453125;
21:07:30;287.0;1574456851;93.653;17.85707208255364;0.4960297800709344;-0.44921875;
21:07:31;288.0;1574456852;93.147;17.985482509846033;0.49959673638461205;-0.45166015625;
21:07:32;289.0;1574456853;93.329;17.728661655261245;0.4924628237572568;-0.44677734375;
21:07:33;290.0;1574456854;93.147;17.60025122796885;0.4888958674435792;-0.4443359375;
21:07:34;291.0;1574456855;93.572;17.85707208255364;0.4960297800709344;-0.44921875;
21:07:35;292.0;1574456856;93.898;17.85707208255364;0.4960297800709344;-0.44921875;
21:07:36;293.0;1574456857;93.918;17.85707208255364;0.4960297800709344;-0.44921875;
21:07:37;294.0;1574456858;94.122;17.60025122796885;0.4888958674435792;-0.4443359375;
21:07:38;295.0;1574456859;93.531;18.24230336443082;0.5067306490119673;-0.45654296875;
21:07:39;296.0;1574456860;93.552;18.113892937138424;0.5031636926982895;-0.4541015625;
21:07:40;297.0;1574456861;93.308;17.343430373384063;0.48176195481622397;-0.439453125;
21:07:41;298.0;1574456862;93.248;18.24230336443082;0.5067306490119673;-0.45654296875;
21:07:42;299.0;1574456863;93.613;17.85707208255364;0.4960297800709344;-0.44921875;
21:07:43;300.0;1574456864;93.45;17.85707208255364;0.4960297800709344;-0.44921875;
21:07:44;301.0;1574456865;93.349;17.728661655261245;0.4924628237572568;-0.44677734375;
21:07:45;302.0;1574456866;93.511;18.113892937138424;0.5031636926982895;-0.4541015625;
21:07:46;303.0;1574456867;93.471;18.627534646308;0.517431517953;-0.4638671875;
21:07:47;304.0;1574456868;93.45;17.985482509846033;0.49959673638461205;-0.45166015625;
21:07:48;305.0;1574456869;93.613;17.985482509846033;0.49959673638461205;-0.45166015625;
21:07:49;306.0;1574456870;93.511;17.728661655261245;0.4924628237572568;-0.44677734375;
21:07:50;307.0;1574456871;93.248;17.985482509846033;0.49959673638461205;-0.45166015625;
21:07:51;308.0;1574456872;93.572;17.85707208255364;0.4960297800709344;-0.44921875;
21:07:52;309.0;1574456873;93.389;17.85707208255364;0.4960297800709344;-0.44921875;
21:07:53;310.0;1574456874;93.552;18.499124219015606;0.5138645616393224;-0.46142578125;
21:07:54;311.0;1574456875;93.471;20.168459773816718;0.560234993717131;-0.4931640625;
21:07:55;312.0;1574456876;93.005;18.627534646308;0.517431517953;-0.4638671875;
21:07:56;313.0;1574456877;93.248;17.85707208255364;0.4960297800709344;-0.44921875;
21:07:57;314.0;1574456878;93.046;17.728661655261245;0.4924628237572568;-0.44677734375;
21:07:58;315.0;1574456879;93.046;18.113892937138424;0.5031636926982895;-0.4541015625;
21:07:59;316.0;1574456880;93.572;18.113892937138424;0.5031636926982895;-0.4541015625;
21:08:00;317.0;1574456881;93.613;17.728661655261245;0.4924628237572568;-0.44677734375;
21:08:01;318.0;1574456882;93.938;17.985482509846033;0.49959673638461205;-0.45166015625;
21:08:02;319.0;1574456883;94.142;18.113892937138424;0.5031636926982895;-0.4541015625;
21:08:03;320.0;1574456884;93.775;18.113892937138424;0.5031636926982895;-0.4541015625;
21:08:04;321.0;1574456885;93.653;17.85707208255364;0.4960297800709344;-0.44921875;
21:08:05;322.0;1574456886;93.308;18.499124219015606;0.5138645616393224;-0.46142578125;
21:08:06;323.0;1574456887;93.369;18.499124219015606;0.5138645616393224;-0.46142578125;
21:08:07;324.0;1574456888;93.187;18.113892937138424;0.5031636926982895;-0.4541015625;
21:08:08;325.0;1574456889;93.187;18.24230336443082;0.5067306490119673;-0.45654296875;
21:08:09;326.0;1574456890;93.207;18.113892937138424;0.5031636926982895;-0.4541015625;
21:08:10;327.0;1574456891;93.005;18.24230336443082;0.5067306490119673;-0.45654296875;
21:08:11;328.0;1574456892;93.026;17.728661655261245;0.4924628237572568;-0.44677734375;
21:08:12;329.0;1574456893;92.985;17.985482509846033;0.49959673638461205;-0.45166015625;
21:08:13;330.0;1574456895;92.985;17.985482509846033;0.49959673638461205;-0.45166015625;
21:08:14;331.0;1574456896;93.308;18.627534646308;0.517431517953;-0.4638671875;
21:08:15;332.0;1574456897;93.308;17.728661655261245;0.4924628237572568;-0.44677734375;
21:08:16;333.0;1574456898;93.329;17.985482509846033;0.49959673638461205;-0.45166015625;
21:08:17;334.0;1574456899;93.552;17.60025122796885;0.4888958674435792;-0.4443359375;
21:08:18;335.0;1574456900;93.389;17.728661655261245;0.4924628237572568;-0.44677734375;
21:08:19;336.0;1574456901;93.714;18.627534646308;0.517431517953;-0.4638671875;
21:08:20;337.0;1574456902;93.735;18.499124219015606;0.5138645616393224;-0.46142578125;
21:08:21;338.0;1574456903;93.491;17.728661655261245;0.4924628237572568;-0.44677734375;
21:08:22;339.0;1574456904;93.45;18.24230336443082;0.5067306490119673;-0.45654296875;
21:08:23;340.0;1574456905;93.167;17.85707208255364;0.4960297800709344;-0.44921875;
21:08:24;341.0;1574456906;93.167;17.728661655261245;0.4924628237572568;-0.44677734375;
21:08:25;342.0;1574456907;93.207;17.85707208255364;0.4960297800709344;-0.44921875;
21:08:27;344.0;1574456908;93.005;17.728661655261245;0.4924628237572568;-0.44677734375;
21:08:28;345.0;1574456909;93.106;18.113892937138424;0.5031636926982895;-0.4541015625;
21:08:29;346.0;1574456910;93.126;17.985482509846033;0.49959673638461205;-0.45166015625;
21:08:30;347.0;1574456911;93.086;17.728661655261245;0.4924628237572568;-0.44677734375;
21:08:31;348.0;1574456912;93.308;17.728661655261245;0.4924628237572568;-0.44677734375;
21:08:32;349.0;1574456913;93.369;18.113892937138424;0.5031636926982895;-0.4541015625;
21:08:33;350.0;1574456914;93.653;19.526407637354755;0.5424002121487432;-0.48095703125;
21:08:34;351.0;1574456915;93.491;18.24230336443082;0.5067306490119673;-0.45654296875;
21:08:35;352.0;1574456916;93.471;17.60025122796885;0.4888958674435792;-0.4443359375;
21:08:36;353.0;1574456917;93.248;17.728661655261245;0.4924628237572568;-0.44677734375;
21:08:37;354.0;1574456918;92.824;18.113892937138424;0.5031636926982895;-0.4541015625;
21:08:38;355.0;1574456919;93.005;17.985482509846033;0.49959673638461205;-0.45166015625;
21:08:39;356.0;1574456920;92.985;18.113892937138424;0.5031636926982895;-0.4541015625;
21:08:40;357.0;1574456921;93.167;18.884355500892784;0.5245654305803551;-0.46875;
21:08:41;358.0;1574456922;92.925;18.113892937138424;0.5031636926982895;-0.4541015625;
21:08:42;359.0;1574456923;92.864;17.985482509846033;0.49959673638461205;-0.45166015625;
21:08:43;360.0;1574456924;92.824;18.499124219015606;0.5138645616393224;-0.46142578125;
21:08:44;361.0;1574456925;92.623;17.47184080067646;0.4853289111299017;-0.44189453125;
21:08:45;362.0;1574456926;92.985;18.113892937138424;0.5031636926982895;-0.4541015625;
21:08:46;363.0;1574456927;92.884;18.113892937138424;0.5031636926982895;-0.4541015625;
21:08:47;364.0;1574456928;93.126;17.985482509846033;0.49959673638461205;-0.45166015625;
21:08:48;365.0;1574456929;93.653;17.85707208255364;0.4960297800709344;-0.44921875;
21:08:49;366.0;1574456930;93.735;17.85707208255364;0.4960297800709344;-0.44921875;
21:08:50;367.0;1574456931;93.775;18.113892937138424;0.5031636926982895;-0.4541015625;
21:08:51;368.0;1574456932;93.572;17.728661655261245;0.4924628237572568;-0.44677734375;
21:08:52;369.0;1574456933;92.965;17.985482509846033;0.49959673638461205;-0.45166015625;
21:08:53;370.0;1574456934;92.764;17.728661655261245;0.4924628237572568;-0.44677734375;
21:08:54;371.0;1574456935;92.744;17.47184080067646;0.4853289111299017;-0.44189453125;
21:08:55;372.0;1574456936;92.643;18.499124219015606;0.5138645616393224;-0.46142578125;
21:08:56;373.0;1574456937;93.066;17.85707208255364;0.4960297800709344;-0.44921875;
21:08:57;374.0;1574456938;93.187;17.343430373384063;0.48176195481622397;-0.439453125;
21:08:58;375.0;1574456939;93.207;17.60025122796885;0.4888958674435792;-0.4443359375;
21:08:59;376.0;1574456940;93.329;18.113892937138424;0.5031636926982895;-0.4541015625;
21:09:00;377.0;1574456941;93.066;18.113892937138424;0.5031636926982895;-0.4541015625;
21:09:01;378.0;1574456942;93.086;17.47184080067646;0.4853289111299017;-0.44189453125;
21:09:02;379.0;1574456943;92.884;18.24230336443082;0.5067306490119673;-0.45654296875;
21:09:03;380.0;1574456944;92.723;18.24230336443082;0.5067306490119673;-0.45654296875;
21:09:04;381.0;1574456945;92.543;18.113892937138424;0.5031636926982895;-0.4541015625;
21:09:05;382.0;1574456946;92.322;17.728661655261245;0.4924628237572568;-0.44677734375;
21:09:06;383.0;1574456947;92.463;18.24230336443082;0.5067306490119673;-0.45654296875;
21:09:07;384.0;1574456948;92.523;18.113892937138424;0.5031636926982895;-0.4541015625;
21:09:08;385.0;1574456949;92.703;17.85707208255364;0.4960297800709344;-0.44921875;
21:09:09;386.0;1574456950;92.784;18.24230336443082;0.5067306490119673;-0.45654296875;
21:09:10;387.0;1574456951;92.764;17.728661655261245;0.4924628237572568;-0.44677734375;
21:09:11;388.0;1574456952;92.864;17.60025122796885;0.4888958674435792;-0.4443359375;
21:09:12;389.0;1574456953;92.744;18.113892937138424;0.5031636926982895;-0.4541015625;
21:09:13;390.0;1574456954;92.603;18.113892937138424;0.5031636926982895;-0.4541015625;
21:09:14;391.0;1574456955;92.643;17.85707208255364;0.4960297800709344;-0.44921875;
21:09:15;392.0;1574456957;92.864;17.47184080067646;0.4853289111299017;-0.44189453125;
21:09:16;393.0;1574456958;93.106;18.24230336443082;0.5067306490119673;-0.45654296875;
21:09:17;394.0;1574456959;93.389;17.985482509846033;0.49959673638461205;-0.45166015625;
21:09:18;395.0;1574456960;93.389;17.985482509846033;0.49959673638461205;-0.45166015625;
21:09:19;396.0;1574456961;92.985;17.728661655261245;0.4924628237572568;-0.44677734375;
21:09:20;397.0;1574456962;93.005;18.113892937138424;0.5031636926982895;-0.4541015625;
21:09:21;398.0;1574456963;92.965;18.499124219015606;0.5138645616393224;-0.46142578125;
21:09:22;399.0;1574456964;93.126;18.755945073600394;0.5209984742666776;-0.46630859375;
21:09:23;400.0;1574456965;93.187;17.60025122796885;0.4888958674435792;-0.4443359375;
21:09:24;401.0;1574456966;92.844;17.985482509846033;0.49959673638461205;-0.45166015625;
21:09:25;402.0;1574456967;92.382;18.113892937138424;0.5031636926982895;-0.4541015625;
21:09:26;403.0;1574456968;92.162;18.627534646308;0.517431517953;-0.4638671875;
21:09:27;404.0;1574456969;92.162;17.728661655261245;0.4924628237572568;-0.44677734375;
21:09:28;405.0;1574456970;92.503;17.728661655261245;0.4924628237572568;-0.44677734375;
21:09:29;406.0;1574456971;93.005;18.37071379172321;0.5102976053256447;-0.458984375;
21:09:32;409.0;1574456972;92.703;18.24230336443082;0.5067306490119673;-0.45654296875;
21:09:33;410.0;1574456974;92.744;17.60025122796885;0.4888958674435792;-0.4443359375;
21:09:34;411.0;1574456975;92.623;17.85707208255364;0.4960297800709344;-0.44921875;
21:09:35;412.0;1574456976;92.764;17.85707208255364;0.4960297800709344;-0.44921875;
21:09:36;413.0;1574456977;92.824;18.113892937138424;0.5031636926982895;-0.4541015625;
21:09:37;414.0;1574456978;92.302;18.37071379172321;0.5102976053256447;-0.458984375;
21:09:38;415.0;1574456979;92.103;17.60025122796885;0.4888958674435792;-0.4443359375;
21:09:39;416.0;1574456980;92.202;18.37071379172321;0.5102976053256447;-0.458984375;
21:09:40;417.0;1574456981;92.003;17.47184080067646;0.4853289111299017;-0.44189453125;
21:09:41;418.0;1574456982;92.483;17.985482509846033;0.49959673638461205;-0.45166015625;
21:09:42;419.0;1574456983;92.442;18.113892937138424;0.5031636926982895;-0.4541015625;
21:09:43;420.0;1574456984;92.623;19.269586782769967;0.5352662995213879;-0.47607421875;
21:09:44;421.0;1574456985;92.804;16.958199091506888;0.47106108587519135;-0.43212890625;
21:09:45;422.0;1574456986;92.242;18.113892937138424;0.5031636926982895;-0.4541015625;
21:09:46;423.0;1574456987;92.402;17.985482509846033;0.49959673638461205;-0.45166015625;
21:09:47;424.0;1574456988;92.322;17.60025122796885;0.4888958674435792;-0.4443359375;
21:09:48;425.0;1574456989;92.142;18.113892937138424;0.5031636926982895;-0.4541015625;
21:09:49;426.0;1574456990;92.342;17.60025122796885;0.4888958674435792;-0.4443359375;
21:09:50;427.0;1574456991;92.563;18.37071379172321;0.5102976053256447;-0.458984375;
21:09:51;428.0;1574456992;92.162;18.113892937138424;0.5031636926982895;-0.4541015625;
21:09:52;429.0;1574456993;92.302;18.113892937138424;0.5031636926982895;-0.4541015625;
21:09:53;430.0;1574456994;92.463;19.012765928185182;0.5281323868940329;-0.47119140625;
21:09:54;431.0;1574456995;92.262;19.526407637354755;0.5424002121487432;-0.48095703125;
21:09:55;432.0;1574456996;92.442;17.985482509846033;0.49959673638461205;-0.45166015625;
21:09:56;433.0;1574456997;92.463;17.728661655261245;0.4924628237572568;-0.44677734375;
21:09:57;434.0;1574456998;92.282;17.60025122796885;0.4888958674435792;-0.4443359375;
21:09:58;435.0;1574456999;91.943;17.47184080067646;0.4853289111299017;-0.44189453125;
21:09:59;436.0;1574457000;92.123;18.24230336443082;0.5067306490119673;-0.45654296875;
21:10:00;437.0;1574457001;91.943;18.113892937138424;0.5031636926982895;-0.4541015625;
21:10:01;438.0;1574457002;91.903;18.113892937138424;0.5031636926982895;-0.4541015625;
21:10:02;439.0;1574457003;92.222;17.985482509846033;0.49959673638461205;-0.45166015625;
21:10:03;440.0;1574457005;92.503;18.24230336443082;0.5067306490119673;-0.45654296875;
21:10:04;441.0;1574457006;92.864;17.60025122796885;0.4888958674435792;-0.4443359375;
21:10:05;442.0;1574457007;92.764;17.85707208255364;0.4960297800709344;-0.44921875;
21:10:06;443.0;1574457008;92.623;18.24230336443082;0.5067306490119673;-0.45654296875;
21:10:07;444.0;1574457009;92.063;17.985482509846033;0.49959673638461205;-0.45166015625;
21:10:08;445.0;1574457010;91.903;17.60025122796885;0.4888958674435792;-0.4443359375;
21:10:09;446.0;1574457011;92.202;18.627534646308;0.517431517953;-0.4638671875;
21:10:10;447.0;1574457012;92.182;18.24230336443082;0.5067306490119673;-0.45654296875;
21:10:11;448.0;1574457013;92.222;17.985482509846033;0.49959673638461205;-0.45166015625;
21:10:12;449.0;1574457014;92.182;17.728661655261245;0.4924628237572568;-0.44677734375;
21:10:13;450.0;1574457015;92.302;18.884355500892784;0.5245654305803551;-0.46875;
21:10:14;451.0;1574457016;92.302;17.85707208255364;0.4960297800709344;-0.44921875;
21:10:15;452.0;1574457017;92.483;9999.0;9999.0;9999.0;
21:10:16;453.0;1574457018;92.242;17.47184080067646;0.4853289111299017;-0.44189453125;
21:10:17;454.0;1574457019;91.883;18.113892937138424;0.5031636926982895;-0.4541015625;
21:10:18;455.0;1574457020;91.903;18.113892937138424;0.5031636926982895;-0.4541015625;
21:10:19;456.0;1574457021;91.804;18.499124219015606;0.5138645616393224;-0.46142578125;
21:10:20;457.0;1574457022;91.784;17.728661655261245;0.4924628237572568;-0.44677734375;
21:10:21;458.0;1574457023;91.903;17.47184080067646;0.4853289111299017;-0.44189453125;
21:10:22;459.0;1574457024;91.923;17.985482509846033;0.49959673638461205;-0.45166015625;
21:10:23;460.0;1574457025;91.883;17.985482509846033;0.49959673638461205;-0.45166015625;
21:10:24;461.0;1574457026;92.003;17.85707208255364;0.4960297800709344;-0.44921875;
21:10:25;462.0;1574457027;92.023;18.113892937138424;0.5031636926982895;-0.4541015625;
21:10:26;463.0;1574457028;92.162;17.985482509846033;0.49959673638461205;-0.45166015625;
21:10:27;464.0;1574457029;92.142;17.85707208255364;0.4960297800709344;-0.44921875;
21:10:28;465.0;1574457030;91.983;18.113892937138424;0.5031636926982895;-0.4541015625;
21:10:29;466.0;1574457031;91.883;18.24230336443082;0.5067306490119673;-0.45654296875;
21:10:30;467.0;1574457031;91.744;17.343430373384063;0.48176195481622397;-0.439453125;
21:10:31;468.0;1574457033;91.724;18.24230336443082;0.5067306490119673;-0.45654296875;
21:10:32;469.0;1574457034;91.923;17.85707208255364;0.4960297800709344;-0.44921875;
21:10:33;470.0;1574457035;91.784;18.499124219015606;0.5138645616393224;-0.46142578125;
21:10:35;472.0;1574457036;91.764;18.24230336443082;0.5067306490119673;-0.45654296875;
21:10:36;473.0;1574457037;92.083;17.728661655261245;0.4924628237572568;-0.44677734375;
21:10:37;474.0;1574457038;92.043;17.47184080067646;0.4853289111299017;-0.44189453125;
21:10:38;475.0;1574457039;92.402;17.85707208255364;0.4960297800709344;-0.44921875;
21:10:39;476.0;1574457040;92.182;18.113892937138424;0.5031636926982895;-0.4541015625;
21:10:40;477.0;1574457041;91.724;17.343430373384063;0.48176195481622397;-0.439453125;
21:10:41;478.0;1574457042;91.863;17.47184080067646;0.4853289111299017;-0.44189453125;
21:10:42;479.0;1574457043;91.526;18.755945073600394;0.5209984742666776;-0.46630859375;
21:10:43;480.0;1574457044;91.605;17.728661655261245;0.4924628237572568;-0.44677734375;
21:10:44;481.0;1574457045;91.784;18.113892937138424;0.5031636926982895;-0.4541015625;
21:10:45;482.0;1574457046;91.645;17.728661655261245;0.4924628237572568;-0.44677734375;
21:10:46;483.0;1574457047;91.645;18.37071379172321;0.5102976053256447;-0.458984375;
21:10:47;484.0;1574457048;91.625;18.113892937138424;0.5031636926982895;-0.4541015625;
21:10:48;485.0;1574457049;91.605;17.985482509846033;0.49959673638461205;-0.45166015625;
21:10:49;486.0;1574457050;91.625;17.985482509846033;0.49959673638461205;-0.45166015625;
21:10:50;487.0;1574457051;91.784;17.343430373384063;0.48176195481622397;-0.439453125;
21:10:51;488.0;1574457052;92.103;17.985482509846033;0.49959673638461205;-0.45166015625;
21:10:52;489.0;1574457053;92.103;17.60025122796885;0.4888958674435792;-0.4443359375;
21:10:53;490.0;1574457054;91.883;17.85707208255364;0.4960297800709344;-0.44921875;
21:10:54;491.0;1574457055;91.724;17.85707208255364;0.4960297800709344;-0.44921875;
21:10:55;492.0;1574457056;91.427;15.930915673167739;0.44252543536577055;-0.41259765625;
21:10:56;493.0;1574457057;91.447;18.627534646308;0.517431517953;-0.4638671875;
21:10:57;494.0;1574457058;91.844;18.113892937138424;0.5031636926982895;-0.4541015625;
21:10:58;495.0;1574457059;92.063;17.47184080067646;0.4853289111299017;-0.44189453125;
21:10:59;496.0;1574457060;92.242;18.113892937138424;0.5031636926982895;-0.4541015625;
21:11:00;497.0;1574457061;92.222;18.37071379172321;0.5102976053256447;-0.458984375;
21:11:01;498.0;1574457062;92.182;17.985482509846033;0.49959673638461205;-0.45166015625;
21:11:02;499.0;1574457063;92.083;18.37071379172321;0.5102976053256447;-0.458984375;
21:11:03;500.0;1574457064;91.844;17.47184080067646;0.4853289111299017;-0.44189453125;
21:11:04;501.0;1574457065;92.003;17.85707208255364;0.4960297800709344;-0.44921875;
21:11:05;502.0;1574457066;91.506;17.60025122796885;0.4888958674435792;-0.4443359375;
21:11:06;503.0;1574457067;91.744;17.728661655261245;0.4924628237572568;-0.44677734375;
21:11:07;504.0;1574457068;91.983;17.728661655261245;0.4924628237572568;-0.44677734375;
21:11:08;505.0;1574457069;91.744;17.85707208255364;0.4960297800709344;-0.44921875;
21:11:09;506.0;1574457070;91.943;17.60025122796885;0.4888958674435792;-0.4443359375;
21:11:10;507.0;1574457071;91.546;17.85707208255364;0.4960297800709344;-0.44921875;
21:11:11;508.0;1574457072;91.427;17.985482509846033;0.49959673638461205;-0.45166015625;
21:11:12;509.0;1574457073;91.348;18.24230336443082;0.5067306490119673;-0.45654296875;
21:11:13;510.0;1574457074;91.288;18.113892937138424;0.5031636926982895;-0.4541015625;
21:11:14;511.0;1574457075;91.111;17.60025122796885;0.4888958674435792;-0.4443359375;
21:11:15;512.0;1574457076;90.953;17.85707208255364;0.4960297800709344;-0.44921875;
21:11:16;513.0;1574457077;91.209;18.499124219015606;0.5138645616393224;-0.46142578125;
21:11:17;514.0;1574457078;91.209;18.113892937138424;0.5031636926982895;-0.4541015625;
21:11:18;515.0;1574457079;91.625;17.728661655261245;0.4924628237572568;-0.44677734375;
21:11:19;516.0;1574457080;91.844;18.24230336443082;0.5067306490119673;-0.45654296875;
21:11:20;517.0;1574457081;91.724;17.85707208255364;0.4960297800709344;-0.44921875;
21:11:21;518.0;1574457082;91.546;18.627534646308;0.517431517953;-0.4638671875;
21:11:22;519.0;1574457083;91.447;17.985482509846033;0.49959673638461205;-0.45166015625;
21:11:23;520.0;1574457084;91.407;17.60025122796885;0.4888958674435792;-0.4443359375;
21:11:24;521.0;1574457085;91.348;18.24230336443082;0.5067306490119673;-0.45654296875;
21:11:25;522.0;1574457086;91.506;17.47184080067646;0.4853289111299017;-0.44189453125;
21:11:26;523.0;1574457087;91.566;15.417273963998165;0.4282576101110601;-0.40283203125;
21:11:27;524.0;1574457088;91.447;18.24230336443082;0.5067306490119673;-0.45654296875;
21:11:28;525.0;1574457089;91.506;17.85707208255364;0.4960297800709344;-0.44921875;
21:11:29;526.0;1574457090;91.407;17.343430373384063;0.48176195481622397;-0.439453125;
21:11:30;527.0;1574457091;91.288;19.783228491939543;0.5495341247760984;-0.48583984375;
21:11:31;528.0;1574457093;91.308;17.985482509846033;0.49959673638461205;-0.45166015625;
21:11:32;529.0;1574457094;91.328;17.85707208255364;0.4960297800709344;-0.44921875;
21:11:33;530.0;1574457095;91.506;17.215019946091672;0.47819499850254643;-0.43701171875;
21:11:34;531.0;1574457096;91.288;17.47184080067646;0.4853289111299017;-0.44189453125;
21:11:35;532.0;1574457097;91.249;17.985482509846033;0.49959673638461205;-0.45166015625;
21:11:36;533.0;1574457098;90.993;18.113892937138424;0.5031636926982895;-0.4541015625;
21:11:37;534.0;1574457099;90.973;17.985482509846033;0.49959673638461205;-0.45166015625;
21:11:39;536.0;1574457100;91.13;18.499124219015606;0.5138645616393224;-0.46142578125;
21:11:40;537.0;1574457101;90.973;20.93892233757108;0.5816367315991966;-0.5078125;
21:11:41;538.0;1574457102;90.855;18.113892937138424;0.5031636926982895;-0.4541015625;
21:11:42;539.0;1574457103;90.874;17.985482509846033;0.49959673638461205;-0.45166015625;
21:11:43;540.0;1574457104;90.737;18.24230336443082;0.5067306490119673;-0.45654296875;
21:11:44;541.0;1574457105;90.894;18.113892937138424;0.5031636926982895;-0.4541015625;
21:11:45;542.0;1574457106;90.953;17.60025122796885;0.4888958674435792;-0.4443359375;
21:11:46;543.0;1574457107;90.933;17.985482509846033;0.49959673638461205;-0.45166015625;
21:11:47;544.0;1574457108;90.855;17.985482509846033;0.49959673638461205;-0.45166015625;
21:11:48;545.0;1574457109;91.091;20.168459773816718;0.560234993717131;-0.4931640625;
21:11:49;546.0;1574457110;91.229;18.113892937138424;0.5031636926982895;-0.4541015625;
21:11:50;547.0;1574457111;91.229;18.499124219015606;0.5138645616393224;-0.46142578125;
21:11:51;548.0;1574457112;91.308;17.85707208255364;0.4960297800709344;-0.44921875;
21:11:52;549.0;1574457113;91.288;18.24230336443082;0.5067306490119673;-0.45654296875;
21:11:53;550.0;1574457114;91.13;17.85707208255364;0.4960297800709344;-0.44921875;
21:11:54;551.0;1574457115;91.091;18.24230336443082;0.5067306490119673;-0.45654296875;
21:11:55;552.0;1574457116;91.249;18.113892937138424;0.5031636926982895;-0.4541015625;
21:11:56;553.0;1574457117;90.933;18.113892937138424;0.5031636926982895;-0.4541015625;
21:11:57;554.0;1574457118;91.091;18.24230336443082;0.5067306490119673;-0.45654296875;
21:11:58;555.0;1574457119;90.933;18.884355500892784;0.5245654305803551;-0.46875;
21:11:59;556.0;1574457120;90.619;18.755945073600394;0.5209984742666776;-0.46630859375;
21:12:00;557.0;1574457121;90.423;17.85707208255364;0.4960297800709344;-0.44921875;
21:12:01;558.0;1574457122;90.463;17.47184080067646;0.4853289111299017;-0.44189453125;
21:12:02;559.0;1574457123;90.502;17.85707208255364;0.4960297800709344;-0.44921875;
21:12:03;560.0;1574457124;90.56;17.85707208255364;0.4960297800709344;-0.44921875;
21:12:04;561.0;1574457125;90.658;18.24230336443082;0.5067306490119673;-0.45654296875;
21:12:05;562.0;1574457126;90.267;17.85707208255364;0.4960297800709344;-0.44921875;
21:12:06;563.0;1574457127;90.248;17.85707208255364;0.4960297800709344;-0.44921875;
21:12:07;564.0;1574457128;90.131;17.728661655261245;0.4924628237572568;-0.44677734375;
21:12:08;565.0;1574457129;90.17;18.24230336443082;0.5067306490119673;-0.45654296875;
21:12:09;566.0;1574457130;90.365;17.47184080067646;0.4853289111299017;-0.44189453125;
21:12:10;567.0;1574457131;90.365;18.24230336443082;0.5067306490119673;-0.45654296875;
21:12:11;568.0;1574457132;90.757;17.728661655261245;0.4924628237572568;-0.44677734375;
21:12:12;569.0;1574457133;90.914;18.499124219015606;0.5138645616393224;-0.46142578125;
21:12:13;570.0;1574457134;90.776;16.7013782369221;0.4639271732478361;-0.42724609375;
21:12:14;571.0;1574457135;90.993;17.728661655261245;0.4924628237572568;-0.44677734375;
21:12:15;572.0;1574457136;90.658;18.24230336443082;0.5067306490119673;-0.45654296875;
21:12:16;573.0;1574457137;90.365;17.728661655261245;0.4924628237572568;-0.44677734375;
21:12:17;574.0;1574457139;90.463;18.113892937138424;0.5031636926982895;-0.4541015625;
21:12:18;575.0;1574457140;90.443;18.37071379172321;0.5102976053256447;-0.458984375;
21:12:19;576.0;1574457141;90.463;16.958199091506888;0.47106108587519135;-0.43212890625;
21:12:20;577.0;1574457142;90.6;17.985482509846033;0.49959673638461205;-0.45166015625;
21:12:21;578.0;1574457143;90.619;17.85707208255364;0.4960297800709344;-0.44921875;
21:12:22;579.0;1574457144;90.58;15.674094818582953;0.43539152273841536;-0.40771484375;
21:12:23;580.0;1574457145;90.717;18.24230336443082;0.5067306490119673;-0.45654296875;
21:12:24;581.0;1574457146;90.6;17.728661655261245;0.4924628237572568;-0.44677734375;
21:12:25;582.0;1574457147;90.6;18.24230336443082;0.5067306490119673;-0.45654296875;
21:12:26;583.0;1574457148;90.443;17.60025122796885;0.4888958674435792;-0.4443359375;
21:12:27;584.0;1574457149;90.248;18.499124219015606;0.5138645616393224;-0.46142578125;
21:12:28;585.0;1574457149;89.975;17.728661655261245;0.4924628237572568;-0.44677734375;
21:12:29;586.0;1574457151;90.033;17.985482509846033;0.49959673638461205;-0.45166015625;
21:12:30;587.0;1574457152;89.858;18.113892937138424;0.5031636926982895;-0.4541015625;
21:12:31;588.0;1574457153;89.878;17.728661655261245;0.4924628237572568;-0.44677734375;
21:12:32;589.0;1574457154;90.092;17.985482509846033;0.49959673638461205;-0.45166015625;
21:12:33;590.0;1574457155;90.053;18.113892937138424;0.5031636926982895;-0.4541015625;
21:12:34;591.0;1574457156;90.15;17.60025122796885;0.4888958674435792;-0.4443359375;
21:12:35;592.0;1574457157;90.267;17.985482509846033;0.49959673638461205;-0.45166015625;
21:12:36;593.0;1574457158;90.404;18.884355500892784;0.5245654305803551;-0.46875;
21:12:37;594.0;1574457159;90.248;17.728661655261245;0.4924628237572568;-0.44677734375;
21:12:38;595.0;1574457160;90.326;17.85707208255364;0.4960297800709344;-0.44921875;
21:12:39;596.0;1574457161;90.384;18.37071379172321;0.5102976053256447;-0.458984375;
21:12:40;597.0;1574457162;90.228;17.985482509846033;0.49959673638461205;-0.45166015625;
21:12:41;598.0;1574457163;90.698;17.47184080067646;0.4853289111299017;-0.44189453125;
21:12:42;599.0;1574457164;90.58;17.85707208255364;0.4960297800709344;-0.44921875;
21:12:44;601.0;1574457165;90.757;18.499124219015606;0.5138645616393224;-0.46142578125;
21:12:45;602.0;1574457166;90.757;17.85707208255364;0.4960297800709344;-0.44921875;
21:12:46;603.0;1574457167;90.287;17.985482509846033;0.49959673638461205;-0.45166015625;
21:12:47;604.0;1574457168;90.404;17.60025122796885;0.4888958674435792;-0.4443359375;
21:12:48;605.0;1574457169;90.053;18.113892937138424;0.5031636926982895;-0.4541015625;
21:12:49;606.0;1574457170;90.267;17.985482509846033;0.49959673638461205;-0.45166015625;
21:12:50;607.0;1574457171;90.248;18.499124219015606;0.5138645616393224;-0.46142578125;
21:12:51;608.0;1574457172;90.267;17.985482509846033;0.49959673638461205;-0.45166015625;
21:12:52;609.0;1574457173;90.619;17.343430373384063;0.48176195481622397;-0.439453125;
21:12:53;610.0;1574457174;90.463;17.08660951879928;0.47462804218886884;-0.4345703125;
21:12:54;611.0;1574457175;90.463;17.728661655261245;0.4924628237572568;-0.44677734375;
21:12:55;612.0;1574457176;90.287;18.113892937138424;0.5031636926982895;-0.4541015625;
21:12:56;613.0;1574457177;89.994;17.985482509846033;0.49959673638461205;-0.45166015625;
21:12:57;614.0;1574457178;89.994;17.85707208255364;0.4960297800709344;-0.44921875;
21:12:58;615.0;1574457179;89.994;18.37071379172321;0.5102976053256447;-0.458984375;
21:12:59;616.0;1574457180;90.209;18.113892937138424;0.5031636926982895;-0.4541015625;
21:13:00;617.0;1574457181;90.326;17.728661655261245;0.4924628237572568;-0.44677734375;
21:13:01;618.0;1574457182;90.306;18.24230336443082;0.5067306490119673;-0.45654296875;
21:13:02;619.0;1574457183;90.463;17.85707208255364;0.4960297800709344;-0.44921875;
21:13:03;620.0;1574457184;90.384;14.903632254828592;0.4139897848563498;-0.39306640625;
21:13:04;621.0;1574457185;90.365;17.60025122796885;0.4888958674435792;-0.4443359375;
21:13:05;622.0;1574457186;90.326;17.985482509846033;0.49959673638461205;-0.45166015625;
21:13:06;623.0;1574457187;90.17;17.985482509846033;0.49959673638461205;-0.45166015625;
21:13:07;624.0;1574457188;90.15;17.47184080067646;0.4853289111299017;-0.44189453125;
21:13:08;625.0;1574457189;90.053;17.60025122796885;0.4888958674435792;-0.4443359375;
21:13:09;626.0;1574457190;90.267;17.728661655261245;0.4924628237572568;-0.44677734375;
21:13:10;627.0;1574457191;90.287;18.24230336443082;0.5067306490119673;-0.45654296875;
21:13:11;628.0;1574457192;90.209;17.60025122796885;0.4888958674435792;-0.4443359375;
21:13:12;629.0;1574457193;90.131;18.24230336443082;0.5067306490119673;-0.45654296875;
21:13:13;630.0;1574457194;89.975;17.985482509846033;0.49959673638461205;-0.45166015625;
21:13:14;631.0;1574457195;89.839;18.24230336443082;0.5067306490119673;-0.45654296875;
21:13:15;632.0;1574457196;89.761;17.985482509846033;0.49959673638461205;-0.45166015625;
21:13:16;633.0;1574457197;89.8;17.985482509846033;0.49959673638461205;-0.45166015625;
21:13:17;634.0;1574457198;89.936;17.728661655261245;0.4924628237572568;-0.44677734375;
21:13:18;635.0;1574457199;90.228;19.911638919231933;0.553101081089776;-0.48828125;
21:13:19;636.0;1574457200;90.619;17.985482509846033;0.49959673638461205;-0.45166015625;
21:13:20;637.0;1574457201;90.776;18.24230336443082;0.5067306490119673;-0.45654296875;
21:13:21;638.0;1574457202;90.58;18.24230336443082;0.5067306490119673;-0.45654296875;
21:13:22;639.0;1574457203;90.228;17.85707208255364;0.4960297800709344;-0.44921875;
21:13:23;640.0;1574457204;89.936;18.113892937138424;0.5031636926982895;-0.4541015625;
21:13:24;641.0;1574457205;89.742;17.85707208255364;0.4960297800709344;-0.44921875;
21:13:25;642.0;1574457206;89.936;17.985482509846033;0.49959673638461205;-0.45166015625;
21:13:26;643.0;1574457207;90.521;17.85707208255364;0.4960297800709344;-0.44921875;
21:13:27;644.0;1574457208;90.6;17.985482509846033;0.49959673638461205;-0.45166015625;
21:13:28;645.0;1574457209;90.56;20.682101482986294;0.5745028189718415;-0.5029296875;
21:13:29;646.0;1574457210;90.306;18.499124219015606;0.5138645616393224;-0.46142578125;
21:13:30;647.0;1574457211;89.917;17.985482509846033;0.49959673638461205;-0.45166015625;
21:13:31;648.0;1574457212;89.587;17.985482509846033;0.49959673638461205;-0.45166015625;
21:13:32;649.0;1574457213;89.664;17.985482509846033;0.49959673638461205;-0.45166015625;
21:13:33;650.0;1574457214;89.742;18.113892937138424;0.5031636926982895;-0.4541015625;
21:13:34;651.0;1574457215;89.742;17.60025122796885;0.4888958674435792;-0.4443359375;
21:13:35;652.0;1574457216;89.897;18.499124219015606;0.5138645616393224;-0.46142578125;
21:13:36;653.0;1574457217;90.014;18.499124219015606;0.5138645616393224;-0.46142578125;
21:13:37;654.0;1574457218;89.839;18.113892937138424;0.5031636926982895;-0.4541015625;
21:13:38;655.0;1574457219;90.033;17.343430373384063;0.48176195481622397;-0.439453125;
21:13:39;656.0;1574457220;89.897;17.47184080067646;0.4853289111299017;-0.44189453125;
21:13:40;657.0;1574457221;89.703;18.37071379172321;0.5102976053256447;-0.458984375;
21:13:41;658.0;1574457222;90.092;17.728661655261245;0.4924628237572568;-0.44677734375;
21:13:42;659.0;1574457223;89.742;18.24230336443082;0.5067306490119673;-0.45654296875;
21:13:43;660.0;1574457225;90.053;17.47184080067646;0.4853289111299017;-0.44189453125;
21:13:44;661.0;1574457226;90.287;18.113892937138424;0.5031636926982895;-0.4541015625;
21:13:45;662.0;1574457227;89.917;18.113892937138424;0.5031636926982895;-0.4541015625;
21:13:46;663.0;1574457228;89.761;17.985482509846033;0.49959673638461205;-0.45166015625;
21:13:48;665.0;1574457229;89.761;17.60025122796885;0.4888958674435792;-0.4443359375;
21:13:49;666.0;1574457230;89.567;17.85707208255364;0.4960297800709344;-0.44921875;
21:13:50;667.0;1574457231;89.645;18.113892937138424;0.5031636926982895;-0.4541015625;
21:13:51;668.0;1574457232;90.111;15.930915673167739;0.44252543536577055;-0.41259765625;
21:13:52;669.0;1574457233;89.781;17.985482509846033;0.49959673638461205;-0.45166015625;
21:13:53;670.0;1574457234;89.975;17.728661655261245;0.4924628237572568;-0.44677734375;
21:13:54;671.0;1574457235;90.209;16.44455738233731;0.45679326062048087;-0.42236328125;
21:13:55;672.0;1574457236;89.858;19.526407637354755;0.5424002121487432;-0.48095703125;
21:13:56;673.0;1574457237;90.014;18.884355500892784;0.5245654305803551;-0.46875;
21:13:57;674.0;1574457238;89.878;17.728661655261245;0.4924628237572568;-0.44677734375;
21:13:58;675.0;1574457239;89.626;17.985482509846033;0.49959673638461205;-0.45166015625;
21:13:59;676.0;1574457240;89.49;17.985482509846033;0.49959673638461205;-0.45166015625;
21:14:00;677.0;1574457241;89.529;18.113892937138424;0.5031636926982895;-0.4541015625;
21:14:01;678.0;1574457242;89.645;17.60025122796885;0.4888958674435792;-0.4443359375;
21:14:02;679.0;1574457243;89.626;17.85707208255364;0.4960297800709344;-0.44921875;
21:14:03;680.0;1574457244;89.839;17.85707208255364;0.4960297800709344;-0.44921875;
21:14:04;681.0;1574457245;89.393;18.113892937138424;0.5031636926982895;-0.4541015625;
21:14:05;682.0;1574457246;89.239;18.113892937138424;0.5031636926982895;-0.4541015625;
21:14:06;683.0;1574457247;89.201;17.985482509846033;0.49959673638461205;-0.45166015625;
21:14:07;684.0;1574457248;89.143;17.85707208255364;0.4960297800709344;-0.44921875;
21:14:08;685.0;1574457249;89.567;18.37071379172321;0.5102976053256447;-0.458984375;
21:14:09;686.0;1574457250;89.22;18.24230336443082;0.5067306490119673;-0.45654296875;
21:14:10;687.0;1574457251;89.22;17.985482509846033;0.49959673638461205;-0.45166015625;
21:14:11;688.0;1574457252;89.239;18.499124219015606;0.5138645616393224;-0.46142578125;
21:14:12;689.0;1574457253;89.047;17.85707208255364;0.4960297800709344;-0.44921875;
21:14:13;690.0;1574457254;89.393;17.728661655261245;0.4924628237572568;-0.44677734375;
21:14:14;691.0;1574457255;89.567;17.85707208255364;0.4960297800709344;-0.44921875;
21:14:15;692.0;1574457256;89.664;18.499124219015606;0.5138645616393224;-0.46142578125;
21:14:16;693.0;1574457257;89.878;17.343430373384063;0.48176195481622397;-0.439453125;
21:14:17;694.0;1574457258;89.917;17.985482509846033;0.49959673638461205;-0.45166015625;
21:14:18;695.0;1574457259;89.878;18.24230336443082;0.5067306490119673;-0.45654296875;
21:14:19;696.0;1574457260;90.131;18.499124219015606;0.5138645616393224;-0.46142578125;
21:14:20;697.0;1574457261;90.111;18.24230336443082;0.5067306490119673;-0.45654296875;
21:14:21;698.0;1574457262;90.033;17.60025122796885;0.4888958674435792;-0.4443359375;
21:14:22;699.0;1574457263;89.761;17.985482509846033;0.49959673638461205;-0.45166015625;
21:14:23;700.0;1574457264;89.258;17.85707208255364;0.4960297800709344;-0.44921875;
21:14:24;701.0;1574457265;89.124;18.113892937138424;0.5031636926982895;-0.4541015625;
21:14:25;702.0;1574457266;89.104;17.728661655261245;0.4924628237572568;-0.44677734375;
21:14:26;703.0;1574457267;89.085;18.499124219015606;0.5138645616393224;-0.46142578125;
21:14:27;704.0;1574457268;89.258;17.728661655261245;0.4924628237572568;-0.44677734375;
21:14:28;705.0;1574457269;89.239;17.85707208255364;0.4960297800709344;-0.44921875;
21:14:29;706.0;1574457270;89.008;17.728661655261245;0.4924628237572568;-0.44677734375;
21:14:30;707.0;1574457271;89.162;17.728661655261245;0.4924628237572568;-0.44677734375;
21:14:31;708.0;1574457272;89.124;17.47184080067646;0.4853289111299017;-0.44189453125;
21:14:32;709.0;1574457274;89.124;17.85707208255364;0.4960297800709344;-0.44921875;
21:14:33;710.0;1574457275;89.085;17.343430373384063;0.48176195481622397;-0.439453125;
21:14:34;711.0;1574457276;88.989;17.85707208255364;0.4960297800709344;-0.44921875;
21:14:35;712.0;1574457277;89.201;17.85707208255364;0.4960297800709344;-0.44921875;
21:14:36;713.0;1574457278;89.066;17.85707208255364;0.4960297800709344;-0.44921875;
21:14:37;714.0;1574457279;89.316;17.728661655261245;0.4924628237572568;-0.44677734375;
21:14:38;715.0;1574457280;89.567;17.60025122796885;0.4888958674435792;-0.4443359375;
21:14:39;716.0;1574457281;89.529;18.499124219015606;0.5138645616393224;-0.46142578125;
21:14:40;717.0;1574457282;89.451;17.728661655261245;0.4924628237572568;-0.44677734375;
21:14:41;718.0;1574457283;89.22;17.985482509846033;0.49959673638461205;-0.45166015625;
21:14:42;719.0;1574457284;88.739;19.911638919231933;0.553101081089776;-0.48828125;
21:14:43;720.0;1574457285;88.605;18.499124219015606;0.5138645616393224;-0.46142578125;
21:14:44;721.0;1574457286;88.701;18.113892937138424;0.5031636926982895;-0.4541015625;
21:14:45;722.0;1574457287;88.816;18.499124219015606;0.5138645616393224;-0.46142578125;
21:14:46;723.0;1574457288;88.989;17.60025122796885;0.4888958674435792;-0.4443359375;
21:14:47;724.0;1574457289;88.759;17.85707208255364;0.4960297800709344;-0.44921875;
21:14:48;725.0;1574457290;88.778;17.985482509846033;0.49959673638461205;-0.45166015625;
21:14:49;726.0;1574457291;88.644;18.37071379172321;0.5102976053256447;-0.458984375;
21:14:50;727.0;1574457292;88.682;17.985482509846033;0.49959673638461205;-0.45166015625;
21:14:52;729.0;1574457293;88.72;17.85707208255364;0.4960297800709344;-0.44921875;
21:14:53;730.0;1574457294;88.644;18.113892937138424;0.5031636926982895;-0.4541015625;
21:14:54;731.0;1574457295;88.51;18.113892937138424;0.5031636926982895;-0.4541015625;
21:14:55;732.0;1574457296;88.472;17.85707208255364;0.4960297800709344;-0.44921875;
21:14:56;733.0;1574457297;88.433;17.85707208255364;0.4960297800709344;-0.44921875;
21:14:57;734.0;1574457298;88.644;17.47184080067646;0.4853289111299017;-0.44189453125;
21:14:58;735.0;1574457299;88.797;17.60025122796885;0.4888958674435792;-0.4443359375;
21:14:59;736.0;1574457300;88.778;16.958199091506888;0.47106108587519135;-0.43212890625;
21:15:00;737.0;1574457301;88.797;18.24230336443082;0.5067306490119673;-0.45654296875;
21:15:01;738.0;1574457302;88.586;17.985482509846033;0.49959673638461205;-0.45166015625;
21:15:02;739.0;1574457303;88.529;17.85707208255364;0.4960297800709344;-0.44921875;
21:15:03;740.0;1574457304;88.682;18.37071379172321;0.5102976053256447;-0.458984375;
21:15:04;741.0;1574457305;88.739;17.728661655261245;0.4924628237572568;-0.44677734375;
21:15:05;742.0;1574457306;88.95;18.499124219015606;0.5138645616393224;-0.46142578125;
21:15:06;743.0;1574457307;88.816;17.60025122796885;0.4888958674435792;-0.4443359375;
21:15:07;744.0;1574457308;88.701;18.627534646308;0.517431517953;-0.4638671875;
21:15:08;745.0;1574457309;88.874;17.85707208255364;0.4960297800709344;-0.44921875;
21:15:09;746.0;1574457310;88.529;17.47184080067646;0.4853289111299017;-0.44189453125;
21:15:10;747.0;1574457311;88.72;18.113892937138424;0.5031636926982895;-0.4541015625;
21:15:11;748.0;1574457312;88.682;18.113892937138424;0.5031636926982895;-0.4541015625;
21:15:12;749.0;1574457313;88.414;18.113892937138424;0.5031636926982895;-0.4541015625;
21:15:13;750.0;1574457314;88.605;17.985482509846033;0.49959673638461205;-0.45166015625;
21:15:14;751.0;1574457315;88.625;18.24230336443082;0.5067306490119673;-0.45654296875;
21:15:15;752.0;1574457316;88.797;17.60025122796885;0.4888958674435792;-0.4443359375;
21:15:16;753.0;1574457317;89.181;17.728661655261245;0.4924628237572568;-0.44677734375;
21:15:17;754.0;1574457318;89.124;18.499124219015606;0.5138645616393224;-0.46142578125;
21:15:18;755.0;1574457319;89.239;16.82978866421449;0.4674941295615136;-0.4296875;
21:15:19;756.0;1574457320;89.258;17.85707208255364;0.4960297800709344;-0.44921875;
21:15:20;757.0;1574457321;89.066;17.60025122796885;0.4888958674435792;-0.4443359375;
21:15:21;758.0;1574457322;89.085;17.985482509846033;0.49959673638461205;-0.45166015625;
21:15:22;759.0;1574457323;88.854;17.85707208255364;0.4960297800709344;-0.44921875;
21:15:23;760.0;1574457324;88.491;17.85707208255364;0.4960297800709344;-0.44921875;
21:15:24;761.0;1574457325;88.376;17.85707208255364;0.4960297800709344;-0.44921875;
21:15:25;762.0;1574457326;88.548;17.47184080067646;0.4853289111299017;-0.44189453125;
21:15:26;763.0;1574457327;88.663;17.985482509846033;0.49959673638461205;-0.45166015625;
21:15:27;764.0;1574457328;88.816;17.728661655261245;0.4924628237572568;-0.44677734375;
21:15:28;765.0;1574457329;89.124;18.113892937138424;0.5031636926982895;-0.4541015625;
21:15:29;766.0;1574457330;88.95;17.85707208255364;0.4960297800709344;-0.44921875;
21:15:30;767.0;1574457331;89.278;17.85707208255364;0.4960297800709344;-0.44921875;
21:15:31;768.0;1574457332;89.297;18.113892937138424;0.5031636926982895;-0.4541015625;
21:15:32;769.0;1574457333;88.816;18.113892937138424;0.5031636926982895;-0.4541015625;
21:15:33;770.0;1574457334;88.874;17.728661655261245;0.4924628237572568;-0.44677734375;
21:15:34;771.0;1574457336;88.376;17.85707208255364;0.4960297800709344;-0.44921875;
21:15:35;772.0;1574457337;88.739;17.215019946091672;0.47819499850254643;-0.43701171875;
21:15:36;773.0;1574457338;88.72;18.113892937138424;0.5031636926982895;-0.4541015625;
21:15:37;774.0;1574457339;88.663;18.24230336443082;0.5067306490119673;-0.45654296875;
21:15:38;775.0;1574457340;88.97;17.60025122796885;0.4888958674435792;-0.4443359375;
21:15:39;776.0;1574457341;88.625;17.85707208255364;0.4960297800709344;-0.44921875;
21:15:40;777.0;1574457342;89.008;18.113892937138424;0.5031636926982895;-0.4541015625;
21:15:41;778.0;1574457343;89.143;17.985482509846033;0.49959673638461205;-0.45166015625;
21:15:42;779.0;1574457344;88.835;20.425280628401506;0.5673689063444862;-0.498046875;
21:15:43;780.0;1574457345;88.989;17.985482509846033;0.49959673638461205;-0.45166015625;
21:15:44;781.0;1574457346;88.912;17.85707208255364;0.4960297800709344;-0.44921875;
21:15:45;782.0;1574457347;88.797;17.728661655261245;0.4924628237572568;-0.44677734375;
21:15:46;783.0;1574457348;88.759;17.728661655261245;0.4924628237572568;-0.44677734375;
21:15:47;784.0;1574457349;88.605;18.37071379172321;0.5102976053256447;-0.458984375;
21:15:48;785.0;1574457350;88.453;18.499124219015606;0.5138645616393224;-0.46142578125;
21:15:49;786.0;1574457351;88.224;18.884355500892784;0.5245654305803551;-0.46875;
21:15:50;787.0;1574457352;88.548;17.985482509846033;0.49959673638461205;-0.45166015625;
21:15:51;788.0;1574457353;88.491;17.60025122796885;0.4888958674435792;-0.4443359375;
21:15:52;789.0;1574457354;88.395;18.37071379172321;0.5102976053256447;-0.458984375;
21:15:53;790.0;1574457355;88.605;18.113892937138424;0.5031636926982895;-0.4541015625;
21:15:54;791.0;1574457356;88.243;18.113892937138424;0.5031636926982895;-0.4541015625;
21:15:56;793.0;1574457357;88.3;17.985482509846033;0.49959673638461205;-0.45166015625;
21:15:57;794.0;1574457358;88.395;17.60025122796885;0.4888958674435792;-0.4443359375;
21:15:58;795.0;1574457359;88.243;15.28886353670577;0.4246906537973825;-0.400390625;
21:15:59;796.0;1574457360;88.414;17.728661655261245;0.4924628237572568;-0.44677734375;
21:16:00;797.0;1574457361;88.034;17.985482509846033;0.49959673638461205;-0.45166015625;
21:16:01;798.0;1574457362;87.958;17.85707208255364;0.4960297800709344;-0.44921875;
21:16:02;799.0;1574457363;87.977;18.113892937138424;0.5031636926982895;-0.4541015625;
21:16:03;800.0;1574457364;87.844;18.24230336443082;0.5067306490119673;-0.45654296875;
21:16:04;801.0;1574457365;88.072;17.60025122796885;0.4888958674435792;-0.4443359375;
21:16:05;802.0;1574457366;88.091;17.728661655261245;0.4924628237572568;-0.44677734375;
21:16:06;803.0;1574457367;88.091;18.499124219015606;0.5138645616393224;-0.46142578125;
21:16:07;804.0;1574457368;88.091;17.728661655261245;0.4924628237572568;-0.44677734375;
21:16:08;805.0;1574457369;88.3;17.985482509846033;0.49959673638461205;-0.45166015625;
21:16:09;806.0;1574457370;88.053;17.728661655261245;0.4924628237572568;-0.44677734375;
21:16:10;807.0;1574457371;87.996;18.113892937138424;0.5031636926982895;-0.4541015625;
21:16:11;808.0;1574457372;88.129;20.810511910278684;0.5780697752855191;-0.50537109375;
21:16:12;809.0;1574457373;87.92;17.728661655261245;0.4924628237572568;-0.44677734375;
21:16:13;810.0;1574457374;88.11;18.113892937138424;0.5031636926982895;-0.4541015625;
21:16:14;811.0;1574457375;88.148;18.113892937138424;0.5031636926982895;-0.4541015625;
21:16:15;812.0;1574457376;88.243;17.85707208255364;0.4960297800709344;-0.44921875;
21:16:16;813.0;1574457377;88.376;17.728661655261245;0.4924628237572568;-0.44677734375;
21:16:17;814.0;1574457378;88.186;17.728661655261245;0.4924628237572568;-0.44677734375;
21:16:18;815.0;1574457379;88.167;18.24230336443082;0.5067306490119673;-0.45654296875;
21:16:19;816.0;1574457380;87.996;17.985482509846033;0.49959673638461205;-0.45166015625;
21:16:20;817.0;1574457381;87.844;18.499124219015606;0.5138645616393224;-0.46142578125;
21:16:21;818.0;1574457382;87.977;17.60025122796885;0.4888958674435792;-0.4443359375;
21:16:22;819.0;1574457383;88.167;17.85707208255364;0.4960297800709344;-0.44921875;
21:16:23;820.0;1574457384;88.129;18.113892937138424;0.5031636926982895;-0.4541015625;
21:16:24;821.0;1574457385;88.205;18.113892937138424;0.5031636926982895;-0.4541015625;
21:16:25;822.0;1574457386;88.376;17.08660951879928;0.47462804218886884;-0.4345703125;
21:16:26;823.0;1574457387;88.338;18.37071379172321;0.5102976053256447;-0.458984375;
21:16:27;824.0;1574457388;88.148;18.113892937138424;0.5031636926982895;-0.4541015625;
21:16:28;825.0;1574457389;87.977;17.728661655261245;0.4924628237572568;-0.44677734375;
21:16:29;826.0;1574457390;87.806;17.728661655261245;0.4924628237572568;-0.44677734375;
21:16:30;827.0;1574457391;87.692;17.985482509846033;0.49959673638461205;-0.45166015625;
21:16:31;828.0;1574457392;87.73;18.499124219015606;0.5138645616393224;-0.46142578125;
21:16:32;829.0;1574457393;87.863;18.24230336443082;0.5067306490119673;-0.45654296875;
21:16:33;830.0;1574457394;87.958;17.985482509846033;0.49959673638461205;-0.45166015625;
21:16:34;831.0;1574457395;87.958;18.113892937138424;0.5031636926982895;-0.4541015625;
21:16:35;832.0;1574457396;87.977;17.985482509846033;0.49959673638461205;-0.45166015625;
21:16:36;833.0;1574457397;87.806;17.728661655261245;0.4924628237572568;-0.44677734375;
21:16:37;834.0;1574457398;87.825;18.113892937138424;0.5031636926982895;-0.4541015625;
21:16:38;835.0;1574457399;87.958;18.113892937138424;0.5031636926982895;-0.4541015625;
21:16:39;836.0;1574457400;87.92;18.627534646308;0.517431517953;-0.4638671875;
21:16:40;837.0;1574457401;88.072;18.37071379172321;0.5102976053256447;-0.458984375;
21:16:41;838.0;1574457402;88.186;17.85707208255364;0.4960297800709344;-0.44921875;
21:16:42;839.0;1574457403;87.882;17.60025122796885;0.4888958674435792;-0.4443359375;
21:16:43;840.0;1574457404;87.901;17.728661655261245;0.4924628237572568;-0.44677734375;
21:16:44;841.0;1574457405;87.674;18.113892937138424;0.5031636926982895;-0.4541015625;
21:16:45;842.0;1574457406;87.334;17.08660951879928;0.47462804218886884;-0.4345703125;
21:16:46;843.0;1574457407;87.504;17.47184080067646;0.4853289111299017;-0.44189453125;
21:16:47;844.0;1574457408;87.636;18.113892937138424;0.5031636926982895;-0.4541015625;
21:16:48;845.0;1574457409;87.882;17.985482509846033;0.49959673638461205;-0.45166015625;
21:16:49;846.0;1574457411;88.053;17.985482509846033;0.49959673638461205;-0.45166015625;
21:16:50;847.0;1574457412;88.186;17.985482509846033;0.49959673638461205;-0.45166015625;
21:16:51;848.0;1574457413;88.091;17.47184080067646;0.4853289111299017;-0.44189453125;
21:16:52;849.0;1574457414;88.072;17.728661655261245;0.4924628237572568;-0.44677734375;
21:16:53;850.0;1574457415;87.92;17.47184080067646;0.4853289111299017;-0.44189453125;
21:16:54;851.0;1574457416;87.617;17.85707208255364;0.4960297800709344;-0.44921875;
21:16:55;852.0;1574457417;87.541;17.60025122796885;0.4888958674435792;-0.4443359375;
21:16:56;853.0;1574457418;87.541;17.985482509846033;0.49959673638461205;-0.45166015625;
21:16:57;854.0;1574457419;87.541;17.47184080067646;0.4853289111299017;-0.44189453125;
21:16:58;855.0;1574457420;87.92;17.728661655261245;0.4924628237572568;-0.44677734375;
21:17:00;857.0;1574457421;88.072;17.85707208255364;0.4960297800709344;-0.44921875;
21:17:01;858.0;1574457422;88.053;18.113892937138424;0.5031636926982895;-0.4541015625;
21:17:02;859.0;1574457423;88.072;18.113892937138424;0.5031636926982895;-0.4541015625;
21:17:03;860.0;1574457424;87.674;18.627534646308;0.517431517953;-0.4638671875;
21:17:04;861.0;1574457425;87.56;16.958199091506888;0.47106108587519135;-0.43212890625;
21:17:05;862.0;1574457426;87.409;18.755945073600394;0.5209984742666776;-0.46630859375;
21:17:06;863.0;1574457427;87.674;18.113892937138424;0.5031636926982895;-0.4541015625;
21:17:07;864.0;1574457428;87.844;17.985482509846033;0.49959673638461205;-0.45166015625;
21:17:08;865.0;1574457429;88.015;18.24230336443082;0.5067306490119673;-0.45654296875;
21:17:09;866.0;1574457430;88.205;17.85707208255364;0.4960297800709344;-0.44921875;
21:17:10;867.0;1574457431;87.863;18.627534646308;0.517431517953;-0.4638671875;
21:17:11;868.0;1574457432;87.844;17.985482509846033;0.49959673638461205;-0.45166015625;
